0.000000 50.220983 16.984485
0.016360 206.872924 68.858658
0.032840 411.648788 133.375148
0.049320 574.118037 180.142227
0.065670 667.738857 203.369291
0.082150 705.532006 209.924219
0.098630 712.119198 209.100026
0.114990 704.987912 206.719134
0.131590 697.460258 205.492999
0.147950 698.406017 205.738124
0.164430 705.989468 207.601197
0.180910 712.243394 212.027819
0.197390 713.872205 218.677534
0.213620 714.899179 224.533054
0.230100 714.417401 228.537655
0.246580 708.677929 249.370724
0.279420 699.088427 308.610048
0.295900 686.373038 391.609750
0.328740 669.428435 466.445450
0.345210 651.755175 516.009304
0.361570 641.943464 540.392409
0.377810 642.089777 549.977626
0.394410 643.882224 553.280839
0.410890 639.243411 552.975788
0.428220 631.854944 553.166724
0.443730 627.638887 553.547131
0.460080 624.452500 547.145228
0.476930 630.977448 539.296181
0.493040 657.927850 541.009645
0.509640 692.004738 550.202581
0.526250 718.252358 560.811815
0.542360 734.462494 572.403893
0.558960 740.708028 584.497050
0.575070 740.875538 593.864851
0.591430 741.657884 597.130483
0.607910 746.061686 592.906760
0.624510 750.642611 582.701928
0.641110 751.985804 571.102465
0.657350 751.520554 563.604420
0.673580 753.283364 559.459855
0.690060 761.359815 555.768431
0.706420 774.573409 554.119843
0.722900 788.018189 553.781484
0.739500 799.440716 554.969655
0.757570 808.413228 562.893921
0.772340 812.267521 575.957789
0.788700 807.701209 585.639485
0.805050 797.158775 587.676869
0.821530 790.397699 584.986682
0.837890 793.261909 582.445638
0.854250 799.548840 581.419905
0.870850 790.469491 579.985853
0.887330 750.387656 577.456180
0.903560 693.665432 575.890776
0.920040 641.942565 571.424100
0.936400 604.181915 560.537094
0.952760 586.434399 549.978151
0.969360 583.266972 541.233753
0.985840 583.276069 530.316793
1.002200 582.553024 520.042147
1.018550 585.939000 517.743801
1.035030 596.940019 526.749978
1.051390 608.618950 540.346934
1.067750 613.213384 550.612373
1.085940 608.400159 553.747559
1.117190 597.353591 548.300920
1.133670 585.849239 537.876504
1.150020 576.967766 528.445374
1.166380 569.746568 522.560937
1.182980 565.663880 521.361573
1.199340 570.585709 526.912929
1.215820 582.061302 537.090793
1.232180 590.665467 545.717060
1.248660 591.115317 547.441463
1.265010 582.268471 541.555856
1.281490 567.143792 532.275223
1.314450 552.164629 525.344238
1.330810 541.015092 522.995486
1.347290 535.776510 523.686801
1.363650 538.913289 525.314997
1.380130 546.847254 526.335902
1.396480 550.641835 527.268065
1.412840 549.018301 529.017696
1.429440 546.693917 530.738367
1.445800 544.557039 529.726593
1.462160 540.877440 526.182180
1.478520 536.464936 534.272629
1.495120 535.495488 567.584910
1.511470 536.658396 610.639881
1.527950 536.994896 638.383240
1.560670 538.824705 648.524938
1.577150 543.246024 651.014369
1.610110 547.841635 648.180062
1.626830 551.261288 641.599028
1.642940 555.632536 636.266305
1.659300 556.373644 632.573604
1.675900 552.378374 618.849907
1.708620 552.940637 571.745147
1.725100 558.660750 491.852891
1.741580 566.856560 413.394039
1.757930 575.024335 356.660156
1.774410 576.995343 319.478512
1.790770 571.106277 300.353203
1.807250 562.604629 297.036962
1.823490 558.628917 302.612454
1.840090 561.885977 309.850686
1.856450 568.100686 318.426140
1.872800 572.353208 329.286312
1.889400 574.804986 337.347797
1.905640 574.095267 339.576215
1.922240 567.388511 336.795272
1.938600 557.230326 329.940337
1.955080 552.041656 320.613228
1.971560 556.321116 311.766320
1.987920 563.320844 306.560371
2.004270 568.346467 308.280845
2.020630 572.843293 319.674763
2.037230 576.844602 338.157559
2.053710 581.028815 356.276988
2.070070 585.040941 367.709913
2.086550 585.960624 371.156593
2.102910 582.277833 370.873073
2.119510 576.208942 369.232638
2.135860 572.507075 363.912460
2.152220 573.671487 358.123706
2.168460 576.996198 357.587356
2.185060 577.452071 361.036939
2.201540 573.162431 362.779638
2.217900 565.456203 357.230201
2.234380 556.831495 343.357210
2.250850 549.813647 326.816630
2.267330 548.708069 312.793078
2.300050 555.431444 303.279054
2.316530 564.533190 298.923707
2.349370 586.031647 298.794641
2.365720 635.459807 303.800475
2.381960 696.980665 313.517479
2.398560 743.533364 324.761231
2.414920 766.713256 332.330114
2.431400 774.503514 331.965095
2.448000 775.140807 327.953825
2.464230 773.956813 327.875090
2.480710 776.700271 333.748548
2.497070 780.157062 344.022143
2.513550 779.184351 353.425283
2.529910 777.017218 354.067509
2.546390 784.494939 343.966697
2.562740 810.568972 326.728381
2.579470 846.076459 308.135056
2.595700 872.375458 297.497461
2.612920 882.640287 303.506675
2.628540 884.325766 323.479149
2.644900 883.748944 344.955971
2.661380 879.643577 357.910278
2.677860 871.240833 360.798601
2.694210 859.516662 358.877228
2.710820 844.184720 356.039128
2.743530 826.820768 350.812533
2.760010 811.102609 342.311264
2.792850 799.574360 337.348898
2.809450 793.112979 344.249039
2.825810 790.358359 360.186777
2.842040 790.188746 373.320434
2.858520 792.618197 377.281849
2.874880 796.446622 375.575919
2.891480 797.213333 367.710817
2.907960 791.869135 350.383872
2.924320 784.237715 329.761806
2.941040 768.134721 313.487198
2.957150 735.756274 307.866497
2.973510 702.483931 318.435770
2.989870 680.629117 341.474023
3.006470 667.774982 367.070416
3.022830 662.436152 386.181994
3.039310 658.660322 392.683901
3.055660 651.046312 386.292154
3.072020 644.356289 374.463243
3.088620 643.549498 365.358535
3.105100 646.565048 361.440694
3.121460 647.954352 360.225244
3.137820 645.284051 356.787503
3.154170 644.036428 350.817359
3.170650 651.101391 347.120728
3.187010 656.459134 339.657085
3.433590 685.053448 327.037696
3.449950 763.399069 325.703127
3.482790 832.521435 336.205482
3.499270 852.677328 349.807642
3.515630 841.469890 366.135616
3.531980 818.074768 376.033091
3.548580 797.132080 368.999919
3.564940 782.918574 351.048522
3.581420 775.653228 336.341988
3.598270 775.334346 332.328729
3.614260 780.415186 336.519393
3.630620 787.409396 348.065446
3.647220 792.411036 363.750897
3.663570 793.037276 369.836066
3.680050 791.176655 363.078089
3.696530 789.248164 349.047818
3.729370 786.411298 335.840419
3.745730 784.476603 335.460263
3.761960 786.669117 345.145563
3.778320 791.683932 351.939890
3.795040 796.493433 348.614411
3.827760 799.373690 336.524320
3.843990 802.498986 321.963354
3.860720 809.254822 310.549494
3.877080 817.271029 307.975327
3.893550 823.710854 314.943158
3.909790 829.745079 324.621569
3.926390 835.852029 329.997677
3.942870 839.002316 327.384535
3.959230 835.795311 318.216618
3.975710 831.764418 307.894797
3.992070 830.953371 302.152030
4.008540 826.608548 303.378358
4.024900 819.752544 311.885223
4.041630 819.613378 329.078125
4.057860 828.270604 352.550494
4.074340 836.564006 373.759526
4.090700 827.733938 374.155553
4.107060 795.879852 340.353605
4.123410 751.272040 285.846990
4.140010 704.457022 231.721572
4.156490 664.785252 189.062205
4.172850 637.886105 166.412679
4.189330 625.915280 169.589625
4.205690 630.458914 191.834578
4.222050 642.623292 215.385648
4.238400 651.149538 222.608401
4.255000 654.706318 209.127490
4.271360 652.995871 189.864068
4.287600 646.455553 181.929105
4.304320 641.854102 189.133405
4.320430 638.784209 207.297721
4.337040 631.987365 230.821816
4.353520 624.937442 253.471974
4.369870 622.446840 272.229565
4.386350 624.589040 286.254606
4.402830 628.271836 292.485106
4.419070 626.677167 290.326718
4.435420 615.286909 283.014782
4.452030 599.529904 273.753629
4.468510 589.289330 264.237415
4.484860 588.509646 255.625284
4.501340 592.357917 249.544919
4.517700 603.826424 247.965289
4.534420 630.063573 253.306170
4.550900 660.923463 264.709483
4.567260 684.790012 277.947364
4.583860 699.537786 288.860427
4.600340 705.021822 293.981005
4.616580 701.640267 289.525842
4.633180 691.392857 276.355569
4.649410 679.908583 263.001154
4.666140 673.586451 254.662754
4.682250 675.102135 251.342972
4.715450 679.942258 251.975487
4.731690 682.098165 254.155066
4.764280 684.184064 255.945005
4.781010 690.545109 251.533002
4.813840 697.354403 238.235812
4.830080 699.291411 225.306151
4.862790 698.753353 223.084302
4.879150 699.235444 230.532882
4.895630 697.628153 237.827803
4.912230 692.686600 241.551828
4.928710 687.237494 245.793665
4.945310 683.209136 252.129418
4.961430 680.001698 252.501087
4.977910 674.919055 229.591910
4.994380 667.599115 179.852183
5.010860 660.617843 121.931734
5.026980 655.206378 76.953699
5.043700 650.609085 56.735380
5.059940 647.553250 56.950633
5.076420 647.017718 64.931135
5.092900 647.851646 72.962392
5.109250 650.771260 76.850878
5.125730 657.379814 75.204736
5.142210 664.794037 69.062542
5.207890 666.439702 61.053183
5.224240 660.226360 57.198974
5.241460 653.119715 62.819860
5.257080 646.231070 75.135940
5.273680 635.966295 85.291658
5.306520 628.340740 89.046957
5.322750 628.794598 90.790033
5.339360 635.376329 95.897181
5.355830 643.615895 102.122124
5.372190 656.782301 104.007169
5.404910 685.032295 103.273861
5.421390 723.801972 104.808149
5.437990 757.285543 110.055208
5.454220 777.981719 116.652973
5.470830 786.069208 122.543246
5.487180 784.659429 127.363057
5.503540 779.682221 124.199748
5.520020 774.388514 105.955050
5.536380 767.327976 77.572381
5.552860 750.300552 57.136186
5.569580 715.338994 62.025990
5.585820 673.148670 88.651499
5.602170 635.060778 119.796582
5.618530 603.275032 141.411248
5.635010 584.641929 148.154279
5.651490 578.073821 143.160061
5.667970 574.897878 134.578217
5.685060 572.121457 130.454712
5.700810 571.007749 132.123624
5.717290 572.567961 133.945119
5.733760 575.641202 130.614930
5.750000 577.281339 121.320406
5.766600 574.874071 107.676401
5.782960 569.143004 93.209115
5.799560 565.262658 79.285809
5.815800 570.264484 70.873966
5.832150 584.758958 76.736002
5.848630 600.972350 92.722245
5.865230 612.784124 108.693508
5.881470 619.785455 120.039393
5.898800 624.397188 123.488323
5.914430 628.192454 116.308282
5.930910 629.467276 99.391972
5.947140 627.710649 78.471403
5.963870 623.871074 60.152149
5.979860 618.303269 48.374461
5.996340 614.544594 44.952159
6.012940 615.911741 49.483993
6.029300 620.525261 59.613010
6.045780 623.913612 73.295106
6.308590 641.838930 86.073552
6.325070 696.911423 92.716239
6.341310 758.970816 92.828623
6.357790 781.450813 87.861220
6.374150 766.869363 82.408662
6.390750 738.799374 81.498958
6.407100 711.783542 84.419409
6.423580 693.831825 87.647119
6.440060 687.421318 92.156044
6.456420 693.033019 101.620982
6.472780 708.054251 113.124998
6.489260 724.564259 119.278497
6.505740 736.073410 115.265921
6.522220 741.084370 101.945717
6.538450 739.338610 85.263953
6.554930 729.860874 72.153457
6.571410 715.387253 67.257687
6.587770 705.322453 71.924183
6.604130 705.895419 85.682375
6.620730 712.706762 107.667065
6.637080 720.024444 131.899084
6.653440 726.822240 150.238124
6.669920 733.280667 159.037160
6.686280 738.021934 156.148477
6.702760 739.223100 142.056568
6.719120 737.065432 123.845499
6.735840 733.515240 109.571898
6.752320 730.328923 102.767015
6.768310 728.336871 103.379159
6.784910 728.742260 107.723216
6.801270 731.453723 110.765128
6.817750 733.412845 108.354963
6.834110 741.771846 98.816380
6.850460 766.699609 84.361368
6.883540 796.435996 69.410656
6.899900 813.979614 60.395525
6.916260 817.546705 61.176820
6.932740 813.926313 69.829664
6.948970 808.205795 81.380647
6.965700 801.104275 89.777472
6.982060 793.901834 88.777601
6.998410 787.434497 75.546916
7.031250 782.160421 58.686994
7.047610 783.251443 51.601994
7.064210 794.039863 57.875755
7.080690 805.831903 74.737645
7.097050 809.414330 97.010012
7.113400 807.408036 116.827585
7.129880 803.355290 126.933910
7.146240 795.469749 125.007233
7.162840 784.153802 118.611914
7.179320 774.459754 116.323511
7.195680 773.050160 120.005902
7.212040 781.990884 126.393356
7.228520 794.354518 129.048183
7.245000 801.670844 124.264031
7.261470 801.956752 113.673778
7.277950 803.115116 98.946058
7.294070 814.542058 86.038554
7.310670 832.812683 86.635602
7.327270 852.061649 102.556777
7.343380 869.501640 124.630929
7.359860 879.229751 142.544816
7.376340 881.838294 150.500165
7.392700 884.187146 150.874866
7.409060 889.001028 150.372047
7.425660 890.330268 150.080653
7.442260 882.935177 147.822385
7.458370 872.712550 145.349344
7.474730 867.853599 142.703993
7.491330 872.048533 136.928889
7.524290 880.899036 131.337988
7.540770 886.654716 129.548725
7.557130 888.871871 125.908556
7.573610 891.489428 117.224025
7.590210 893.911742 105.588968
7.606320 891.076063 92.884916
7.622800 883.792115 82.831639
7.639400 877.091708 76.139718
7.655640 873.103144 69.801816
7.672120 871.909306 65.140547
7.688600 871.486769 64.509380
7.705080 869.278749 66.092619
7.721440 865.412498 69.573503
7.737790 859.780928 76.257787
7.755860 851.685601 83.521156
7.770750 845.752872 90.517924
7.787230 846.426576 99.776400
7.820070 850.864538 110.768620
7.836300 855.265478 121.284052
7.852910 858.290942 128.519695
7.869140 860.315082 129.668585
7.885740 862.941176 124.326808
7.918580 864.532090 115.616805
7.935060 862.941164 107.258266
7.951420 860.571439 100.650455
7.967900 866.405982 97.781944
7.984380 887.423933 100.227823
8.000730 914.808635 105.377940
8.017210 937.602317 109.334147
8.033570 953.814376 108.082572
8.049930 963.395556 97.544955
8.066280 965.691414 79.166766
8.082760 960.991089 60.252663
8.099240 953.251074 48.088308
8.115600 945.531536 45.896221
8.132080 939.254192 50.981358
8.164920 938.228109 56.219837
8.181270 942.333207 57.611609
8.197750 946.330083 57.377045
8.214230 947.070890 58.207356
8.230470 943.326906 63.152098
8.247190 935.788648 76.362519
8.263430 931.248487 94.893538
8.279910 935.643039 109.398878
8.296390 945.221989 115.142453
8.312740 955.129633 115.779506
8.329350 963.998373 113.655689
8.345700 969.765487 105.226193
8.362060 972.675554 93.321055
8.378540 982.978637 83.414684
8.394900 1009.864375 76.078487
8.411380 1041.401128 77.153751
8.427980 1064.322217 93.686773
8.444340 1080.712829 121.640815
8.460450 1090.301267 147.738302
8.477050 1089.977097 161.810918
8.493530 1083.633958 164.468490
8.509890 1076.980030 159.093792
8.526250 1071.960822 148.760729
8.542850 1068.128806 138.067642
8.559080 1064.697660 130.029649
8.575560 1060.309804 127.102351
8.591920 1054.606771 129.940344
8.608520 1047.830168 136.621184
8.624880 1040.047602 144.158833
8.641360 1033.437901 148.460326
8.657960 1029.562418 146.268039
8.674320 1029.355404 136.698554
8.690550 1033.835091 121.950308
8.707150 1038.618556 107.356126
8.723630 1022.934669 101.144552
8.739870 970.910618 108.605802
8.756350 892.487335 122.793842
8.772830 802.541855 134.157230
8.789310 720.870689 141.987085
8.805660 664.077558 147.542996
8.822020 630.844114 147.802259
8.838620 613.645947 138.319856
8.854860 606.770742 123.880198
8.871460 605.283137 114.310902
8.887820 604.454228 112.803373
8.904300 605.550180 120.490136
8.920530 610.245548 136.592431
8.937010 614.639714 155.612624
8.953490 617.662262 171.172589
8.970090 621.289895 180.580169
8.986450 625.221332 186.967449
9.002810 627.744625 191.470113
9.019170 627.465774 191.600592
9.052120 626.529135 188.090815
9.347660 643.017182 181.143983
9.364140 690.297427 168.694925
9.380490 746.417824 151.873193
9.396970 769.918075 134.254661
9.413330 740.004805 119.525443
9.429930 682.592296 109.496609
9.446290 631.735693 100.346593
9.462770 597.262778 90.761453
9.479130 577.729056 86.514015
9.495610 569.598172 90.462956
9.512080 568.284423 99.112574
9.528320 568.487471 107.590183
9.544800 566.254209 114.161912
9.561280 562.075028 120.311842
9.577640 561.496727 127.903073
9.594240 562.885232 136.503279
9.610600 563.586319 142.145995
9.627080 568.481727 139.692626
9.643430 576.848377 130.218419
9.659910 583.502389 119.315439
9.676270 586.629447 110.297701
9.692630 588.123303 106.695542
9.709110 589.696051 110.417018
9.725710 589.870902 117.784322
9.742070 594.288884 123.226548
9.758300 609.739207 124.779343
9.791260 628.244312 125.112773
9.807620 642.232280 129.327657
9.824220 653.506797 141.113221
9.840580 659.329784 155.655887
9.856930 656.050957 164.899200
9.889890 650.863360 166.324695
9.906250 651.769859 158.524695
9.922610 657.696625 143.561990
9.939210 662.248174 132.680102
9.955570 661.649816 135.687590
9.988400 659.816287 147.204816
10.004880 659.697989 156.167610
10.021610 659.431746 160.006993
10.037840 655.980829 160.327951
10.054320 651.265517 158.867217
10.070680 652.348910 156.260434
10.087280 657.335023 151.632352
10.103640 658.172273 143.423906
10.136600 655.596900 134.100689
10.155880 659.101152 131.970596
10.169310 672.980551 139.118118
10.185790 693.413688 149.092036
10.202150 714.470766 153.867288
10.218510 728.536249 149.208152
10.235110 730.607025 137.880319
10.251460 723.083112 125.292640
10.268310 714.785745 116.390175
10.284420 712.338777 116.099819
10.300780 715.481522 125.027708
10.317260 720.042049 137.573584
10.333500 722.080799 146.956351
10.350100 720.186463 146.632000
10.366330 715.806921 134.400774
10.382810 712.851691 119.825944
10.399290 715.375574 114.143078
10.415650 723.144849 116.020698
10.432250 728.379347 121.600268
10.448730 725.306487 128.264344
10.464970 718.635369 129.928910
10.484250 713.754688 126.356668
10.497800 710.375707 122.654799
10.514280 706.801924 121.343549
10.530640 705.579001 119.776582
10.547120 707.952893 114.159693
10.579960 714.431161 104.809386
10.596440 728.863647 97.387482
10.612920 746.000904 99.101604
10.629390 758.033958 109.085393
10.645870 764.647133 121.861614
10.678710 768.054522 133.252040
10.694820 768.300381 137.766224
10.711430 764.231743 133.916846
10.727780 758.059720 126.472359
10.744260 752.829332 119.001180
10.777100 752.092533 111.783627
10.793580 761.010810 108.107607
10.812010 778.995134 111.869431
10.826420 799.226587 120.324723
10.842900 816.802143 131.003627
10.859250 829.388520 143.914610
10.875610 836.111598 154.034241
10.892210 835.961583 156.226412
10.908570 828.442521 151.260829
10.925170 819.449545 146.056143
10.941650 817.744541 146.431677
10.958130 825.279029 150.181882
10.974490 837.150574 153.251351
10.990970 847.467281 154.406733
11.007450 852.551300 154.281663
11.023930 852.408671 150.162037
11.040040 850.082685 139.970209
11.056640 848.940388 129.620437
11.072750 855.579377 123.054356
11.089110 874.441541 117.423394
11.105590 896.814304 110.813391
11.122070 914.407723 103.635238
11.138550 927.522891 96.445020
11.171260 937.105006 90.462940
11.187870 942.161227 88.021378
11.204220 941.105314 91.301404
11.220700 937.147451 100.580422
11.237180 933.938365 111.892257
11.253540 930.604237 118.663994
11.269780 925.263394 118.740762
11.286380 915.460522 114.339745
11.302610 901.514194 107.062910
11.319210 889.800938 101.200198
11.335690 886.518336 100.293368
11.368410 890.338959 104.501145
11.384770 895.562240 112.554825
11.401250 899.286673 117.700102
11.417600 912.806133 117.607992
11.434330 947.098619 111.451554
11.450560 987.137689 95.182873
11.468630 1015.732553 76.535932
11.483760 1031.023859 66.587033
11.500000 1036.236963 65.119230
11.516480 1034.737717 68.198046
11.532840 1031.848763 74.462263
11.549320 1034.365538 81.448914
11.565670 1039.056185 84.230390
11.582150 1040.235933 78.736609
11.598630 1040.872858 66.424423
11.615110 1039.916048 57.475989
11.631350 1035.604456 61.212939
11.647830 1034.149273 75.644287
11.664180 1037.371898 94.231908
11.680660 1044.333450 111.811996
11.697140 1055.796606 125.196368
11.713750 1069.808908 135.306244
11.729980 1085.170702 144.400977
11.746340 1100.204053 153.646959
11.762820 1109.750053 164.399288
11.779300 1113.311723 175.256526
11.796750 1116.968406 181.815274
11.812260 1119.357520 181.544946
11.828490 1115.384470 175.189590
11.844970 1108.809547 163.917259
11.861330 1102.299185 147.776129
11.877930 1090.895432 127.770301
11.894410 1072.833090 107.479224
11.910890 1021.827244 96.066745
11.927370 907.882878 99.483671
11.943730 770.377303 112.986741
11.959960 666.612875 130.904324
11.976320 610.125652 149.702440
11.992920 588.431420 165.551780
12.009400 583.618393 175.444082
12.028810 583.032842 178.500338
12.042600 581.144633 174.059269
12.058720 577.415081 161.289101
12.074830 573.046845 144.510602
12.107670 573.833987 132.598193
12.370850 598.737833 130.602931
12.387080 658.390561 137.637349
12.403560 714.447248 149.215602
12.419920 726.329813 159.272735
12.436280 708.085434 164.770841
12.452760 688.409442 167.319642
12.469240 677.647942 168.176597
12.485720 673.702825 165.341515
12.502080 672.515040 158.732480
12.518430 674.581105 152.086325
12.534910 680.201125 147.635343
12.551390 684.699384 145.892749
12.567750 684.814748 148.051565
12.584350 684.549365 155.141280
12.600830 688.084960 167.009727
12.617070 694.397562 181.491132
12.633540 699.020727 194.984059
12.649900 698.840647 202.351119
12.666500 696.123703 198.879162
12.682740 696.028158 185.393704
12.699340 694.993849 174.159990
12.715700 685.699881 179.335388
12.732060 671.741684 199.563367
12.748540 657.484993 222.698122
12.764890 641.160511 238.125944
12.781370 624.091455 241.755134
12.797850 610.807373 237.063383
12.814090 600.301730 230.676159
12.830930 587.742653 226.775672
12.847050 578.176678 227.817333
12.863400 578.981618 235.086263
12.879880 586.285395 246.383932
12.896610 593.446843 254.962361
12.912960 595.620471 254.040588
12.929320 590.296876 244.170631
12.945680 582.863232 230.972556
12.961910 581.048782 220.722075
12.978640 585.224855 216.742714
12.995240 591.264056 216.214099
13.013060 594.517180 212.447997
13.028080 591.744745 201.362508
13.044680 588.370457 187.395010
13.060790 591.170826 179.160610
13.077390 597.212183 181.217091
13.093630 601.893950 194.487662
13.111940 604.979173 216.546583
13.126590 608.088527 239.299708
13.142940 610.342632 252.230661
13.159300 608.438815 250.242319
13.175780 602.085940 238.308533
13.191890 595.861912 223.732850
13.208500 593.476656 210.215098
13.224850 593.009285 199.209911
13.241460 599.514554 191.562394
13.257930 620.928146 190.100936
13.274290 648.548704 195.285478
13.290530 671.391854 200.639411
13.307010 685.277435 200.311247
13.323490 687.105119 195.860001
13.339840 682.389394 193.328650
13.356450 680.766033 194.293445
13.372800 684.893851 194.859934
13.389160 689.848484 198.768582
13.405640 690.484858 211.155620
13.422120 687.930546 226.997051
13.438480 677.497838 238.477252
13.455080 649.785434 242.228347
13.471310 612.215946 242.235756
13.487790 580.533590 243.497221
13.504270 563.535210 246.271047
13.537110 558.300003 246.080011
13.553590 553.269484 240.130387
13.569950 545.247940 232.842773
13.586430 539.053676 227.582430
13.602780 536.060058 225.944005
13.619140 533.075104 228.142155
13.635740 536.771634 226.156662
13.652100 554.652638 212.438607
13.668460 574.448884 190.484970
13.684940 588.498255 169.031848
13.701290 601.279725 154.353833
13.717650 612.053433 148.911673
13.734250 618.131056 151.313828
13.750490 619.199292 156.891929
13.766970 617.608158 163.160869
13.783810 620.763413 171.193327
13.799930 632.589562 179.994260
13.816530 645.486509 186.478441
13.832760 653.686526 189.002137
13.849240 659.962819 185.251986
13.865600 666.942809 172.638442
13.882810 671.875537 155.135104
13.898440 673.911339 140.110282
13.914790 677.540048 130.458986
13.931400 682.153580 125.613530
13.947880 682.390092 124.091237
13.980470 678.123767 124.398480
13.997070 676.518493 126.738834
14.013550 682.188334 132.315522
14.029910 689.221256 141.061721
14.046260 691.472385 150.868308
14.062740 691.575818 159.517624
14.079220 690.820416 167.696535
14.095700 688.555657 178.190414
14.112060 688.096968 191.017120
14.128420 688.464931 201.192911
14.145020 687.914052 203.680021
14.161500 689.847094 197.919967
14.177730 691.364615 188.155504
14.194210 687.201399 178.669123
14.211910 680.768589 170.901357
14.227050 675.264720 166.855408
14.243530 673.061190 169.200174
14.260010 678.115137 176.368242
14.276490 685.267574 178.893199
14.292720 686.431111 166.631771
14.309200 682.230791 141.304603
14.325680 679.319981 117.217818
14.342040 679.826346 106.887694
14.358400 678.570470 111.417112
14.374880 672.612783 123.356353
14.391480 661.584986 133.641352
14.407710 647.194127 137.418656
14.424190 635.015933 134.814087
14.440800 628.097802 128.955558
14.473630 625.681146 122.264553
14.489990 627.033398 115.693470
14.506470 630.059298 111.046873
14.522710 636.369923 111.196683
14.539180 650.046080 117.216465
14.555660 667.288975 127.093982
14.572020 689.301806 135.193831
14.588500 722.107095 137.206704
14.604980 757.052739 135.146428
14.621460 781.961481 130.678886
14.637820 793.548856 122.798300
14.654170 794.086869 112.635545
14.670780 792.702171 105.808695
14.687010 798.274746 105.501185
14.703610 809.135976 108.544772
14.719850 817.004862 114.960727
14.736450 817.951056 128.119021
14.769170 814.177610 144.999883
14.785640 815.669109 159.297001
14.818360 832.785605 165.713295
14.834840 857.703896 160.181697
14.851440 877.903603 147.762177
14.867680 891.128344 137.770222
14.884280 898.456597 135.638037
14.900760 901.231056 141.436615
14.916990 900.522351 147.249608
14.933590 896.165665 145.089271
14.949950 888.313609 133.858424
14.966430 879.950316 119.649750
14.982790 874.118772 109.542275
14.999150 871.385768 104.752675
15.015630 872.882965 105.746684
15.031980 879.312947 112.621421
15.048580 887.124880 121.828848
15.064820 892.708678 128.449362
15.081300 895.022453 129.486934
15.097780 894.440951 126.087658
15.114140 890.681292 118.649691
15.130620 883.573346 106.996160
15.147090 876.243703 94.500893
15.163570 872.074087 84.634117
15.179810 871.762697 79.158351
15.196290 873.602915 78.471973
15.212770 876.717225 81.240596
15.229250 881.238563 85.371088
15.245610 885.415793 88.819942
15.262080 886.863035 87.635786
15.278690 894.303304 82.675610
15.294800 920.218284 83.180153
15.311280 956.723420 90.636581
15.327760 989.036541 99.645027
15.344240 1011.748875 108.608762
15.360600 1024.696461 113.333411
15.377080 1032.505787 107.709989
15.393430 1040.062856 92.972408
15.409910 1044.822242 77.803909
15.426390 1042.658849 71.927296
15.442870 1036.584149 78.808050
15.459350 1032.415565 91.848798
15.475590 1034.023352 101.633715
15.491940 1040.903431 103.313522
15.508540 1048.907897 97.191087
15.524900 1055.207575 88.553623
15.541500 1059.541866 83.116616
15.557860 1061.125088 81.323849
15.574100 1056.580662 81.696309
15.590700 1044.786745 85.058507
15.607300 1029.003860 92.319356
15.623540 1010.983446 100.976350
15.639890 992.586682 105.206196
15.656250 981.396799 104.199183
15.672850 981.755090 102.696928
15.689210 987.060100 103.109869
15.705440 989.275878 107.841193
15.721920 987.035063 118.254313
15.740720 984.376638 131.189252
15.755000 983.705109 145.289326
15.771240 985.860562 165.608314
16.034180 991.745653 198.939560
16.050660 975.540815 229.385322
16.067020 908.987304 230.402790
16.083370 818.534756 206.559576
16.099980 744.578705 176.068594
16.116330 700.056370 147.756225
16.132690 682.586856 126.869535
16.149170 678.947704 115.325142
16.165650 679.646075 113.913510
16.182010 686.688609 123.066077
16.198490 698.941056 136.388001
16.214970 707.101289 144.710140
16.247680 705.586106 146.284040
16.264040 699.856416 146.670093
16.297120 693.657705 148.776206
16.313600 686.783939 148.902267
16.329830 683.055337 145.779773
16.346310 675.756480 140.550365
16.362670 654.676741 135.366953
16.395510 629.647343 132.377418
16.411990 613.207010 128.712625
16.444820 604.324615 124.435563
16.461300 599.945488 122.484181
16.477660 598.961863 120.184305
16.494020 602.468342 114.271125
16.510620 611.156220 104.307664
16.526860 619.999318 91.625588
16.543460 626.030740 79.866827
16.559940 637.301122 73.525016
16.576170 661.205553 74.956738
16.592650 691.487249 83.109360
16.609130 719.601492 94.810469
16.625730 741.877092 106.262850
16.641970 754.545722 113.026791
16.658450 756.703394 111.128230
16.674930 752.911146 99.962920
16.691040 745.785802 86.656685
16.707640 736.419360 80.623934
16.724370 729.475126 81.506973
16.740720 727.407642 83.833066
16.756960 731.476368 83.792000
16.773440 742.305805 81.025676
16.789790 755.031748 79.510394
16.806150 763.506174 80.375750
16.822880 765.638106 79.692272
16.839230 763.385969 77.260581
16.855470 757.124872 78.838800
16.871950 745.886015 87.489196
16.888310 734.886469 99.759378
16.904790 729.661403 108.823643
16.921260 729.210440 111.836442
16.937620 734.135026 113.743417
16.953980 747.001599 115.550328
16.970950 763.741892 110.835631
16.987180 776.350411 101.263830
17.003540 779.622931 94.280798
17.020140 774.270626 89.584592
17.036500 764.814710 83.511824
17.053100 750.956621 85.465264
17.069340 730.502964 107.575788
17.085820 708.144483 138.329803
17.102290 688.131839 158.390303
17.118650 670.858509 163.311666
17.135010 657.678523 160.060403
17.151610 650.097222 160.424795
17.169680 648.952981 173.701277
17.184200 653.410803 196.972268
17.200680 661.842588 220.581073
17.233280 673.227844 238.867241
17.249760 685.055171 248.313407
17.266240 693.599023 247.858742
17.282710 695.873053 240.409133
17.299070 690.923504 232.308031
17.315550 681.942759 229.684349
17.331910 668.564127 232.359395
17.348270 648.706049 238.713980
17.364750 629.985729 249.347024
17.381350 619.096937 258.537843
17.397710 612.304237 256.573685
17.414060 603.358390 241.645105
17.430540 592.899018 223.378451
17.446780 585.972201 213.721948
17.463260 584.657500 215.807691
17.479740 584.619970 225.643744
17.496220 583.665507 239.168519
17.512570 587.421168 254.085655
17.529050 595.061203 268.062392
17.545650 601.348015 289.581613
17.841190 626.611928 317.120559
17.874020 676.313828 323.759301
17.890630 707.681150 309.945277
17.906860 706.829062 299.852867
17.923340 692.297088 297.838256
17.939820 673.438126 295.395054
17.956300 657.435787 286.987850
17.972900 650.319389 273.255340
17.989260 653.878676 258.282278
18.005740 662.165551 246.136070
18.022090 668.305878 238.092145
18.039920 670.262422 232.651235
18.071170 668.647545 229.102434
18.087770 665.976851 228.088156
18.104000 665.485187 228.434598
18.120610 666.243504 229.654053
18.136960 666.362715 231.743244
18.153440 667.594651 232.309476
18.169800 670.031634 228.267645
18.186160 671.926311 218.405844
18.202640 672.506848 205.544122
18.219120 672.343677 200.522581
18.235470 670.629056 212.269897
18.268430 667.021813 232.293759
18.284790 663.727133 245.353571
18.301270 660.202525 245.786149
18.317630 656.527390 241.499887
18.333980 655.132567 242.825538
18.350460 656.537036 250.635577
18.366940 659.650557 260.712604
18.383180 664.069452 269.812634
18.416260 668.648159 274.033498
18.432740 668.945697 274.004585
18.465450 665.396244 278.753242
18.482180 662.554901 290.442123
18.498660 659.428509 302.317485
18.515140 658.366680 306.987038
18.531620 666.181183 301.910676
18.547970 681.033056 292.451539
18.564450 693.346012 281.688936
18.580690 697.401499 269.356717
18.597290 696.285217 258.171810
18.613770 695.508072 250.812930
18.630130 698.035857 246.802584
18.646360 703.397717 245.558376
18.662960 708.095256 248.289945
18.679440 710.058803 255.617627
18.695800 711.075650 267.076728
18.712160 713.028147 281.818179
18.728520 714.732712 297.489967
18.745000 713.957249 310.048526
18.761350 708.797878 313.839339
18.777710 692.073904 306.440337
18.794190 659.639178 292.137315
18.810550 624.369325 271.411732
18.827030 598.664606 243.878329
18.843510 580.812650 216.802519
18.859860 569.401595 193.475432
18.876220 566.720097 174.511079
18.892700 571.222261 165.723015
18.909180 577.174610 171.525381
18.925660 581.385577 189.845254
18.942140 586.670067 213.352131
18.958500 593.223033 233.418255
18.974980 597.317476 244.047622
18.991460 597.744807 245.880349
19.007810 596.900210 242.008413
19.024540 597.319600 233.539938
19.040650 598.822606 223.994367
19.057010 598.508643 219.609807
19.073240 594.709495 222.156707
19.089970 590.215443 225.475404
19.106080 586.183661 226.514475
19.122800 583.257499 230.332846
19.139160 584.141565 238.460379
19.155520 589.794658 245.044757
19.172120 600.814934 242.720376
19.188350 614.912885 228.883895
19.204960 628.538202 210.945002
19.221310 641.261394 200.847697
19.237790 651.963788 203.553024
19.254390 659.377487 213.348079
19.270510 662.478916 220.091927
19.287110 660.264887 218.809262
19.303340 656.639774 208.470518
19.319820 654.057106 192.676479
19.336300 649.114957 182.030702
19.353030 644.024923 182.477979
19.369380 644.185590 197.512292
19.648440 649.510804 232.381617
19.664920 657.941651 280.492341
19.697630 665.283141 326.272805
19.714230 667.298126 360.098919
19.730590 665.171532 378.890769
19.747070 656.681949 382.666139
19.763430 639.473313 376.235560
19.779910 622.168433 367.052349
19.796390 611.507983 360.021964
19.812620 606.353546 358.595650
19.829220 604.725154 365.456543
19.845460 607.577604 377.266443
19.861940 615.377056 387.450729
19.878300 623.690059 393.767257
19.896730 629.817118 396.204651
19.911380 633.484531 393.409393
19.927730 632.837895 383.724731
19.944210 628.776054 367.923596
19.960690 623.848605 348.702016
19.993410 618.365035 331.586557
20.009890 614.137554 322.945689
20.026250 613.883652 322.821674
20.042720 617.768987 328.821616
20.059330 624.845220 339.866763
20.075560 633.541331 353.979947
20.091920 640.838310 367.096741
20.108400 641.790214 376.165021
20.124880 633.999621 381.951254
20.141360 635.105730 383.108681
20.157590 669.413545 373.833655
20.174070 728.366376 352.404371
20.190430 783.117562 328.679956
20.206790 817.530311 312.787462
20.239990 834.354342 304.659470
20.256230 846.430330 302.626249
20.272710 860.549754 306.224598
20.289180 873.345152 314.401936
20.305540 880.893416 326.526101
20.321900 883.653641 339.347800
20.338260 883.377517 346.563531
20.354980 879.476810 342.739537
20.371340 871.204817 328.357440
20.387700 861.733480 310.554949
20.404170 854.457849 298.003755
20.437010 846.055604 296.475669
20.453610 831.101706 303.203730
20.486330 811.741916 310.671115
20.502440 793.214533 314.760959
20.519040 778.401871 314.302459
20.535520 769.479939 313.568547
20.551880 766.800259 317.796203
20.568480 768.220146 326.313209
20.584960 770.943947 336.463513
20.601200 772.764619 341.415870
20.617680 772.868638 334.011125
20.634160 773.729983 327.228243
20.929930 785.520588 343.879936
20.946410 814.188156 379.677134
20.962770 847.567455 410.096981
20.979130 854.373837 423.062192
20.995480 811.185930 420.047019
21.011960 739.670727 405.754319
21.028440 675.116100 388.311635
21.045170 633.400048 374.882893
21.061280 616.816714 364.335494
21.077640 615.429601 354.423457
21.094120 617.966485 346.202462
21.110600 620.476112 339.882488
21.126950 624.116294 340.658982
21.143430 628.433194 353.469528
21.159790 629.822674 372.555420
21.176270 630.145606 390.285100
21.192750 632.571457 402.676448
21.225590 634.259762 408.562863
21.241940 629.541159 406.398295
21.258300 615.022881 393.602685
21.274660 597.812011 376.159531
21.291260 588.227959 360.370749
21.307740 587.406022 344.988736
21.324100 590.056962 332.602751
21.340580 591.539124 328.535022
21.356930 591.462616 332.819749
21.373290 593.668337 343.112180
21.389650 599.994348 357.407549
21.406250 606.243442 372.041358
21.424070 608.766909 382.150846
21.439210 604.664094 382.606612
21.455570 592.663718 372.361058
21.471920 584.136445 360.569339
21.488400 590.954990 357.821737
21.504760 607.178670 365.112907
21.521120 621.697477 383.635061
21.537600 630.866887 416.097416
21.554080 636.102291 453.187822
21.570310 641.467752 482.566422
21.586790 650.954300 502.665789
21.603640 663.592968 518.169475
21.619870 670.705850 531.059230
21.636350 666.622099 541.034700
21.654170 657.981694 548.290673
21.669310 649.751080 547.886598
21.685670 639.101209 533.987326
21.702150 625.301555 510.551389
21.718630 621.945164 486.098730
21.734740 643.105807 466.716224
21.751340 677.143780 455.785039
21.767700 706.098659 448.419959
21.784060 725.021443 440.624508
21.800660 735.278880 438.223467
21.817140 740.445883 438.856086
21.833620 745.143859 434.236886
21.849980 751.756554 426.393857
21.869020 754.737566 423.784757
21.882930 749.435339 431.621491
21.899410 741.981847 446.627387
21.915770 739.023822 461.901445
21.932250 741.673599 471.015732
21.948610 747.456878 469.647449
21.964840 747.324427 455.498507
21.983150 729.888370 429.055673
21.997680 697.382815 400.296683
22.014160 669.543936 380.374663
22.030880 660.132762 371.030539
22.047490 662.688889 368.543563
22.063600 665.967917 368.820136
22.079960 666.220197 369.355667
22.096310 665.636014 368.906164
22.112920 665.132190 365.757875
22.129390 662.153153 359.066551
22.145630 655.872524 350.806793
22.162350 648.870550 342.198863
22.178590 645.416159 332.790469
22.211430 646.136838 323.683389
22.227660 646.179781 320.968088
22.244020 642.734730 328.951099
22.260620 638.012140 338.100289
22.276980 633.744925 337.149514
22.309810 627.826121 328.070636
22.326420 621.078634 319.676196
22.342650 619.058365 318.321077
22.359130 621.410371 323.555389
22.375490 625.462372 332.948557
22.410030 631.501820 343.079418
22.425050 637.090901 349.589454
22.457520 639.284411 351.831602
22.474000 639.862678 346.257040
22.490600 642.591772 330.394149
22.506840 643.961062 311.923455
22.523440 639.060639 299.515508
22.539790 631.847044 294.439095
22.556270 625.295443 296.675229
22.572510 618.509138 308.620859
22.589230 613.633401 329.448937
22.605590 612.331027 353.093176
22.621950 611.661903 371.304477
22.638310 608.326732 379.135213
22.654790 603.444635 380.131319
22.671140 601.208807 381.243916
22.687620 603.608270 383.267413
22.704220 606.541496 383.438367
22.720460 606.481816 380.681651
22.753300 605.039795 375.510352
22.769780 602.416130 369.086143
22.802610 599.135238 362.081505
22.819210 598.872712 356.135371
22.835570 602.517188 352.915068
22.852290 607.117701 350.770578
22.868410 608.170676 348.947666
22.884770 603.366337 350.771914
22.901120 594.509147 360.706871
22.917720 586.790422 350.547341
23.180420 586.784889 282.129640
23.196780 597.146607 204.002366
23.213260 616.594307 187.901236
23.229610 638.907353 222.232275
23.246220 653.240736 265.287502
23.262570 645.861114 296.583932
23.279420 612.731462 310.385344
23.295290 572.245386 312.998491
23.311890 544.001857 313.547238
23.328130 531.150630 314.559865
23.344730 528.712284 315.392408
23.360960 531.188309 316.191216
23.394040 538.190702 320.687997
23.410400 551.161203 327.647057
23.426760 565.117723 329.144109
23.443240 573.655297 328.002004
23.459590 576.331968 333.176949
23.476070 577.655446 344.406955
23.492550 577.934908 355.384542
23.509030 571.319201 360.417850
23.525390 555.814165 356.680229
23.541750 539.354351 344.879372
23.558350 530.053000 329.157452
23.574580 527.045733 316.393476
23.591190 530.443349 311.328496
23.608150 544.586553 314.573939
23.624150 567.065732 323.581934
23.640380 585.986735 331.533890
23.656980 594.596315 333.535590
23.673220 598.236428 331.230907
23.689820 602.114936 326.588713
23.706300 607.654254 321.309742
23.723630 614.272082 318.998910
23.739140 618.910456 320.331549
23.755490 621.965691 322.760418
23.788330 624.095070 324.498705
23.804690 627.541900 324.433439
23.837650 650.515682 325.286537
23.854130 702.438703 331.248575
23.886720 763.602666 341.871973
23.903320 814.976389 353.361735
23.919800 851.838326 359.796828
23.937380 873.087028 359.894023
23.952640 881.879480 355.808428
23.969120 885.776835 347.726568
23.985600 886.505128 343.177994
24.001950 881.339181 347.812361
24.018310 872.055973 353.590393
24.034790 860.782791 358.006852
24.051150 844.746602 364.748387
24.084110 826.770068 369.098065
24.100460 816.289900 366.887244
24.116940 814.666044 360.801064
24.133420 817.079837 354.598279
24.149660 819.728800 349.782013
24.166380 820.049344 344.685539
24.182620 817.046547 338.321665
24.198970 808.374633 332.616915
24.215580 793.724812 330.946521
24.231930 766.067599 334.231014
24.248290 717.737234 338.685567
24.265630 665.475162 340.596363
24.281490 626.186788 341.463447
24.297730 598.716221 344.104198
24.330570 580.177792 344.753574
24.346920 571.639807 338.594235
24.363400 573.442782 327.493814
24.381100 580.744293 318.137167
24.396240 584.394756 315.301748
24.412720 578.046902 317.578882
24.429080 570.293610 323.755336
24.445560 570.780613 333.198221
24.461790 574.005681 341.036205
24.478390 575.976938 348.089405
24.494870 583.128653 357.091279
24.511350 599.677570 362.705395
24.527590 617.834620 363.158976
24.544070 629.523404 363.959891
24.560550 636.336216 369.234445
24.576780 637.828327 377.477799
24.593870 630.982728 383.079855
24.609860 619.644598 381.783608
24.626220 610.436332 373.369509
24.642580 605.534403 360.541279
24.659060 602.509145 347.354008
24.675420 601.424657 337.781311
24.691890 611.498590 338.246746
24.708370 638.580714 353.127103
24.724730 668.847748 371.281343
24.741330 685.733014 378.538171
24.774050 692.425196 377.237209
24.790530 699.428915 376.836153
24.807010 707.770887 382.666647
24.823240 714.783424 390.636240
24.839840 721.471970 393.613490
24.872680 731.590267 392.444189
24.889040 747.981522 390.982964
24.905520 768.053977 389.744629
24.922120 783.543204 382.828340
24.938480 789.924073 365.257860
24.954830 790.975307 341.389394
24.971190 789.471738 320.270584
24.987670 784.550207 309.965239
25.003780 777.249688 313.096214
25.020510 769.678260 323.667272
25.036870 761.667524 332.681364
25.053340 753.438369 337.450723
25.069820 747.105731 338.495330
25.086180 745.315105 336.053247
25.102540 748.992863 332.409685
25.119140 754.680315 330.396584
25.135500 758.876099 333.818373
25.151730 761.582283 344.492023
25.168460 762.401255 357.831336
25.184810 761.520063 367.355426
25.201170 761.878366 371.185674
25.217530 764.651662 371.950294
25.234130 769.163144 373.227457
25.250490 774.295058 375.387478
25.266850 778.500101 371.827103
25.283330 778.453905 356.209405
25.299800 770.863747 331.805384
25.316280 761.626173 308.257800
25.332520 761.182447 292.049806
25.349120 770.875525 282.680423
25.365480 783.159793 281.617027
25.381960 790.174057 291.621876
25.398320 789.852879 308.689299
25.414670 784.529291 328.099561
25.431030 777.026181 346.870925
25.447750 770.685453 361.675340
25.464110 769.413376 370.996626
25.480590 776.655494 374.164611
25.496950 790.843368 371.366376
25.513310 804.791785 364.336918
25.529660 813.459260 354.124704
25.546140 817.109501 341.606880
25.562620 817.362794 329.112771
25.578980 814.862768 322.039964
25.611940 809.151914 323.551161
25.628300 804.579325 326.194991
25.661010 807.849680 322.548038
25.677730 815.733099 315.946064
25.694460 822.068701 311.137348
25.710570 823.998769 306.536899
25.726810 818.881786 300.422714
25.743410 808.146393 295.397373
25.759640 798.761833 293.680196
25.776250 798.596757 297.339782
25.792600 808.838045 308.699043
25.808960 821.355929 323.617854
25.825440 829.632362 334.611738
25.841920 835.264052 339.885242
25.858280 839.226351 350.616491
25.874630 837.400551 378.786416
25.891110 827.460441 416.133731
25.907590 818.065714 448.441204
25.924070 816.118677 469.734797
25.940430 815.331043 478.000562
25.956910 811.771236 474.153906
25.973270 810.387777 460.837064
25.989870 815.782662 443.576030
26.006230 824.107544 431.764968
26.024540 827.072155 431.747545
26.039060 822.311931 441.263501
26.055420 808.057011 455.544956
26.072020 784.953942 469.337705
26.104740 764.492922 479.755417
26.121220 752.576733 488.339817
26.137700 745.847512 493.378205
26.154050 744.492679 491.394780
26.170410 749.096298 483.014165
26.186770 755.325908 472.148839
26.203370 756.766846 463.875888
26.219850 751.274637 462.557872
26.236210 743.628734 467.315989
26.252690 741.703148 471.973770
26.268920 748.534436 473.814244
26.302000 755.143915 473.189993
26.318360 753.516458 467.800588
26.334840 747.676465 458.464406
26.351200 742.774150 445.379535
26.367680 743.811807 429.070459
26.400630 752.499090 417.517643
26.416990 760.318980 413.181463
26.433470 761.200070 410.802802
26.449710 758.684423 406.097429
26.466190 756.769204 398.885323
26.482670 755.103615 392.366304
26.499020 753.372989 388.989696
26.515380 752.040196 384.787578
26.548340 752.344957 374.603653
26.564820 757.493053 366.985450
26.843870 768.532358 366.240232
26.860470 781.315416 365.783375
26.876710 789.530594 368.488972
26.893430 792.429166 375.146106
26.910030 795.074578 380.045606
26.926150 801.075178 383.543051
26.942500 807.358911 390.117054
26.959110 806.595430 402.117079
26.975340 796.661048 416.805404
26.992190 783.057986 429.815298
27.008420 769.945339 440.043873
27.024660 757.941543 448.743966
27.041260 747.203082 455.877777
27.057620 737.347546 463.454032
27.074100 729.567919 475.182765
27.090580 725.308438 487.926595
27.106930 727.447349 494.195136
27.123410 738.215748 490.394109
27.140140 747.320164 478.990926
27.156250 745.769514 464.536905
27.189450 741.495489 449.203616
27.205690 743.002434 435.421454
27.238530 751.967525 426.167664
27.255000 764.184401 424.172948
27.271360 772.321844 432.246132
27.287960 775.948887 442.633964
27.304200 778.469097 448.538700
27.320920 780.639008 457.179721
27.337040 780.055089 466.693632
27.353390 776.185467 464.921668
27.369870 773.302926 448.948862
27.386110 772.794400 428.160976
27.402590 773.216581 416.866380
27.419190 774.406247 421.073300
27.435420 773.787795 433.466018
27.451900 767.600012 443.273467
27.468260 757.178514 445.686967
27.484740 749.666766 442.032053
27.501220 754.352487 437.131647
27.517580 773.005175 436.842468
27.534060 796.008539 443.825095
27.552730 813.975240 454.549739
27.583370 824.551074 463.817083
27.599730 830.403866 469.710847
27.632690 835.660491 472.612428
27.648930 841.259115 474.502920
27.681880 843.933106 474.128941
27.698360 841.622748 471.241585
27.714840 836.780572 470.680167
27.731200 830.965182 469.066450
27.747680 824.682985 459.344709
27.780520 819.764001 447.971558
27.796880 814.141492 443.673631
27.813350 805.324035 443.911901
27.829830 793.506140 445.014878
27.846070 781.560303 447.569928
27.862670 775.766582 452.045253
27.878910 773.499104 456.362479
27.895630 767.738663 453.264050
27.911870 760.761613 437.123068
27.928340 755.784451 417.211494
27.944700 750.097368 408.045754
27.961180 740.978143 412.187041
27.977660 734.163980 419.278025
27.993900 731.943047 422.608217
28.010500 725.605271 427.206355
28.026980 709.455634 435.823510
28.043330 680.098927 445.693721
28.059690 641.255166 454.031777
28.076170 606.149919 461.084013
28.092530 585.856431 467.076789
28.109130 583.790951 469.428113
28.125610 588.758709 466.029168
28.141850 586.071840 457.327093
28.174680 579.894581 450.996469
28.191160 581.167101 451.906609
28.223880 586.178878 452.390230
28.240360 590.077386 447.894025
28.256960 595.470148 441.442989
28.273320 607.015649 433.226035
28.289790 628.043827 425.810063
28.306030 652.165743 426.531178
28.322510 670.787771 431.863058
28.338990 680.078924 432.238971
28.355350 679.237779 427.572039
28.371830 674.373793 421.994546
28.388310 670.482319 418.609249
28.404540 665.590540 419.603988
28.421140 661.254645 426.552336
28.437620 662.714113 437.550378
28.454100 670.196871 445.780908
28.470340 680.169842 448.870579
28.486940 687.806572 449.134329
28.503300 688.508387 446.769424
28.798950 687.827373 445.499009
28.815430 689.969639 452.800819
28.831910 686.764104 467.525440
28.848270 677.398012 480.741258
28.865720 667.579781 488.991602
28.881100 660.812571 493.572962
28.897580 659.790146 493.248884
28.914060 661.829383 486.639010
28.930420 659.728037 477.527729
28.946780 649.806527 472.730863
28.963380 638.408431 473.600005
28.979740 630.771019 477.975887
29.012570 621.305775 490.043249
29.028930 607.852359 506.671026
29.045290 596.675417 511.975776
29.061890 590.414141 507.444684
29.078250 585.659873 506.575374
29.094850 579.426000 510.461601
29.111210 576.251659 517.308608
29.127560 578.709260 525.885791
29.160280 580.869078 531.504298
29.177000 580.139660 532.324085
29.193240 576.602127 529.293232
29.209840 581.518157 525.377711
29.226200 613.787127 524.237615
29.242550 667.774478 525.554325
29.258910 720.335217 527.880712
29.275390 758.417955 531.547894
29.291990 780.817637 537.253795
29.308230 788.096442 544.750540
29.324830 783.642514 551.692135
29.341190 777.198379 555.313034
29.357540 774.158020 558.691504
29.374020 774.279572 567.859415
29.390260 776.983612 581.180833
29.406860 779.208511 589.504327
29.423340 772.810165 585.480467
29.439820 752.616233 570.320203
29.456180 728.690052 550.725963
29.472530 713.023015 528.719417
29.489140 705.673470 503.419986
29.505490 702.588350 483.508976
29.521730 704.207732 480.853052
29.538330 712.965274 494.789108
29.554690 722.320496 512.938052
29.571170 727.269911 526.002279
29.587400 733.920036 534.794309
29.604000 728.429214 537.160787
29.620480 690.076272 530.462222
29.636960 635.352714 522.925524
29.653320 591.129676 523.260231
29.669800 564.886765 528.518587
29.702510 554.270999 529.473727
29.718990 552.090906 527.522841
29.735350 549.379209 528.677762
29.751830 543.323433 531.181023
29.768310 539.955091 531.262262
29.801150 544.944761 527.000326
29.817750 554.777568 519.674082
29.850460 566.965782 512.599753
29.866820 585.385324 506.738206
29.899780 610.554553 504.133422
29.916020 637.655716 506.968895
29.932620 660.948826 511.700581
29.948970 678.640507 516.819847
29.965450 691.236736 522.551753
29.998290 699.010643 528.758814
30.014650 702.079849 534.305451
30.031130 699.016780 532.179377
30.047490 690.635096 519.738458
30.063960 681.850347 503.729949
30.080440 677.566760 493.188328
30.096920 681.877632 496.271645
30.113280 693.942612 514.651570
30.129880 705.182149 538.633956
30.146240 708.434180 555.600469
30.162600 702.775594 560.178474
30.178960 692.715962 556.013849
30.195430 683.732451 550.808894
30.211790 669.534013 546.839442
30.228390 640.581770 539.891380
30.244750 608.499223 533.500729
30.261110 586.688351 530.840755
30.277340 570.966189 524.744797
30.294070 562.844398 518.602469
30.310300 567.938674 523.262355
30.326900 579.983851 538.271872
30.343380 592.597403 554.484071
30.359860 605.430828 563.801191
30.392460 617.304689 566.426106
30.409060 624.137004 569.141256
30.425420 622.789871 575.176254
30.441890 618.654595 579.699715
30.458130 622.505314 578.507571
30.474730 636.869915 573.548764
30.491090 650.205049 560.927890
30.507570 653.337128 541.034307
30.523930 651.313384 529.408227
30.540280 652.439390 531.524872
30.556760 656.793612 539.372644
30.573240 657.722770 546.876621
30.589600 652.489122 552.251706
30.606200 645.565840 553.567607
30.622440 643.471859 549.287438
30.638920 648.632752 543.609439
30.655270 657.894982 542.958198
30.671880 665.740160 550.108291
30.688350 669.907756 563.292572
30.704710 673.064319 578.610464
30.722900 677.929658 591.512916
30.737550 678.686840 599.089852
30.753910 667.956902 603.176108
30.770390 650.849046 606.690472
30.786990 638.544008 608.191141
30.803100 634.572427 602.716613
30.819700 632.975616 589.183470
30.836060 631.802048 577.064790
30.852660 633.724520 577.366553
30.868900 637.502686 589.360562
30.885500 639.464276 601.464234
30.901860 638.054471 601.931966
30.918210 635.221007 588.328222
30.934690 629.879644 566.842257
30.951170 619.771187 547.132611
30.984010 607.344691 534.567118
31.000490 595.567789 526.349032
31.016970 586.390849 520.341571
31.033450 583.337247 517.092994
31.049800 587.379089 516.332361
31.082520 593.274403 518.887201
31.099000 597.261197 524.846667
31.131840 609.952126 533.030904
31.148320 648.163442 540.901786
31.181030 708.550784 546.122498
31.197630 771.991338 549.183923
31.230470 822.788951 548.324039
31.246830 853.208605 542.793318
31.263310 865.397245 537.177833
31.279790 865.637443 534.208798
31.296020 858.527970 532.626257
31.312620 848.743457 531.783074
31.328980 840.667892 536.847048
31.345460 836.847120 552.546062
31.361690 837.575953 572.608497
31.378170 842.816099 585.311298
31.394650 851.477082 583.998659
31.411250 858.771134 571.778775
31.427490 863.374308 558.129699
31.444090 865.480215 553.897966
31.460330 862.186486 564.158461
31.476810 836.474898 586.469852
31.493290 773.560309 616.669512
31.509770 698.578695 646.211130
31.526120 643.229351 667.469046
31.542600 613.051134 680.532683
31.558960 600.724422 688.546581
31.575320 594.969571 692.178338
31.591920 589.161183 693.149273
31.608400 586.002915 697.281452
31.624760 591.161579 702.406985
31.640990 605.473134 701.537309
31.657590 621.814680 695.810723
31.673950 628.643533 688.094588
31.690430 620.428881 677.836614
31.723390 607.884336 665.865921
31.739750 601.639020 657.645523
31.756230 597.424390 657.120923
31.772580 593.614836 658.507448
31.788940 592.739977 650.777201
31.805420 591.764621 629.813711
31.821780 587.422766 603.194044
31.838380 581.616834 581.297513
31.854610 578.759898 568.086210
31.871090 580.791509 565.916786
31.887570 587.433328 577.530344
31.920170 594.525447 597.240438
31.936890 597.713085 611.445991
31.953250 598.603075 611.703712
31.969730 600.784484 603.465814
31.986210 605.157272 595.215118
32.002690 609.549285 589.557178
32.019040 611.816204 587.863609
32.035640 613.412821 594.711650
32.051880 617.511889 612.432338
32.068360 626.022425 631.389928
32.084720 640.603386 639.017043
32.101070 659.225520 635.075108
32.117550 679.410548 633.225617
32.133910 703.157423 640.905584
32.150390 728.757645 648.346786
32.166870 749.787358 652.697464
32.183230 761.795159 660.283474
32.199710 764.314210 669.259854
32.216060 760.118577 672.388853
32.232540 750.594270 664.489760
32.248900 736.628021 648.567488
32.265500 723.136868 637.350371
32.281980 714.348726 637.431681
32.298220 710.201127 640.364212
32.314700 714.056562 641.520528
32.331180 729.118876 642.779164
32.347530 747.486465 642.700498
32.364010 756.285533 639.806389
32.380490 752.254384 638.504629
32.396970 745.461742 646.135616
32.413330 740.217507 659.425681
32.429690 732.952476 670.175211
32.446040 725.893784 677.465262
32.462520 719.528681 682.207602
32.479000 713.822313 684.180360
32.495480 713.949667 684.863449
32.511720 717.621378 685.381988
32.528320 717.408098 685.370051
32.544800 712.760914 683.832401
32.561040 705.929923 677.680024
32.577390 698.742927 664.753418
32.593990 693.602239 649.031675
32.610470 691.840615 636.910144
32.626830 692.799249 635.898011
32.643310 694.567030 650.067861
32.659550 707.775404 638.543686
32.922360 747.467553 584.381531
32.938960 802.219044 555.291774
32.955200 829.618162 577.200344
32.971680 799.776994 617.292912
32.988280 737.458123 651.527953
33.004520 680.467481 673.534925
33.021000 641.960222 690.965238
33.053960 621.871435 706.083893
33.070310 614.801343 715.500916
33.103030 614.283837 718.992731
33.119510 616.744173 717.732303
33.136110 622.681376 712.060839
33.152340 629.100984 704.914355
33.168700 630.137406 700.791943
33.185300 625.224594 702.267641
33.201660 622.071932 711.354480
33.218140 625.676244 726.127890
33.234620 630.199040 737.658677
33.251220 633.020067 744.347436
33.267460 636.590369 753.183317
33.283940 639.478152 764.925466
33.300420 638.318093 774.239599
33.316770 632.205278 776.041647
33.333370 624.532930 769.173971
33.352660 620.063222 757.591514
33.366460 619.034815 745.657333
33.399170 629.875663 737.950928
33.415650 660.441977 736.257493
33.432130 692.011221 736.018565
33.448610 712.747363 738.360412
33.468380 727.171424 743.960812
33.481320 733.388799 745.082002
33.497560 733.979220 741.866801
33.514160 734.164613 739.787795
33.530400 733.085382 738.632094
33.546630 730.820821 740.044312
33.563110 730.039595 744.895293
33.579960 731.498200 747.340829
33.596310 724.981191 752.206412
33.612790 699.433335 775.552603
33.629030 665.358116 818.234048
33.645390 640.823120 861.480353
33.661740 633.633922 889.741520
33.678220 640.421150 902.209973
33.694700 649.433354 905.615713
33.711060 652.216237 902.941154
33.727420 650.019404 892.083225
33.744020 643.350747 876.583022
33.760500 632.917092 864.272500
33.793330 625.323720 860.650983
33.809570 624.844861 864.038991
33.842530 627.267029 866.526918
33.859250 623.132993 865.123420
33.891720 615.413136 859.675433
33.908330 610.746329 850.375638
33.941160 606.957413 842.731083
33.957520 607.582939 842.716085
33.990600 615.752283 847.667471
34.008180 625.759270 853.137270
34.023440 632.034738 862.512258
34.039920 626.495816 873.939084
34.056400 603.120590 875.842457
34.072880 573.333739 863.396770
34.089230 553.827124 847.300367
34.105470 552.843743 840.173757
34.125980 567.988983 843.133554
34.138310 585.923815 849.086496
34.154660 594.367708 853.805841
34.171140 591.834753 859.088576
34.187260 581.821661 862.195598
34.204100 569.077684 857.198966
34.236690 561.481674 847.051228
34.253420 562.453982 838.242091
34.269780 568.554605 830.888973
34.286010 582.399300 830.145893
34.302490 605.813823 841.526724
34.319090 626.425242 856.218772
34.335450 636.620990 865.971197
34.351810 644.788018 871.951967
34.368290 659.562133 876.574287
34.384640 671.442230 877.589468
34.401250 671.429950 873.725332
34.417480 670.134829 870.174365
34.434080 671.520551 869.880554
34.450440 667.425493 871.388883
34.466670 656.058769 873.567882
34.483280 658.590365 874.707362
34.499630 699.683899 876.564488
34.515990 765.248187 883.973260
34.532470 820.314306 889.805413
34.549070 848.587728 881.899483
34.565430 857.123284 863.136873
34.581670 856.041392 850.446336
34.598270 848.741326 853.968075
34.614620 838.754803 864.917397
34.631230 833.715040 872.648040
34.647460 839.188466 873.911640
34.664060 850.303329 869.592020
34.680420 858.745068 861.500464
34.696660 859.527980 850.872781
34.713380 852.705807 840.520413
34.729740 842.436402 834.833965
34.746220 833.015312 835.847951
34.765260 827.595112 839.966957
34.778930 829.460090 848.191149
34.795410 837.720359 864.191297
34.811770 844.488050 882.257392
34.828250 850.815409 890.728039
34.844600 866.849505 886.884772
34.861210 891.987946 881.085374
34.877440 911.299908 874.716024
34.894040 917.958413 861.391471
34.910400 922.847953 845.742458
34.926880 927.347550 835.317644
34.943360 922.294215 834.360576
34.959720 908.807593 844.603290
34.976200 893.861107 860.701096
34.992550 882.816542 879.053651
35.009160 878.817717 900.043383
35.025510 879.323438 914.485673
35.041870 879.813890 912.156520
35.058350 879.423193 896.698955
35.074580 878.769904 878.611860
35.091060 878.054890 864.981106
35.107540 877.360112 857.753078
35.123780 876.987019 855.134522
35.140380 877.536234 858.488794
35.156740 879.102021 870.851230
35.173340 874.101501 871.883688
35.403320 867.904491 848.357564
35.421140 888.634963 778.273790
35.436400 936.790947 624.752493
35.452640 984.375685 440.095884
35.468870 999.439204 295.239486
35.485470 962.800217 198.458209
35.518310 899.158675 143.636166
35.537110 844.547543 121.524114
35.551150 811.290670 121.274558
35.567500 795.928658 127.492397
35.583980 788.758503 124.664019
35.600460 783.142370 109.965340
35.616820 776.253673 94.515419
35.633300 770.126796 88.598738
35.649780 770.561683 89.713205
35.666380 774.326848 92.795577
35.682620 774.753357 97.810307
35.698970 773.956982 107.994104
35.715330 774.560773 123.871760
35.731810 775.622946 139.006682
35.750240 776.243198 144.935795
35.764890 777.538122 140.918061
35.781130 779.271748 126.590122
35.797490 777.851958 98.371465
35.813840 774.743836 65.649836
35.830320 774.584679 44.087658
35.846800 776.939515 38.085420
35.865480 780.790976 39.516850
35.879640 784.962306 37.649275
35.928960 787.549943 30.699958
35.945310 790.634024 26.631780
35.961790 795.883745 30.551462
35.978270 802.646168 43.187098
35.994870 809.863599 65.589216
36.011110 816.458754 89.425589
36.027340 830.920403 104.863301
36.060300 864.020871 113.840336
36.078610 905.785352 120.762918
36.093510 938.207994 125.888411
36.109620 956.979342 121.685696
36.125980 965.442748 102.055336
36.142460 966.662929 75.596059
36.158940 962.286035 55.856988
36.175290 953.412437 47.284231
36.192870 943.382428 44.301163
36.208500 937.028956 45.128800
36.224730 935.500620 55.245475
36.240970 935.338907 76.135711
36.257810 931.333509 96.104510
36.274170 921.557136 104.249540
36.290410 911.280099 105.197901
36.306760 903.666238 102.074835
36.323360 898.309106 91.246081
36.355960 895.977272 78.013562
36.372440 896.339452 73.239461
36.405520 899.053432 76.773365
36.421880 903.112872 79.336257
36.438350 907.546262 73.519742
36.454710 910.801218 58.825864
36.470950 912.356475 39.896905
36.487550 914.604408 22.843572
36.504150 917.692934 14.527061
36.520260 919.390167 19.697854
36.536740 918.635406 36.285452
36.553340 914.183775 57.554835
36.569580 903.548297 75.057121
36.586060 888.357615 81.427030
36.602660 874.144967 78.270080
36.618900 865.826873 71.680203
36.635380 865.436012 64.187486
36.651860 865.623982 56.202631
36.668210 848.798612 47.713982
36.684570 808.559798 40.377052
36.701050 760.081911 39.558861
36.717410 717.536714 50.278912
36.733760 685.901622 70.141660
36.750490 667.712075 88.321158
36.766720 662.345315 94.949143
36.783080 665.397917 89.578187
36.799680 670.991779 74.826945
36.815920 675.135398 56.682697
36.832400 676.605396 46.096112
36.848880 677.798606 46.499091
36.865230 679.287397 53.532633
36.881840 677.362147 61.961158
36.898190 673.205485 67.762637
36.914550 671.225216 66.854673
36.930910 671.536162 56.017984
36.947390 678.585119 40.507200
36.963870 698.273739 30.325946
36.980220 722.925391 29.186368
36.996830 742.462384 38.085624
37.013060 753.486927 58.070011
37.029660 755.710558 84.898833
37.046020 754.512096 112.156269
37.062380 757.246987 135.918726
37.078980 765.475474 153.772583
37.095210 772.158468 160.884067
37.111820 774.254125 155.650784
37.144530 781.652337 145.230611
37.161010 799.788457 138.372740
37.177490 821.731568 140.151970
37.193850 838.886663 149.064873
37.210210 848.490575 159.447573
37.226810 853.503244 166.178184
37.243160 856.018184 164.790931
37.259520 854.455751 152.461313
37.275880 847.563421 130.842988
37.292600 839.647361 111.347824
37.308960 838.842745 106.103822
37.325320 847.935829 113.213072
37.341670 862.091212 123.527054
37.358150 880.173861 131.234646
37.374510 903.852502 136.548614
37.390990 923.974602 143.205354
37.407470 928.639610 152.340208
37.440310 918.959555 159.948413
37.456670 905.543452 161.081070
37.473140 896.377958 154.871470
37.489620 894.458823 146.633262
37.505980 898.228291 142.703638
37.538820 907.766496 141.545000
37.555300 930.160335 140.188956
37.571660 963.082595 140.725422
37.588260 993.095535 142.871354
37.604490 1012.240674 142.894989
37.621090 1021.031702 140.213546
37.637330 1024.474344 140.037920
37.653810 1026.505797 143.419110
37.670410 1026.875010 144.187792
37.686890 1025.581882 141.228903
37.703370 1023.555714 139.098726
37.720210 1020.753201 140.820599
37.736210 1017.834659 147.311292
37.752690 1017.902364 155.552132
37.785640 1021.707442 158.020939
37.802250 1026.014695 154.284319
37.818360 1030.775752 150.595702
37.834720 1037.611663 148.549984
37.851070 1043.049031 145.347659
37.867550 1041.210523 138.431344
37.884030 1033.478575 128.902861
37.900760 1025.655062 119.698157
37.933590 1020.487324 112.504187
37.950070 1017.979162 111.054232
37.966310 1017.199895 118.462566
37.982420 1017.412567 130.264707
37.998780 1019.518171 138.861540
38.015500 1025.006667 139.625853
38.031740 1031.611499 130.466184
38.048220 1036.095173 112.266321
38.064700 1038.207126 90.132955
38.378300 1026.236064 79.287474
38.393190 988.226216 91.230490
38.409670 940.711634 113.450097
38.426030 884.328273 131.663671
38.442380 801.662263 141.677341
38.459350 713.776830 139.749009
38.475710 650.403206 131.902459
38.492070 617.561173 131.706838
38.508300 609.088853 144.633952
38.524900 614.216841 164.405064
38.541260 622.799911 183.285137
38.557980 628.245788 198.741321
38.574100 628.099408 207.295387
38.590700 622.136227 206.682577
38.623660 612.763661 201.520470
38.639770 606.282138 198.098566
38.656010 608.009638 198.781062
38.672610 615.048912 199.423563
38.688720 622.793963 194.999107
38.705440 630.661034 187.099056
38.721800 634.835315 178.502698
38.738280 633.720611 167.869412
38.754760 633.344916 153.491243
38.771240 633.552931 136.126408
38.787720 631.147127 117.277690
38.803960 629.558605 99.588380
38.820430 632.360157 87.060180
38.836910 640.066279 83.865196
38.853270 649.462056 90.958225
38.869750 653.969851 102.899388
38.886110 647.556672 114.133148
38.902470 631.964800 124.205965
38.918950 620.288960 133.086169
38.935420 621.772750 140.723559
38.968260 630.562191 147.463615
38.984500 637.529903 151.511610
39.001100 638.061443 150.980268
39.017580 633.015942 141.437870
39.033940 625.205383 121.551067
39.050540 615.606594 100.053986
39.066890 608.338112 86.783946
39.083250 609.885313 88.302801
39.099730 621.529675 106.793955
39.116090 636.353272 131.609944
39.132570 645.999589 149.085020
39.149290 648.156947 157.858615
39.165410 645.419821 160.291138
39.181880 641.928945 155.968590
39.198120 640.435890 143.475657
39.214720 640.478014 123.775806
39.230960 638.512123 102.104337
39.247560 631.366046 84.589093
39.263920 625.991614 75.596473
39.280270 629.835623 77.698818
39.297000 637.633384 91.660098
39.313350 644.796278 110.687358
39.329960 651.643131 123.054660
39.346190 656.563161 123.124129
39.362790 658.193186 114.233302
39.379150 657.108611 103.102784
39.395140 654.683269 92.865301
39.411870 652.692529 85.466051
39.428220 651.762023 84.457498
39.444580 650.929708 91.062350
39.461060 650.522321 102.945352
39.477540 650.461388 116.537514
39.493770 649.307861 129.435178
39.510380 646.664878 139.868327
39.526860 643.529243 145.395152
39.543210 641.576078 143.925708
39.559690 640.088796 137.416071
39.576050 639.242227 130.417725
39.592530 641.918707 125.094888
39.608890 647.301919 122.228547
39.625240 651.003077 121.373200
39.641850 650.178624 120.509149
39.658200 648.911957 116.761125
39.674560 656.750169 107.868207
39.691040 676.196306 97.152319
39.707760 698.263094 92.914972
39.724000 712.700969 98.521286
39.740230 716.520652 108.856311
39.756840 715.895949 120.199224
39.773190 715.760050 133.272833
39.789670 713.265968 147.687490
39.806030 709.052539 160.850468
39.822510 707.852520 168.583494
39.838870 710.380576 167.094503
39.855350 713.903205 156.642045
39.871830 717.405054 141.414937
39.888180 721.810639 125.378165
39.904540 726.330933 111.811677
39.921020 728.846743 101.852822
39.937500 728.132641 93.294283
39.953860 726.400897 86.037699
39.970210 724.404929 81.458538
39.986690 719.400367 80.564966
40.003170 713.895784 86.075600
40.019650 712.443340 97.492029
40.036010 714.457141 108.989947
40.052490 717.203177 117.517540
40.068970 720.436558 122.512037
40.085210 725.371781 121.072935
40.101680 729.713998 113.753031
40.118160 730.491846 103.346370
40.134640 728.440604 90.409383
40.151000 724.271392 79.769659
40.167600 716.794146 78.164579
40.183960 707.177804 85.870058
40.200320 708.156638 98.899718
40.216670 730.991041 111.359888
40.233150 763.932112 118.192269
40.249630 791.794396 121.351069
40.266110 809.528454 124.141166
40.282470 815.104629 124.000013
40.298950 813.199912 118.991605
40.315310 811.571776 110.181844
40.331790 812.720852 97.949715
40.350220 815.494240 82.691005
40.364870 816.520864 69.082815
40.380980 812.206475 64.775004
40.397710 808.094886 70.900614
40.413940 807.230694 81.796920
40.430300 801.681175 92.528916
40.446780 807.503969 103.078359
40.463130 850.536886 112.985744
40.479740 915.731302 119.056867
40.496090 972.763120 121.461260
40.512450 1011.490960 125.684434
40.528810 1034.662108 136.224181
40.545530 1047.173105 143.038905
40.561770 1053.437592 134.143832
40.578000 1056.692754 114.550019
40.594850 1057.167230 95.548441
40.611080 1054.211683 85.691889
40.627690 1049.409600 88.580749
40.643920 1040.250024 101.385121
40.660280 1022.492310 117.555572
40.678960 1001.931211 129.645569
40.693240 984.138522 133.828052
40.709720 967.270815 131.377443
40.726320 951.513938 125.182606
40.742680 942.298999 117.710771
40.758910 942.971953 111.357114
40.791750 948.289589 108.185441
40.808110 951.892524 109.844277
40.841060 955.758574 112.959785
40.857420 963.803005 110.843591
40.873900 972.713939 104.254097
40.890260 978.768426 99.317953
40.906620 982.860513 99.175222
40.923220 986.244588 103.280426
40.939700 988.301193 109.609531
40.956050 987.554124 115.603312
40.988890 983.981770 120.546719
41.005130 976.854519 124.035116
41.021730 965.378491 124.814163
41.038090 952.270294 126.772706
41.054570 941.716760 135.092055
41.087280 935.425359 155.913492
41.333740 930.249613 184.364434
41.350220 906.799817 196.728737
41.366820 848.078933 186.626151
41.383180 771.912193 171.452879
41.399900 703.407391 163.928231
41.416260 653.119686 163.449752
41.432740 622.475092 165.650136
41.452270 606.165129 167.708457
41.465450 599.642974 166.721681
41.482180 599.700133 163.751807
41.498540 601.980737 161.329169
41.531370 603.058180 158.858061
41.547610 604.342333 156.572140
41.564210 607.741891 156.836924
41.580320 612.962832 158.625277
41.596680 616.420053 159.074021
41.613040 613.115889 159.007517
41.629640 607.748718 158.871179
41.646000 606.657835 156.655043
41.662350 606.732950 152.556587
41.678960 605.408223 149.782045
41.695310 604.670169 149.622598
41.711790 605.973601 148.392462
41.728150 605.929099 143.794344
41.744630 608.867789 136.610786
41.760990 626.426427 126.531080
41.777470 652.847570 115.967233
41.793820 674.443736 109.537788
41.810300 686.661402 107.411159
41.826780 688.954566 105.477604
41.843140 685.653697 102.516606
41.859740 685.188641 102.472957
41.875850 686.715665 105.679685
41.892460 684.559425 108.750514
41.908810 681.007955 112.938877
41.925290 679.118914 122.254196
41.941770 678.387769 135.874617
41.974610 679.700123 148.499097
41.991090 682.367726 157.292690
42.023800 683.658474 162.561891
42.040280 682.932749 165.964274
42.056640 679.535442 170.081545
42.073120 676.268353 175.923091
42.089720 679.212341 180.359878
42.106080 688.880893 178.847368
42.122440 699.052217 172.835259
42.138790 702.926956 166.609996
42.171630 700.895979 160.172784
42.188110 697.945940 156.172693
42.204470 695.141287 160.893603
42.220950 692.921897 173.451181
42.237300 692.440688 187.717161
42.253780 692.756774 199.877067
42.270260 691.894529 207.914148
42.286620 690.222386 209.497132
42.303100 690.951747 203.179155
42.321530 691.628687 189.710410
42.336060 687.463888 173.507429
42.352420 680.175866 160.261404
42.368900 675.533844 150.254055
42.385380 677.656538 145.880476
42.418580 679.886744 149.216082
42.435910 675.243444 151.539986
42.450930 670.063799 149.079507
42.467410 667.704583 150.157691
42.483890 663.460527 159.876523
42.516850 656.794960 172.527261
42.533200 652.328638 179.156936
42.549680 652.807305 175.748025
42.566160 654.176736 168.695040
42.582400 655.261000 162.096738
42.599000 661.554601 150.168724
42.615360 669.576292 139.830656
42.631840 675.710535 144.943243
42.650150 686.052093 163.255069
42.664670 697.327435 175.859889
42.681400 700.668543 168.396215
42.697630 696.869619 149.069419
42.714110 692.922730 131.804794
42.730470 693.150253 120.474342
42.747070 695.034260 111.392091
42.763430 694.942072 100.367600
42.779660 695.737089 88.666936
42.796390 702.656612 80.380156
42.812620 712.207756 80.176165
42.829100 714.881998 91.079161
42.845460 707.399934 108.855780
42.862060 695.993020 122.357319
42.878420 688.990331 123.159320
42.894530 689.128382 113.203532
42.910890 693.583784 100.234504
42.927490 701.676782 91.699156
42.943850 714.568985 90.846252
42.960330 730.058202 93.670885
42.977540 744.683071 96.487547
42.993040 755.150571 102.973679
43.009520 760.380746 118.216659
43.026120 761.097244 140.522793
43.042360 758.682226 162.127018
43.058840 755.917671 176.995438
43.075320 754.936318 181.490367
43.091800 755.733196 175.032558
43.108030 757.644380 163.709113
43.124510 760.319819 153.767890
43.141110 762.798420 146.291952
43.157350 764.316188 144.449395
43.173830 765.867073 152.283843
43.190310 768.527156 164.070381
43.206790 769.561919 168.833660
43.223390 767.362396 162.136249
43.256230 764.934462 149.635159
43.272460 766.400805 138.365953
43.288940 775.108488 132.290268
43.306270 789.276914 134.483736
43.322020 806.012082 144.716588
43.338260 823.641656 158.573205
43.354740 835.912682 169.783352
43.371220 838.618345 173.889786
43.387450 836.028345 169.622962
43.404050 831.676790 158.816758
43.420290 825.274323 146.500479
43.436770 818.030885 136.817944
43.453130 812.953747 128.928353
43.469600 811.367772 120.525404
43.486210 811.128962 113.023265
43.502560 813.045278 111.660889
43.518800 822.696783 116.866941
43.551880 840.242439 123.899242
43.567990 857.979605 130.854252
43.584590 870.393661 136.295285
43.600950 878.138381 139.754768
43.617430 883.425301 144.587989
43.650150 886.087284 151.039004
43.666500 885.504014 153.650985
43.699460 884.135324 153.779806
43.715940 884.722979 156.165551
43.732300 886.799051 157.484608
43.748780 887.721960 153.780619
43.765140 887.078516 146.455284
43.781490 887.613329 139.169146
43.797850 888.112244 131.772361
43.814580 887.363765 124.965630
43.831050 889.299639 124.267690
43.847900 891.647838 130.300540
43.864010 888.185760 137.185076
43.880490 880.189506 140.681383
43.896730 874.886620 143.954834
43.913330 878.811837 149.964930
43.929690 890.959517 154.697046
43.946170 905.694721 153.843712
43.964720 916.850401 148.392576
43.978880 918.987549 142.365489
43.995120 914.585695 138.011890
44.011720 911.438041 138.643716
44.028080 913.330860 146.873566
44.044560 918.695244 155.376754
44.060910 926.854258 156.264537
44.077270 938.319480 154.184515
44.093750 945.279549 155.412863
44.110230 938.763828 161.783961
44.126710 923.187187 172.853823
44.143070 911.413954 182.074381
44.159670 918.018374 180.616804
44.175900 946.931998 165.544375
44.192630 981.811939 140.975473
44.209470 1005.995956 115.836920
44.225590 1017.360816 98.503607
44.242070 1020.480089 87.534580
44.258420 1020.651702 78.342512
44.274660 1021.717565 71.495101
44.296140 1024.023706 65.802633
44.307370 1025.961409 60.834011
44.323970 1026.247415 60.519109
44.340210 1027.826859 64.271387
44.356450 1030.395271 67.679661
44.373050 1026.621607 70.615748
44.389400 1016.798705 74.159490
44.406130 1007.256974 82.466665
44.422490 1000.972905 103.263081
44.438840 1002.425824 133.162881
44.455200 1014.678170 160.572433
44.471680 1030.965398 177.737305
44.488040 1041.836907 179.587110
44.506470 1044.544709 165.231487
44.521120 1043.075219 142.115729
44.537480 1041.609642 120.225940
44.553830 1039.184110 103.790782
44.570310 1033.194066 92.951157
44.586670 1028.179898 93.808887
44.603270 1031.115693 110.506650
44.619510 1040.146042 132.770827
44.635990 1051.423161 149.688887
44.652470 1064.922451 157.711089
44.668950 1078.807783 157.407770
44.685300 1091.743440 152.590935
44.701660 1102.064352 147.529232
44.719120 1104.840469 145.368986
44.734620 1103.053516 147.115868
44.751100 1103.705641 152.212402
44.767460 1106.274637 159.057292
44.783810 1081.263166 165.835062
44.800170 987.876173 170.579201
44.816770 845.693482 169.766643
44.833130 713.439327 163.572427
44.849610 623.067667 157.227610
44.865970 576.338109 154.364046
44.882450 561.226086 153.347340
44.898930 562.187172 149.040979
44.915530 566.658594 139.568110
44.931640 574.068594 131.401713
44.948240 588.319530 133.644284
44.964480 604.015520 147.024702
44.981080 615.573926 163.565517
44.997560 624.555031 175.206710
45.030270 630.603583 178.887787
45.046630 631.284879 174.408541
45.063230 630.152218 164.626035
45.079590 630.894472 158.387675
45.096070 631.705781 163.306043
45.112430 629.989915 176.561264
45.375240 644.880455 184.008157
45.391720 681.616445 175.018274
45.408200 700.032640 157.068433
45.424560 693.233358 140.408560
45.440920 687.696262 129.079053
45.457400 688.474886 127.564065
45.473880 694.233898 136.084141
45.490110 705.155827 151.320782
45.506840 715.955121 168.661895
45.523070 718.591114 180.287161
45.539550 708.798441 178.678720
45.556030 691.888257 162.461123
45.572390 676.651981 141.262221
45.588990 670.975071 129.598411
45.605350 678.922713 133.639518
45.621700 692.880245 146.116288
45.638180 704.288886 154.516339
45.654540 713.030419 153.829728
45.670900 722.230925 148.559867
45.687260 733.813100 147.832143
45.703860 745.028914 157.294644
45.720340 752.285775 173.655964
45.736690 756.886513 187.392114
45.753050 762.122998 189.878916
45.769530 767.035409 179.838151
45.786010 766.811562 164.424755
45.820560 760.369776 153.524908
45.835330 753.419288 149.808066
45.851560 750.635862 151.084099
45.868160 750.392882 154.675125
45.884770 746.415803 154.706175
45.900880 734.601570 146.418277
45.917480 722.750405 134.132401
45.933840 721.344414 124.791878
45.950200 728.974186 118.490590
45.966550 736.676567 116.139933
45.983280 737.809200 120.437174
45.999510 733.204391 130.173345
46.015870 729.627520 141.112113
46.032470 726.252834 150.290848
46.048830 714.807971 159.257191
46.065190 694.252859 166.967828
46.081670 668.283874 168.657839
46.098020 642.686524 162.451621
46.114620 625.584977 151.438530
46.131100 619.100050 143.223532
46.147460 617.658415 143.692027
46.163820 616.497865 151.595183
46.180300 613.581443 161.395097
46.196660 608.341550 168.331084
46.213380 602.537063 169.473177
46.229610 597.985724 164.140721
46.246340 595.253633 154.316650
46.262330 595.684303 145.096309
46.278810 601.821292 148.559413
46.295170 612.449420 172.457330
46.311770 623.832778 206.040422
46.328250 631.674932 232.852398
46.344480 632.286893 245.982686
46.361080 628.803366 249.140001
46.377440 624.373509 250.727291
46.393680 616.936510 255.378417
46.410160 611.062577 260.742376
46.426640 611.419432 262.771471
46.443360 612.562785 261.245438
46.459720 612.407728 257.750594
46.476070 613.410080 253.079073
46.492310 614.367736 247.835261
46.508790 616.365650 243.368437
46.525270 620.925590 242.626576
46.558230 626.356609 245.681304
46.577390 635.558862 249.605439
46.590820 650.892200 255.727147
46.607540 666.108528 265.167481
46.623780 676.082883 274.609698
46.640380 682.560364 280.489207
46.656740 687.242311 281.555275
46.673100 689.363726 277.572645
46.689450 687.957271 267.771037
46.706050 683.351493 254.970697
46.722290 676.091033 247.448336
46.738770 667.116485 251.028702
46.755250 655.796850 277.863482
46.771730 641.490237 342.027987
46.788210 629.838702 426.914083
46.804570 625.788195 498.709685
46.821170 628.500873 541.039907
46.837400 634.413370 558.649353
46.853760 637.562577 560.595060
46.870360 633.420644 552.817512
46.886720 623.921778 541.445192
46.903200 615.491457 528.958399
46.919560 609.516369 514.222261
46.952270 604.807837 500.650302
46.968630 604.428554 495.686324
46.985110 606.666553 499.292550
47.001710 607.919706 507.395780
47.018070 609.112417 515.303158
47.034550 611.165435 516.572729
47.051030 619.395259 512.522103
47.067380 644.690492 509.480655
47.083740 685.936740 509.196383
47.100340 725.379879 508.349543
47.116700 751.627155 506.172250
47.133180 767.948914 508.321328
47.149540 776.329077 519.540744
47.165890 777.034973 539.466115
47.182370 775.429855 561.153685
47.198850 776.497538 574.918779
47.215330 777.624095 572.679153
47.233280 771.543043 553.948785
47.248410 761.079831 534.602785
47.264650 754.226998 528.366329
47.280880 752.354353 531.393934
47.297490 749.335988 541.273566
47.313960 740.011168 559.446918
47.330320 729.686475 579.003663
47.346920 725.043587 591.482813
47.363160 723.805463 595.005271
47.379520 718.855118 593.251768
47.396000 712.067030 591.727951
47.412600 710.354115 589.354564
47.428960 712.883328 578.214891
47.445310 711.804713 558.172887
47.465090 702.374038 539.257368
47.478520 690.409905 530.387178
47.494630 685.707843 529.733993
47.510740 700.229381 529.849281
47.527340 736.996662 528.755767
47.543700 779.075158 529.666662
47.560670 812.240144 533.758414
47.576780 836.377800 537.596007
47.593020 852.608396 540.603822
47.609500 860.807608 543.986756
47.642330 863.365793 544.301245
47.658940 861.288793 540.834678
47.675170 853.067779 538.976495
47.691530 838.631720 539.441486
47.708250 819.710419 541.528401
47.724610 801.720106 548.379461
47.740970 793.013541 559.218365
47.757320 793.756198 571.322553
47.773800 794.024803 583.034895
47.790280 792.886550 592.487326
47.806640 792.504115 596.017303
47.823120 786.651132 590.377439
47.839600 775.578237 578.536448
47.856080 769.321301 568.977887
47.872800 775.560819 569.192950
47.892460 791.614663 574.974236
47.905760 810.766712 576.521248
47.938480 822.806376 571.685349
47.955080 817.559726 566.589358
47.971310 798.547205 568.142626
48.233760 785.124080 567.878060
48.250120 777.335685 555.131566
48.282960 751.550237 539.553969
48.299560 706.399142 532.029895
48.315920 654.653010 531.227413
48.333370 607.253716 531.904042
48.348750 573.063556 533.812460
48.365230 553.538596 542.049725
48.381590 546.227006 550.712931
48.397950 547.203249 550.201249
48.414430 553.010319 544.091311
48.430790 556.490992 537.469318
48.447880 556.395882 536.967616
48.464110 561.293325 549.808697
48.480470 567.454991 562.876405
48.496700 564.636553 558.742463
48.513310 555.505950 542.170458
48.529790 545.767393 526.336949
48.548460 540.727285 518.913294
48.578980 541.962520 521.764131
48.595580 544.052878 530.557658
48.628420 548.681256 537.347457
48.644780 569.991258 538.953412
48.677610 615.359373 538.223414
48.693850 670.751550 539.185382
48.726810 717.657558 543.341188
48.743410 744.777517 542.978591
48.759770 753.160998 533.613840
48.779170 756.700927 523.689345
48.792850 766.844473 516.002047
48.808840 781.658603 502.058706
48.825200 791.894624 477.888354
48.841920 795.368699 449.105385
48.858280 797.726997 426.234196
48.876950 799.417842 416.427934
48.890990 798.134691 416.446429
48.907350 797.342260 417.920575
48.923830 798.695415 417.953630
48.940310 799.752778 419.908951
48.956670 798.832969 427.127809
48.973140 797.213720 436.809428
48.989990 798.324554 447.484208
49.006230 803.861421 463.412867
49.022460 814.625355 478.411154
49.038940 824.751140 483.177770
49.055300 822.137844 480.283496
49.071660 811.630380 474.537980
49.088010 805.909133 467.532040
49.104490 804.455466 460.814938
49.121090 805.032885 460.967772
49.137450 810.981223 466.742849
49.153810 823.590765 463.746496
49.170530 836.810680 452.188853
49.186650 839.840806 445.365039
49.203250 827.834399 448.314504
49.219600 804.860141 453.667709
49.235840 778.297764 453.607426
49.252320 758.084526 451.496960
49.268800 748.090744 452.191168
49.285400 745.327331 455.535761
49.301640 747.460606 459.538187
49.318120 749.252127 463.069042
49.334720 746.682265 465.656349
49.350950 742.885579 465.518900
49.367310 738.716139 463.703042
49.383790 734.225713 464.187788
49.400390 734.123779 467.996173
49.416750 737.636300 472.341840
49.434570 737.952304 474.533714
49.449580 731.828102 474.200468
49.465940 722.566354 470.700410
49.482300 716.938107 463.553163
49.498780 719.341411 456.190436
49.515380 714.300327 453.556038
49.531620 684.800046 457.781875
49.548100 646.193211 467.295589
49.564580 616.384685 479.597689
49.580810 595.933562 492.775493
49.597290 582.773087 502.466665
49.613890 572.749482 504.245719
49.630000 562.797138 497.249388
49.646730 555.307505 484.589054
49.663090 557.663459 471.305498
49.679570 575.044002 462.701878
49.712520 594.746657 459.463212
49.728760 604.275915 459.354900
49.761720 610.641989 463.075874
49.777950 617.138595 467.396124
49.810790 622.716049 470.285756
49.827270 637.981103 470.571195
49.843750 668.429467 464.601834
49.860110 700.931692 455.315287
49.876710 722.517264 450.717730
49.893070 732.908013 454.561953
49.909420 735.953732 460.092044
49.925900 734.966873 458.334141
49.958860 730.543862 450.159440
49.975220 722.608037 444.758322
50.008060 711.764358 451.527094
50.024540 698.154838 470.216433
50.057620 686.054250 491.081250
50.073850 676.522851 509.047670
50.090210 666.399688 524.507589
50.106690 659.509273 538.469649
50.123050 663.464506 553.633939
50.139400 678.660122 570.603912
50.156010 695.887383 585.312145
50.172490 704.042148 591.594426
50.188840 699.471866 587.354910
50.205440 689.367095 577.969773
50.221680 682.321781 568.766786
50.238280 679.537821 559.511804
50.254640 682.873695 551.114837
50.270870 697.327483 547.544667
50.287480 719.763344 550.077576
50.303830 740.212323 554.719263
50.320310 750.238319 556.360490
50.336670 747.837660 554.723967
50.353030 741.424412 552.115147
50.369380 739.891432 551.415999
50.385990 742.516132 555.517025
50.402220 745.642747 559.414475
50.418820 749.688567 555.807704
50.435060 756.194838 545.997497
50.451540 763.566105 535.740558
50.467900 774.181753 530.330819
50.484250 792.321442 530.583399
50.500980 813.535867 534.044372
50.517330 831.702231 538.690267
50.533690 844.729665 542.676549
50.550290 852.133311 543.277667
50.566890 854.508696 538.355876
50.583130 853.308499 530.693014
50.599490 851.263731 525.982591
50.615970 851.639203 527.752322
50.633420 855.419144 533.986572
50.648930 856.519349 543.734003
50.944460 857.222233 546.559051
50.960690 851.366988 526.877676
50.977290 813.521329 497.819828
50.993770 755.132367 476.652263
51.010010 709.705157 467.622101
51.026490 687.818324 475.874179
51.042970 681.145645 492.781093
51.059450 678.609102 504.446546
51.075810 678.955123 509.690883
51.092160 682.636064 508.806933
51.108640 688.277835 503.361823
51.125120 694.659365 501.436288
51.142090 696.406662 505.140030
51.158200 680.862982 505.813515
51.174680 644.164125 496.986965
51.191040 600.931146 487.608455
51.207280 567.301081 490.192057
51.223880 551.113589 504.541684
51.240110 550.467037 520.817017
51.256840 557.161093 530.204335
51.273440 563.715235 531.637902
51.289920 566.432513 526.823665
51.306150 563.702099 520.343504
51.322270 555.377753 519.180883
51.338870 561.115179 516.580575
51.355100 605.910169 501.979527
51.371580 676.345503 481.869656
51.387940 741.847406 462.516929
51.404540 787.983030 442.989061
51.420900 811.794981 427.372604
