0.000000 730.514400 375.207000
0.016600 744.794400 369.736500
0.032710 741.636000 351.414000
0.049190 741.316800 335.895000
0.065550 746.844000 358.270500
0.082030 755.731200 359.982000
0.098630 755.748000 346.993500
0.114990 749.901600 311.902500
0.131230 739.216800 299.575500
0.147830 739.015200 295.197000
0.164180 744.777600 287.406000
0.180660 742.072800 322.371000
0.197140 742.408800 340.042500
0.213500 740.107200 343.665000
0.229860 735.252000 350.626500
0.246340 735.084000 337.438500
0.262940 763.694400 304.248000
0.279300 740.493600 315.714000
0.295650 740.275200 311.367000
0.312010 569.553600 252.966000
0.328610 550.670400 279.846000
0.345090 554.080800 298.483500
0.361570 556.063200 332.986500
0.377810 555.441600 307.398000
0.410520 565.387200 302.610000
0.427370 579.465600 286.314000
0.460210 561.355200 243.967500
0.476680 570.225600 241.237500
0.509280 563.035200 260.158500
0.525760 529.032000 233.572500
0.558720 551.611200 234.171000
0.575200 543.664800 247.275000
0.591550 542.925600 242.508000
0.607670 549.276000 217.381500
0.624390 552.367200 214.746000
0.640750 551.376000 209.842500
0.657100 566.126400 63.073500
0.673830 514.382400 110.208000
0.690060 517.036800 125.895000
0.706420 533.131200 136.237500
0.722780 532.324800 145.635000
0.739380 533.937600 155.169000
0.755740 536.256000 143.892000
0.772220 533.517600 175.245000
0.805050 533.551200 147.367500
0.821530 545.932800 135.534000
0.837770 546.806400 140.700000
0.854370 527.822400 151.735500
0.870730 495.801600 181.072500
0.887210 493.886400 171.654000
0.903690 505.226400 154.906500
0.919920 482.344800 141.004500
0.936400 480.396000 131.397000
0.952880 502.370400 129.192000
0.969360 499.615200 114.429000
1.002320 498.153600 133.014000
1.018550 488.930400 143.398500
1.034910 489.854400 147.588000
1.051640 502.320000 128.625000
1.067870 507.964800 141.340500
1.084350 506.839200 135.985500
1.100830 522.916800 137.739000
1.117310 516.196800 121.968000
1.134030 513.643200 106.680000
1.150270 522.244800 104.118000
1.166750 509.308800 77.668500
1.183110 508.284000 72.261000
1.199580 506.973600 90.163500
1.215820 551.006400 132.898500
1.232300 551.896800 138.327000
1.248540 533.181600 125.391000
1.265010 555.643200 72.282000
1.281620 554.702400 66.811500
1.297850 586.051200 130.851000
1.314330 590.671200 154.255500
1.330690 592.754400 170.037000
1.347410 602.851200 156.901500
1.363530 601.692000 129.528000
1.379880 601.003200 124.162500
1.396480 621.163200 118.776000
1.412840 598.953600 129.664500
1.429440 601.339200 149.856000
1.445800 598.886400 204.319500
1.462280 603.993600 163.884000
1.478520 605.119200 173.418000
1.511600 617.786400 198.051000
1.528810 616.728000 188.748000
1.544310 560.683200 272.265000
1.560670 582.775200 265.429500
1.577150 579.432000 242.235000
1.593510 568.680000 180.159000
1.609990 553.005600 192.475500
1.626460 549.830400 172.756500
1.642940 544.555200 166.509000
1.659420 536.592000 187.141500
1.675780 538.927200 201.810000
1.692140 539.565600 202.860000
1.708740 544.370400 279.709500
1.725100 547.864800 298.315500
1.741460 550.082400 212.394000
1.757810 524.697600 194.040000
1.790770 498.304800 260.998500
1.807130 517.742400 277.756500
1.823730 514.802400 263.361000
1.840090 543.698400 212.782500
1.856450 499.329600 250.299000
1.872800 499.077600 249.175500
1.889280 534.895200 199.500000
1.905640 518.901600 231.430500
1.922000 521.505600 246.057000
1.938600 502.941600 257.239500
1.954960 534.945600 264.411000
1.971440 535.180800 265.576500
1.987920 490.140000 239.389500
2.004270 515.323200 238.234500
2.020750 517.070400 246.928500
2.037110 490.240800 234.318000
2.053590 494.054400 243.925500
2.069950 490.828800 228.627000
2.086550 512.164800 211.942500
2.102780 487.351200 189.378000
2.119380 484.377600 175.560000
2.135860 491.803200 159.222000
2.152220 494.020800 209.758500
2.168700 497.380800 224.626500
2.185060 491.736000 206.965500
2.201540 521.673600 237.415500
2.217900 520.615200 232.680000
2.234250 535.701600 259.570500
2.250610 534.643200 320.271000
2.267090 536.491200 329.206500
2.286010 553.744800 306.421500
2.300420 552.115200 331.411500
2.316530 551.376000 326.886000
2.332760 545.882400 301.203000
2.349240 507.998400 319.000500
2.365600 506.788800 314.538000
2.382080 524.445600 307.051500
2.398800 528.276000 299.932500
2.414920 527.469600 295.375500
2.431270 504.840000 338.520000
2.447750 498.993600 313.761000
2.464230 497.800800 309.445500
2.480470 520.111200 327.495000
2.497070 534.525600 352.726500
2.513670 535.617600 357.063000
2.529910 486.208800 345.912000
2.546390 489.115200 275.940000
2.562740 484.881600 257.701500
2.579220 496.339200 308.721000
2.595580 465.561600 276.202500
2.628540 545.882400 277.399500
2.644900 524.529600 296.415000
2.661380 527.066400 309.508500
2.677860 464.637600 324.964500
2.694210 480.076800 361.168500
2.710690 484.696800 378.304500
2.727050 598.399200 389.025000
2.743530 618.374400 363.048000
2.759890 616.744800 349.965000
2.776370 610.041600 340.494000
2.792970 574.476000 342.069000
2.809200 571.519200 325.122000
2.825560 583.464000 602.070000
2.842040 583.464000 602.070000
2.858520 583.464000 602.070000
2.874880 583.464000 602.070000
2.891480 583.464000 602.070000
2.907710 583.464000 602.070000
2.924190 583.464000 602.070000
2.940670 583.464000 602.070000
2.957030 583.464000 602.070000
2.973630 583.464000 602.070000
2.989870 583.464000 602.070000
3.006350 583.464000 602.070000
3.022830 583.464000 602.070000
3.039060 583.464000 602.070000
3.056270 583.464000 602.070000
3.072020 576.055200 324.040500
3.088500 613.502400 293.359500
3.121340 573.619200 337.879500
3.137700 587.143200 327.526500
3.154300 585.026400 313.057500
3.170780 681.928800 230.044500
3.187010 669.715200 233.635500
3.203490 670.252800 250.666500
3.219850 622.977600 342.216000
3.236330 670.622400 315.619500
3.252810 671.882400 352.894500
3.269170 658.761600 340.336500
3.285640 706.003200 369.232500
3.318730 671.260800 371.805000
3.335080 692.025600 338.152500
3.367680 700.627200 301.738500
3.384280 693.453600 379.921500
3.400760 693.235200 363.268500
3.416990 707.028000 291.291000
3.433590 703.197600 314.947500
3.466430 728.952000 283.699500
3.482910 724.248000 295.533000
3.515630 768.348000 361.725000
3.532100 766.264800 338.814000
3.548460 766.315200 321.940500
3.564940 735.756000 273.535500
3.581420 729.741600 297.087000
3.614140 733.840800 288.319500
3.630740 756.016800 307.702500
3.663570 767.642400 281.158500
3.679930 765.240000 290.020500
3.712770 689.320800 274.470000
3.729130 678.904800 303.114000
3.745730 679.341600 319.956000
3.762210 700.526400 343.570500
3.778690 701.248800 354.511500
3.794920 701.332800 371.311500
3.811280 676.183200 359.215500
3.827760 704.743200 366.649500
3.860600 697.704000 338.152500
3.877080 707.481600 355.855500
3.909910 700.492800 358.113000
3.926270 700.156800 355.971000
3.959110 689.740800 324.355500
3.975590 707.263200 321.153000
4.008540 652.948800 281.515500
4.024900 664.843200 271.183500
4.041500 664.171200 253.428000
4.057860 639.996000 270.879000
4.074220 649.857600 241.836000
4.090700 650.311200 250.897500
4.107060 676.032000 279.058500
4.123540 696.074400 307.083000
4.140010 696.259200 324.303000
4.156250 700.039200 338.992500
4.172850 677.678400 325.143000
4.205570 610.125600 349.765500
4.222050 581.582400 366.838500
4.238530 580.675200 362.523000
4.254880 594.720000 364.696500
4.271480 580.557600 374.881500
4.287720 582.052800 383.313000
4.304080 595.593600 387.313500
4.320800 597.256800 386.641500
4.353520 570.948000 391.608000
4.369870 593.107200 384.552000
4.386230 591.074400 371.689500
4.402830 564.060000 328.765500
4.419190 508.586400 297.276000
4.435670 507.376800 292.803000
4.452030 505.192800 309.592500
4.468750 481.236000 313.267500
4.484990 485.788800 331.327500
4.501220 536.121600 361.756500
4.517820 532.308000 370.471500
4.550660 479.488800 347.476500
4.567020 486.141600 351.319500
4.599980 506.940000 356.149500
4.616210 497.145600 311.545500
4.649170 532.929600 354.795000
4.665770 520.749600 350.689500
4.698490 512.450400 354.175500
4.714970 505.814400 380.100000
4.747800 514.315200 339.255000
4.764160 512.668800 368.707500
4.797000 533.870400 408.009000
4.813600 508.872000 399.493500
4.846310 549.578400 380.719500
4.862790 552.720000 401.488500
4.895630 524.680800 396.049500
4.911990 532.392000 395.850000
4.928340 531.552000 391.492500
4.944950 550.821600 362.586000
4.961430 556.399200 353.094000
4.977910 555.408000 348.810000
4.994260 615.938400 363.646500
5.010620 609.873600 390.621000
5.026980 611.133600 398.863500
5.043580 598.953600 392.805000
5.059940 586.454400 394.086000
5.092650 623.212800 392.973000
5.109010 582.691200 405.373500
5.142090 607.420800 400.501500
5.158330 577.281600 394.800000
5.191280 604.934400 369.390000
5.207760 618.391200 386.578500
5.242310 638.114400 381.717000
5.257080 680.181600 355.960500
5.273560 679.207200 342.751500
5.289920 660.307200 338.415000
5.306270 665.649600 331.075500
5.322750 664.120800 313.981500
5.339110 672.487200 281.683500
5.355710 658.761600 273.850500
5.372190 659.954400 287.217000
5.388430 676.972800 316.459500
5.404910 644.532000 370.324500
5.421260 645.170400 374.356500
5.437740 643.288800 362.596500
5.454100 640.920000 317.173500
5.470580 639.962400 308.563500
5.487060 683.071200 310.044000
5.503420 657.552000 305.098500
5.519900 658.711200 318.412500
5.536500 663.751200 331.842000
5.552730 671.412000 352.453500
5.569090 672.151200 361.053000
5.585690 651.588000 334.656000
5.602050 652.965600 325.636500
5.618410 652.512000 316.827000
5.635010 666.506400 346.426500
5.651250 672.386400 345.219000
5.667970 672.117600 336.850500
5.684080 649.756800 299.743500
5.700680 677.208000 341.113500
5.733520 710.220000 309.393000
5.749880 690.295200 294.220500
5.766480 690.429600 302.977500
5.782840 688.766400 310.180500
5.799190 716.352000 323.977500
5.815550 716.419200 315.157500
5.831910 685.356000 298.305000
5.848390 665.901600 302.946000
5.881350 675.108000 340.137000
5.897710 718.099200 368.802000
5.914430 718.838400 385.612500
5.930660 751.632000 362.197500
5.947020 775.168800 367.930500
5.979860 763.660800 388.762500
5.996220 745.197600 374.871000
6.029300 775.017600 359.982000
6.045410 769.826400 381.832500
6.062010 769.977600 377.737500
6.078490 759.477600 360.108000
6.094850 751.144800 352.065000
6.111210 750.960000 334.950000
6.127810 674.503200 328.639500
6.144170 667.766400 314.821500
6.160640 667.010400 306.201000
6.177120 699.199200 300.468000
6.193600 683.390400 309.340500
6.209960 684.213600 322.119000
6.227050 663.868800 354.280500
6.243040 703.953600 366.817500
6.259160 704.928000 383.638500
6.275630 668.572800 373.852500
6.291990 705.751200 367.573500
6.324950 684.885600 396.921000
6.341310 707.548800 304.909500
6.374150 724.483200 301.276500
6.390500 691.051200 312.511500
6.423220 740.728800 338.005500
6.439700 748.809600 341.649000
6.456300 748.927200 350.322000
6.472900 738.007200 355.456500
6.489140 737.284800 365.767500
6.505740 736.999200 352.884000
6.522220 718.334400 372.498000
6.538570 722.030400 356.884500
6.555050 721.728000 352.810500
6.571410 553.576800 334.761000
6.587770 566.160000 334.225500
6.604130 569.352000 351.823500
6.620480 575.652000 353.010000
6.637080 569.587200 426.615000
6.653440 567.319200 414.540000
6.669920 575.265600 368.644500
6.686400 562.615200 399.483000
6.702640 559.440000 383.586000
6.719120 563.656800 369.957000
6.735600 560.616000 301.990500
6.751950 562.766400 315.157500
6.768430 575.097600 325.479000
6.784790 556.298400 427.612500
6.801270 557.289600 431.508000
6.817750 570.192000 429.555000
6.834230 561.120000 343.413000
6.850590 557.928000 326.487000
6.866940 541.044000 359.562000
6.883420 551.056800 361.210500
6.916260 555.727200 342.352500
6.932620 554.433600 354.417000
6.965580 543.093600 325.594500
6.981930 661.012800 296.341500
6.998540 661.970400 309.372000
7.014890 688.850400 327.400500
7.031250 689.371200 368.203500
7.047610 690.564000 380.856000
7.064090 700.660800 369.432000
7.080440 684.415200 373.726500
7.096920 683.877600 369.694500
7.113530 741.216000 370.335000
7.129880 777.588000 349.093500
7.162720 792.573600 363.583500
7.179200 772.480800 358.375500
7.195560 772.548000 349.944000
7.211910 770.145600 322.791000
7.228390 770.666400 320.187000
7.261110 800.133600 345.576000
7.277590 787.382400 306.726000
7.310550 789.163200 309.319500
7.326900 673.058400 324.754500
7.359860 539.448000 362.050500
7.376340 537.062400 343.014000
7.392700 537.751200 347.298000
7.409060 547.075200 371.836500
7.425540 555.945600 367.636500
7.441890 555.912000 367.510500
7.458500 537.364800 337.260000
7.474980 537.969600 356.097000
7.491210 536.138400 347.487000
7.507690 528.343200 341.344500
7.524170 557.138400 280.423500
7.540770 556.516800 275.866500
7.557250 537.314400 311.913000
7.573730 520.850400 294.546000
7.589970 521.707200 299.071500
7.606450 554.685600 294.168000
7.622800 553.627200 322.644000
7.639160 554.635200 327.085500
7.655520 532.358400 334.992000
7.672120 521.724000 291.438000
7.688350 519.859200 282.544500
7.704960 529.032000 276.391500
7.721560 515.155200 295.018500
7.737790 517.893600 308.458500
7.754150 488.208000 320.439000
7.770630 505.444800 320.019000
7.787110 507.528000 328.986000
7.803470 510.720000 345.114000
7.819950 484.108800 331.233000
7.852660 515.440800 343.770000
7.869260 515.474400 356.097000
7.885620 512.517600 342.814500
7.902220 494.558400 317.425500
7.918460 492.021600 299.124000
7.934940 487.788000 281.316000
7.951290 493.987200 281.620500
7.967650 495.885600 293.433000
8.000610 481.891200 248.986500
8.016970 579.180000 192.580500
8.033330 580.557600 202.272000
8.049800 674.805600 816.102000
8.066280 726.650400 503.895000
8.082640 726.465600 510.730500
8.099370 653.839200 41.790000
8.115720 642.398400 28.129500
8.132200 642.919200 39.364500
8.148320 621.028800 77.532000
8.164790 636.081600 101.944500
8.181270 636.652800 112.801500
8.197750 622.406400 99.529500
8.214360 675.780000 150.843000
8.230470 675.074400 140.049000
8.247070 659.786400 109.105500
8.263550 669.883200 88.588500
8.296390 693.772800 28.455000
8.312740 698.678400 82.740000
8.329350 699.165600 94.080000
8.345580 699.652800 76.545000
8.362180 714.420000 108.885000
8.378540 714.739200 118.576500
8.394650 692.949600 113.578500
8.411250 703.348800 104.149500
8.427730 703.802400 118.891500
8.444090 688.245600 123.070500
8.460570 737.620800 122.776500
8.477050 737.486400 117.621000
8.493410 686.162400 113.316000
8.509770 666.489600 88.273500
8.526250 665.179200 68.229000
8.542850 651.436800 32.581500
8.559080 646.934400 59.461500
8.591920 638.467200 66.811500
8.608400 662.760000 41.254500
8.625000 662.457600 35.343000
8.642820 638.685600 74.004000
8.657840 630.134400 55.681500
8.674070 629.479200 49.969500
8.690550 644.028000 46.609500
8.706910 660.072000 48.930000
8.723510 660.844800 60.396000
8.739750 517.120800 160.786500
8.756470 537.902400 138.432000
8.772710 535.382400 121.957500
8.789180 529.418400 113.347500
8.805420 519.859200 84.945000
8.822020 518.817600 79.579500
8.838380 497.750400 93.009000
8.854740 523.588800 149.100000
8.871340 527.318400 170.226000
8.887820 523.471200 140.857500
8.904300 528.040800 144.847500
8.936890 521.606400 156.607500
8.953370 522.026400 160.398000
8.986210 518.884800 139.114500
9.002810 532.106400 125.412000
9.019170 533.702400 135.051000
9.035520 585.597600 155.977500
9.051880 619.012800 159.820500
9.068360 618.492000 154.339500
9.084840 594.736800 146.422500
9.101320 592.603200 151.200000
9.117800 591.763200 145.887000
9.134160 594.182400 169.123500
9.150510 604.027200 141.886500
9.166990 606.396000 162.351000
9.183350 620.004000 189.976500
9.199950 696.578400 186.784500
9.216310 696.091200 177.418500
9.232670 692.613600 182.836500
9.249150 685.910400 185.283000
9.265500 684.600000 160.356000
9.282100 702.307200 148.785000
9.298460 687.892800 120.781500
9.314940 687.556800 115.626000
9.331300 690.799200 92.599500
9.347660 678.266400 117.915000
9.364010 678.669600 123.207000
9.380490 674.772000 116.277000
9.396970 710.304000 107.121000
9.413570 709.968000 101.797500
9.429930 816.043200 112.381500
9.446290 829.449600 145.950000
9.462650 828.777600 161.721000
9.479130 828.055200 149.184000
9.495610 804.568800 151.000500
9.511960 804.669600 145.876500
9.528440 795.429600 111.615000
9.544800 803.426400 118.261500
9.561280 803.308800 123.658500
9.577760 828.340800 154.360500
9.594240 816.799200 113.389500
9.612300 817.034400 108.129000
9.626950 786.492000 89.491500
9.643430 833.935200 141.298500
9.659790 833.364000 151.809000
9.676270 723.811200 138.642000
9.692630 741.300000 184.926000
9.709110 741.165600 169.386000
9.726930 743.786400 118.608000
9.742070 744.794400 91.980000
9.758670 744.592800 86.730000
9.774900 728.784000 111.426000
9.791260 728.834400 104.128500
9.807620 729.355200 125.884500
9.823970 751.783200 148.848000
9.840450 726.885600 179.245500
9.873410 746.054400 142.359000
9.889890 874.557600 159.159000
9.906130 876.036000 143.272500
9.922730 873.801600 117.043500
9.941280 900.732000 96.484500
9.955810 901.219200 91.318500
9.971920 913.382400 120.130500
9.988400 899.421600 128.541000
10.004880 897.288000 149.656500
10.021240 885.528000 160.282500
10.037720 906.460800 139.261500
10.070560 887.846400 121.548000
10.087040 892.567200 137.466000
10.103520 891.660000 146.842500
10.119750 872.558400 173.880000
10.136470 905.083200 178.132500
10.169070 886.905600 160.230000
10.185550 924.957600 148.921500
10.202030 926.100000 139.597500
10.218260 924.420000 175.843500
10.234860 944.932800 148.711500
10.251340 946.377600 138.054000
10.268310 922.387200 155.799000
10.284180 928.082400 128.593500
10.317020 576.962400 164.556000
10.333370 587.512800 189.451500
10.349730 588.924000 199.836000
10.366210 583.732800 146.989500
10.382570 568.310400 167.643000
10.415650 575.097600 201.799500
10.431880 587.664000 209.926500
10.464720 541.111200 170.331000
10.481200 545.664000 180.243000
10.514160 546.655200 198.334500
10.530520 554.248800 180.600000
10.563480 545.109600 209.832000
10.579830 523.202400 205.747500
10.612790 536.978400 168.892500
10.629030 534.139200 168.640500
10.661870 537.566400 215.764500
10.678340 534.340800 164.514000
10.694820 533.584800 159.253500
10.711180 558.734400 149.730000
10.727910 628.807200 195.121500
10.744140 628.202400 190.050000
10.760500 602.028000 181.723500
10.777100 621.499200 188.422500
10.793580 622.608000 198.607500
10.809940 630.554400 203.910000
10.826170 616.106400 189.630000
10.842770 614.426400 173.943000
10.859010 639.844800 163.663500
10.875490 629.042400 128.331000
10.891970 627.060000 107.499000
10.908450 628.404000 105.661500
10.926150 639.240000 120.666000
10.941280 640.483200 136.006500
10.957760 723.542400 179.697000
10.974000 716.436000 191.226000
10.990480 716.704800 196.213500
11.006960 725.524800 153.268500
11.023320 721.711200 136.206000
11.041140 721.408800 125.979000
11.056150 739.284000 136.090500
11.072750 742.509600 153.552000
11.105710 741.451200 133.980000
11.121950 726.852000 131.628000
11.154790 724.920000 109.168500
11.171140 783.451200 83.506500
11.187740 783.216000 99.760500
11.203980 761.140800 155.736000
11.220700 779.335200 176.977500
11.236940 779.184000 187.194000
11.253420 767.222400 190.543500
11.269780 769.238400 200.770500
11.286130 769.339200 195.720000
11.302860 753.496800 174.688500
11.319090 788.239200 159.705000
11.335570 788.440800 149.446500
11.351930 840.201600 147.504000
11.368410 839.596800 125.454000
11.384890 839.344800 130.851000
11.401250 851.155200 119.616000
11.417720 844.821600 136.878000
11.450680 838.118400 110.439000
11.466920 835.111200 103.960500
11.483400 836.119200 87.790500
11.499880 835.262400 133.329000
11.516360 854.884800 117.001500
11.532590 855.103200 111.846000
11.549190 849.189600 132.835500
11.565550 850.584000 136.164000
11.582640 849.744000 151.452000
11.598630 868.996800 145.404000
11.614870 845.544000 149.845500
11.631350 845.779200 144.690000
11.647580 840.235200 89.040000
11.663940 806.752800 85.564500
11.680540 806.114400 94.846500
11.698970 850.533600 163.915500
11.713260 882.134400 90.363000
11.729860 882.117600 90.520500
11.746090 900.228000 74.067000
11.762570 953.181600 139.503000
11.779170 953.164800 140.175000
11.795410 940.161600 148.900500
11.811890 930.904800 119.700000
11.828250 928.956000 135.345000
11.844730 924.991200 185.598000
11.860960 927.309600 130.231500
11.877690 929.779200 109.830000
11.894040 932.719200 96.159000
11.910520 920.572800 96.243000
11.943120 539.683200 150.097500
11.959960 521.959200 186.711000
11.976200 523.891200 197.127000
11.992680 539.112000 171.265500
12.009030 526.831200 186.910500
12.041870 514.651200 171.255000
12.058230 536.894400 162.246000
12.091060 539.968800 211.039500
12.107670 549.477600 195.520500
12.140500 544.303200 169.638000
12.156860 545.613600 225.151500
12.189940 605.539200 187.719000
12.206420 595.896000 200.004000
12.239140 616.812000 184.548000
12.255620 603.808800 189.997500
12.288450 588.890400 186.543000
12.304930 626.085600 202.933500
12.321410 624.976800 192.612000
12.337890 596.450400 180.285000
12.355960 624.439200 189.535500
12.370480 623.985600 184.653000
12.386960 613.384800 151.515000
12.403320 609.840000 147.441000
12.419800 610.276800 152.796000
12.436160 654.360000 137.718000
12.452640 749.599200 131.397000
12.469240 749.700000 142.044000
12.485720 731.606400 156.702000
12.502080 763.644000 199.038000
12.534670 769.272000 157.657500
12.551150 762.720000 197.095500
12.567630 762.703200 192.055500
12.584230 750.590400 193.095000
12.600590 755.109600 131.775000
12.616940 755.059200 121.233000
12.633180 745.567200 142.978500
12.649780 745.987200 155.242500
12.682620 745.920000 136.332000
12.699100 765.038400 124.383000
12.715450 764.954400 129.633000
12.731810 734.361600 173.974500
12.748290 743.080800 170.331000
12.765010 743.232000 180.621000
12.781130 540.170400 314.632500
12.797610 534.105600 264.201000
12.814210 533.400000 259.371000
12.830440 512.803200 271.267500
12.846800 548.436000 267.739500
12.863400 545.042400 248.881500
12.879760 564.463200 225.172500
12.896120 529.233600 188.842500
12.912720 530.040000 193.777500
12.929080 526.730400 222.432000
12.945430 532.207200 254.310000
12.962160 535.886400 273.420000
12.978270 551.695200 270.994500
12.994750 570.780000 273.882000
13.027710 544.975200 255.717000
13.044070 523.706400 254.037000
13.076900 529.905600 265.503000
13.093260 530.342400 272.202000
13.126100 566.260800 260.190000
13.142820 567.756000 248.629500
13.159060 565.521600 233.961000
13.175420 558.616800 233.205000
13.191770 515.407200 221.518500
13.208250 511.627200 202.272000
13.224730 549.024000 155.347500
13.241210 542.757600 186.343500
13.274050 531.568800 159.306000
13.290410 525.554400 165.858000
13.306880 527.318400 175.822500
13.323240 534.844800 178.132500
13.339840 534.122400 197.536500
13.356320 535.886400 207.490500
13.372680 556.147200 222.789000
13.389040 556.449600 220.489500
13.421880 521.690400 322.098000
13.438230 526.495200 298.116000
13.454830 524.613600 289.023000
13.471190 506.251200 299.943000
13.487550 513.811200 260.263500
13.504030 514.651200 264.852000
13.520390 536.995200 316.270500
13.537110 524.529600 317.394000
13.553710 524.176800 315.766500
13.569820 523.336800 317.719500
13.586180 519.674400 347.476500
13.602540 514.785600 325.080000
13.619260 531.636000 362.712000
13.635500 550.300800 778.417500
13.832640 677.157600 351.666000
13.849120 679.442400 369.075000
13.865480 495.633600 308.017500
13.881960 499.447200 360.654000
13.898440 504.840000 382.882500
13.914790 534.912000 443.793000
13.931150 516.381600 478.978500
13.947750 518.431200 486.423000
13.964110 512.853600 471.576000
13.980470 530.208000 469.360500
14.013310 531.938400 473.592000
14.029910 532.644000 474.033000
14.062500 520.732800 451.867500
14.079220 513.273600 460.876500
14.112060 518.868000 456.834000
14.128540 580.927200 452.802000
14.144900 578.911200 440.979000
14.161380 536.810400 429.051000
14.177610 544.807200 417.774000
14.194090 543.614400 413.941500
14.210450 550.956000 429.439500
14.227050 541.984800 441.672000
14.243410 543.211200 445.515000
14.259890 551.107200 419.443500
14.276370 535.970400 430.447500
14.292720 532.324800 415.117500
14.309200 545.848800 386.946000
14.326660 536.205600 374.892000
14.358640 532.056000 352.758000
14.374880 539.229600 379.113000
14.407470 543.799200 372.603000
14.423950 539.532000 375.910500
14.457030 525.369600 358.806000
14.473390 564.446400 374.650500
14.506100 591.192000 368.277000
14.522580 615.199200 390.936000
14.539060 616.660800 402.612000
14.555540 614.846400 391.587000
14.572020 624.220800 400.879500
14.588380 624.842400 404.932500
14.604610 623.851200 413.238000
14.621340 618.626400 403.252500
14.637700 616.324800 387.450000
14.655150 615.753600 383.785500
14.686890 613.821600 369.789000
14.703370 503.613600 416.902500
14.719730 515.709600 382.168500
14.736210 517.087200 389.634000
14.752440 536.592000 417.280500
14.769170 543.967200 457.569000
14.785520 551.661600 489.751500
14.801880 549.259200 489.090000
14.818240 538.776000 476.511000
14.851320 550.754400 502.687500
14.870000 549.679200 504.283500
14.900390 516.129600 484.281000
14.917110 532.593600 488.271000
14.933470 529.939200 476.815500
14.949710 540.019200 474.978000
14.966310 534.206400 448.581000
14.982540 533.215200 444.843000
14.999020 610.629600 449.158500
15.015630 623.128800 446.491500
15.031980 625.464000 461.905500
15.048220 626.858400 438.952500
15.064820 620.356800 491.977500
15.097660 616.644000 486.843000
15.114140 628.454400 517.702500
15.130740 626.942400 506.877000
15.147090 607.840800 477.792000
15.163450 583.279200 436.180500
15.179810 580.389600 420.955500
15.196290 583.195200 384.835500
15.212520 584.774400 378.441000
15.245360 604.447200 412.944000
15.261960 593.023200 413.070000
15.294680 575.736000 358.995000
15.311160 606.866400 309.666000
15.327510 607.639200 318.139500
15.343990 595.056000 311.262000
15.360350 537.062400 302.421000
15.393310 547.125600 308.217000
15.409670 596.635200 297.559500
15.426150 595.761600 288.886500
15.442500 593.090400 293.170500
15.459110 596.920800 300.478500
15.475460 598.617600 313.404000
15.491820 512.013600 352.054500
15.508300 524.109600 328.125000
15.524780 527.049600 341.428500
15.541140 567.974400 379.113000
15.557500 568.999200 371.847000
15.573970 568.092000 367.657500
15.590450 538.456800 349.818000
15.606810 550.149600 370.167000
15.623290 549.259200 365.799000
15.639650 541.262400 356.748000
15.656130 531.266400 320.617500
15.672490 527.637600 303.229500
15.688960 510.787200 275.887500
15.705320 516.096000 293.937000
15.721680 518.784000 307.030500
15.738280 518.599200 317.656500
15.754640 523.891200 311.419500
15.771120 527.738400 329.479500
15.787600 526.142400 357.388500
15.804200 515.659200 354.343500
15.836910 525.873600 317.541000
15.853390 522.110400 350.742000
15.886350 542.707200 370.975500
15.902590 514.416000 330.792000
15.919190 511.375200 317.152500
15.935550 543.832800 411.421500
15.951900 519.439200 492.345000
15.968380 515.474400 478.138500
15.984740 502.135200 517.849500
16.001340 545.294400 548.478000
16.034180 516.163200 522.700500
16.050660 511.912800 530.628000
16.083370 544.656000 565.666500
16.099730 519.304800 556.951500
16.132570 537.734400 517.618500
16.149050 545.008800 460.246500
16.181880 544.336800 502.761000
16.198610 538.171200 490.287000
16.231570 536.205600 493.521000
16.247680 539.733600 508.483500
16.264160 540.792000 511.339500
16.280760 535.970400 506.352000
16.296880 530.107200 480.060000
16.313480 529.821600 478.989000
16.329830 485.990400 491.053500
16.346440 490.812000 493.836000
16.362670 492.760800 501.154500
16.379150 504.588000 486.486000
16.395390 510.132000 497.238000
16.411870 514.651200 512.757000
16.428470 569.536800 542.115000
16.444820 597.189600 546.273000
16.477660 573.552000 536.245500
16.494140 545.949600 515.970000
16.510500 540.355200 492.555000
16.526860 565.521600 489.352500
16.543460 516.684000 445.147500
16.559810 514.180800 437.419500
16.576290 532.812000 485.341500
16.592650 500.623200 524.695500
16.609250 509.964000 554.242500
16.626460 487.183200 484.564500
16.642090 460.521600 512.316000
16.658570 456.321600 497.941500
16.674800 461.126400 489.625500
16.691280 453.364800 497.626500
16.707760 444.544800 467.554500
16.724000 473.071200 405.489000
16.740480 462.117600 366.303000
16.773320 427.896000 438.532500
16.789670 405.417600 426.184500
16.806270 410.844000 443.289000
16.822510 503.630400 454.503000
16.838870 493.819200 506.793000
16.871830 465.057600 473.014500
16.888310 410.911200 431.718000
16.921020 564.228000 462.546000
16.937500 548.940000 491.379000
16.970340 538.507200 442.123500
16.986820 538.020000 465.402000
17.003300 540.556800 476.301000
17.019650 570.309600 491.473500
17.036130 520.346400 477.151500
17.054080 516.734400 459.984000
17.069090 529.922400 468.709500
17.085450 518.414400 434.080500
17.101810 516.129600 426.709500
17.118410 559.440000 474.190500
17.134640 560.330400 514.584000
17.151000 567.504000 544.435500
17.167720 562.816800 552.163500
17.184080 552.888000 539.553000
17.216800 578.256000 549.717000
17.233280 593.241600 527.814000
17.266240 586.941600 563.661000
17.282710 581.616000 532.654500
17.315430 577.096800 546.231000
17.331790 553.963200 539.626500
17.348140 551.443200 528.990000
17.364620 524.764800 508.840500
17.382450 531.064800 527.719500
17.397710 529.905600 524.443500
17.413940 531.081600 545.107500
17.430420 632.436000 556.993500
17.446780 634.653600 570.307500
17.463130 662.928000 565.414500
17.479610 662.827200 565.267500
17.512570 647.976000 539.479500
17.528810 638.618400 548.551500
17.545530 637.190400 538.030500
17.561770 633.662400 506.520000
17.578130 637.828800 501.522000
17.594600 637.123200 498.130500
17.611330 637.156800 544.824000
17.627560 626.371200 540.204000
17.643920 627.177600 543.553500
17.660400 612.057600 526.365000
17.676760 609.520800 517.975500
17.693240 608.664000 514.458000
17.709590 631.663200 541.002000
17.725950 627.261600 547.144500
17.742310 629.563200 560.647500
17.758910 598.852800 586.929000
17.775760 484.260000 596.547000
17.791870 480.816000 586.687500
17.808350 485.301600 550.945500
17.828000 515.390400 549.601500
17.841310 514.298400 546.336000
17.857910 502.672800 560.385000
17.874270 520.917600 629.874000
17.890750 522.144000 632.709000
18.071040 650.378400 664.860000
18.103880 494.138400 604.768500
18.120610 476.599200 625.873500
18.136840 479.808000 634.452000
18.153200 525.588000 635.985000
18.169800 520.144800 630.693000
18.186160 524.311200 642.684000
18.202760 531.955200 633.727500
18.218870 521.572800 646.411500
18.251830 552.568800 653.898000
18.268310 545.563200 673.732500
18.284670 542.858400 665.175000
18.301150 561.960000 613.704000
18.317500 529.099200 653.478000
18.333860 525.184800 642.253500
18.350590 524.815200 618.366000
18.368650 543.547200 868.035000
18.596920 716.654400 696.370500
18.613160 503.580000 618.660000
18.629640 500.236800 608.443500
18.646240 493.651200 585.522000
18.662720 467.644800 567.808500
18.678960 466.888800 567.462000
18.697510 506.822400 544.246500
18.712040 518.616000 592.315500
18.728150 525.621600 612.412500
18.744630 559.876800 633.507000
18.761110 550.183200 646.485000
18.777590 544.320000 627.763500
18.793950 539.078400 600.831000
18.810420 520.346400 579.106500
18.826780 516.331200 566.475000
18.843380 537.818400 566.695500
18.859740 513.156000 567.850500
18.876100 517.204800 580.450500
18.892460 523.538400 583.905000
18.908810 544.958400 607.467000
18.925660 547.562400 617.379000
18.941890 555.072000 555.733500
18.958370 553.761600 571.935000
18.974610 554.013600 572.880000
18.991090 526.999200 611.131500
19.007690 505.764000 603.267000
19.040410 536.810400 649.288500
19.056760 489.955200 617.074500
19.089600 484.327200 610.963500
19.105960 505.276800 620.025000
19.122440 506.553600 622.513500
19.138920 524.311200 625.485000
19.155520 547.108800 611.047500
19.171750 548.083200 616.549500
19.188230 508.855200 622.702500
19.204830 515.104800 645.813000
19.221070 519.640800 658.308000
19.237550 526.545600 688.369500
19.253910 502.756800 746.109000
19.270260 499.548000 738.664500
19.286870 502.219200 697.399500
19.303220 488.342400 719.365500
19.319700 483.688800 709.317000
19.336060 440.378400 701.620500
19.352660 507.696000 689.986500
19.369020 510.518400 697.693500
19.385380 458.472000 758.215500
19.401730 483.100800 739.588500
19.418210 487.989600 749.521500
19.434690 526.260000 705.799500
19.451050 466.838400 752.871000
19.467530 463.243200 745.479000
19.483890 479.740800 716.751000
19.500240 477.271200 724.531500
19.516720 475.658400 721.917000
19.533080 503.092800 696.759000
19.549680 526.108800 762.646500
19.565800 530.258400 772.128000
19.582520 541.296000 702.439500
19.598750 539.515200 750.498000
19.615360 533.349600 734.170500
19.631840 523.202400 669.007500
19.648190 536.121600 688.411500
19.664670 533.618400 683.046000
19.681030 536.037600 712.593000
19.697510 533.282400 728.731500
19.713870 541.749600 750.078000
19.730100 540.136800 714.063000
19.746830 536.810400 739.788000
19.779790 536.340000 742.339500
19.797120 536.743200 773.188500
19.828980 558.784800 747.621000
19.845460 549.796800 738.570000
19.878050 530.157600 755.296500
19.894650 539.968800 652.680000
19.911010 534.172800 633.822000
19.927490 534.945600 620.203500
19.943850 491.769600 573.793500
19.960330 486.141600 558.358500
19.976810 510.888000 593.008500
19.993160 511.778400 571.305000
20.009640 519.103200 594.531000
20.025880 511.459200 619.447500
20.042480 504.873600 637.150500
20.058960 507.360000 642.400500
20.075440 528.511200 619.311000
20.091670 516.314400 604.695000
20.108150 511.912800 591.612000
20.124880 497.851200 634.809000
20.140990 547.663200 644.007000
20.157470 548.906400 649.750500
20.173950 516.482400 647.629500
20.190310 529.384800 671.674500
20.206790 531.904800 677.796000
20.223140 529.435200 644.080500
20.239870 515.877600 643.440000
20.256100 511.425600 631.134000
20.272460 486.981600 625.033500
20.288940 486.276000 624.918000
20.321780 506.671200 636.751500
20.338990 505.092000 625.705500
20.354610 506.940000 631.827000
20.371090 593.527200 654.601500
20.387570 586.471200 653.740500
20.403930 585.832800 650.769000
20.420290 566.059200 629.202000
20.436770 582.254400 636.583500
20.453370 580.288800 627.805500
20.469730 564.765600 597.219000
20.486080 576.928800 628.204500
20.502560 579.415200 640.132500
20.518920 558.364800 683.539500
20.535280 538.356000 675.496500
20.551760 542.505600 687.393000
20.568240 543.076800 698.712000
20.584590 537.398400 725.403000
20.617550 526.209600 698.880000
20.633910 531.535200 726.873000
20.666750 537.213600 723.334500
20.683230 544.689600 698.901000
20.716060 562.128000 694.270500
20.732420 613.468800 687.550500
20.765260 602.498400 692.548500
20.781740 587.059200 694.008000
20.814450 608.428800 682.605000
20.831050 610.713600 687.445500
20.863890 604.984800 702.586500
20.880250 623.061600 688.233000
20.913210 614.292000 683.581500
20.929570 611.805600 654.454500
20.962400 584.824800 688.579500
20.978760 589.209600 676.473000
21.011720 571.922400 628.792500
21.028200 572.107200 657.835500
21.061160 576.004800 675.507000
21.077510 591.494400 692.580000
21.093870 590.973600 689.934000
21.110470 570.595200 663.778500
21.126830 563.925600 677.796000
21.143190 561.489600 669.154500
21.159670 570.427200 623.626500
21.176030 565.538400 627.532500
21.192380 564.614400 626.902500
21.208860 533.635200 716.184000
21.225340 519.422400 890.599500
21.242070 523.320000 896.500500
21.258420 520.413600 822.832500
21.274900 523.924800 802.473000
21.291020 519.708000 793.737000
21.307500 492.307200 792.823500
21.323730 495.986400 786.828000
21.340330 496.759200 788.812500
21.356810 507.225600 806.820000
21.373170 501.547200 830.833500
21.389530 506.167200 839.023500
21.406010 528.679200 838.162500
21.422360 536.642400 832.671000
21.438960 533.752800 826.465500
21.455320 509.426400 818.769000
21.471800 512.332800 828.387000
21.488160 509.342400 822.076500
21.504640 514.248000 792.571500
21.521000 590.889600 851.361000
21.538940 589.663200 848.988000
21.554080 558.616800 837.165000
21.570310 558.465600 829.605000
21.586790 558.717600 830.193000
21.603030 568.092000 836.850000
21.619510 562.077600 828.040500
21.635990 559.540800 821.236500
21.652830 549.914400 805.812000
21.668950 548.486400 804.079500
21.685180 547.075200 801.622500
21.701780 553.425600 791.049000
21.718260 552.182400 786.733500
21.734500 558.566400 802.798500
21.750980 453.885600 831.148500
21.767580 465.712800 823.053000
21.784180 470.988000 831.411000
21.800290 480.564000 853.440000
21.816770 489.921600 852.747000
22.096070 566.748000 856.842000
22.112550 580.591200 859.887000
22.128910 578.440800 854.007000
22.145260 582.640800 801.885000
22.161870 583.380000 849.166500
22.178220 580.255200 841.554000
22.195680 578.172000 837.711000
22.211060 600.633600 811.093500
22.243900 603.775200 812.899500
22.260250 621.012000 804.867000
22.293210 625.699200 835.327500
22.309570 701.080800 771.361500
22.326170 701.131200 768.915000
22.342410 708.103200 811.597500
22.358760 687.960000 787.668000
22.375240 687.758400 791.553000
22.391850 663.364800 805.339500
22.409060 669.362400 819.346500
22.424800 670.101600 821.541000
22.441040 682.281600 833.479500
22.457400 675.595200 837.721500
22.473750 674.889600 835.768500
22.490230 712.420800 845.218500
22.506840 737.284800 857.125500
22.523070 738.024000 869.095500
22.539430 742.644000 852.694500
22.556030 730.716000 833.521500
22.588870 718.687200 831.537000
22.605350 731.976000 840.010500
22.638060 718.317600 837.448500
22.654540 726.616800 834.718500
22.687380 724.332000 858.784500
22.704100 537.532800 874.807500
22.736570 592.855200 872.539500
22.753170 565.975200 872.896500
22.785890 584.085600 907.672500
22.802370 564.295200 897.183000
22.835330 576.660000 902.853000
22.851560 588.386400 911.505000
22.884520 582.724800 904.449000
22.901000 568.411200 877.653000
22.934080 579.885600 870.996000
22.950320 580.759200 877.264500
22.983150 545.126400 871.479000
22.999760 547.495200 880.666500
23.032470 528.763200 890.767500
23.048950 516.801600 869.106000
23.065190 510.182400 857.083500
23.081670 560.263200 848.190000
23.098140 581.498400 829.542000
23.114500 575.064000 813.225000
23.130980 486.360000 804.258000
23.147580 482.294400 802.662000
23.180300 557.860800 754.719000
23.196660 553.828800 807.460500
23.213130 557.961600 817.572000
23.229490 434.112000 785.914500
23.246090 441.352800 801.528000
23.262570 450.374400 815.482500
23.278930 479.925600 830.277000
23.295170 434.397600 811.209000
23.311650 435.556800 813.298500
23.328130 468.064800 843.370500
23.344480 469.257600 835.758000
23.361210 468.064800 833.616000
23.377440 470.971200 826.318500
23.394530 468.484800 839.076000
23.410280 463.411200 831.243000
23.426510 454.053600 745.269000
23.443120 509.342400 906.780000
23.673100 660.844800 545.643000
23.689700 480.177600 491.011500
23.706050 482.445600 498.036000
23.722410 514.533600 508.515000
23.738890 500.421600 486.328500
23.755490 503.395200 497.248500
23.771730 542.824800 521.388000
23.788210 548.940000 544.341000
23.804570 548.251200 540.886500
23.820920 548.200800 538.188000
23.837400 536.524800 532.213500
23.853760 534.693600 525.514500
23.870240 524.328000 506.740500
23.886720 493.281600 512.463000
23.919560 509.292000 516.883500
23.936040 523.672800 501.396000
23.952390 522.614400 497.689500
23.968750 536.071200 518.994000
23.985350 552.703200 522.228000
24.001590 553.761600 525.619500
24.018190 546.907200 532.224000
24.034420 529.267200 530.376000
24.051030 527.385600 523.729500
24.067380 534.156000 528.244500
24.083860 533.618400 485.898000
24.100460 536.054400 496.450500
24.116700 569.318400 539.847000
24.133180 585.496800 561.319500
24.149780 588.504000 574.581000
24.166020 603.187200 551.176500
24.182370 578.692800 536.004000
24.215330 652.461600 541.611000
24.231690 650.512800 551.764500
24.248170 650.311200 548.488500
24.264530 638.500800 562.180500
24.281010 669.732000 545.002500
24.297360 669.144000 531.867000
24.313720 665.666400 524.002500
24.330080 634.401600 470.799000
24.346560 634.972800 477.760500
24.363160 650.244000 503.979000
24.379520 647.791200 551.806500
24.412350 669.429600 508.756500
24.428830 713.428800 333.049500
24.445310 713.025600 328.681500
24.461670 670.387200 74.403000
24.478270 713.798400 163.863000
24.494510 713.983200 168.976500
24.510990 668.522400 547.050000
24.527470 719.829600 300.384000
24.543820 720.031200 283.237500
24.773800 704.138400 0.808500
24.790280 704.911200 22.029000
24.823120 713.059200 27.594000
24.839600 713.748000 49.455000
24.855960 624.439200 106.932000
24.872560 529.636800 148.144500
24.888790 528.864000 144.039000
24.905270 532.106400 92.977500
24.921630 529.116000 111.636000
24.938110 529.334400 112.969500
24.954590 521.068800 179.665500
24.970950 530.460000 184.254000
24.987430 529.603200 179.025000
25.003780 518.868000 172.599000
25.020140 514.164000 164.671500
25.036620 512.248800 154.318500
25.053220 516.700800 96.946500
25.069460 517.372800 70.350000
25.102420 494.508000 158.707500
25.118770 487.048800 318.885000
25.135130 487.855200 323.284500
25.151730 521.892000 464.100000
25.168090 513.206400 492.849000
25.184570 508.922400 476.238000
25.200930 475.725600 464.761500
25.217410 466.082400 435.655500
25.233760 461.227200 420.126000
25.250240 510.736800 379.806000
25.266720 504.789600 402.465000
25.283330 508.116000 415.590000
25.299560 500.421600 434.196000
25.315920 533.198400 472.510500
25.332400 536.004000 484.207500
25.348750 508.250400 510.898500
25.365230 511.879200 529.189500
25.381710 516.112800 543.091500
25.397950 522.110400 557.014500
25.414550 523.471200 553.161000
25.447750 544.891200 540.193500
25.464110 545.832000 538.335000
25.480590 545.832000 538.335000
25.496950 554.366400 545.307000
25.513060 537.247200 560.920500
25.529790 531.148800 538.608000
25.545900 520.951200 510.226500
25.562380 493.768800 452.434500
25.578980 491.349600 444.759000
25.595340 518.263200 478.516500
25.611690 527.116800 507.234000
25.628050 533.517600 530.418000
25.644530 522.849600 529.536000
25.660890 485.385600 525.126000
25.940310 557.004000 549.139500
25.956670 540.976800 549.759000
25.973020 537.482400 535.258500
25.989500 515.592000 494.161500
26.005860 507.477600 483.903000
26.023680 504.873600 476.311500
26.038820 494.054400 473.035500
26.055300 604.396800 527.131500
26.071780 605.673600 533.809500
26.088130 597.710400 523.887000
26.104490 595.627200 516.379500
26.120970 592.670400 501.553500
26.137330 620.104800 499.726500
26.153810 618.324000 504.262500
26.170170 619.668000 512.211000
26.186650 616.627200 512.925000
26.203000 625.111200 524.023500
26.235840 627.513600 528.916500
26.252440 623.431200 494.119500
26.268680 623.061600 490.770000
26.285280 630.789600 515.434500
26.301640 624.523200 531.562500
26.317990 625.564800 535.542000
26.334590 542.925600 521.272500
26.350830 576.072000 539.637000
26.367430 577.080000 545.863500
26.383790 556.113600 543.564000
26.400270 569.688000 534.219000
26.416630 573.148800 548.940000
26.432980 586.689600 538.104000
26.449460 584.438400 576.828000
26.482420 570.628800 559.954500
26.498780 578.071200 558.547500
26.515260 577.432800 555.093000
26.531490 594.972000 638.589000
26.942380 468.921600 962.671500
26.958980 468.787200 965.559000
