0.000000 145.229338 44.124949
0.016360 57.732828 13.471442
0.032840 -41.725146 -19.445291
0.049320 -6.981160 -2.705677
0.065670 -0.312749 0.444579
0.082150 2.331425 3.120916
0.098630 5.049452 2.415190
0.114990 8.399055 0.778494
0.131590 11.337557 1.798660
0.147950 0.401494 2.933446
0.164430 -5.221971 5.637104
0.180910 1.033589 0.985461
0.197390 -1.394705 -9.063019
0.213620 -1.844235 20.047148
0.230100 -9.537152 54.025416
0.246580 -6.215473 62.292553
0.279420 -11.389272 32.829248
0.295900 -10.269184 -4.599394
0.328740 0.282780 -4.544508
0.345210 8.863961 1.028392
0.361570 3.207942 4.439129
0.377810 -11.465982 1.390383
0.394410 -6.170089 5.071009
0.410890 -1.221224 -0.677321
0.428220 -3.108256 -8.062633
0.443730 11.173529 -5.689607
0.460080 23.744637 4.852854
0.476930 24.296677 13.485075
0.493040 9.093961 5.647423
0.509640 -7.627238 2.453769
0.526250 -0.318948 6.322522
0.542360 -1.881364 5.205395
0.558960 2.370908 -2.412392
0.575070 7.841260 -6.328965
0.591430 2.992824 -9.213067
0.607910 -1.933080 -5.575588
0.624510 -4.393360 1.343121
0.641110 2.166630 -0.341706
0.657350 9.819894 -0.689835
0.673580 9.523560 -1.507531
0.690060 7.243450 -1.811672
0.706420 2.291511 2.366229
0.722900 3.872821 7.344420
0.739500 -0.066369 10.699830
0.757570 -7.139953 4.414203
0.772340 -11.428654 -7.490056
0.788700 0.861202 -5.136959
0.805050 9.841906 0.466873
0.821530 14.765878 3.238768
0.837890 -16.048540 -1.020767
0.854250 -44.194209 -2.651309
0.870850 -38.137119 1.996428
0.887330 -25.934316 -5.993768
0.903560 2.395042 -7.789491
0.920040 2.650505 -5.696797
0.936400 3.914227 -3.481165
0.952760 0.738510 -3.197992
0.969360 -10.246741 -10.452734
0.985840 4.142804 4.079191
1.002200 11.102156 13.599795
1.018550 8.844004 9.597946
1.035030 -2.162785 3.216432
1.051390 -12.451507 -6.848026
1.067750 -7.421802 -7.404506
1.085940 -5.472393 -7.840004
1.117190 0.905360 -2.677498
1.133670 -4.804068 -0.054575
1.150020 -0.516827 2.780391
1.166380 7.389248 6.080830
1.182980 10.762828 8.039137
1.199340 4.217725 4.299791
1.215820 -7.488071 -5.707384
1.232180 -12.054798 -8.303577
1.248660 -9.521273 -7.374297
1.265010 -6.450248 0.648023
1.281490 -2.521050 2.276452
1.314450 1.734670 3.788124
1.330810 6.717876 -0.629521
1.347290 7.118737 -0.780504
1.363650 -2.645930 -0.115491
1.380130 -5.383748 1.646455
1.396480 -3.920691 2.271873
1.412840 3.325860 -3.462269
1.429440 -3.384472 -9.658943
1.445800 -3.533784 11.491006
1.462160 2.725029 35.807009
1.478520 0.739206 31.395553
1.495120 1.393644 2.094928
1.511470 -1.360890 -14.827752
1.527950 4.931899 -2.467548
1.560670 2.719957 1.008564
1.577150 -0.213328 -1.044678
1.610110 5.622733 -3.743971
1.626830 -6.698980 7.669775
1.642940 -0.711292 -6.415344
1.659300 -1.184858 -48.988688
1.675900 7.849216 -62.758209
1.708620 10.581462 -39.359138
1.725100 -0.524949 -7.756651
1.741580 -0.914543 2.723040
1.757930 -10.204407 -7.371127
1.774410 -6.775094 2.826160
1.790770 2.392357 6.161139
1.807250 9.212408 -0.835701
1.823490 4.453496 4.005533
1.840090 -0.166784 5.301181
1.856450 -0.683114 4.449426
1.872800 -2.607740 -2.304444
1.889400 -5.382753 -6.039143
1.905640 -10.631552 -3.801819
1.922240 2.401241 -5.839906
1.938600 9.922230 -3.762183
1.955080 5.404600 -1.485734
1.971560 0.700518 4.965506
1.987920 -2.779430 11.473416
2.004270 3.257503 13.667069
2.020630 3.841924 8.757266
2.037230 1.411612 -0.739106
2.053710 0.106548 -5.135985
2.070070 -6.056382 -0.056647
2.086550 -5.149204 -0.123965
2.102910 0.203283 -4.113481
2.119510 5.482737 -2.926484
2.135860 4.149699 1.756931
2.152220 -2.371836 8.086439
2.168460 -6.086151 0.472778
2.185060 -7.043451 -9.186754
2.201540 -3.392196 -13.527839
2.217900 -4.157257 -8.905594
2.234380 5.186897 -5.317446
2.250850 7.311144 1.246672
2.267330 -2.226369 -1.032971
2.300050 19.390811 1.137315
2.316530 39.049282 5.192114
2.349370 45.084678 5.702640
2.365720 13.422144 9.323500
2.381960 -14.537508 -0.886712
2.398560 -3.323938 -6.110065
2.414920 -0.898365 -5.498823
2.431400 5.525037 2.883885
2.448000 5.947182 8.994480
2.464230 2.120616 10.481347
2.480710 -2.092338 2.740568
2.497070 -9.829507 -4.822003
2.513550 10.696096 -12.526705
2.529910 27.719629 -14.112336
2.546390 26.230782 -9.496837
2.562740 6.172642 -0.414349
2.579470 -11.943214 15.082612
2.595700 -4.005127 19.549275
2.612920 2.290350 11.777881
2.628540 1.180482 -3.909436
2.644900 -6.450215 -7.587975
2.661380 -7.865824 -2.319465
2.677860 -9.425269 1.345173
2.694210 -8.831341 -1.847248
2.710820 -8.120854 -8.760560
2.743530 -1.839892 -1.588295
2.760010 -0.246181 11.890675
2.792850 -0.300251 17.071566
2.809450 0.601098 3.621726
2.825810 1.534802 -7.210469
2.842040 4.189513 -3.619074
2.858520 -2.424513 -6.699780
2.874880 -7.085486 -11.196548
2.891480 0.445851 -13.837647
2.907960 -16.462611 -8.036630
2.924320 -23.510979 7.175619
2.941040 -19.399562 13.528751
2.957150 -5.122982 19.352226
2.973510 8.392591 14.072701
2.989870 -1.166127 2.593543
3.006470 -5.544066 -5.882070
3.022830 -6.485455 -11.830383
3.039310 -6.473719 -7.479551
3.055660 4.315819 -0.892348
3.072020 7.118273 5.554144
3.088620 -1.775977 1.563183
3.105100 -7.609767 -5.445699
3.121460 -0.767351 -6.011048
3.137820 14.664274 3.390020
3.154170 -22.485550 -11.616004
3.170650 49.768130 -6.363795
3.187010 61.082959 3.007559
3.433590 39.763579 11.862705
3.449950 -16.673011 16.234915
3.482790 -62.446671 3.748260
3.499270 6.952617 1.338853
3.515630 -3.252629 -13.108159
3.531980 2.259520 -20.360361
3.548580 -0.123223 -4.000436
3.564940 1.978796 10.539733
3.581420 4.662347 5.362158
3.598270 4.342970 12.768307
3.614260 0.079066 6.987757
3.630620 -3.982253 -2.835153
3.647220 -1.699530 -10.197454
3.663570 -0.769307 -20.138638
3.680050 -1.466046 0.938656
3.696530 0.039649 9.421170
3.729370 2.463400 13.159334
3.745730 5.845376 4.680717
3.761960 2.133380 -15.171557
3.778320 -2.784535 -11.966279
3.795040 2.039960 -8.744482
3.827760 6.092748 -2.412558
3.843990 5.198632 6.501848
3.860720 2.730432 8.799035
3.877080 0.548454 7.853637
3.893550 5.206058 -1.957724
3.909790 0.739040 -8.855309
3.926390 -8.208504 -8.437547
3.942870 0.397682 -6.289557
3.959230 0.868595 2.345717
3.975710 -2.295986 3.907675
3.992070 -6.709058 8.352225
4.008540 0.546498 12.380719
4.024900 16.387693 15.913198
4.041630 8.309581 16.094340
4.057860 -18.083381 -15.342672
4.074340 -30.524862 -38.206013
4.090700 -32.288773 -41.814583
4.107060 -21.050563 -24.399451
4.123410 -9.374449 -6.669405
4.140010 -9.947988 -0.202844
4.156490 4.694172 15.836685
4.172850 10.322224 22.432111
4.189330 8.021899 12.550055
4.205690 0.736023 -13.580755
4.222050 -4.948706 -24.866787
4.238400 -6.020711 -13.858345
4.255000 -3.551885 6.606957
4.271360 0.959827 18.330263
4.287600 -1.288588 15.532578
4.304320 -2.829587 11.135655
4.320430 -7.619249 7.721718
4.337040 1.241712 7.025860
4.353520 7.205592 4.003938
4.369870 3.865494 -0.244677
4.386350 -5.451309 -4.579192
4.402830 -13.266902 -7.168969
4.419070 -12.797330 -2.928017
4.435420 -0.434844 -4.188382
4.452030 9.350348 -3.039467
4.468510 -0.479433 -2.927852
4.484860 11.137528 1.259021
4.501340 18.503977 6.892635
4.517700 20.514950 8.663366
4.534420 8.812014 8.292658
4.550900 -5.184841 2.755694
4.567260 1.055501 0.062304
4.583860 -5.723645 -9.362763
4.600340 -7.981521 -11.497906
4.616580 -6.179471 -5.977917
4.633180 1.185620 -0.175453
4.649410 8.470230 5.204504
4.666140 3.695230 -0.028427
4.682250 -3.145783 1.913011
4.715450 -0.874562 2.347644
4.731690 6.018258 -8.838360
4.764280 6.513401 -12.059203
4.781010 -3.727884 -9.679124
4.813840 -2.585694 9.093455
4.830080 1.381941 13.104699
4.862790 -0.117190 1.753450
4.879150 -3.975755 -3.734978
4.895630 -5.692483 -0.592205
4.912230 1.786817 10.996112
4.928710 -0.657090 2.036686
4.945310 -3.772340 -27.498650
4.961430 -6.058934 -42.721872
4.977910 -3.386858 -38.615399
4.994380 -1.157640 -9.220547
5.010860 -1.590297 12.620416
5.026980 -1.050893 10.439992
5.043700 0.602391 7.038043
5.059940 0.410644 -3.202115
5.076420 2.852462 -3.256566
5.092900 4.841098 -3.508867
5.109250 6.746485 -6.372435
5.125730 -4.165114 -5.392243
5.142210 -9.798213 1.034484
5.207890 -1.703276 9.863462
5.224240 -4.142969 12.243601
5.241460 -4.005956 2.248356
5.257080 -5.358420 -5.473525
5.273680 4.513764 -2.425508
5.306520 10.827670 7.951184
5.322750 -1.454410 5.602855
5.339360 7.110283 -2.136098
5.355830 23.573197 -4.126638
5.372190 27.539644 1.203824
5.404910 15.818912 8.446394
5.421390 -2.865258 3.010170
5.437990 -5.186830 3.069407
5.454220 -3.546746 3.505303
5.470830 -0.963938 -6.090216
5.487180 -0.753825 -17.203915
5.503540 2.608834 -27.624752
5.520020 -15.797133 -4.263034
5.536380 -30.364936 21.805052
5.552860 -23.195910 30.260143
5.569580 -20.301042 18.699150
5.585820 -3.944394 -3.155621
5.602170 -3.027633 -8.280806
5.618530 1.193576 -10.644220
5.635010 2.107820 -3.550430
5.651490 -7.607513 3.961919
5.667970 -1.156447 7.849411
5.685060 3.072718 1.409569
5.700810 3.507462 -5.841542
5.717290 -0.257419 -10.138798
5.733760 -4.532727 -9.281544
5.750000 -6.688405 -4.969567
5.766600 -2.003327 -10.404003
5.782960 9.739305 1.140402
5.799560 14.350013 10.537309
5.815800 9.323397 14.857794
5.832150 0.870418 9.382633
5.848630 -2.635620 -2.157667
5.865230 2.679280 -2.286542
5.881470 3.146612 -8.619752
5.898800 -0.091995 -14.224196
5.914430 -1.541134 -11.780119
5.930910 -4.464734 -6.475907
5.947140 -3.599423 -0.523996
5.963870 -0.199902 2.998878
5.979860 3.601446 5.633603
5.996340 6.454956 6.648976
6.012940 -11.382642 9.220857
6.029300 18.638131 3.791439
6.045780 57.885259 0.515066
6.308590 39.067178 -5.052009
6.325070 -10.908789 -6.817217
6.341310 -48.791914 -0.040134
6.357790 -21.697088 1.981199
6.374150 3.457968 6.594132
6.390750 -0.470913 -0.976117
6.407100 2.415330 2.203851
6.423580 9.925744 7.085698
6.440060 10.719898 9.711259
6.456420 8.365606 0.819229
6.472780 0.627917 -10.126968
6.489260 -2.440227 -13.240511
6.505740 -3.526027 -9.580666
6.522220 -8.495424 -3.288246
6.538450 -11.396930 3.937221
6.554930 -1.127440 6.807416
6.571410 8.400845 10.864650
6.587770 8.935401 15.678022
6.604130 2.058325 11.722955
6.620730 -0.517689 6.500004
6.637080 3.588351 -2.538740
6.653440 2.159238 -8.185498
6.669920 -1.255138 -12.523763
6.686280 -3.525099 -10.673143
6.702760 -2.237408 -3.576723
6.719120 -0.698264 3.847216
6.735840 -0.152661 5.249507
6.752320 2.217981 3.159599
6.768310 2.778336 0.809781
6.784910 -5.069310 -6.436312
6.801270 9.587939 -8.847000
6.817750 22.663322 -10.773983
6.834110 21.254459 -8.053413
6.850460 1.848743 0.665676
6.883540 -15.537306 5.950506
6.899900 -3.522844 10.630110
6.916260 -0.281984 6.211135
6.932740 -1.481494 2.267397
6.948970 -2.878618 -7.312512
6.965700 -4.352153 -16.763670
6.982060 -2.936036 -10.756020
6.998410 4.289099 3.129804
7.031250 13.096444 13.941241
7.047610 6.755370 16.715852
7.064210 -4.555700 10.294378
7.080690 -7.321918 9.138457
7.097050 -2.098803 -3.408543
7.113400 -2.629785 -10.159414
7.129880 -9.043771 -4.903865
7.146240 -6.032878 2.259027
7.162840 5.846702 10.945557
7.179320 12.650409 4.957404
7.195680 8.479545 -1.751192
7.212040 -1.048540 -8.264438
7.228520 -10.571185 -8.342260
7.245000 1.777468 -12.295440
7.261470 13.971142 -3.986906
7.277950 14.363040 7.908088
7.294070 12.846989 19.180514
7.310670 2.645168 17.167969
7.327270 0.130715 1.726639
7.343380 -2.717669 -5.293701
7.359860 -0.145998 -5.442549
7.376340 10.432516 2.329722
7.392700 -1.678446 1.617220
7.409060 -9.675887 -0.045749
7.425660 -10.055992 -2.348266
7.442260 0.952136 -1.102920
7.458370 13.439084 -5.517491
7.474730 5.451707 -1.421628
7.491330 0.626657 1.026880
7.524290 -5.226148 -0.860398
7.540770 2.908288 -6.842142
7.557130 3.336601 -11.543322
7.573610 -4.457142 -5.069165
7.590210 -6.964684 -1.727468
7.606320 -4.622997 -1.845549
7.622800 2.621332 -2.946810
7.639400 2.042578 -2.404125
7.655640 -0.486726 0.644895
7.672120 -2.697944 2.607011
7.688600 -2.783275 2.414154
7.705080 -4.575359 4.261480
7.721440 -6.005893 2.899300
7.737790 -1.358504 4.028594
7.755860 4.175756 3.652639
7.770750 6.254392 8.166705
7.787230 1.636808 6.176077
7.820070 -2.523668 0.958049
7.836300 0.813034 -2.441793
7.852910 2.852694 -7.325731
7.869140 -0.007791 -5.242566
7.885740 -2.216887 -3.248672
7.918580 -6.848921 -1.554792
7.935060 9.310269 1.163380
7.951420 21.775649 3.949964
7.967900 17.825315 4.603019
7.984380 8.912858 2.221877
8.000730 -2.353769 -4.718924
8.017210 3.557985 -11.089078
8.033570 -1.624210 -14.496088
8.049930 -5.703191 -10.355437
8.066280 -4.012586 -0.083458
8.082760 -4.056776 6.898084
8.099240 -0.843301 7.417870
8.115600 3.080078 0.370983
8.132080 4.791935 -3.929120
8.164920 3.231678 -3.129949
8.181270 -3.042517 0.404507
8.197750 -6.372012 5.803067
8.214230 -7.109952 12.587390
8.230470 0.316561 13.142158
8.247190 8.626469 5.303149
8.263430 9.008001 -6.276732
8.279910 5.215539 -1.729851
8.296390 0.180376 -0.776194
8.312740 1.096974 -6.617234
8.329350 -4.573204 -6.473773
8.345700 10.667918 -6.688218
8.362060 26.554295 -1.089598
8.378540 19.081532 4.547657
8.394900 6.568962 16.038939
8.411380 -1.916438 24.687067
8.427980 2.483224 10.255550
8.444340 -1.746141 -3.799582
8.460450 -8.196205 -6.865824
8.477050 -1.907587 -7.057540
8.493530 1.383964 -3.388487
8.509890 -0.512352 -5.540593
8.526250 -1.686137 -1.636033
8.542850 -3.659991 2.609455
8.559080 -2.815167 3.561474
8.575560 -5.079753 6.433640
8.591920 -4.152683 3.344396
8.608520 -2.445631 0.127839
8.624880 -1.659947 -4.969940
8.641360 3.278786 -9.608699
8.657960 5.462713 -10.414155
8.674320 11.503740 -8.349511
8.690550 -22.960825 3.203794
8.707150 -43.853242 14.519106
8.723630 -60.336784 10.379098
8.739870 -50.917525 2.998837
8.756350 -24.089405 -2.956838
8.772830 -16.396279 3.098725
8.789310 2.959043 0.093652
8.805660 -5.209837 -12.766132
8.822020 -2.812979 -9.645787
8.838620 -2.136430 -3.314912
8.854860 -3.225048 6.863214
8.871460 1.283085 10.271442
8.887820 3.113328 10.370251
8.904300 3.116942 12.003013
8.920530 0.182332 3.156781
8.937010 0.164795 -1.082284
8.953490 4.399658 2.806332
8.970090 0.619265 1.751378
8.986450 -3.368957 0.320427
9.002810 -9.653146 -3.495980
9.019170 22.690040 -5.276048
9.052120 43.995409 -7.636106
9.347660 48.043030 -11.218282
9.364140 -13.236702 -10.073595
9.380490 -61.045193 -3.509862
9.396970 -45.172130 -0.609547
9.413330 -16.736624 -6.106999
9.429930 11.858515 -5.906332
9.446290 -3.231346 -2.030656
9.462770 -0.348718 8.492578
9.479130 -1.161154 8.257497
9.495610 0.524187 1.983126
9.512080 -6.856546 -0.233882
9.528320 -4.113166 1.990502
9.544800 3.695926 5.736537
9.561280 -0.261861 6.832528
9.577640 2.700696 2.184499
9.594240 1.703806 -7.638613
9.610600 7.146484 -8.666267
9.627080 4.656513 -7.220850
9.643430 -4.605593 -1.561277
9.659910 0.797950 2.765784
9.676270 1.326546 5.697315
9.692630 -3.154900 6.903720
9.709110 6.534220 -0.223087
9.725710 13.842354 -3.861823
9.742070 12.443684 -2.575931
9.758300 4.481807 5.180697
9.791260 0.437364 13.448610
9.807620 0.814824 8.829803
9.824220 -6.365415 2.504884
9.840580 -4.807151 -5.912465
9.856930 4.926893 -10.606221
9.889890 11.737715 -11.766548
9.906250 -0.469686 -3.144204
9.922610 -5.982455 13.802736
9.939210 -2.144717 12.892931
9.955570 1.401865 2.240027
9.988400 3.965611 -6.373989
10.004880 -7.504049 -3.229589
10.021610 -3.281968 1.611149
10.037840 5.065630 -1.767581
10.054320 6.338165 -1.157185
10.070680 -1.699497 -8.989590
10.087280 -9.219270 -5.728290
10.103640 5.585770 3.378811
10.136600 13.940180 10.670802
10.155880 18.130552 10.055880
10.169310 8.604590 -4.149119
10.185790 2.176344 -9.633003
10.202150 -7.613082 -10.497218
10.218510 -10.885286 -6.495860
10.235110 -2.825112 -1.035084
10.251460 4.839043 6.169261
10.268310 8.203996 9.964281
10.284420 2.153569 9.235423
10.300780 -1.662367 2.495353
10.317260 -5.173305 -8.475546
10.333500 -4.052666 -15.508752
10.350100 -0.939605 -8.239202
10.366330 6.254459 4.972177
10.382810 9.553794 7.714756
10.399290 0.092757 7.571047
10.415650 -8.309780 -1.091006
10.432250 -7.440333 -1.994294
10.448730 -0.142650 -5.929683
10.464970 2.996106 -3.284807
10.484250 -4.514460 4.924771
10.497800 2.039297 -0.247080
10.514280 -1.245292 -5.308806
10.530640 8.561461 -10.392711
10.547120 11.317103 -2.944862
10.579960 9.231602 8.219312
10.596440 4.966376 10.025589
10.612920 -5.165746 9.962893
10.629390 2.556554 1.918233
10.645870 -0.680429 -2.892421
10.678710 -3.320026 -6.933349
10.694820 -4.771879 -5.979119
10.711430 -3.296522 -1.650495
10.727780 2.611453 -3.126593
10.744260 10.706273 0.395888
10.777100 14.121344 5.642906
10.793580 11.890804 6.661304
10.812010 4.871696 7.006115
10.826420 1.508546 6.016186
10.842900 2.311634 4.082423
10.859250 -4.059230 -3.033500
10.875610 -8.133252 -10.810304
10.892210 -5.731369 -0.200358
10.908570 4.488636 4.797057
10.925170 11.887489 6.799460
10.941650 9.537285 0.205475
10.958130 1.957214 -2.847004
10.974490 -2.557847 1.271681
10.990970 -3.880777 -5.440788
11.007450 -2.124992 -8.182038
11.023930 -1.758605 -5.638907
11.040040 10.382691 -0.064293
11.056640 17.585944 0.632318
11.072750 12.965601 -5.257857
11.089110 5.922418 -5.587647
11.105590 -1.993913 -3.375413
11.122070 6.145458 -2.816857
11.138550 1.301749 0.217265
11.171260 -4.429229 4.689834
11.187870 -2.306495 9.327582
11.204220 -1.222948 6.782118
11.220700 1.719620 -0.370195
11.237180 -3.353177 -4.984236
11.253540 -9.113586 -5.343801
11.269780 -10.290765 -5.300725
11.286380 -5.407517 0.809449
11.302610 5.237220 -0.146756
11.319210 7.619713 8.873521
11.335690 2.786789 5.760488
11.368410 -8.770476 -1.598303
11.384770 14.513110 0.722013
11.401250 30.622277 -10.999344
11.417600 26.812276 -12.471841
11.434330 7.645802 -10.999095
11.450560 -10.697952 -0.148352
11.468630 0.985420 8.657461
11.483760 -3.814077 3.571336
11.500000 0.771263 1.923330
11.516480 7.439505 4.121148
11.532840 3.395047 -0.367564
11.549320 -0.070546 -9.102592
11.565670 -1.893232 -13.333517
11.582150 -3.498511 -1.518243
11.598630 -0.999410 10.816312
11.615110 -1.288588 16.224286
11.631350 3.608507 11.147817
11.647830 9.144118 3.863273
11.664180 4.510250 2.763712
11.680660 8.554565 2.939102
11.697140 8.929467 3.870587
11.713750 6.932727 6.074470
11.729980 0.669389 7.704169
11.746340 -2.163879 5.837336
11.762820 3.601611 1.975273
11.779300 1.283283 -5.041919
11.796750 -3.314887 -5.993581
11.812260 -6.317114 -7.005017
11.828490 -1.621359 -9.085022
11.844970 -5.906141 -12.333480
11.861330 5.398069 -13.141019
11.877930 -52.541140 1.599090
11.894410 -95.428635 9.500525
11.910890 -90.270992 14.438324
11.927370 -32.792901 8.974423
11.943730 28.690448 6.309406
11.959960 4.747910 6.446196
11.976320 -3.095692 1.216877
11.992920 -8.785825 -1.060259
12.009400 -6.070239 -5.654115
12.028810 -5.423496 -10.871549
12.042600 -4.334980 -11.072938
12.058720 -4.002276 -2.648035
12.074830 29.679321 6.410144
12.107670 61.966630 10.792754
12.370850 24.661763 6.745694
12.387080 -24.243807 2.209777
12.403560 -44.638302 -2.030760
12.419920 -6.453298 -0.369802
12.436280 19.277409 0.891540
12.452760 1.825306 -2.461850
12.469240 -0.845356 -5.760861
12.485720 -0.706552 -3.597836
12.502080 6.242856 -0.570595
12.518430 0.494318 1.759500
12.534910 -3.181354 1.598116
12.551390 -2.811155 6.102917
12.567750 5.756133 8.413554
12.584350 7.328118 8.744047
12.600830 1.143054 6.869367
12.617070 -5.285322 0.041128
12.633540 -3.889894 -8.411441
12.649900 5.241066 -16.810805
12.666500 -0.566156 -3.420208
12.682740 -8.592158 14.507732
12.699340 -11.217652 23.776297
12.715700 -7.602541 14.060207
12.732060 -5.550497 -2.342298
12.748540 -10.455523 -8.036879
12.764890 -3.656344 -7.353308
12.781370 -2.740477 -2.112851
12.797850 -10.043793 1.213086
12.814090 -3.833935 4.940953
12.830930 4.738794 6.611992
12.847050 11.340872 9.863234
12.863400 3.670665 1.983333
12.879880 -6.094936 -7.215193
12.896610 -8.561626 -11.792509
12.912960 -5.196975 -9.212839
12.929320 3.508821 0.032157
12.945680 8.492607 3.445921
12.961910 5.644613 3.975324
12.978640 -2.688264 -5.027250
12.995240 -8.135672 -12.955627
13.013060 -1.130688 -10.608148
13.028080 5.172675 -0.722158
13.044680 8.276729 8.293238
13.060790 0.917692 14.311256
13.077390 -2.831477 15.170624
13.093630 3.216495 12.348936
13.111940 1.421756 -1.102899
13.126590 -2.625211 -12.268236
13.142940 -7.818187 -11.352396
13.159300 -2.499203 -7.146654
13.175780 2.404589 -1.410895
13.191890 -2.360996 -4.306234
13.208500 8.609297 -2.985845
13.224850 18.037271 2.947929
13.241460 18.996770 7.082610
13.257930 10.987820 2.827777
13.274290 -5.758686 -5.320968
13.290530 -5.586764 -8.314392
13.307010 -5.329645 2.192704
13.323490 1.798188 3.903096
13.339840 11.092310 -1.455545
13.356450 3.383510 4.043450
13.372800 -4.183182 8.824479
13.389160 -0.109200 14.735761
13.405640 -10.318246 1.267702
13.422120 -22.873580 -6.474270
13.438480 -26.927660 -1.804192
13.455080 -14.773900 2.261099
13.471310 10.257017 7.326705
13.487790 4.145787 -3.421576
13.504270 -4.815008 -6.808701
13.537110 -10.308367 -5.559386
13.553590 -5.173570 -1.927038
13.569950 3.905276 5.319787
13.586430 -6.542971 4.170418
13.602780 8.513558 -3.141905
13.619140 15.745552 -14.640393
13.635740 12.073097 -19.250293
13.652100 4.218852 -9.702412
13.668460 -2.517502 -0.401710
13.684940 9.506852 3.938796
13.701290 1.871684 5.356584
13.717650 -4.310515 2.060057
13.734250 -3.959909 1.854520
13.750490 6.896195 3.498694
13.766970 12.584672 5.644791
13.783810 8.055712 2.653671
13.799930 -0.334396 -0.269913
13.816530 -1.937688 -5.554579
13.832760 7.194851 -11.501469
13.849240 1.027754 -11.515455
13.865600 -0.047473 -5.800995
13.882810 2.092040 1.078575
13.898440 4.930076 1.026859
13.914790 -1.751478 -0.541339
13.931400 -8.303515 -0.419860
13.947880 0.846085 1.262730
13.980470 10.396216 3.892177
13.997070 5.334651 6.840485
14.013550 -3.096123 5.040365
14.029910 -3.046628 2.480414
14.046260 -1.931754 2.399256
14.062740 1.141529 7.227521
14.079220 0.647642 9.641477
14.095700 -0.809387 4.633912
14.112060 1.142722 -3.729281
14.128420 2.155657 -9.661761
14.145020 -0.074292 -5.684780
14.161500 -3.879650 -3.609294
14.177730 -6.749502 -1.335828
14.194210 -4.213415 -0.650012
14.211910 4.550827 5.289992
14.227050 7.228897 9.020089
14.243530 4.783481 -0.629210
14.260010 -2.521580 -17.287182
14.276490 -10.849550 -24.883444
14.292720 1.763445 -11.023026
14.309200 4.351854 6.361723
14.325680 0.681556 15.933502
14.342040 -6.385272 8.930271
14.358400 -11.313821 1.201296
14.374880 -7.908258 -5.292852
14.391480 -4.461949 -5.955830
14.407710 0.172652 -3.437302
14.424190 2.636316 -2.537994
14.440800 1.925190 -2.324935
14.473630 -1.548294 -2.059622
14.489990 5.890262 2.773181
14.506470 9.772720 6.411056
14.522710 7.594253 9.011387
14.539180 15.528223 0.859632
14.555660 20.241109 -3.063854
14.572020 21.448310 -4.214986
14.588500 8.271093 -2.551586
14.604980 -8.242550 -3.892218
14.621460 -6.581460 -8.449129
14.637820 1.083349 -0.202803
14.654170 9.815054 3.758578
14.670780 13.043437 3.497409
14.687010 1.454244 3.360681
14.703610 -6.037684 9.331021
14.719850 -10.786895 11.373716
14.736450 6.706074 8.089650
14.769170 20.791673 -4.020099
14.785640 18.169469 -11.340628
14.818360 8.599087 -9.257593
14.834840 -5.454558 -5.029860
14.851440 1.831339 9.345608
14.867680 0.822813 9.006103
14.884280 -0.225793 2.771710
14.900760 -3.834631 -6.986328
14.916990 -5.484626 -15.536597
14.933590 -4.549137 -7.412379
14.949950 -0.913913 -1.356485
14.966430 0.305323 2.142708
14.982790 3.573765 4.613213
14.999150 5.355138 4.454399
15.015630 4.830589 7.342741
15.031980 1.254807 0.230525
15.048580 -2.782181 -3.851380
15.064820 -0.269354 -3.363499
15.081300 -3.960738 -6.132795
15.097780 -4.811560 -6.305304
15.114140 -4.223261 -7.481063
15.130620 0.181238 -3.143976
15.147090 3.652101 1.067718
15.163570 0.923228 1.913944
15.179810 2.146574 2.992579
15.196290 1.969381 2.225254
15.212770 2.789441 2.072075
15.229250 -6.967005 -6.550662
15.245610 8.023457 -5.126454
15.262080 24.363535 4.042538
15.278690 27.428835 8.164115
15.294800 15.233721 9.107337
15.311280 -3.127749 2.026844
15.327760 0.697734 -0.266888
15.344240 3.038175 -8.186347
15.360600 7.558549 -15.243285
15.377080 2.473146 -8.922460
15.393430 -4.314029 5.518071
15.409910 -8.079382 14.085194
15.426390 -0.710033 10.487045
15.442870 7.131699 1.686568
15.459350 6.951954 -7.881070
15.475590 4.277695 -8.877188
15.491940 0.538674 -4.676221
15.508540 0.595031 1.299382
15.524900 0.938577 2.399878
15.541500 -5.669410 1.446677
15.557860 -9.321142 1.116098
15.574100 -10.038058 6.662195
15.590700 -9.663986 6.152105
15.607300 -9.835110 -2.214356
15.623540 -0.854572 -4.183700
15.639890 7.739255 -2.587804
15.656250 7.660157 2.191958
15.672850 -3.463570 7.058576
15.689210 -8.166138 6.955995
15.705440 -0.898199 7.802233
15.721920 0.530652 4.149658
15.740720 5.382819 10.608355
15.755000 18.208320 34.101175
15.771240 -25.265375 12.689804
16.034180 -64.726050 -16.163788
16.050660 -67.262566 -33.247011
16.067020 -28.024840 -21.310251
16.083370 17.321048 0.168242
16.099980 5.975626 -5.263534
16.116330 -2.415761 -2.142231
16.132690 -3.094200 4.345477
16.149170 1.533111 10.448735
16.165650 10.673885 7.721469
16.182010 2.773131 0.231582
16.198490 -10.124979 -8.007851
16.214970 -4.836192 0.841544
16.247680 -4.309918 4.109420
16.264040 0.979386 0.996153
16.297120 2.938390 -3.487547
16.313600 -7.584540 -7.083791
16.329830 -18.597557 0.619741
16.346310 -17.983237 -0.022273
16.362670 -3.553045 -2.969643
16.395510 7.150893 -1.176537
16.411990 -1.297737 -1.457534
16.444820 -3.815403 0.838353
16.461300 5.179869 -4.391329
16.477660 6.861950 -9.670898
16.494020 3.858002 -7.589695
16.510620 -2.626901 -5.768610
16.526860 7.223328 0.448122
16.543460 20.691134 5.489644
16.559940 21.261121 8.132539
16.576170 12.849542 6.854802
16.592650 3.690390 5.316410
16.609130 1.484279 0.162172
16.625730 -4.363557 -5.709208
16.641970 -3.234363 -13.672062
16.658450 -4.999030 -6.607744
16.674930 -3.066022 3.067397
16.691040 -2.836251 7.343860
16.707640 0.763406 3.522252
16.724370 7.686346 -6.278638
16.740720 8.004362 -3.842388
16.756960 8.064464 0.471369
16.773440 0.838925 3.313068
16.789790 -4.945955 -1.241099
16.806150 -1.915709 -4.258476
16.822880 -4.885554 1.713731
16.839230 -7.994350 10.402096
16.855470 -5.130971 10.710707
16.871950 0.617044 0.189874
16.888310 3.220473 -4.551470
16.904790 5.009207 1.624099
16.921260 9.388074 2.533850
16.937620 12.151498 -5.209145
16.953980 4.268015 -8.336210
16.970950 -6.949999 -3.084698
16.987180 -7.802540 2.854670
17.003540 -3.969821 -8.952026
17.020140 -7.809601 4.930013
17.036500 -12.522051 24.343867
17.053100 -12.562296 24.516648
17.069340 -9.130161 3.654773
17.085820 -4.142107 -16.717261
17.102290 -6.282869 -8.045684
17.118650 -1.675860 5.200153
17.135010 2.955230 19.266121
17.151610 3.922481 18.361030
17.169680 5.759050 12.881205
17.184200 6.495466 2.041762
17.200680 5.875576 -1.396557
17.233280 3.077890 -4.682976
17.249760 -3.179001 -8.589419
17.266240 -7.228433 -2.508054
17.282710 -3.000283 4.043263
17.299070 -10.310887 4.533154
17.315550 -12.037693 5.782948
17.331910 -9.667633 7.532613
17.348270 0.447243 4.546538
17.364750 2.994382 -6.988918
17.381350 -8.855441 -19.772014
17.397710 -8.911731 -11.542348
17.414060 -2.838439 2.846942
17.430540 6.688769 11.478823
17.446780 -1.881629 9.318714
17.463260 -1.713155 5.731854
17.479740 3.489958 6.265088
17.496220 5.687809 -0.744556
17.512570 -7.279817 25.096602
17.529050 34.531771 16.248071
17.545650 37.330305 -9.550499
17.841190 10.426218 -20.620246
17.874020 -22.561691 -11.589235
17.890630 -35.010166 19.976728
17.906860 7.813347 1.282227
17.923340 -5.868714 -12.480170
17.939820 3.227468 -12.486448
17.956300 9.193545 -7.406018
17.972900 6.181626 -2.885066
17.989260 0.552432 -0.340318
18.005740 -4.940352 -2.007223
18.022090 -3.247193 -1.407455
18.039920 -1.293560 -0.062987
18.071170 3.048219 0.196711
18.087770 0.530884 1.993548
18.104000 0.614358 0.463765
18.120610 -0.304030 1.112057
18.136960 2.114384 -5.117545
18.153440 1.915543 -9.174737
18.169800 -2.084316 -12.179311
18.186160 0.896939 4.200462
18.202640 -3.151485 17.955077
18.219120 -1.230971 18.619530
18.235470 -2.033727 0.802031
18.268430 -2.154000 -15.873729
18.284790 -0.724686 -5.043017
18.301270 -1.244596 5.926658
18.317630 3.578638 12.683422
18.333980 1.938948 6.400696
18.350460 3.293903 3.155393
18.366940 2.659025 -4.517241
18.383180 -4.067186 -2.854836
18.416260 -2.902354 5.828489
18.432740 -2.221064 11.379683
18.465450 -1.818012 11.597025
18.482180 1.730128 -6.993745
18.498660 7.300304 -8.873272
18.515140 15.182737 -6.700546
18.531620 4.345755 -4.754023
18.547970 -6.378907 -4.187325
18.564450 -5.797008 -6.198351
18.580690 0.905061 -1.232251
18.597290 6.431816 0.114931
18.613770 5.295301 0.053829
18.630130 1.318623 1.996179
18.646360 -1.878944 5.630453
18.662960 -0.863987 7.874419
18.679440 2.678650 8.803179
18.695800 2.012776 8.400501
18.712160 -0.863191 5.989085
18.728520 -2.018676 -4.412111
18.745000 -16.569750 -9.816575
18.761350 -26.525822 -8.550363
18.777710 -19.339960 -14.077881
18.794190 -5.499776 -14.072390
18.810550 0.458514 -13.742030
18.827030 -3.875771 -10.322121
18.843510 -0.779584 -4.981149
18.859860 8.009202 -2.737564
18.876220 1.548858 11.333086
18.892700 -1.135562 17.105358
18.909180 2.469433 13.663008
18.925660 4.469773 5.759390
18.942140 2.665953 -3.124790
18.958500 -4.336108 -3.286754
18.974980 -1.087890 -4.901669
18.991460 1.724029 -4.388221
19.007810 3.822564 -5.682355
19.024540 -2.123202 1.959692
19.040650 -4.499576 7.662689
19.057010 -2.588015 1.009662
19.073240 -2.826405 -2.920683
19.089970 1.411811 1.424093
19.106080 0.240777 8.929421
19.122800 5.678725 6.002035
19.139160 9.730752 -8.272581
19.155520 6.474382 -16.780763
19.172120 7.190210 -12.394166
19.188350 4.196011 1.057648
19.204960 3.992695 13.569173
19.221310 3.994253 10.725335
19.237790 -1.786651 -0.909048
19.254390 -4.447296 -6.839055
19.270510 -0.457122 -14.412136
19.287110 -0.672638 -9.728228
19.303340 -3.080575 -1.856861
19.319820 -2.912333 4.764362
19.336300 0.747925 17.715450
19.353030 8.491281 27.029171
19.369380 7.001184 31.511664
19.648440 0.748621 21.382391
19.664920 -2.322573 5.511462
19.697630 -1.442940 -0.954299
19.714230 -9.991315 -4.836341
19.730590 -11.464788 -6.830125
19.747070 -10.005637 -3.978432
19.763430 -0.685004 -0.414183
19.779910 4.892880 3.892964
19.796390 -2.663765 8.838754
19.812620 3.516115 8.432865
19.829220 5.910351 3.648495
19.845460 4.414377 -1.105655
19.861940 1.909808 -1.171688
19.878300 -1.376670 -2.009398
19.896730 -2.176841 -8.522372
19.911380 -2.925527 -10.427622
19.927730 -3.541674 -13.268854
19.944210 -2.123136 -5.478477
19.960690 -1.043865 0.778743
19.993410 1.137418 5.157761
20.009890 5.049685 6.353787
20.026250 5.236690 5.050352
20.042720 4.749303 9.296793
20.059330 4.025250 4.488565
20.075560 -4.236654 1.933834
20.091920 -17.663049 1.548825
20.108400 5.214876 0.309301
20.124880 39.677213 -9.305993
20.141360 51.212590 -20.454607
20.157590 26.375070 -12.362735
20.174070 -9.422285 -1.991331
20.190430 -5.996710 4.028884
20.206790 7.495563 1.795780
20.239990 14.952644 0.679724
20.256230 9.734630 6.649514
20.272710 -0.193238 7.887389
20.289180 -2.875038 7.321338
20.305540 0.020156 1.312684
20.321900 -2.871026 -9.863358
20.338260 -6.349436 -14.309619
20.354980 -5.470205 -11.237323
20.371340 0.228810 -1.580152
20.387700 -3.459758 9.654033
20.404170 -11.748854 7.586566
20.437010 -13.910345 4.570200
20.453610 -9.712453 -3.962022
20.486330 -2.726189 -5.745840
20.502440 -1.181808 0.851157
20.519040 1.748859 4.751246
20.535520 2.693204 9.231279
20.551880 1.045390 8.716780
20.568480 -1.012836 -3.042617
20.584960 -2.571174 -16.669049
20.601200 -3.480809 -5.849499
20.617680 14.496502 25.740775
20.634160 25.774216 36.752245
20.929930 32.670664 14.014253
20.946410 -16.529109 -12.607446
20.962770 -58.992652 -15.215522
20.979130 -55.368597 -9.942692
20.995480 -27.919336 -6.718779
21.011960 12.063484 -1.052655
21.028440 6.751955 -2.551379
21.045170 4.366043 -3.397231
21.061280 -1.628620 -6.970498
21.077640 -5.696826 -4.282075
21.094120 2.362056 5.552839
21.110600 2.987951 12.375581
21.126950 -1.751213 14.863927
21.143430 0.274326 7.700087
21.159790 1.227755 -1.668273
21.176270 5.381162 2.246885
21.192750 -6.995349 -5.816700
21.225590 -16.336145 -12.315600
21.241940 -10.016643 -8.889765
21.258300 0.034245 -7.477106
21.274660 9.653909 -4.328881
21.291260 2.955628 -5.613008
21.307740 -3.053888 0.549979
21.324100 -4.238677 8.072226
21.340580 3.389113 8.012969
21.356930 6.556961 7.578299
21.373290 4.417228 7.273933
21.389650 0.098592 3.583954
21.406250 -8.702384 -6.989560
21.424070 -13.438819 -13.248612
21.439210 -1.046683 -6.647256
21.455570 13.651178 5.548653
21.471920 18.349337 9.650925
21.488400 5.092715 16.357216
21.504760 -5.120595 22.056646
21.521120 -0.852881 21.347315
21.537600 3.719563 8.946494
21.554080 9.298931 -0.851012
21.570310 11.657856 6.362303
21.586790 -0.743217 7.597008
21.603640 -10.530774 6.325381
21.619870 -7.285386 4.433721
21.636350 -2.313921 -4.068955
21.654170 -1.813172 -14.050408
21.669310 -17.299534 -18.568294
21.685670 5.758155 -12.689120
21.702150 26.349249 -2.858794
21.718630 28.350137 2.917616
21.734740 10.783116 -5.322087
21.751340 -6.799560 -4.474953
21.767700 0.648670 0.646801
21.784060 1.372991 1.382281
21.800660 4.768464 -2.781386
21.817140 8.313161 -12.520178
21.833620 -1.029776 1.589373
21.849980 -8.036153 13.264980
21.869020 -7.480943 12.745455
21.882930 1.830146 8.287395
21.899410 9.175578 -2.034593
21.915770 6.608146 -4.844649
21.932250 -2.643974 -15.269535
21.948610 -21.860078 -20.685590
21.964840 -30.096591 -14.021836
21.983150 -10.053406 -3.892322
21.997680 11.725947 6.123595
22.014160 13.750429 1.773942
22.030880 -1.363741 -1.060777
22.047490 -8.703578 -1.488241
22.063600 -0.553095 -0.866697
22.079960 0.716331 -3.615427
22.096310 -1.163806 -5.152312
22.112920 -6.508992 -4.743912
22.129390 -5.126529 -4.004103
22.145630 2.115445 -4.334993
22.162350 4.206420 -7.453382
22.178590 -0.276315 3.310520
22.211430 -5.237121 12.926600
22.227660 -4.510748 5.951645
22.244020 0.181370 -7.709929
22.260620 -4.720130 -15.611454
22.276980 -3.888435 -3.284952
22.309810 1.335894 7.737278
22.326420 3.496953 6.529177
22.342650 5.107931 8.809146
22.359130 1.416286 1.656317
22.375490 2.850108 2.156631
22.410030 -1.496744 -0.334889
22.425050 -1.961027 -8.610801
22.457520 5.455254 -12.638442
22.474000 -0.196056 -12.484314
22.490600 -5.250812 -0.690105
22.506840 -6.630821 3.339320
22.523440 -3.035821 4.418036
22.539790 -0.754290 8.717754
22.556270 -2.413242 15.885249
22.572510 1.785292 14.116376
22.589230 0.997885 4.148083
22.605590 -4.535445 -5.133333
22.621950 -5.521954 -3.730130
22.638310 0.733073 2.685869
22.654790 6.391339 4.803003
22.671140 1.238960 0.805098
22.687620 -1.922571 -4.978808
22.704220 -3.270266 -3.711773
22.720460 -2.362156 -3.399675
22.753300 -0.746897 -3.927918
22.769780 0.828449 -1.649501
22.802610 5.133325 0.249732
22.819210 4.901930 -1.037115
22.835570 -3.452763 -1.510058
22.852290 -5.958188 -0.115698
22.868410 -9.314280 28.529789
22.884770 -2.491015 -21.182755
22.901120 4.695797 -84.293649
22.917720 11.660144 -49.660083
23.180420 16.857023 27.058941
23.196780 12.069417 80.312728
23.213260 6.403207 24.973294
23.229610 -20.770260 -18.469324
23.246220 -34.056091 -8.625574
23.262570 -24.772740 -2.518808
23.279420 -2.814570 1.922480
23.295290 11.003699 6.066078
23.311890 3.676666 1.223549
23.328130 -2.701326 -2.462969
23.344730 4.586664 7.709866
23.360960 8.482993 3.809548
23.394040 9.112227 -2.773761
23.410400 -0.151103 -4.386336
23.426760 -4.833705 4.752179
23.443240 2.018842 14.179609
23.459590 2.258128 6.683308
23.476070 -5.384411 -3.376221
23.492550 -16.315394 -7.480525
23.509030 -8.722408 -11.007487
23.525390 0.947528 -9.800476
23.541750 3.289460 -3.214671
23.558350 4.097221 2.436095
23.574580 10.845339 8.245894
23.591190 18.915124 7.740780
23.608150 5.474548 1.343681
23.624150 -4.398863 -3.648889
23.640380 -4.227007 -5.070926
23.656980 4.060920 -3.666459
23.673220 8.256540 -1.034111
23.689820 3.613944 0.674959
23.706300 -0.017073 3.351648
23.723630 2.139579 2.627979
23.739140 -4.205492 -0.536117
23.755490 -1.914416 -3.981602
23.788330 25.530585 2.077483
23.804690 42.840735 4.619802
23.837650 41.660953 10.932297
23.854130 14.551730 6.789971
23.886720 1.953402 -2.386016
23.903320 2.656969 -2.433091
23.919800 1.072508 -6.249217
23.937380 2.472417 -6.969359
23.952640 2.000079 3.419815
23.969120 -3.405357 6.929764
23.985600 -7.023958 4.902208
24.001950 -5.552453 1.310447
24.018310 -11.301987 0.744245
24.034790 -9.958695 3.821979
24.051150 -1.922571 -4.486452
24.084110 6.486648 -8.481845
24.100460 5.731966 -1.020104
24.116940 -2.613972 0.750979
24.133420 -1.623216 -2.948177
24.149660 -2.541305 -4.175225
24.166380 -8.429753 -4.873739
24.182620 -2.506463 3.043881
24.198970 -25.334553 4.889320
24.215580 -35.811902 3.709141
24.231930 -28.670560 -3.220597
24.248290 -12.626607 -0.676969
24.265630 3.356790 3.630221
24.281490 -9.902273 0.802549
24.297730 -2.218744 -7.048424
24.330570 5.668382 -11.793565
24.346920 8.487800 -2.709013
24.363400 -2.585960 4.503255
24.381100 -14.863338 3.932518
24.396240 -3.518634 5.910869
24.412720 5.378742 4.396177
24.429080 7.585600 0.901050
24.445560 -2.690551 5.010943
24.461790 2.261708 3.461337
24.478390 17.587403 3.162790
24.494870 10.338170 -3.851629
24.511350 1.403059 -2.100315
24.527590 -1.738118 8.478095
24.544070 -1.669230 8.221135
24.560550 -5.577913 1.208590
24.576780 -9.783527 -5.690913
24.593870 -2.366996 -9.523917
24.609860 3.334712 -8.279045
24.626220 -1.704171 -6.007028
24.642580 -3.999955 -4.181959
24.659060 10.939089 7.128815
24.675420 27.031872 18.979632
24.691890 18.383149 10.125704
24.708370 -3.347011 -4.451560
24.724730 -8.919455 -12.579517
24.741330 4.779072 0.005366
24.774050 11.015169 14.485853
24.790530 3.637315 4.744243
24.807010 -0.320340 -1.111146
24.823240 6.916350 -6.804391
24.839840 13.383856 -0.053063
24.872680 14.401130 4.564316
24.889040 3.588881 -6.992564
24.905520 -3.511706 -15.066658
24.922120 -3.437116 -18.969584
24.938480 -0.075386 -8.632474
24.954830 -1.780618 3.787316
24.971190 -4.984642 11.445818
24.987670 -3.683462 9.163258
25.003780 -3.647493 0.717227
25.020510 -4.039339 -2.311944
25.036870 -3.912602 -3.770492
25.053340 2.603430 -0.834768
25.069820 5.579306 -3.037541
25.086180 3.543299 -0.756967
25.102540 0.449961 6.200112
25.119140 -0.648968 10.029132
25.135500 -1.443802 9.148444
25.151730 -0.467399 1.102029
25.168460 0.497467 -3.786570
25.184810 3.028528 -2.166493
25.201170 4.768398 3.470992
25.217530 1.611248 5.334953
25.234130 3.408075 -4.433576
25.250490 -3.320423 -15.441188
25.266850 -10.162604 -20.447356
25.283330 -6.586399 -9.630724
25.299800 5.440270 -0.717972
25.316280 15.108978 -1.481113
25.332520 8.839927 3.897025
25.349120 -3.078951 8.129825
25.365480 -6.269045 12.768825
25.381960 -6.117413 10.513399
25.398320 -3.421104 5.721888
25.414670 -2.125224 5.699262
25.431030 1.781248 1.867242
25.447750 10.024731 -1.898093
25.464110 11.324662 -3.129846
25.480590 6.580863 -4.911905
25.496950 -1.070917 -5.865328
25.513310 -2.476859 -6.661097
25.529660 -0.767417 -8.145240
25.546140 -0.373813 1.214329
25.562620 -7.100868 7.745131
25.578980 -0.186509 1.975149
25.611940 6.569956 -7.196090
25.628300 8.063801 -8.587119
25.661010 4.267385 0.299252
25.677730 -5.632878 0.115366
25.694460 -6.376554 -4.414783
25.710570 -9.707513 -3.652867
25.726810 -4.793128 -0.110912
25.743410 7.649946 5.971557
25.759640 14.067509 10.450952
25.776250 6.419086 9.538213
25.792600 -0.651024 2.726251
25.808960 -1.292997 -8.775954
25.825440 3.347409 9.404346
25.841920 -2.353139 26.814339
25.858280 -13.163839 27.490260
25.874630 -2.217517 14.513740
25.891110 4.000022 -3.298399
25.907590 4.079949 -1.575988
25.924070 -6.440734 -6.938425
25.940430 -3.481803 -10.827811
25.956910 10.076512 -10.417739
25.973270 7.753045 -1.089784
25.989870 -2.066414 8.379368
26.006230 -6.492416 11.200381
26.024540 -16.173779 9.816057
26.039060 -14.702164 1.480388
26.055420 -7.591800 3.749254
26.072020 -0.656361 2.623089
26.104740 3.544824 2.032045
26.121220 -1.259017 -3.537978
26.137700 4.646004 -9.283264
26.154050 5.647994 -7.061415
26.170410 -3.688467 -1.583053
26.186770 -9.264256 5.372953
26.203370 -7.069309 6.852626
26.219850 4.508261 1.092022
26.236210 13.364297 -1.345338
26.252690 1.931953 -3.298274
26.268920 -6.423098 -4.760632
26.302000 -10.173677 -3.541997
26.318360 -2.581584 -12.611859
26.334840 9.389333 -7.478266
26.351200 8.896979 -3.267319
26.367680 3.814773 2.763194
26.400630 -5.545790 3.644662
26.416990 -6.590410 -8.240652
26.433470 1.629050 -6.178046
26.449710 1.100653 -3.760090
26.466190 -0.199272 4.152247
26.482670 -3.020406 -3.442171
26.499020 1.529862 -11.650936
26.515380 4.558949 0.091352
26.548340 10.461258 -0.303023
26.564820 7.999455 5.361661
26.843870 -0.455630 0.916838
26.860470 -3.776881 2.051666
26.876710 0.426490 5.361205
26.893430 8.684085 -3.767384
26.910030 5.861189 4.528533
26.926150 -5.118274 11.303106
26.942500 -12.362267 9.503964
26.959110 -8.810390 4.502986
26.975340 -4.711908 1.831687
26.992190 -1.951545 3.641969
27.008420 -5.812026 1.850563
27.024660 -5.180465 5.375273
27.041260 -2.875436 8.879944
27.057620 -2.992658 9.153085
27.074100 6.149105 0.392863
27.090580 13.055007 -10.399569
27.106930 1.054838 -9.875334
27.123410 -7.697352 -7.140231
27.140140 -9.249570 -6.717018
27.156250 5.012622 -4.723814
27.189450 16.186541 -4.416400
27.205690 5.789350 3.467470
27.238530 0.597584 12.966711
27.255000 -2.960104 1.493172
27.271360 -0.239319 1.120014
27.287960 4.872525 3.588678
27.304200 -2.762788 7.335593
27.320920 -3.969324 -2.492970
27.337040 -1.068298 -23.126187
27.353390 1.443470 -15.497398
27.369870 2.845003 3.628688
27.386110 0.475753 15.614976
27.402590 -1.260011 13.012749
27.419190 -6.603704 0.331533
27.435420 -10.176329 -7.432580
27.451900 -4.236820 -7.268794
27.468260 12.393892 -2.399111
27.484740 19.118791 4.013862
27.501220 14.693843 9.888698
27.517580 2.854020 7.586856
27.534060 -3.475770 3.121144
27.552730 0.615751 -1.510618
27.583370 4.552551 -0.863506
27.599730 5.743602 3.250495
27.632690 0.222279 -3.501698
27.648930 -4.692250 -0.713414
27.681880 -3.848123 1.958946
27.698360 -3.562758 -0.808019
27.714840 -1.157243 -10.171182
27.731200 -1.091703 -8.547670
27.747680 -3.715353 1.706935
27.780520 -4.158550 7.259367
27.796880 -11.702609 -0.121085
27.813350 -5.316285 -1.321822
27.829830 3.660488 4.424604
27.846070 -0.087121 5.262705
27.862670 -3.341607 -6.747579
27.878910 -8.141109 -18.763376
27.895630 -0.585616 -13.847426
27.911870 -0.687092 2.628973
27.928340 -10.003349 17.923544
27.944700 0.437430 2.405659
27.961180 0.936389 -3.645823
27.977660 -0.396654 -1.620493
27.993900 -13.844807 8.357260
28.010500 -27.932329 8.726373
28.026980 -21.858719 0.425579
28.043330 -18.890992 3.480626
28.059690 3.093338 1.991476
28.076170 14.583089 1.527214
28.092530 4.446434 -5.766497
28.109130 -11.586583 -10.331610
28.125610 -9.923556 1.599981
28.141850 4.932263 5.697854
28.174680 8.507524 2.231200
28.191160 2.536962 -6.206783
28.223880 -4.761635 -7.662171
28.240360 11.839785 -5.186955
28.256960 17.833105 -2.053821
28.273320 13.640702 6.575733
28.289790 7.711408 5.591915
28.306030 -5.471929 -0.976117
28.322510 -6.501135 -10.468646
28.338990 -1.902084 -4.403678
28.355350 -0.314141 2.274939
28.371830 -0.862031 2.213941
28.388310 -2.705005 8.506459
28.404540 2.503513 7.749357
28.421140 9.008763 1.302221
28.437620 7.962327 -1.901243
28.454100 0.593639 -3.413661
28.470340 -7.824353 -2.446517
28.486940 2.664229 0.303292
28.503300 1.706193 9.375754
28.798950 -1.112157 13.688700
28.815430 -8.681831 5.789102
28.831910 -10.724274 -1.258047
28.848270 3.814375 -1.235877
28.865720 3.192228 -0.377054
28.881100 4.520660 -7.290674
28.897580 -4.320162 -6.701188
28.914060 -13.279035 1.519134
28.930420 -5.637320 4.499008
28.946780 0.370929 2.536771
28.963380 -3.812353 13.196607
28.979740 -10.070711 9.903885
29.012570 -7.277297 -5.430511
29.028930 2.644869 -9.682998
29.045290 -0.033682 -2.993532
29.061890 -8.306531 11.956603
29.078250 1.525022 7.887099
29.094850 3.090023 1.436214
29.111210 3.941643 2.095094
29.127560 -3.355332 -2.811512
29.160280 -13.307445 -6.143921
29.177000 9.063495 -0.187263
29.193240 32.902509 1.284444
29.209840 44.023742 3.134632
29.226200 27.055340 1.572238
29.242550 0.586710 0.897134
29.258910 0.663024 3.975096
29.275390 -3.667317 5.649101
29.291990 -5.394223 2.991067
29.308230 -2.101521 -2.336414
29.324830 2.350056 0.911990
29.341190 6.018954 8.708078
29.357540 1.492235 12.958154
29.374020 3.520557 2.454494
29.390260 -9.543451 -11.899812
29.406860 -21.005846 -15.489297
29.423340 -14.530050 -9.188183
29.439820 -1.947700 -10.090295
29.456180 7.076403 -15.258533
29.472530 -1.903244 -8.872982
29.489140 0.395229 8.605456
29.505490 9.796655 21.284872
29.521730 2.227297 9.478852
29.538330 0.552133 -1.260533
29.554690 10.156538 0.882382
29.571170 -11.523465 -4.062615
29.587400 -36.043340 -5.905731
29.604000 -44.539681 -7.039038
29.620480 -15.755331 8.767397
29.636960 11.448313 9.165765
29.653320 4.061782 -4.931982
29.669800 -0.494649 -4.229842
29.702510 -5.487179 -0.107244
29.718990 -10.101740 7.342410
29.735350 -1.372792 -1.539625
29.751830 9.346271 -6.998697
29.768310 7.282336 -5.256054
29.801150 6.643783 -2.696457
29.817750 8.607374 -2.876260
29.850460 18.188596 2.473059
29.866820 15.685154 3.429864
29.899780 7.155203 2.987980
29.916020 5.268647 3.821710
29.932620 2.617088 -1.592170
29.948970 4.168595 7.899945
29.965450 0.118284 2.225150
29.998290 -4.602211 -5.202474
30.014650 -6.940352 -13.062660
30.031130 -5.288372 -13.314870
30.047490 0.471377 -1.392579
30.063960 9.964928 12.506379
30.080440 10.848157 19.557520
30.096920 5.539027 15.821519
30.113280 -4.721191 1.833013
30.129880 -11.764401 -9.820615
30.146240 -5.670504 -8.037293
30.162600 2.153071 0.495196
30.178960 -8.782874 2.380505
30.195430 -25.963518 -6.710471
30.211790 -17.780895 0.196152
30.228390 -6.513335 -2.422607
30.244750 1.005708 -3.849951
30.261110 -0.738278 -4.884410
30.277340 4.929479 5.345769
30.294070 11.973646 19.608134
30.310300 5.417230 9.173887
30.326900 1.685573 -4.322913
30.343380 7.794650 -5.295918
30.359860 0.870584 2.064802
30.392460 -7.590706 9.149604
30.409060 -5.378642 2.569197
30.425420 8.169950 -4.407428
30.441890 19.230470 -2.855997
30.458130 5.492682 -14.848056
30.474730 -7.166805 -11.765015
30.491090 -9.595199 -2.958765
30.507570 6.217296 11.685433
30.523930 8.370579 12.580118
30.540280 -1.011013 -2.770984
30.556760 -9.216651 0.635737
30.573240 -6.806455 -2.801380
30.589600 3.587390 -4.931816
30.606200 8.787880 -5.047347
30.622440 8.315084 3.062280
30.638920 0.673202 10.032447
30.655270 -1.834522 10.435931
30.671880 -0.333733 8.314081
30.688350 8.365142 3.260772
30.704710 -2.191228 -0.685091
30.722900 -11.784292 0.053518
30.737550 -16.763343 2.980997
30.753910 -0.985387 3.010833
30.770390 7.391270 -7.171517
30.786990 -0.019427 -14.632458
30.803100 -1.636112 -6.109029
30.819700 -0.962479 9.473818
30.836060 6.116816 18.342984
30.852660 -1.010615 6.604388
30.868900 -3.596009 -10.215625
30.885500 -1.222882 -18.307681
30.901860 -4.121786 -16.484282
30.918210 -6.096461 -4.447230
30.934690 -8.969447 0.672327
30.951170 -5.485554 -0.845315
30.984010 -2.652527 -2.518787
31.000490 2.439166 -3.751678
31.016970 6.425087 1.288422
31.033450 3.515717 2.878042
31.049800 -6.274614 3.671763
31.082520 7.309653 6.875790
31.099000 35.564952 1.856737
31.131840 46.491054 1.456996
31.148320 36.278589 0.783943
31.181030 9.709138 -3.715709
31.197630 0.205770 -4.001824
31.230470 -2.587551 -3.926820
31.246830 -3.831017 1.658348
31.263310 -3.010129 1.164499
31.279790 -3.984209 -3.584783
31.296020 -2.370377 5.790884
31.312620 2.065154 14.877746
31.328980 1.891343 15.738023
31.345460 5.808014 1.732441
31.361690 5.575029 -13.372241
31.378170 1.322866 -13.761754
31.394650 2.267775 -8.475878
31.411250 -2.713824 7.776582
31.427490 8.549924 13.298109
31.444090 -30.501197 19.498060
31.460330 -55.371281 18.345988
31.476810 -47.623187 10.822010
31.493290 -15.319546 5.593386
31.509770 16.560634 -1.366990
31.526120 1.683220 3.875974
31.542600 -6.505710 -0.222776
31.558960 -8.964275 0.534004
31.575320 -4.605560 6.173881
31.591920 7.537101 3.393978
31.608400 15.677297 -1.770855
31.624760 10.932757 -8.395549
31.640990 -3.912204 -4.839387
31.657590 -19.027035 -3.939749
31.673950 -6.443784 -8.813684
31.690430 1.867474 -1.498269
31.723390 4.089894 6.389549
31.739750 -1.594673 5.083005
31.756230 -2.940445 -10.453107
31.772580 2.392125 -22.277309
31.788940 -5.707268 -17.974863
31.805420 -5.530607 -5.759908
31.821780 0.167778 -0.347445
31.838380 4.952154 5.705955
31.854610 8.126025 12.417164
31.871090 1.527044 16.076004
31.887570 -0.865147 2.500098
31.920170 -3.565278 -13.060195
31.936890 2.762556 -10.330222
31.953250 5.424324 -3.125433
31.969730 2.656704 3.470246
31.986210 -1.718559 -0.893094
32.002690 -0.351171 8.457086
32.019040 2.520386 16.845301
32.035640 7.278822 11.387390
32.051880 11.922993 -5.179662
32.068360 8.909411 -16.327796
32.084720 10.995511 3.677813
32.101070 12.604761 13.478383
32.117550 14.472634 5.331763
32.133910 10.003283 -0.639922
32.150390 -0.928698 0.425537
32.166870 -4.487442 11.403924
32.183230 -3.281736 -0.372392
32.199710 -6.846369 -13.973955
32.216060 -7.870731 -15.595459
32.232540 -6.506771 0.169589
32.248900 -0.984889 10.037979
32.265500 -0.899094 4.487964
32.281980 7.281143 -1.258752
32.298220 12.968684 -5.113069
32.314700 14.559586 2.850071
32.331180 -4.326759 -5.936582
32.347530 -14.395759 -0.308493
32.364010 -2.857799 10.864857
32.380490 -0.541691 10.725998
32.396970 0.612402 4.819310
32.413330 -5.224324 -2.366457
32.429690 -5.735480 0.266826
32.446040 -0.129257 1.422021
32.462520 3.444144 -0.121810
32.479000 3.700899 0.417022
32.495480 -0.391284 1.323728
32.511720 -8.533117 -0.587315
32.528320 -5.568299 -5.909958
32.544800 -1.730758 -11.048738
32.561040 -1.434851 -10.317355
32.577390 1.582108 -6.443979
32.593990 2.344486 9.226555
32.610470 -6.705776 36.707440
32.626830 13.659830 -45.066190
32.643310 36.010727 -50.799109
32.659550 51.996219 -13.136771
32.922360 -5.547845 50.067546
32.938960 -60.675818 63.981299
32.955200 -55.633088 -18.933141
32.971680 -21.976527 -0.641725
32.988280 13.791833 4.047676
33.004520 -0.519181 11.988116
33.021000 0.940831 4.592598
33.053960 -2.389406 -1.793107
33.070310 -0.004078 -3.733777
33.103030 4.044776 -3.725862
33.119510 3.464962 -4.553935
33.136110 -2.190267 -0.207900
33.152340 -10.314567 3.659746
33.168700 1.284278 11.063614
33.185300 7.499806 10.389209
33.201660 4.089894 1.260451
33.218140 0.205969 -0.741013
33.234620 -1.518259 3.113022
33.251220 4.621074 11.936112
33.267460 -3.230186 5.917976
33.283940 -7.165048 -5.598297
33.300420 -5.531966 -9.413608
33.316770 1.815824 -7.799001
33.333370 -4.893974 -6.437411
33.352660 17.792066 2.555336
33.366460 25.945719 2.120745
33.399170 15.355911 -0.919180
33.415650 6.967005 4.694703
33.432130 -9.072380 1.215096
33.448610 4.901632 -0.363731
33.468380 -0.051650 -5.068046
33.481320 -1.460145 -3.073634
33.497560 2.075531 2.143889
33.514160 -1.620033 4.618580
33.530400 -0.981674 2.582976
33.546630 9.031240 -3.253520
33.563110 -9.534036 0.924960
33.579960 -25.389113 21.001599
33.596310 -26.429895 38.963263
33.612790 -7.295497 23.458349
33.629030 15.876228 -0.267655
33.645390 12.373770 -9.128968
33.661740 2.914421 1.093824
33.678220 -6.808212 -0.495217
33.694700 -4.991306 -7.800969
33.711060 -7.832243 -10.694049
33.727420 -3.692976 -6.128216
33.744020 -4.614179 8.460463
33.760500 8.018385 5.938323
33.793330 5.052668 0.060024
33.809570 -10.791404 -4.181462
33.842530 -4.284790 -8.509484
33.859250 -5.609937 -5.409978
33.891720 3.381521 -3.875063
33.908330 2.577340 7.081284
33.941160 6.364520 4.810193
33.957520 9.364404 2.357797
33.990600 3.203068 6.032616
34.008180 -13.534523 8.173481
34.023440 -22.814013 -2.398904
34.039920 -20.641411 -20.101118
34.056400 -4.456446 -11.514812
34.072880 18.693357 4.186517
34.089230 17.710751 13.937635
34.105470 9.124227 2.538450
34.125980 -5.869112 -0.979163
34.138310 -10.572710 2.040478
34.154660 -10.564588 1.277710
34.171140 -5.153480 -7.153761
34.187260 0.806304 -8.986296
34.204100 6.446999 -3.678932
34.236690 3.612817 -3.380427
34.253420 12.397506 6.619409
34.269780 15.515560 10.476561
34.286010 9.616946 11.624623
34.302490 -4.501233 0.318853
34.319090 -2.076260 -4.482101
34.335450 19.822872 4.986536
34.351810 3.553410 -1.348384
34.368290 -5.861321 -4.189584
34.384640 -5.384941 -2.491707
34.401250 5.069211 2.648657
34.417480 1.192084 4.226796
34.434080 -24.368541 0.571693
34.450440 9.599011 -2.970182
34.466670 46.978770 1.876193
34.483280 56.151596 10.006755
34.499630 20.080835 2.822866
34.515990 -17.064074 -11.502049
34.532470 -8.637508 -24.272289
34.549070 -1.372526 -0.365844
34.565430 1.102444 16.524600
34.581670 -7.930104 13.617323
34.598270 1.931688 0.178830
34.614620 10.299815 -10.141202
34.631230 10.953244 -3.172673
34.647460 2.530166 -6.265295
34.664060 -8.498010 -4.705146
34.680420 -7.649117 -6.329338
34.696660 -7.380065 1.230324
34.713380 -2.250569 4.910413
34.729740 -0.729592 1.282434
34.746220 7.286248 6.775778
34.765260 7.758880 10.313294
34.778930 -1.141231 15.064711
34.795410 0.972159 -4.546745
34.811770 11.312098 -12.207178
34.828250 25.168883 -1.571139
34.844600 3.710115 -1.950555
34.861210 -7.520757 -6.093076
34.877440 0.795596 -13.582992
34.894040 5.037253 -4.275300
34.910400 -2.093300 9.114174
34.926880 -16.279194 11.447703
34.943360 -9.765527 8.158956
34.959720 0.728299 10.779246
34.976200 3.908160 11.222902
34.992550 2.210887 4.441097
35.009160 -0.132704 -10.542965
35.025510 -3.408705 -19.240390
35.041870 -0.793574 -9.125549
35.058350 0.270182 0.806901
35.074580 -0.353127 2.262466
35.091060 -0.258646 -1.741412
35.107540 0.970535 4.602129
35.123780 5.580002 19.586153
35.140380 -15.875598 -15.069269
35.156740 -5.407351 5.229243
35.173340 27.121037 -80.616660
35.403320 43.848901 -126.383736
35.421140 42.224269 -104.444055
35.436400 -28.440659 -62.152675
35.452640 -55.324267 24.789865
35.468870 -48.209045 -16.718939
35.485470 -18.869776 -5.573371
35.518310 15.715187 8.593915
35.537110 2.547902 -1.061460
35.551150 -3.460288 -10.109294
35.567500 -6.482537 -22.871073
35.583980 -9.723757 -6.926076
35.600460 -2.852926 5.398893
35.616820 5.994920 8.741208
35.633300 3.234330 0.884868
35.649780 -0.463653 -1.800608
35.666380 -5.057840 8.748025
35.682620 1.096244 12.512782
35.698970 3.612054 9.236811
35.715330 -1.811813 -5.140605
35.731810 2.171404 -4.870321
35.750240 0.963540 -14.822531
35.764890 -3.136302 -20.032086
35.781130 -2.606149 -20.177298
35.797490 0.505125 -3.983943
35.813840 4.202774 13.166358
35.830320 4.432179 5.817943
35.846800 -0.741129 -7.768543
35.865480 0.742886 -12.164082
35.879640 1.263227 -0.818876
35.928960 3.132722 6.044903
35.945310 6.465266 14.280551
35.961790 2.373626 17.307527
35.978270 -2.239430 10.011417
35.994870 12.148116 3.110825
36.011110 29.422806 -3.841021
36.027340 28.618786 3.697580
36.060300 10.904082 9.477029
36.078610 -6.158321 -9.018390
36.093510 -1.774319 -18.646381
36.109620 1.636045 -21.160234
36.125980 -3.197996 -2.706278
36.142460 -6.154575 7.466601
36.158940 -5.562730 0.127819
36.175290 0.155214 -0.863734
36.192870 3.416197 6.208255
36.208500 2.612978 22.203078
36.224730 -6.583051 7.069806
36.240970 -10.249989 -3.730959
36.257810 -4.589415 -6.816181
36.274170 -3.101129 -2.063621
36.290410 2.467577 -7.090815
36.306760 -2.279377 -9.446572
36.323360 1.794044 3.133430
36.355960 2.617387 11.256094
36.372440 1.500855 2.724656
36.405520 3.612618 -12.206287
36.421880 -1.259713 -14.046388
36.438350 0.587274 -12.680646
36.454710 1.025002 -6.300207
36.470950 3.057601 1.236520
36.487550 1.005079 11.409995
36.504150 -1.608961 14.381430
36.520260 -3.995613 14.184706
36.536740 -9.134769 3.356144
36.553340 -10.080789 -5.525613
36.569580 -8.054154 -7.325565
36.586060 1.606342 -5.005722
36.602660 8.012649 0.137930
36.618900 4.427704 -3.037520
36.635380 -21.283894 -5.662713
36.651860 -36.972631 -4.675372
36.668210 -31.449944 2.362956
36.684570 -14.227955 12.986560
36.701050 -2.620934 17.886334
36.717410 -3.992795 7.487155
36.733760 3.557487 -5.987158
36.750490 4.394586 -10.618196
36.766720 2.102118 -14.914294
36.783080 -1.384328 -7.338452
36.799680 -3.085249 -0.309985
36.815920 2.283753 8.753702
36.832400 1.089051 9.672887
36.848880 -2.477522 1.432360
36.865230 -3.823227 1.479124
36.881840 -0.839588 -5.363028
36.898190 0.035604 -12.429284
36.914550 9.024941 -10.910501
36.930910 16.412555 -1.529162
36.947390 16.436489 5.874942
36.963870 7.985466 11.374172
36.980220 -5.771681 13.555706
36.996830 -3.593688 16.799617
37.013060 -2.014897 12.777113
37.029660 5.591571 7.786134
37.046020 11.945933 7.285908
37.062380 0.229241 -3.338864
37.078980 -4.680150 -8.648780
37.095210 4.932993 -9.867399
37.111820 17.124671 0.818234
37.144530 18.201757 9.850492
37.161010 1.908316 8.752935
37.177490 -2.270062 6.537816
37.193850 0.064347 -0.451002
37.210210 2.612215 -5.348483
37.226810 -1.061833 -12.616459
37.243160 -7.850675 -19.182441
37.259520 -6.021009 -6.720167
37.275880 4.675674 7.524035
37.292600 12.250584 14.730706
37.308960 8.271922 6.466666
37.325320 10.310025 -3.895202
37.341670 14.808641 -0.669551
37.358150 9.916760 4.294010
37.374510 -7.114759 8.856863
37.390990 -17.722585 4.007564
37.407470 -7.855349 -3.426341
37.440310 1.493860 -10.394265
37.456670 7.636122 -4.336029
37.473140 0.872341 2.858338
37.489620 6.061321 2.056349
37.505980 18.525225 -0.416877
37.538820 22.548498 -0.742090
37.555300 15.959334 2.518704
37.571660 -2.116937 -0.448391
37.588260 -4.285950 -6.071175
37.604490 1.447150 3.325500
37.621090 3.106466 4.030749
37.637330 1.011676 0.666236
37.653810 -0.520607 -6.407119
37.670410 -2.566864 -2.418380
37.686890 -0.819133 4.435627
37.703370 -2.970314 8.788241
37.720210 3.247126 5.177921
37.736210 3.282764 -4.223398
37.752690 3.033533 -6.070305
37.785640 1.214163 -3.520076
37.802250 5.075211 4.211381
37.818360 3.508689 -0.771988
37.834720 -6.254856 -7.386086
37.851070 -8.164911 -6.616405
37.867550 -4.981360 -4.800558
37.884030 2.612580 -2.830076
37.900760 0.526375 3.239908
37.933590 0.322495 8.907024
37.950070 -1.245358 9.671085
37.966310 2.078879 2.410238
37.982420 4.899013 -6.128423
37.998780 4.090756 -10.558401
38.015500 1.107781 -13.747582
38.031740 5.879886 -17.964483
38.048220 -17.198396 5.381303
38.064700 -34.119761 21.689447
38.378300 -20.086703 18.998444
38.393190 -37.324671 7.225367
38.409670 -46.282286 -9.350000
38.426030 -56.012080 -8.370065
38.442380 -21.313861 -6.985395
38.459350 17.027842 3.873302
38.475710 4.829528 20.118418
38.492070 5.055552 14.267602
38.508300 0.051849 7.083543
38.524900 -2.060447 3.365385
38.541260 -5.081178 -0.463620
38.557980 -6.435629 -4.516267
38.574100 -7.299608 -6.317777
38.590700 -0.661068 1.032950
38.623660 7.666919 7.169300
38.639770 6.698416 0.097382
38.656010 4.384840 -5.852607
38.672610 2.338718 -7.497867
38.688720 -2.076492 -3.701537
38.705440 -2.528111 -4.044693
38.721800 0.463653 -9.079781
38.738280 0.197283 -10.995407
38.754760 0.434248 -10.638543
38.771240 -4.479652 -7.787170
38.787720 4.703753 -4.920130
38.803960 9.131885 4.696402
38.820430 6.218689 9.631946
38.836910 0.050357 7.850302
38.853270 -12.283867 3.023472
38.869750 -16.494633 2.252293
38.886110 -1.806774 2.592445
38.902470 11.574715 5.589056
38.918950 12.900394 2.284698
38.935420 1.111693 2.085750
38.968260 -9.319452 -0.212375
38.984500 -4.398200 -12.014492
39.001100 -5.933226 -15.315717
39.017580 -4.636622 -13.899803
39.033940 -3.082431 -1.745846
39.050540 5.897820 12.204298
39.066890 14.070194 21.403896
39.083250 9.601033 13.515346
39.099730 -0.345369 2.934876
39.116090 -6.077863 -5.479927
39.132570 -5.067155 -2.225834
39.149290 0.195891 -0.369636
39.165410 1.838632 -11.280936
39.181880 3.323374 -12.935529
39.198120 -2.689424 -12.859243
39.214720 -10.590147 -4.963082
39.230960 -0.322727 0.182518
39.247560 6.893741 7.162421
39.263920 9.185987 14.715374
39.280270 2.860186 11.758923
39.297000 -1.153066 1.782851
39.313350 3.179531 -11.264444
39.329960 -0.900453 -10.611981
39.346190 -2.613110 -4.141453
39.362790 -1.737389 -2.935145
39.379150 0.487853 -0.773646
39.395140 0.325213 1.570684
39.411870 -0.310958 8.114949
39.428220 0.389361 8.711849
39.444580 -0.665047 6.350099
39.461060 -0.126870 4.995134
39.477540 -3.305174 3.766741
39.493770 -1.970011 0.772879
39.510380 0.805773 -5.435132
39.526860 -1.722404 -5.554227
39.543210 0.682584 -3.478161
39.559690 2.421662 0.033918
39.576050 5.654923 1.359490
39.592530 1.431933 -0.022564
39.608890 -6.733556 0.760240
39.625240 -3.072585 -4.372827
39.641850 10.271935 -8.990108
39.658200 19.607339 -8.131193
39.674560 14.633444 2.498503
39.691040 -0.172850 10.542178
39.707760 -9.301716 7.984604
39.724000 -0.550675 4.105194
39.740230 2.041020 4.394209
39.756840 -0.007326 9.222287
39.773190 -3.534878 7.396632
39.789670 -0.725647 0.919573
39.806030 6.079189 -6.205126
39.822510 1.792188 -10.503972
39.838870 0.835610 -9.328742
39.855350 1.728537 -7.338908
39.871830 3.473681 -2.538118
39.888180 0.333137 -3.115694
39.904540 -3.706899 -3.711980
39.921020 0.272205 -3.594708
39.937500 -1.425668 -3.327157
39.953860 -3.783346 1.657291
39.970210 -3.381223 6.676905
39.986690 0.590788 9.037907
40.003170 5.714926 5.401711
40.019650 0.450624 2.182551
40.036010 0.769572 -0.905152
40.052490 3.609501 -3.652494
40.068970 2.206113 -5.229243
40.085210 -1.385721 -7.917888
40.101680 -3.271227 -7.309425
40.118160 -2.613939 -3.634261
40.134640 -4.878957 3.506070
40.151000 -11.849167 11.154612
40.167600 8.495756 10.355085
40.183960 25.936703 2.997200
40.200320 24.771016 -2.127935
40.216670 11.512193 -0.570139
40.233150 -6.502958 1.954057
40.249630 -3.473748 0.761856
40.266110 -3.743531 -4.332299
40.282470 0.921902 -7.827780
40.298950 5.528883 -6.284709
40.315310 5.070006 -10.610945
40.331790 -2.158309 -6.364810
40.350220 -8.173928 3.730337
40.364870 1.136589 10.468460
40.380980 0.481753 8.652219
40.397710 -12.572075 0.997126
40.413940 10.195854 4.872911
40.430300 41.187841 3.480212
40.446780 54.682729 2.565696
40.463130 23.581816 -3.871685
40.479740 -7.077066 3.786881
40.496090 2.348232 14.723247
40.512450 4.646800 1.205192
40.528810 4.188850 -13.152870
40.545530 2.545482 -22.192616
40.561770 0.509667 -9.116184
40.578000 -3.030616 6.032575
40.594850 -0.540630 9.039979
40.611080 -7.968957 13.034172
40.627690 -13.164833 8.332480
40.643920 -11.849498 1.361914
40.660280 -7.487308 -4.118786
40.678960 -4.031747 -5.449014
40.693240 -10.647763 -4.030624
40.709720 -1.759898 -2.775854
40.726320 7.346715 -2.109080
40.742680 5.827474 0.022522
40.758910 -2.409927 5.988878
40.791750 -0.484638 1.754486
40.808110 6.827373 -4.848296
40.841060 6.524274 -8.387303
40.857420 1.548593 -2.546095
40.873900 -1.813703 5.410496
40.890260 2.888961 5.447087
40.906620 1.347398 3.792102
40.923220 -1.668169 1.020353
40.939700 -2.437707 2.482569
40.956050 -5.997472 -0.322789
40.988890 -7.322250 -1.886097
41.005130 -8.442184 1.648361
41.021730 -2.879215 3.027077
41.038090 1.562881 26.735222
41.054570 7.723375 18.981662
41.087280 -25.992820 -4.641640
41.333740 -51.690091 -22.565179
41.350220 -52.540312 -17.427694
41.366820 -29.813561 11.082842
41.383180 0.613828 7.951287
41.399900 -7.373302 3.206093
41.416260 -1.959004 -3.053950
41.432740 -2.814636 -3.155227
41.452270 0.941395 -2.485284
41.465450 0.234711 -1.160023
41.482180 -2.165238 -0.257481
41.498540 -0.189990 -1.155693
41.531370 2.021594 1.651987
41.547610 7.422863 1.829574
41.564210 -0.399174 -0.330891
41.580320 -7.889527 -0.988466
41.596680 -3.080111 -0.423673
41.613040 1.212705 -1.174568
41.629640 4.578276 -4.513139
41.646000 -2.483920 -0.224268
41.662350 -2.760633 3.109934
41.678960 4.724174 -1.074079
41.695310 -6.069145 -3.866733
41.711790 4.582586 -6.679951
41.728150 16.492014 -6.648043
41.744630 21.069424 -4.853455
41.760990 10.521426 -0.997644
41.777470 -6.336143 3.594501
41.793820 -6.238115 -1.890365
41.810300 -2.779330 -4.208231
41.826780 4.983283 1.431469
41.843140 2.978370 3.527038
41.859740 -1.152999 1.986980
41.875850 -5.898682 0.004372
41.892460 -0.358762 7.762390
41.908810 2.208102 10.769218
41.925290 2.393053 5.869804
41.941770 0.564399 0.673032
41.974610 1.417778 -1.195412
41.991090 -2.550554 1.704615
42.023800 -5.353646 3.162852
42.040280 -0.825134 6.094899
42.056640 4.622102 2.136305
42.073120 11.594207 -5.437432
42.089720 6.395516 -5.891787
42.106080 -5.075874 -3.150793
42.122440 -5.590975 -3.094643
42.138790 -1.983768 -0.149533
42.171630 0.435309 6.343158
42.188110 1.300290 12.163150
42.204470 -1.031566 8.679900
42.220950 2.414502 2.137528
42.237300 -2.941207 1.347245
42.253780 -1.580749 -1.953290
42.270260 3.120389 -6.650468
42.286620 0.271044 -11.637054
42.303100 -3.756958 -8.241896
42.321530 -9.397853 -3.115446
42.336060 -0.384322 -4.770039
42.352420 10.230861 4.629893
42.368900 -0.787010 3.914595
42.385380 -6.557823 0.516164
42.418580 -5.540751 -6.715961
42.435910 1.158337 -1.287262
42.450930 0.906752 13.872682
42.467410 -8.408370 11.347051
42.483890 -1.664489 -1.283884
42.516850 5.758089 -13.410944
42.533200 -0.384024 -1.587487
42.549680 -0.100945 -3.067998
42.566160 6.006456 -8.570855
42.582400 2.617486 -5.261586
42.599000 4.783614 9.027050
42.615360 5.294737 27.700760
42.631840 7.192531 0.626102
42.650150 -0.051583 -21.257131
42.664670 -11.909467 -21.252967
42.681400 -0.899194 -5.247290
42.697630 5.979306 6.970623
42.714110 3.533784 -3.373279
42.730470 -3.656841 -8.726083
42.747070 -0.922996 -9.029474
42.763430 8.564975 -4.052110
42.779660 9.113685 5.580395
42.796390 -2.537625 12.702566
42.812620 -13.784242 14.663494
42.829100 -9.429512 3.356040
42.845460 1.402694 -10.139233
42.862060 7.347047 -13.589850
42.878420 3.325396 -8.091515
42.894530 5.278858 2.492432
42.910890 6.469575 6.466273
42.927490 10.750562 2.795392
42.943850 6.581659 -1.201276
42.960330 1.433326 1.745929
42.977540 0.240147 13.529621
42.993040 -2.856142 17.503709
43.009520 -1.650930 10.086420
43.026120 -1.095614 3.168550
43.042360 1.499529 -6.393941
43.058840 1.874402 -8.445027
43.075320 1.566759 -7.751139
43.091800 1.271017 -1.870246
43.108030 0.850726 -2.051749
43.124510 -0.252911 3.371352
43.141110 0.653941 8.974444
43.157350 3.403136 10.796049
43.173830 -1.226827 -2.626010
43.190310 -2.338884 -14.569080
43.206790 -4.585570 -9.940558
43.223390 4.025946 -4.399575
43.256230 9.944673 3.323780
43.272460 8.817848 5.329898
43.288940 10.966239 9.999628
43.306270 8.095792 9.071514
43.322020 2.615663 2.835733
43.338260 -4.499377 -2.948778
43.354740 -4.787228 -7.861304
43.371220 -1.924726 -8.835895
43.387450 -0.952799 -5.416028
43.404050 -5.581361 -1.201773
43.420290 -0.705723 -1.532684
43.436770 1.901520 -5.442487
43.453130 -0.610148 -6.287112
43.469600 0.372288 4.356728
43.486210 8.797527 5.695678
43.502560 14.777082 6.196817
43.518800 9.650328 1.044885
43.551880 0.433121 -0.168947
43.567990 -0.991884 0.798157
43.584590 3.113262 3.957961
43.600950 1.206008 5.439317
43.617430 -1.856368 -2.087262
43.650150 -1.346470 -0.414680
43.666500 2.118926 0.688406
43.699460 3.702325 4.071670
43.715940 -1.183366 -5.383520
43.732300 -2.129799 -7.983817
43.748780 1.834124 -1.514182
43.765140 -1.050893 -4.594939
43.781490 0.376962 -2.187213
43.797850 2.511204 1.908536
43.814580 1.708912 8.466865
43.831050 -3.609336 4.762538
43.847900 -11.189938 -4.422118
43.864010 -1.747433 1.465304
43.880490 10.431820 4.888222
43.896730 11.389570 5.015377
43.913330 10.705544 -5.419696
43.929690 0.262094 -6.673963
43.946170 -6.083897 -3.140040
43.964720 -6.914394 -1.168435
43.978880 -0.703303 4.745983
43.995120 7.457506 10.055694
44.011720 4.552816 3.825668
44.028080 5.349403 -5.634204
44.044560 9.053815 -5.967060
44.060910 0.773252 1.406813
44.077270 -11.671249 11.605499
44.093750 -17.960530 8.434046
44.110230 -6.725169 4.748843
44.126710 20.684571 -7.456780
44.143070 30.490292 -17.051200
44.159670 21.563600 -19.404911
44.175900 1.553698 -10.093796
44.192630 -8.929832 -0.234814
44.209470 -2.660848 -1.287821
44.225590 2.687502 -3.029377
44.242070 3.159541 -5.354616
44.258420 3.639337 -4.280957
44.274660 0.961021 -1.218411
44.296140 -3.346281 1.499906
44.307370 4.510980 4.550993
44.323970 1.315473 1.834857
44.340210 -4.475972 -0.486681
44.356450 -9.683777 -2.280368
44.373050 -7.148805 8.076224
44.389400 0.266403 18.306292
44.406130 6.697057 21.341017
44.422490 12.168338 14.682970
44.438840 11.850891 -0.712109
44.455200 0.792016 -8.811550
44.471680 -7.825182 -15.867410
44.488040 -2.695955 -15.407894
44.506470 1.861772 -7.375789
44.521120 0.809122 -1.759604
44.537480 -7.428764 -5.112096
44.553830 -2.262305 7.692752
44.570310 5.859266 16.157117
44.586670 9.646781 16.178623
44.603270 6.806853 3.849723
44.619510 5.129081 -7.134492
44.635990 5.933159 -3.650402
44.652470 8.781747 -4.210490
44.668950 2.313258 -1.025595
44.685300 -3.945753 2.108106
44.701660 -2.476063 3.272520
44.719120 0.540895 4.830021
44.734620 23.268636 3.210818
44.751100 -26.858085 3.805528
44.767460 -92.808477 1.310758
44.783810 -107.466430 -4.693025
44.800170 -64.038208 -6.145723
44.816770 4.543236 -4.144726
44.833130 7.914689 3.730586
44.849610 3.249646 2.635085
44.865970 -0.460603 -4.881053
44.882450 -6.528352 -11.200774
44.898930 1.928008 -5.113380
44.915530 9.254808 8.616789
44.931640 10.709091 16.261890
44.948240 2.818349 10.692516
44.964480 1.168348 0.102209
44.981080 1.687529 -4.430530
44.997560 -1.451625 -8.003148
45.030270 -1.698038 -8.051548
45.046630 1.791823 -0.331533
45.063230 3.614540 11.337810
45.079590 -15.093066 17.419365
45.096070 30.732352 -1.813786
45.112430 29.228704 -18.373129
45.375240 0.158894 -16.243202
45.391720 -21.041547 -8.187487
45.408200 -19.965113 3.806751
45.424560 22.573392 3.981499
45.440920 9.486199 8.349470
45.457400 3.729011 12.935612
45.473880 8.205952 7.983091
45.490110 -4.363590 3.310312
45.506840 -14.869073 -9.623949
45.523070 -12.681736 -19.578818
45.539550 -8.089592 -13.885569
45.556030 7.543267 1.873333
45.572390 13.373413 17.050288
45.588990 9.456695 12.888021
45.605350 2.884055 -1.294182
45.621700 -3.346016 -10.810594
45.638180 5.821805 -8.900601
45.654540 9.622150 4.892760
45.670900 5.785704 13.091149
45.687260 0.849699 15.799682
45.703860 -0.843665 4.376660
45.720340 4.507333 -7.389691
45.736690 4.696626 -15.648291
45.753050 -2.974292 -10.453811
45.769530 -8.891741 0.494409
45.786010 -3.856245 4.148249
45.820560 2.878419 6.085036
45.835330 5.642922 1.223466
45.851560 -5.620811 -2.319652
45.868160 -14.495408 -11.701988
45.884770 -6.919997 -8.465249
45.900880 6.373968 -2.746701
45.917480 14.258850 0.475761
45.933840 3.775091 1.726577
45.950200 -7.937132 2.900606
45.966550 -8.429454 10.177792
45.983280 2.792226 4.261480
45.999510 0.144340 1.899585
46.015870 -7.326758 4.729035
46.032470 -17.840530 3.475094
46.048830 -18.884229 -0.040030
46.065190 -9.772820 -10.004704
46.081670 -2.862208 -9.498080
46.098020 4.865464 -1.364131
46.114620 1.945512 7.133849
46.131100 -1.975911 10.271670
46.147460 -6.310815 5.312722
46.163820 -3.211157 0.225263
46.180300 -4.017459 -4.212914
46.196660 -0.620292 -5.919841
46.213380 -1.059712 -8.580075
46.229610 1.799149 -7.070345
46.246340 6.173438 11.188343
46.262330 7.688600 25.786124
46.278810 7.822662 25.488588
46.295170 -0.318981 7.064377
46.311770 -5.258536 -8.982773
46.328250 -2.495556 -5.305076
46.344480 -2.999222 2.636929
46.361080 -4.644048 8.739799
46.377440 -0.305455 4.984174
46.393680 2.317435 -1.430454
46.410160 3.085713 -4.277041
46.426640 -1.179321 -2.803286
46.443360 -2.408336 -1.636489
46.459720 1.382870 -2.904522
46.476070 3.091581 -2.700269
46.492310 1.198648 3.184193
46.508790 3.220904 2.784017
46.525270 7.032710 2.206171
46.558230 10.869274 3.560935
46.577390 8.809461 5.495736
46.590820 0.801994 7.162711
46.607540 -1.145640 -0.490576
46.623780 2.829090 -2.019965
46.640380 2.066878 -4.487426
46.656740 -2.993122 -8.132705
46.673100 -3.226175 -9.215553
46.689450 -5.553647 -0.505722
46.706050 -2.508021 0.727793
46.722290 -8.490054 29.012084
46.738770 -8.857232 54.163021
46.755250 -4.929147 57.676573
46.771730 2.060679 27.753380
46.788210 8.187752 -9.615848
46.804570 4.399161 -5.773396
46.821170 -1.595435 -3.741091
46.837400 -7.822662 -0.461299
46.853760 -9.853475 -4.938260
46.870360 -0.959363 -3.944514
46.886720 -1.718526 -9.381638
46.903200 0.448337 -6.781849
46.919560 1.350415 2.310825
46.952270 1.045125 7.125603
46.968630 2.198953 9.703137
46.985110 -3.189543 -0.170625
47.001710 -0.901812 -4.731811
47.018070 5.925734 -5.949988
47.034550 24.180959 -1.797541
47.051030 32.509217 6.117400
47.067380 18.777556 -1.876296
47.083740 0.288117 -3.482657
47.100340 -0.523292 1.002203
47.116700 1.222418 11.700434
47.133180 0.954258 18.169469
47.149540 -3.660223 11.197439
47.165890 6.662282 3.960448
47.182370 2.599419 -14.564356
47.198850 -9.042876 -22.122549
47.215330 -8.733215 -7.302069
47.233280 -3.438475 7.087894
47.248410 9.462961 10.673060
47.264650 -4.098713 8.294108
47.280880 -10.051616 8.658746
47.297490 -8.608667 13.044904
47.313960 3.317307 0.882382
47.330320 4.996610 -6.711237
47.346920 -7.700468 -4.270908
47.363160 -5.792533 4.407366
47.379520 0.237230 0.858140
47.396000 9.876979 -10.168592
47.412600 -3.955301 -18.155547
47.428960 -12.316520 -11.029822
47.445310 -11.126853 6.749713
47.465090 -1.381610 5.910269
47.478520 24.073263 0.142944
47.494630 32.213004 -6.557417
47.510740 23.704595 1.372170
47.527340 7.745454 4.908631
47.543700 -0.118151 1.825533
47.560670 6.322054 1.074783
47.576780 2.630714 1.255623
47.593020 0.278404 -1.532560
47.609500 -2.524365 -3.997908
47.642330 -4.530671 -0.354925
47.658940 -11.039435 0.987367
47.675170 -12.944252 4.385155
47.691530 -8.747237 3.634199
47.708250 3.756261 7.765477
47.724610 7.642454 8.131545
47.740970 -2.501988 3.169979
47.757320 -0.649465 5.669364
47.773800 -4.664801 -2.279850
47.790280 -2.132054 -7.755014
47.806640 -12.329117 -11.825328
47.823120 -2.321711 -2.791725
47.839600 13.553949 10.711349
47.856080 15.378817 6.933286
47.872800 14.088559 -1.063346
47.892460 -2.358178 -13.052715
47.905760 -13.452907 -2.881917
47.938480 -24.653675 11.397957
47.955080 8.570378 -1.951218
47.971310 1.693629 -14.125699
48.233760 -16.378776 -14.309350
48.250120 -39.945159 1.423409
48.282960 -38.504133 11.604691
48.299560 -8.616557 -3.591144
48.315920 -11.979348 -0.697729
48.333370 1.953103 9.806919
48.348750 -0.414589 3.697186
48.365230 3.198527 -3.781535
48.381590 4.729047 -10.630752
48.397950 -4.955071 -7.234773
48.414430 -2.287831 9.475268
48.430790 6.223330 17.485394
48.447880 4.735379 7.222590
48.464110 -3.467979 -12.871798
48.480470 -13.305953 -23.619612
48.496700 -7.720425 -7.937447
48.513310 7.658267 8.873148
48.529790 1.928638 8.408437
48.548460 1.373256 8.700909
48.578980 -3.757355 -1.441788
48.595580 19.727172 -3.353430
48.628420 39.225396 -5.476798
48.644780 37.183650 5.098732
48.677610 17.057942 7.367273
48.693850 -7.840862 -4.347362
48.726810 -6.704019 -10.572987
48.743410 -0.621784 -6.188198
48.759770 16.821321 0.952310
48.779170 14.865692 -6.309303
48.792850 1.804586 -21.357115
48.808840 -6.321855 -21.200510
48.825200 1.545874 -5.472986
48.841920 0.884043 5.515212
48.858280 0.685136 7.580537
48.876950 -2.260050 -1.311773
48.890990 2.863766 -5.066161
48.907350 2.251166 -0.769067
48.923830 -3.455979 9.831596
48.940310 -2.534608 3.751782
48.956670 2.486075 6.826105
48.973140 4.512902 11.153059
48.989990 13.291566 6.603352
49.006230 3.484555 -1.322319
49.022460 -12.018233 -10.301588
49.038940 -9.928164 -3.399572
49.055300 -2.886177 -0.328093
49.071660 8.783040 -6.344712
49.088010 0.439254 9.632008
49.104490 2.778203 5.393320
49.121090 12.031692 -6.694268
49.137450 10.026588 -14.462668
49.153810 -6.280515 -5.330478
49.170530 -15.383657 16.732675
49.186650 -20.410333 3.851070
49.203250 -13.498654 -5.699242
49.219600 -2.113025 -5.894916
49.235840 0.510330 1.940071
49.252320 5.375559 7.262972
49.268800 1.737654 0.861704
49.285400 -2.131523 1.597660
49.301640 -4.410200 0.178706
49.318120 -3.091879 -2.190176
49.334720 -3.977976 -1.914192
49.350950 0.431264 1.182628
49.367310 1.552770 5.744244
49.383790 5.469112 3.043114
49.400390 -0.460901 -1.058353
49.416750 -9.967314 -1.734865
49.434570 -8.828258 -3.782053
49.449580 0.538707 -5.565042
49.465940 16.207724 -4.503297
49.482300 -10.170130 1.385037
49.498780 -30.356617 7.671287
49.515380 -29.797783 7.120175
49.531620 -9.986542 7.120796
49.548100 8.130202 6.727461
49.564580 -5.093112 2.565468
49.580810 -7.141677 -2.690303
49.597290 -6.348906 -10.388691
49.613890 -7.773798 -8.279439
49.630000 7.474346 -7.371106
49.646730 22.447893 2.504159
49.663090 7.876300 -0.385859
49.679570 -1.581512 3.404917
49.712520 -4.287840 2.597977
49.728760 2.259122 -0.121478
49.761720 5.659697 4.843468
49.777950 11.235255 -5.803978
49.810790 26.641902 -4.452058
49.827270 20.458266 -9.476884
49.843750 1.699066 1.279927
49.860110 -6.915024 10.970503
49.876710 -1.159663 5.040614
49.893070 2.419143 -7.530168
49.909420 -3.842819 -12.757534
49.925900 -2.755296 -3.032671
49.958860 -8.570610 15.052218
49.975220 -8.221168 17.929076
50.008060 -2.752014 10.728422
50.024540 -4.944065 4.418016
50.057620 -4.398399 1.718414
50.073850 -5.447928 8.075789
50.090210 8.238539 8.859266
50.106690 17.179202 11.303893
50.123050 11.219840 8.170290
50.139400 -4.455253 -2.453065
50.156010 -13.936964 -9.830518
50.172490 -8.156060 -6.716645
50.188840 0.819863 -2.407876
50.205440 2.409794 -2.635003
50.221680 5.176719 -4.079688
50.238280 12.281712 -0.491612
50.254640 17.085920 6.768879
50.270870 10.792862 3.703361
50.287480 -5.336342 -2.528774
50.303830 -11.526415 -4.269602
50.320310 -4.157423 -3.532964
50.336670 4.483365 2.563085
50.353030 7.791268 7.625373
50.369380 0.799077 1.309328
50.385990 0.165259 -5.381821
50.402220 4.554938 -12.676481
50.418820 2.108483 -5.477420
50.435060 8.354931 3.485868
50.451540 11.996785 3.440762
50.467900 14.214098 4.560296
50.484250 7.616663 0.741344
50.500980 0.243927 2.197718
50.517330 1.583865 -2.313871
50.533690 -0.970038 -6.247083
50.550290 -2.045463 -6.379355
50.566890 -1.036705 -0.662776
50.583130 2.617652 7.490698
50.599490 7.235129 3.535160
50.615970 -6.967204 15.079463
50.633420 13.054642 -8.469786
50.648930 -11.764435 -24.099611
50.944460 -37.772656 -20.789780
50.960690 -43.135048 -12.460404
50.977290 -24.070346 16.298003
50.993770 24.423367 12.953223
51.010010 3.093007 10.430875
51.026490 -3.753941 3.400276
51.042970 -4.895698 -6.640854
51.059450 1.616122 -6.780564
51.075810 6.165382 -1.520149
51.092160 4.280513 0.860046
51.108640 2.285842 9.418435
51.125120 -20.210877 -0.091953
51.142090 -31.454816 -15.388480
51.158200 -29.086608 -7.445903
51.174680 -7.335212 8.906506
51.191040 8.529404 20.902381
51.207280 7.777511 8.474655
51.223880 6.286847 -2.988684
51.240110 -1.620332 -5.724934
51.256840 -2.100162 -8.029813
51.273440 -6.023264 -0.988756
51.289920 -16.487804 7.355277
51.306150 12.270640 -2.306329
51.322270 47.887652 -13.408809
51.338870 55.755046 -16.113919
51.355100 31.941814 -10.505899
51.371580 -3.835062 -3.863833
51.387940 32.288043 10.452900
51.404540 -73.571809 -38.371558
51.420900 -165.095635 -81.898704
