0.147830 719.371200 268.887000 0.115290 73.090548 0.016180
0.279300 714.856800 341.838000 0.016600 131.716920 0.049070
0.344970 583.716000 329.532000 0.016480 103.920116 0.016540
0.377990 583.721169 433.452115 0.213320 97.303732 0.032770
0.624080 540.918000 346.068450 0.197580 205.876829 0.049250
0.870910 535.651200 140.259000 0.016360 140.209752 0.919860
1.807130 668.220000 185.913000 0.016360 220.817146 0.164490
1.987980 887.241600 157.810500 0.114860 218.340324 0.098510
2.201350 912.298800 374.708250 0.049260 5.467415 0.016480
2.267090 911.030400 369.390000 0.032900 15.788130 0.016480
2.316470 924.873600 361.798500 0.016350 22.330373 0.016420
2.349240 947.167200 363.079500 0.016480 141.605348 0.049500
2.415220 1047.278400 262.930500 0.049140 603.903808 0.147940
2.612300 484.667400 43.456875 0.065500 86.677810 0.032830
2.710630 465.024000 127.879500 0.016480 180.640137 0.082090
2.809200 596.253000 252.015750 0.068000 158.029146 0.047180
2.924380 518.907200 114.208500 0.049250 43.964319 0.032840
3.006470 508.370800 156.891583 0.345030 151.670389 0.065740
3.417240 659.131200 173.481000 0.016230 117.643491 0.016480
3.449950 603.808800 277.305000 0.016420 202.969430 0.033020
3.499390 643.140960 78.183000 0.131410 181.513400 0.098570
3.729370 548.979200 233.362500 0.049380 114.569960 0.016110
3.794860 579.314400 343.843500 0.082220 48.987090 0.016410
3.893490 562.548000 389.872000 0.098760 330.937499 0.098330
4.090580 477.930600 69.935250 0.099730 152.314584 0.130430
4.320740 575.319360 187.047000 0.279240 137.001643 0.049250
4.649230 504.545236 304.352045 0.180670 119.500767 0.016540
4.846440 484.867200 422.221500 0.164180 213.875317 0.147890
5.158510 494.692800 208.572000 0.065730 565.016260 0.114870
5.339110 1057.677600 256.441500 0.016480 204.339998 0.164250
5.519840 1071.403200 52.563000 0.032890 62.019051 0.016360
5.569090 1080.189600 113.956500 0.016540 332.008414 0.065740
5.651370 958.298133 422.780167 0.164240 130.767764 0.033020
5.848630 1009.201200 302.326500 0.049260 296.287316 0.082150
5.980040 1187.740800 65.874000 0.114990 76.130204 0.016480
6.111510 1163.820000 138.148500 0.016240 236.240951 0.065730
6.193480 1075.229400 357.149625 0.065610 71.021221 0.049500
6.308590 1095.343200 289.036125 0.098450 136.210599 0.049260
6.456300 1086.859200 153.090000 0.032900 38.371036 0.016540
6.505740 1091.585600 191.168833 0.229980 84.859001 0.049380
6.785100 1007.910400 177.044000 0.065670 556.811872 0.131350
6.982120 451.466400 156.807000 0.016420 191.157547 0.049370
7.047910 488.678400 344.307600 0.131350 43.256715 0.016480
7.195740 469.812000 305.382000 0.032840 300.763694 0.114800
7.343380 387.626400 16.065000 0.164310 96.430467 0.016540
7.524230 440.311200 96.831000 0.016540 247.293355 0.049070
7.589840 532.761600 326.193000 0.016540 22.446804 0.016480
7.622860 534.237200 303.794750 0.147770 196.247098 0.065550
7.836180 483.151200 114.313500 0.049560 242.600832 0.082160
7.967900 571.205600 340.370100 0.262630 488.928955 0.492800
8.723330 1047.194400 228.628500 0.114990 85.814961 0.032900
8.871220 1091.908800 155.383500 0.131590 42.939024 0.016480
9.019290 1134.565600 150.468500 0.098570 251.100064 0.032710
9.150570 988.159200 354.469500 0.016480 241.454920 0.049320
9.216370 1158.870720 183.712200 0.082150 95.680281 0.032720
9.331240 1122.327360 272.139000 0.082090 115.878442 0.033080
9.446410 1146.684000 158.849250 0.098690 71.355289 0.016240
9.561340 1133.941200 229.057500 0.065860 175.661180 0.049250
9.676450 1180.166400 59.587500 0.016180 82.269209 0.016480
9.709110 1147.137600 134.935500 0.032890 123.308502 0.017950
9.759950 1051.008000 212.163000 0.014890 149.973711 0.082150
9.856990 1070.059200 63.404250 0.049260 276.594371 0.065730
9.971980 997.567200 330.330000 0.018860 142.496970 0.063300
10.054140 1071.160800 208.308000 0.131470 71.932195 0.016720
10.202330 1079.164800 279.793500 0.032530 578.315344 0.065740
10.300600 515.215527 407.894455 0.427000 147.134646 0.065800
10.793400 457.632000 272.496000 0.032830 214.874903 0.049380
10.875610 507.347400 481.540500 0.082210 93.044190 0.032660
10.990480 501.362400 574.392000 0.016360 70.403848 0.016350
11.023190 482.894533 506.453500 0.296080 46.960125 0.016180
11.335450 491.110200 552.689375 0.213680 537.937890 0.114990
11.664120 1020.492480 457.130100 0.098640 66.091134 0.016350
11.779110 979.369200 508.869000 0.229980 456.171484 0.081910
12.091000 524.585600 473.312000 0.098760 111.604853 0.049310
12.239070 519.901200 584.818500 0.032780 66.151246 0.016480
12.288330 469.795200 541.628500 0.049190 40.833074 0.016610
12.354130 493.169600 575.109500 0.131340 106.186274 0.032840
12.518310 578.579077 512.016346 0.246460 253.670130 0.066040
12.830810 419.376533 709.508333 0.147640 615.094229 0.098580
13.077030 984.648000 467.002500 0.131340 45.236057 0.033020
13.241390 959.907200 504.873250 0.098580 88.773396 0.032830
13.372800 992.343520 422.237900 0.246340 148.955461 0.032780
13.651920 1044.472800 282.702000 0.016480 178.984138 0.082030
13.750430 965.370000 443.257500 0.098570 40.799321 0.032840
13.881840 992.601120 473.639250 0.246330 84.319309 0.032900
14.161070 971.586000 555.297750 0.032900 44.239858 0.016360
14.210330 978.075000 511.536375 0.065790 16.828880 0.016480
14.292600 978.062400 494.707500 0.016360 87.299903 0.032900
14.341860 1018.920000 571.856250 0.032900 61.727739 0.016350
14.391110 970.334400 609.931875 0.065620 78.214807 0.016540
14.473270 942.813600 683.145000 0.164360 491.200620 0.098450
14.736080 456.691200 612.696000 0.016540 17.567872 0.016360
14.768980 462.636533 629.227278 0.542240 151.951632 0.082030
15.393250 483.707280 478.743650 0.657100 83.858930 0.016420
16.066770 526.501389 550.861500 0.312260 238.720143 0.049130
16.428160 371.464800 732.385500 0.016540 108.110745 0.049380
16.494080 444.328985 652.518462 0.229800 49.008350 0.016480
16.740360 459.377800 699.159125 0.213500 579.421151 0.131410
17.085270 452.961600 119.773500 0.065980 108.419552 0.082030
17.233280 479.606400 224.868000 0.016170 19.830819 0.032900
17.282350 490.047600 208.008500 0.295900 40.362263 0.114990
17.693240 499.506646 247.246731 0.328730 211.922413 0.098390
18.120360 447.941760 41.693400 0.114870 334.923847 0.098750
18.333980 511.862400 370.461000 0.032780 80.678008 0.016360
18.383120 504.130200 450.767625 0.065920 219.177386 0.032710
18.481750 449.013600 238.633500 0.032840 163.886535 0.049370
18.563960 494.835600 395.983875 0.098520 111.787109 0.065850
18.728330 569.353527 312.656591 0.246340 15.541142 0.098760
19.073430 565.471200 327.705000 0.032710 38.258959 0.016480
19.122620 584.791200 294.682500 0.032650 36.183043 0.016420
19.171690 565.051200 264.358500 0.032900 194.511874 0.361510
19.566100 486.376800 86.467500 0.016540 74.289122 0.016240
19.598880 497.868000 159.862500 0.049310 80.975709 0.049260
19.697450 578.701200 155.060500 0.164370 133.052139 0.344910
20.206730 523.689600 33.913500 0.180720 154.823327 0.493100
20.880550 494.636800 185.986500 0.147830 107.141302 0.032780
21.061160 485.049600 79.275000 0.016480 189.572995 0.049250
21.126890 543.950400 259.465500 0.016300 240.607479 0.049250
21.192440 497.397600 23.404500 0.032960 196.929892 0.065550
21.290950 614.712000 181.577550 0.164250 56.621599 0.065800
21.521000 579.509280 137.229225 0.494690 85.042216 0.014710
22.030400 661.063200 161.336000 0.082150 160.875246 0.952700
23.065250 800.575440 241.443300 0.246400 220.768486 0.131400
23.443050 988.002400 124.782000 0.099190 30.200152 0.015870
23.558110 1012.804800 107.551500 0.032830 483.564577 0.065740
23.656680 576.072000 315.154875 0.098570 92.120259 0.049380
23.804630 608.445600 228.910500 0.032710 154.740479 0.065740
23.903080 545.211927 370.141227 0.197080 229.971856 0.049250
24.149410 474.549600 151.294500 0.032960 87.895732 0.016790
24.199160 501.261600 235.032955 0.377560 204.218330 0.065610
24.642330 522.228000 31.893750 0.049380 324.380392 0.098570
24.790280 547.013600 355.325833 0.147830 374.999082 0.131410
25.069520 400.377600 10.185000 0.016480 309.370184 0.180600
25.266600 112.627200 123.805500 0.016540 628.298282 0.377810
25.660950 433.467300 664.009500 0.147770 111.272601 0.049370
25.858090 531.108738 610.645269 0.213630 175.042342 0.049430
26.121150 461.680800 771.330000 0.016180 34.554798 0.034000
26.171330 476.393545 740.063897 0.541010 74.852303 0.016360
26.728700 452.838400 811.113333 0.295780 72.320770 0.082150
27.106630 505.366909 761.403682 0.180720 96.080387 0.032840
27.320190 528.948000 668.262000 0.016360 87.761895 0.016600
27.353150 452.503200 711.370500 0.147700 127.814649 0.065800
27.566650 522.715200 604.567600 0.279360 456.351064 0.065610
27.911620 964.768659 717.903529 0.361330 327.932661 0.082090
28.355040 649.538400 808.290000 0.016540 101.523860 0.032900
28.404480 612.687600 902.889750 0.065730 142.731358 0.098520
28.568730 470.941232 886.150338 0.837890 31.724283 0.016350
29.422970 467.917333 854.570500 0.147830 259.934548 0.049320
29.620120 725.155200 817.225500 0.016420 43.723888 0.016410
29.652950 711.769800 858.850125 0.082580 448.598131 0.098210
29.833740 579.703600 430.132500 0.131470 47.382209 0.032710
29.997920 604.195200 470.694000 0.016730 104.273491 0.049250
30.063900 527.526300 400.019813 0.147830 489.896918 0.082150
30.293880 998.498480 534.868600 0.542180 229.346072 0.081910
30.917970 919.738400 750.267000 0.065730 68.615407 0.016540
31.000240 958.665000 693.762187 1.248480 521.095607 0.065730
32.314450 448.987200 802.248000 0.147770 128.127165 0.050350
32.512570 414.456000 678.861750 0.048280 61.023621 0.016420
32.577270 424.099200 739.118625 0.098570 759.019303 0.098450
32.774290 1008.268800 254.499000 0.016480 143.106502 0.049680
32.840450 935.376400 377.650000 0.098390 41.726364 0.016240
32.955080 977.022667 380.234167 0.147890 30.808368 0.016540
33.119510 952.571200 361.491667 0.164060 117.049614 0.032960
33.316530 841.327200 397.897500 0.016720 74.983605 0.032720
33.365970 860.408640 325.382400 0.082030 172.994038 0.049190
33.497190 1023.571200 267.894000 0.164310 573.850545 0.213620
33.875120 456.624000 179.151000 0.016240 218.132284 0.296020
34.187380 570.147789 365.414368 0.361270 40.321878 0.016470
34.565120 606.593400 382.664625 0.131350 0.000000 0.016470
