0.000000 53.167579 17.693731
0.016360 88.238194 28.307456
0.032840 92.993758 28.263721
0.049320 66.484305 18.320612
0.065670 33.139036 7.435302
0.082150 9.973893 1.038822
0.098630 -1.528427 -1.197225
0.114990 -4.280396 -1.149988
0.131590 -1.855071 -0.401760
0.147950 1.859320 0.527365
0.164430 3.323250 1.689646
0.180910 2.346599 2.752152
0.197390 0.972288 2.305053
0.213620 -0.109403 1.680583
0.230100 -1.543500 6.936596
0.246580 -3.596448 20.496857
0.279420 -5.759570 35.076789
0.295900 -7.774083 39.774375
0.328740 -8.626398 31.829515
0.345210 -6.603724 18.778982
0.361570 -2.437674 8.362911
0.377810 0.198861 2.597664
0.394410 -0.612630 0.402433
0.410890 -2.527761 0.165709
0.428220 -3.414538 -0.282094
0.443730 -2.549811 -1.965026
0.460080 1.538714 -3.117927
0.476930 8.590346 -1.476296
0.493040 14.748247 2.236490
0.509640 15.538798 5.022011
0.526250 11.032686 5.921468
0.542360 5.396360 6.047039
0.558960 1.481689 5.404022
0.575070 0.236108 3.206290
0.591430 1.146284 -0.290490
0.607910 2.027801 -3.753776
0.624510 1.443312 -5.434393
0.641110 0.199954 -4.812115
0.657350 0.327671 -3.209556
0.673580 2.489861 -1.886606
0.690060 5.201883 -1.209497
0.706420 6.683680 -0.790213
0.722900 6.506365 0.323111
0.739500 5.305975 2.633351
0.757570 3.089847 5.157262
0.772340 -0.486487 5.572771
0.788700 -3.842802 3.069347
0.805050 -4.108306 -0.021210
0.821530 -0.577522 -1.331457
0.837890 2.651075 -1.069794
0.854250 -1.116445 -0.765472
0.870850 -12.349300 -0.731488
0.887330 -23.707199 -0.839131
0.903560 -27.787577 -1.896740
0.920040 -22.921835 -3.707793
0.936400 -13.693885 -4.990077
0.952760 -5.326382 -5.219558
0.969360 -0.789789 -5.273705
0.985840 0.167179 -5.220317
1.002200 1.149408 -2.935775
1.018550 3.697142 1.686655
1.035030 5.558641 5.611444
1.051390 4.189560 6.264336
1.067750 0.033534 3.508955
1.085940 -3.958506 -0.664764
1.117190 -5.685456 -3.975021
1.133670 -5.379326 -5.125816
1.150020 -4.391046 -4.149575
1.166380 -2.647857 -1.773584
1.182980 0.560374 1.300724
1.199340 4.028205 4.037027
1.215820 5.119467 4.775552
1.232180 2.516571 2.646797
1.248660 -2.133586 -1.044819
1.265010 -6.051835 -3.817367
1.281490 -7.686280 -4.131049
1.314450 -6.870927 -2.463981
1.330810 -4.070270 -0.449174
1.347290 -0.227176 0.613950
1.363650 2.676395 0.708597
1.380130 2.846507 0.592192
1.396480 0.895973 0.761757
1.412840 -0.839900 0.807816
1.429440 -1.350826 -0.406983
1.445800 -1.667844 -1.576950
1.462160 -1.870121 1.848378
1.478520 -1.239192 10.762940
1.495120 -0.242316 18.416699
1.511470 0.380768 17.788624
1.527950 0.778747 10.421138
1.560670 1.509554 3.195710
1.577150 2.094444 -0.726813
1.610110 2.298242 -2.446098
1.626830 2.038882 -2.513332
1.642940 0.764050 -1.469451
1.659300 -0.620097 -4.442185
1.675900 -0.669576 -16.147610
1.708620 1.263127 -31.372356
1.725100 3.691475 -39.191544
1.741580 4.240074 -34.995721
1.757930 2.386279 -24.140296
1.774410 -1.009191 -13.612435
1.790770 -3.598880 -5.219042
1.807250 -3.125081 0.645503
1.823490 -0.278094 3.430184
1.840090 2.212341 4.467553
1.856450 2.837786 4.970052
1.872800 2.001230 4.611653
1.889400 0.307336 2.734133
1.905640 -2.151059 -0.071715
1.922240 -4.243753 -2.554729
1.938600 -3.607825 -4.192239
1.955080 -0.392278 -4.718779
1.971560 2.523772 -3.728720
1.987920 3.274995 -0.879718
2.004270 2.544864 3.441893
2.020630 2.066997 7.563785
2.037230 2.161172 9.241956
2.053710 2.067528 7.471410
2.070070 1.136667 3.876880
2.086550 -0.765174 0.956815
2.102910 -2.453792 -0.802430
2.119510 -2.393777 -2.080283
2.135860 -0.619323 -2.588613
2.152220 1.073858 -1.456112
2.168460 0.986136 0.704704
2.185060 -0.844408 1.368480
2.201540 -3.003189 -0.957942
2.217900 -4.295110 -4.802553
2.234380 -4.067446 -7.582155
2.250850 -1.880491 -7.858812
2.267330 0.767976 -6.031617
2.300050 3.186146 -3.574899
2.316530 8.582778 -1.124811
2.349370 18.373638 1.392208
2.365720 27.190328 3.839845
2.381960 27.140474 5.398291
2.398560 18.153892 4.610894
2.414920 7.865616 1.687984
2.431400 1.526017 -0.967462
2.448000 -0.332104 -1.116733
2.464230 0.384539 1.341484
2.480710 1.135094 4.256105
2.497070 0.282837 5.019756
2.513550 -0.918241 2.550422
2.529910 1.616784 -2.257011
2.546390 8.680384 -7.097044
2.562740 15.163894 -9.412957
2.579470 15.390865 -7.366788
2.595700 9.627252 -1.002249
2.612920 3.349717 6.488026
2.628540 -0.004638 10.444771
2.644900 -1.484773 8.850560
2.661380 -3.042131 4.212627
2.677860 -5.037900 0.389369
2.694210 -6.926538 -1.368306
2.710820 -8.216928 -2.474606
2.743530 -8.319506 -3.698970
2.760010 -6.868232 -3.156540
2.792850 -4.535531 0.710929
2.809450 -2.334990 5.564433
2.825810 -0.618106 7.162664
2.842040 0.801879 4.780187
2.858520 1.676513 0.986569
2.874880 1.013792 -2.807039
2.891480 -0.674465 -6.568363
2.907960 -2.759682 -9.538515
2.924320 -6.762512 -9.654235
2.941040 -12.305060 -5.590786
2.957150 -15.824423 1.390440
2.973510 -14.290048 8.481282
2.989870 -8.913548 12.482139
3.006470 -4.198665 11.528480
3.022830 -2.430871 6.424595
3.039310 -2.790051 -0.046867
3.055660 -3.213340 -4.594034
3.072020 -1.828445 -5.399684
3.088620 0.424700 -3.378403
3.105100 0.931113 -1.384379
3.121460 -0.375054 -1.268051
3.137820 -0.409095 -1.854224
3.154170 0.119347 -2.332175
3.170650 1.667985 -3.711840
3.187010 11.538289 -4.725354
3.433590 27.166069 -2.996310
3.449950 34.552898 1.565786
3.482790 23.880831 6.348738
3.499270 3.387247 8.257945
3.515630 -9.486451 6.236961
3.531980 -11.828424 0.485952
3.548580 -9.367594 -6.039707
3.564940 -5.458452 -8.230139
3.581420 -1.746909 -5.222600
3.598270 1.343693 -0.146217
3.614260 3.158272 4.609198
3.630620 3.039531 6.914819
3.647220 1.462859 5.277168
3.663570 -0.158477 0.082352
3.680050 -1.099574 -5.522047
3.696530 -1.427936 -6.854480
3.729370 -1.083299 -3.149051
3.745730 0.120727 2.075242
3.761960 1.718272 4.118625
3.778320 2.395542 1.140126
3.795040 1.897288 -3.747809
3.827760 1.681890 -6.908796
3.843990 2.487548 -6.739604
3.860720 3.464758 -3.412601
3.877080 3.673102 1.137637
3.893550 3.359389 4.241070
3.909790 3.110477 3.956243
3.926390 2.027993 0.752504
3.942870 -0.053928 -3.004506
3.959230 -1.339870 -4.989867
3.975710 -1.493830 -4.226156
3.992070 -1.869391 -1.427507
4.008540 -2.561767 2.424108
4.024900 -1.363652 6.745187
4.041630 2.430873 10.833355
4.057860 4.329230 11.741304
4.074340 -0.226340 5.093817
4.090700 -9.837060 -8.415702
4.107060 -19.119284 -21.787778
4.123410 -23.381003 -27.901451
4.140010 -22.024762 -25.192152
4.156490 -17.010910 -16.397221
4.172850 -9.515251 -4.443222
4.189330 -1.465883 6.785384
4.205690 4.103349 11.799847
4.222050 5.518564 7.731284
4.238400 3.470822 -1.512457
4.255000 0.223287 -8.053609
4.271360 -2.006593 -7.187469
4.287600 -2.548373 -0.682102
4.304320 -2.363193 6.393374
4.320430 -2.647963 10.654210
4.337040 -3.201331 11.741719
4.353520 -2.379027 10.691236
4.369870 -0.005511 8.299993
4.386350 1.621689 4.925008
4.402830 0.395371 1.011498
4.419070 -3.359760 -2.389683
4.435420 -6.694598 -4.301739
4.452030 -6.462452 -4.872825
4.468510 -3.300716 -4.660844
4.484860 0.277757 -3.801324
4.501340 4.478544 -1.929286
4.517700 9.743318 1.036321
4.534420 13.935099 4.228658
4.550900 14.026319 6.297866
4.567260 10.083290 6.337463
4.583860 5.036267 4.115404
4.600340 0.289406 -0.060132
4.616580 -3.668649 -4.425258
4.633180 -5.582463 -6.605304
4.649410 -4.457799 -5.707353
4.666140 -1.215619 -3.022053
4.682250 1.329861 -0.591033
4.715450 1.740056 0.989231
4.731690 1.495374 1.192569
4.764280 2.218708 -0.986303
4.781010 2.963841 -4.586710
4.813840 2.183259 -6.320690
4.830080 0.725423 -3.724017
4.862790 -0.063180 0.977565
4.879150 -0.562805 3.507141
4.895630 -1.573865 3.099073
4.912230 -2.494005 2.489929
4.928710 -2.359467 3.191417
4.945310 -1.873562 1.703300
4.961430 -2.153020 -6.104570
4.977910 -3.015737 -18.198060
4.994380 -3.499731 -27.047169
5.010860 -3.223719 -26.139764
5.026980 -2.584514 -16.562011
5.043700 -1.816697 -5.185083
5.059940 -0.955942 2.367381
5.076420 -0.038761 4.567951
5.092900 1.112966 3.242448
5.109250 2.620810 0.624751
5.125730 3.489026 -2.130227
5.142210 2.058271 -3.777522
5.207890 -0.888902 -2.920749
5.224240 -3.049082 0.567266
5.241460 -4.048139 4.389896
5.257080 -4.544557 5.491584
5.273680 -4.184786 3.610086
5.306520 -1.843330 1.667938
5.322750 1.358529 1.755805
5.339360 3.326501 2.494208
5.355830 5.740920 1.894453
5.372190 10.852736 0.473592
5.404910 16.507617 0.239451
5.421390 18.108626 1.561505
5.437990 14.007402 2.889322
5.454220 7.231290 3.502809
5.470830 1.529259 3.046037
5.487180 -1.642018 0.185368
5.503540 -2.451591 -5.811994
5.520020 -2.885982 -11.993937
5.536380 -6.422758 -12.126684
5.552860 -13.056621 -3.875845
5.569580 -18.888296 7.650154
5.585820 -20.694781 14.689580
5.602170 -17.799450 13.690768
5.618530 -12.243345 7.302460
5.635010 -6.452603 0.339662
5.651490 -2.453343 -3.537497
5.667970 -1.150765 -3.249427
5.685060 -0.782416 -0.737816
5.700810 0.183781 0.823602
5.717290 1.213524 -0.212449
5.733760 1.179918 -3.060160
5.750000 -0.291205 -5.717221
5.766600 -2.203587 -7.265500
5.782960 -2.423554 -7.579819
5.799560 0.406756 -5.405386
5.815800 4.793758 -0.400351
5.832150 7.598824 5.223774
5.848630 7.187486 8.238759
5.865230 4.878956 7.335165
5.881470 2.987005 3.828039
5.898800 2.007097 -1.038124
5.914430 1.146756 -6.146248
5.930910 -0.060355 -9.592947
5.947140 -1.520216 -10.063066
5.963870 -2.516476 -7.741087
5.979860 -2.239163 -3.845180
5.996340 -0.551224 0.280422
6.012940 0.646210 3.847396
6.029300 1.111848 6.236870
6.045780 6.878451 6.665723
6.308590 19.471659 4.948152
6.325070 27.879334 1.709299
6.341310 21.217823 -1.396344
6.357790 3.405549 -2.603799
6.374150 -10.986347 -1.619886
6.390750 -14.782398 0.231023
6.407100 -11.811882 1.395021
6.423580 -6.285736 2.212332
6.440060 0.033505 3.754389
6.456420 5.370105 5.242774
6.472780 7.989699 4.455535
6.489260 7.305815 0.587165
6.505740 4.428061 -4.388003
6.522220 0.755628 -7.672921
6.538450 -3.184124 -7.701132
6.554930 -6.159227 -4.745685
6.571410 -5.998018 -0.219298
6.587770 -2.515822 4.779433
6.604130 1.590137 9.247162
6.620730 3.682770 11.658974
6.637080 3.816571 10.914082
6.653440 3.417273 7.068351
6.669920 2.762603 1.317023
6.686280 1.448703 -4.463534
6.702760 -0.230693 -8.176044
6.719120 -1.455741 -8.359186
6.735840 -1.807416 -5.423732
6.752320 -1.355789 -1.481859
6.768310 -0.295581 1.397477
6.784910 0.406013 2.051034
6.801270 0.731857 0.268089
6.817750 3.242922 -2.981564
6.834110 8.700619 -6.158946
6.850460 13.170456 -7.553461
6.883540 11.934053 -6.046754
6.899900 5.775923 -2.106681
6.916260 0.056401 2.427172
6.932740 -2.661309 5.356161
6.948970 -3.441196 5.274378
6.965700 -3.603383 1.710554
6.982060 -3.676309 -3.837720
6.998410 -3.089161 -7.470649
7.031250 -0.665741 -6.173122
7.047610 3.118499 -0.557229
7.064210 5.320486 5.922482
7.080690 4.033243 10.139607
7.097050 0.881559 10.760643
7.113400 -1.634266 7.434239
7.129880 -3.344104 1.986819
7.146240 -4.975061 -2.017405
7.162840 -5.307828 -2.325082
7.179320 -2.662117 0.251017
7.195680 1.941377 2.564544
7.212040 5.263005 2.299088
7.228520 4.830128 -0.326479
7.245000 1.861660 -3.913818
7.261470 0.628005 -6.857974
7.277950 3.052464 -6.987656
7.294070 7.078570 -2.894647
7.310670 9.716459 4.032960
7.327270 9.333841 9.581155
7.343380 6.567621 10.205442
7.359860 3.219989 6.581931
7.376340 1.484066 2.293496
7.392700 1.704200 -0.025143
7.409060 1.131030 -0.566679
7.425660 -1.604191 -0.683891
7.442260 -4.285295 -0.949869
7.458370 -3.791398 -1.498288
7.474730 -0.185632 -2.251793
7.491330 3.078628 -2.438519
7.524290 3.635366 -1.844207
7.540770 2.351536 -1.615337
7.557130 1.447719 -2.902801
7.573610 1.035768 -5.067139
7.590210 -0.303753 -6.162211
7.606320 -2.377166 -5.600621
7.622800 -3.501606 -4.386856
7.639400 -2.783879 -3.375998
7.655640 -1.273750 -2.518135
7.672120 -0.420046 -1.358485
7.688600 -0.566350 0.073654
7.705080 -1.368914 1.453816
7.721440 -2.569436 2.575269
7.737790 -3.593489 3.294567
7.755860 -3.316247 3.685721
7.770750 -1.340231 4.178228
7.787230 1.123013 5.041527
7.820070 2.294652 5.482410
7.836300 1.939974 4.515946
7.852910 1.388583 2.064477
7.869140 1.233088 -1.076754
7.885740 0.867102 -3.523458
7.918580 -0.318401 -4.455596
7.935060 -1.172074 -3.944315
7.951420 1.171400 -2.296537
7.967900 6.758527 -0.024224
7.984380 11.778863 1.981654
8.000730 12.835263 2.538889
8.017210 10.198179 0.762972
8.033570 6.485538 -3.079249
8.049930 2.782692 -7.311405
8.066280 -0.693893 -9.445940
8.082760 -3.153517 -7.906512
8.099240 -4.172044 -3.575481
8.115600 -3.597414 0.733690
8.132080 -1.642867 2.565458
8.164920 0.726267 1.837427
8.181270 2.056431 0.338676
8.197750 1.366791 -0.117155
8.214230 -0.905971 1.461105
8.230470 -2.994763 4.789721
8.247190 -2.845155 7.893109
8.263430 -0.115965 8.155313
8.279910 3.258953 5.336342
8.296390 5.085101 1.957775
8.312740 4.861853 -0.653568
8.329350 3.249775 -2.964809
8.345700 1.868756 -4.910407
8.362060 3.830959 -5.787585
8.378540 9.371905 -4.817982
8.394900 13.986461 -1.380813
8.411380 14.047612 4.706779
8.427980 10.488704 11.162282
8.444340 6.193035 13.541402
8.460450 2.068948 10.398282
8.477050 -1.588201 4.475553
8.493530 -3.366013 -0.888928
8.509890 -3.113051 -4.168089
8.526250 -2.228674 -5.452833
8.542850 -1.775110 -4.874425
8.559080 -1.923809 -2.767642
8.575560 -2.453168 -0.001679
8.591920 -3.181277 2.506287
8.608520 -3.693741 3.746108
8.624880 -3.614518 3.097090
8.641360 -2.740840 0.598495
8.657960 -0.888704 -3.011871
8.674320 1.916857 -6.350209
8.690550 2.898369 -7.593840
8.707150 -3.023810 -5.076303
8.723630 -16.590043 0.364875
8.739870 -32.552833 5.151303
8.756350 -42.941138 6.579554
8.772830 -43.181429 5.319045
8.789310 -34.926843 3.548419
8.805660 -22.873189 1.168731
8.822020 -12.293533 -2.587933
8.838620 -5.474517 -5.864572
8.854860 -1.905332 -6.200608
8.871460 -0.441238 -3.138374
8.887820 0.446826 1.637185
8.904300 1.427029 6.130095
8.920530 2.091649 8.859851
8.937010 2.028250 8.682561
8.953490 1.777557 6.436221
8.970090 1.850173 4.160422
8.986450 1.518725 2.537197
9.002810 -0.151157 1.090369
9.019170 -0.782097 -0.640719
9.052120 4.788561 -2.684354
9.347660 16.852615 -4.988377
9.364140 25.905068 -7.338776
9.380490 19.501085 -8.676313
9.396970 -1.262915 -8.021208
9.413330 -21.117192 -6.262630
9.429930 -27.893715 -5.107876
9.446290 -22.523453 -4.607593
9.462770 -13.665130 -3.213419
9.479130 -6.601565 -0.114551
9.495610 -2.042631 3.067086
9.512080 -0.116631 4.332700
9.528320 -0.522313 3.871935
9.544800 -1.339886 3.263681
9.561280 -1.081214 3.527108
9.577640 -0.259745 4.159256
9.594240 0.626269 3.495396
9.610600 1.739956 0.714391
9.627080 3.152578 -2.873235
9.643430 3.670015 -5.248820
9.659910 2.582782 -5.265053
9.676270 1.298907 -3.111210
9.692630 0.435825 0.114760
9.709110 0.073669 2.741241
9.725710 1.576898 3.213763
9.742070 5.021410 1.761001
9.758300 8.038724 0.409433
9.791260 8.532656 1.241266
9.807620 6.766434 4.104345
9.824220 3.847844 6.469857
9.840580 0.410999 6.163203
9.856930 -1.869971 2.905080
9.889890 -1.085378 -1.962401
9.906250 1.500689 -5.998016
9.922610 2.461867 -6.240298
9.939210 1.132733 -1.956891
9.955570 -0.346350 3.264602
9.988400 -0.521262 5.228987
10.004880 -0.316726 3.586079
10.021610 -1.152157 1.124928
10.037840 -1.798536 -0.310385
10.054320 -0.626649 -1.019509
10.070680 1.150870 -1.938269
10.087280 1.103680 -3.512475
10.103640 -0.248914 -4.360515
10.136600 0.392093 -2.654150
10.155880 4.168445 1.226609
10.169310 8.656114 4.321793
10.185790 10.672170 3.802947
10.202150 8.860959 0.139545
10.218510 3.954542 -3.989565
10.235110 -1.404053 -6.259718
10.251460 -3.996102 -5.584816
10.268310 -2.860687 -2.246286
10.284420 0.047716 2.218225
10.300780 1.971875 5.572445
10.317260 1.748504 5.764519
10.333500 0.037283 2.114196
10.350100 -1.664088 -3.310884
10.366330 -1.860668 -6.470542
10.382810 0.068326 -5.264857
10.399290 2.617988 -1.330488
10.415650 3.012150 2.163256
10.432250 0.639178 3.204825
10.448730 -2.139623 1.950225
10.464970 -2.992890 -0.309992
10.484250 -2.401999 -1.668356
10.497800 -1.768573 -1.303680
10.514280 -1.133528 -0.851482
10.530640 0.011987 -1.923923
10.547120 2.383347 -3.857739
10.579960 5.513326 -4.120874
10.596440 7.670092 -1.414649
10.612920 7.368449 2.764468
10.629390 4.976911 5.915813
10.645870 2.559667 6.291905
10.678710 0.714026 3.915033
10.694820 -1.082498 0.255208
10.711430 -2.639950 -2.739189
10.727780 -3.142070 -4.050690
10.744260 -1.573072 -3.969136
10.777100 2.185043 -2.587366
10.793580 6.663047 -0.011907
10.812010 9.605423 2.857786
10.826420 9.719747 5.089767
10.842900 7.749616 6.185532
10.859250 4.920088 5.672355
10.875610 1.413343 2.970240
10.892210 -2.232676 -0.704053
10.908570 -4.139719 -2.441206
10.925170 -2.681836 -1.317861
10.941650 1.318993 0.814357
10.958130 4.878638 1.753407
10.974490 5.710425 1.343139
10.990970 3.945561 0.395803
11.007450 1.248108 -1.349091
11.023930 -0.887811 -3.604032
11.040040 -1.167619 -4.874028
11.056640 1.620511 -4.377350
11.072750 6.405481 -3.230950
11.089110 10.012891 -2.946964
11.105590 10.258324 -3.396169
11.122070 8.040616 -3.688051
11.138550 5.699005 -3.386896
11.171260 3.454103 -2.150512
11.187870 0.882432 0.284249
11.204220 -1.126260 3.305986
11.220700 -1.834142 5.180288
11.237180 -1.684199 4.554892
11.253540 -2.141347 1.918695
11.269780 -3.964589 -1.160308
11.286380 -6.054097 -3.141893
11.302610 -6.311223 -3.327919
11.319210 -3.748213 -1.806995
11.335690 -0.023188 0.958002
11.368410 1.798982 3.126999
11.384770 2.012162 3.354761
11.401250 5.109654 1.719111
11.417600 12.135578 -1.797865
11.434330 18.021554 -6.013311
11.450560 17.539116 -8.458911
11.468630 11.514370 -7.253394
11.483760 4.960745 -3.268526
11.500000 0.505511 0.506444
11.516480 -1.072961 2.700173
11.532840 -0.069784 3.515817
11.549320 1.350559 2.454612
11.565670 1.640144 -0.907640
11.582150 0.778710 -4.632179
11.598630 -0.483576 -5.224432
11.615110 -1.334572 -1.439483
11.631350 -1.300756 4.319923
11.647830 0.138436 8.411353
11.664180 2.537475 9.219839
11.680660 4.671496 7.820406
11.697140 6.367565 5.935505
11.713750 7.606417 4.682854
11.729980 7.617406 4.527853
11.746340 5.909016 5.112689
11.762820 3.553140 5.412442
11.779300 2.046779 4.345059
11.796750 1.063288 1.700444
11.812260 -0.453057 -1.535831
11.828490 -2.173499 -4.456330
11.844970 -3.344580 -7.019923
11.861330 -3.441992 -9.378185
11.877930 -5.864226 -10.295899
11.894410 -18.916164 -7.802206
11.910890 -42.335460 -2.137189
11.927370 -61.598900 4.081412
11.943730 -61.001252 8.166202
11.959960 -41.547436 9.491006
11.976320 -19.536388 8.792582
11.992920 -5.868866 6.587508
12.009400 -0.577175 3.383116
12.028810 -0.129919 -0.496673
12.042600 -1.406914 -4.628961
12.058720 -2.799348 -7.503911
12.074830 -1.355310 -7.255083
12.107670 7.859130 -3.640221
12.370850 21.906730 1.286319
12.387080 27.540857 4.777328
12.403560 17.258248 5.486181
12.419920 -0.184981 4.073445
12.436280 -9.869934 2.225108
12.452760 -8.621000 0.778996
12.469240 -4.139415 -0.712752
12.485720 -1.205189 -2.350993
12.502080 0.599139 -3.302635
12.518430 2.022406 -2.967724
12.534910 2.313316 -1.678169
12.551390 1.170011 0.092199
12.567750 0.164876 2.343460
12.584350 0.839474 4.820719
12.600830 2.391402 6.769704
12.617070 2.650110 7.236735
12.633540 1.072997 5.287566
12.649900 -0.415916 0.651347
12.666500 -0.476699 -4.600349
12.682740 -0.682410 -6.070824
12.699340 -2.610284 -1.486229
12.715700 -5.370936 6.135649
12.732060 -7.223566 10.972981
12.748540 -7.990536 9.935195
12.764890 -8.170684 4.910143
12.781370 -7.387529 -0.248182
12.797850 -6.342162 -2.990853
12.814090 -6.010831 -2.888193
12.830930 -5.098659 -0.789537
12.847050 -2.102147 2.250844
12.863400 1.885424 4.837216
12.879880 3.850913 4.986651
12.896610 2.360943 1.940379
12.912960 -0.902701 -2.649078
12.929320 -3.053182 -5.880260
12.945680 -2.338096 -5.932697
12.961910 0.446057 -3.519120
12.978640 2.647059 -1.106677
12.995240 2.238546 -1.159263
13.013060 0.031475 -3.775557
13.028080 -1.236220 -6.223915
13.044680 -0.170847 -5.726859
13.060790 1.899590 -1.793920
13.077390 2.713587 3.961381
13.093630 2.171766 9.179771
13.111940 1.695309 11.431570
13.126590 1.267568 8.976883
13.142940 -0.080560 2.859938
13.159300 -2.062116 -3.376627
13.175780 -3.014662 -6.848501
13.191890 -2.555206 -7.328542
13.208500 -1.208639 -6.376090
13.224850 1.987997 -4.713559
13.241460 7.197465 -2.013836
13.257930 11.989572 1.045053
13.274290 13.029274 2.508249
13.290530 9.355058 1.259932
13.307010 3.674774 -0.987725
13.323490 -0.669003 -1.619690
13.339840 -1.577471 -0.818796
13.356450 0.423271 0.089021
13.372800 2.073961 1.517358
13.389160 1.799469 4.228792
13.405640 0.147602 6.916435
13.422120 -3.627998 6.816089
13.438480 -9.968006 3.910565
13.455080 -16.159082 1.087212
13.471310 -17.365046 0.347207
13.487790 -12.273692 0.899304
13.504270 -5.799746 0.424700
13.537110 -2.663898 -1.475294
13.553590 -2.799825 -3.223808
13.569950 -3.245010 -3.311288
13.586430 -2.786865 -1.509616
13.602780 -1.864951 0.382253
13.619140 0.876102 -0.138979
13.635740 5.398444 -3.943508
13.652100 8.808312 -8.789696
13.668460 8.973603 -11.021335
13.684940 7.127754 -9.284990
13.701290 5.669003 -5.070174
13.717650 4.113988 -0.766749
13.734250 1.575928 1.983890
13.750490 -0.267530 3.188651
13.766970 0.639170 3.797786
13.783810 3.646521 4.202090
13.799930 5.829851 3.934691
13.816530 5.455381 2.478211
13.832760 3.979774 -0.415758
13.849240 3.212213 -4.285284
13.865600 2.645826 -7.478938
13.882810 1.885621 -8.215182
13.898440 1.685706 -6.386225
13.914790 1.848070 -3.669267
13.931400 0.910455 -1.573305
13.947880 -0.955598 -0.292517
13.980470 -1.174521 0.728802
13.997070 0.963791 2.053413
14.013550 2.819888 3.600901
14.029910 2.502106 4.577394
14.046260 0.888169 4.556383
14.062740 -0.419125 4.286417
14.079220 -0.759090 4.834755
14.095700 -0.568516 5.886263
14.112060 -0.319587 5.722888
14.128420 0.126181 3.169552
14.145020 0.648997 -0.773707
14.161500 0.546009 -3.881390
14.177730 -0.674453 -5.046267
14.194210 -2.495862 -4.584944
14.211910 -3.276746 -2.922564
14.227050 -1.818726 -0.096803
14.243530 0.954484 2.667921
14.260010 2.809860 2.364668
14.276490 1.988035 -2.647541
14.292720 -0.481960 -9.417147
14.309200 -1.553026 -12.355523
14.325680 -0.765074 -8.827952
14.342040 -0.278753 -1.604646
14.358400 -1.649322 4.224900
14.374880 -4.334966 5.816176
14.391480 -6.421863 3.744738
14.407710 -6.630114 0.403580
14.424190 -4.953727 -2.140072
14.440800 -2.365223 -3.327713
14.473630 -0.307236 -3.521763
14.489990 0.942248 -2.867820
14.506470 2.588484 -1.101253
14.522710 4.847771 1.652088
14.539180 7.243776 4.077987
14.555660 10.315024 4.450088
14.572020 14.100698 2.682163
14.588500 16.684931 0.226215
14.604980 15.128087 -1.758254
14.621460 9.204566 -3.386130
14.637820 2.794362 -4.567404
14.654170 -0.201177 -4.118376
14.670780 1.018767 -2.018632
14.687010 3.851492 0.389574
14.703610 4.609642 2.627292
14.719850 2.114364 5.140357
14.736450 -0.958030 7.533989
14.769170 -0.283240 8.036636
14.785640 4.741666 5.185681
14.818360 10.059275 0.047476
14.834840 11.481423 -4.494152
14.851440 8.793340 -5.765891
14.867680 5.166421 -3.064353
14.884280 2.476976 1.007051
14.900760 0.450490 2.900197
14.916990 -1.435479 0.969417
14.933590 -3.154266 -3.280196
14.949950 -4.051023 -6.304313
14.966430 -3.700871 -6.314155
14.982790 -2.288690 -4.012130
14.999150 -0.174100 -0.841393
15.015630 2.072940 2.142981
15.031980 3.541623 4.107710
15.048580 3.459335 4.024016
15.064820 2.131292 2.096697
15.081300 0.483500 -0.446410
15.097780 -1.232256 -2.890291
15.114140 -2.830750 -4.908417
15.130620 -3.599756 -6.059532
15.147090 -2.912700 -5.713389
15.163570 -1.224834 -3.903133
15.179810 0.338938 -1.519614
15.196290 1.380504 0.582373
15.212770 2.036960 1.936659
15.229250 1.770140 1.926318
15.245610 0.945103 0.244527
15.262080 2.697444 -1.400788
15.278690 8.565327 -0.889436
15.294800 15.167770 1.639804
15.311280 17.419793 4.197445
15.327760 14.110912 4.956688
15.344240 8.897729 3.398816
15.360600 5.297259 -0.427958
15.377080 3.803459 -5.199746
15.393430 2.706279 -7.603335
15.409910 0.501210 -5.297052
15.426390 -2.019785 0.230157
15.442870 -2.636564 4.981633
15.459350 -0.702537 5.920336
15.475590 2.055997 3.020781
15.491940 3.720231 -1.131162
15.508540 3.764576 -3.680514
15.524900 2.911307 -3.652559
15.541500 1.523097 -2.083527
15.557860 -0.852572 -0.413152
15.574100 -3.987494 1.104831
15.590700 -6.878719 2.855115
15.607300 -8.868233 3.936979
15.623540 -9.300365 3.093812
15.639890 -7.126910 0.957225
15.656250 -2.677908 -0.678953
15.672850 1.250101 -0.526375
15.689210 1.962611 1.319011
15.705440 0.243521 3.716446
15.721920 -1.182513 5.517616
15.740720 -1.036065 6.571371
15.755000 1.388895 9.330134
15.771240 3.140291 14.254018
16.034180 -3.859976 15.279961
16.050660 -21.212290 7.678933
16.067020 -38.236468 -4.861188
16.083370 -41.812587 -13.881887
16.099980 -30.614764 -15.466383
16.116330 -15.593367 -12.635790
16.132690 -5.276902 -8.304613
16.149170 -0.122693 -3.024487
16.165650 2.742306 2.276630
16.182010 4.932056 5.614377
16.198490 4.858078 5.396124
16.214970 1.893171 2.739828
16.247680 -1.531831 0.740556
16.264040 -3.361736 0.431753
16.297120 -3.114199 0.369390
16.313600 -2.189612 -0.678098
16.329830 -3.367841 -2.108242
16.346310 -7.309414 -2.505500
16.362670 -10.932049 -2.129694
16.395510 -10.582193 -1.880818
16.411990 -6.800381 -1.728046
16.444820 -3.308234 -1.409085
16.461300 -1.230790 -1.177300
16.477660 0.897080 -1.991069
16.494020 3.104658 -3.962077
16.510620 3.963515 -5.796735
16.526860 3.605502 -6.220872
16.543460 4.732712 -4.599304
16.559940 8.769311 -1.275600
16.576170 13.281501 2.437198
16.592650 14.930120 5.160989
16.609130 12.924007 6.050725
16.625730 8.640437 4.703667
16.641970 3.743527 1.084055
16.658450 -0.400409 -3.471431
16.674930 -3.107615 -6.010049
16.691040 -4.309218 -4.862217
16.707640 -4.143423 -1.535190
16.724370 -2.462847 0.810656
16.740720 0.605904 0.624874
16.756960 3.908046 -0.574501
16.773440 5.898591 -0.868345
16.789790 5.381014 -0.331084
16.806150 2.887455 -0.261938
16.822880 0.107550 -0.725921
16.839230 -2.429356 -0.036265
16.855470 -4.599275 2.588758
16.871950 -5.422512 5.171871
16.888310 -4.277634 5.220553
16.904790 -1.763751 3.259569
16.921260 1.338588 1.637273
16.937620 4.741946 0.625750
16.953980 7.451938 -1.099267
16.970950 7.416763 -3.242249
16.987180 4.090958 -4.015219
17.003540 -0.267892 -3.643117
17.020140 -3.609147 -3.179728
17.036500 -6.201472 -0.322846
17.053100 -8.697671 6.415592
17.069340 -10.548701 12.749285
17.085820 -10.788081 12.784559
17.102290 -9.516944 6.544008
17.118650 -7.619540 0.241667
17.135010 -5.179863 -0.851942
17.151610 -2.164131 3.311635
17.169680 0.826915 8.904245
17.184200 3.344842 11.904941
17.200680 5.152629 10.863600
17.233280 5.933066 7.005730
17.249760 5.202147 2.116547
17.266240 2.705064 -2.167037
17.282710 -0.515245 -3.960216
17.299070 -3.326198 -2.859895
17.315550 -6.033390 -0.282848
17.331910 -8.527490 2.499166
17.348270 -9.311086 4.705537
17.364750 -7.415359 4.950978
17.381350 -4.734278 1.604504
17.397710 -3.981103 -4.281728
17.414060 -4.632558 -8.268279
17.430540 -4.148312 -7.157471
17.446780 -2.177383 -2.226422
17.463260 -0.683657 2.911991
17.479740 -0.015831 6.070308
17.496220 1.028575 6.870536
17.512570 1.694524 7.361910
17.529050 3.291247 10.109102
17.545650 9.979649 11.753620
17.841190 18.285231 7.462116
17.874020 19.002425 -0.755890
17.890630 9.047091 -5.537788
17.906860 -3.479045 -3.827565
17.923340 -9.336033 -1.352912
17.939820 -9.125315 -2.515489
17.956300 -5.786302 -5.431628
17.972900 -0.855949 -7.204171
17.989260 2.930801 -6.844455
18.005740 3.801143 -5.166102
18.022090 2.199560 -3.440407
18.039920 0.039131 -2.119239
18.071170 -1.040444 -1.083551
18.087770 -0.808919 -0.197072
18.104000 -0.155745 0.543197
18.120610 0.254237 0.973018
18.136960 0.497446 0.702173
18.153440 0.866409 -0.891184
18.169800 1.043256 -3.790403
18.186160 0.725948 -5.957877
18.202640 0.151621 -4.161129
18.219120 -0.589646 1.864153
18.235470 -1.260902 7.710775
18.268430 -1.701408 8.209795
18.284790 -1.897682 3.572244
18.301270 -1.784127 -0.714190
18.317630 -1.210861 -0.874236
18.333980 -0.086733 1.957190
18.350460 1.147580 4.564132
18.366940 2.109881 4.909726
18.383180 2.224762 3.054500
18.416260 1.056478 1.136834
18.432740 -0.562783 1.461443
18.465450 -1.702792 4.006888
18.482180 -1.974567 5.847334
18.498660 -0.900308 4.154396
18.515140 2.002484 0.091661
18.531620 5.565639 -3.475533
18.547970 6.669780 -5.373028
18.564450 4.241041 -5.987280
18.580690 0.867254 -5.804217
18.597290 -0.567560 -4.698933
18.613770 0.352824 -2.997670
18.630130 1.914899 -1.311425
18.646360 2.432972 0.418876
18.662960 1.725772 2.485726
18.679440 0.889500 4.743612
18.695800 0.758969 6.703730
18.712160 0.903465 7.831454
18.728520 0.585958 7.207121
18.745000 -1.216634 4.038554
18.761350 -5.939593 -0.668867
18.777710 -12.431776 -5.264575
18.794190 -16.529174 -9.210532
18.810550 -15.636695 -12.148917
18.827030 -11.473425 -13.566655
18.843510 -7.132581 -13.091820
18.859860 -3.192226 -10.836834
18.876220 0.477513 -6.816661
18.892700 2.526645 -0.671872
18.909180 2.766643 6.161964
18.925660 2.667184 10.718280
18.942140 2.866490 11.095236
18.958500 2.525125 7.861668
18.974980 1.178316 3.318058
18.991460 -0.033718 -0.679305
19.007810 -0.079132 -3.464154
19.024540 0.434225 -4.584611
19.040650 0.173319 -3.333082
19.057010 -0.944760 -0.603907
19.073240 -2.009691 1.143732
19.089970 -2.354805 1.288441
19.106080 -1.815235 1.607259
19.122800 -0.554403 3.061766
19.139160 1.610412 3.678399
19.155520 4.254730 0.971900
19.172120 6.226387 -4.207411
19.188350 7.033032 -7.964573
19.204960 6.757233 -7.011036
19.221310 5.882759 -1.917656
19.237790 4.591866 3.077355
19.254390 2.495964 4.375008
19.270510 0.164285 1.629910
19.287110 -1.248028 -3.128739
19.303340 -1.810846 -6.682835
19.319820 -2.214153 -6.849166
19.336300 -2.327899 -3.205219
19.353030 -1.221754 3.894665
19.369380 1.307493 12.929274
19.648440 3.595567 20.777341
19.664920 3.942840 23.713938
19.697630 2.598866 20.442530
19.714230 0.256432 13.285398
19.730590 -3.074351 5.430639
19.747070 -6.573262 -0.849705
19.763430 -8.399180 -4.216392
19.779910 -7.230438 -4.454804
19.796390 -4.272347 -2.158557
19.812620 -1.659281 1.485522
19.829220 0.585568 4.603485
19.845460 2.716338 5.596509
19.861940 3.983672 4.442392
19.878300 3.857392 2.343090
19.896730 2.509210 -0.127978
19.911380 0.650381 -3.162957
19.927730 -1.096815 -6.497774
19.944210 -2.347095 -9.001595
19.960690 -2.813003 -9.129983
19.993410 -2.426186 -6.527274
20.009890 -1.146038 -2.413525
20.026250 0.851583 1.538104
20.042720 2.844318 4.512282
20.059330 4.168365 6.422612
20.075560 4.132986 6.808798
20.091920 1.401767 5.746356
20.108400 -2.510676 4.076639
20.124880 -1.103680 1.753794
20.141360 9.322676 -2.402703
20.157590 22.758622 -7.805741
20.174070 28.432568 -11.109550
20.190430 22.836881 -10.185718
20.206790 13.175532 -6.395254
20.239990 7.251064 -2.482010
20.256230 6.132683 0.486084
20.272710 6.362776 3.085679
20.289180 5.121429 5.359322
20.305540 2.763251 6.446861
20.321900 0.632414 5.078970
20.338260 -1.254883 0.797315
20.354980 -3.143611 -4.652180
20.371340 -4.221988 -8.242431
20.387700 -4.065908 -7.708176
20.404170 -4.155851 -3.544793
20.437010 -5.896769 1.200753
20.453610 -8.406559 3.677460
20.486330 -9.591582 3.003911
20.502440 -8.522119 0.860371
20.519040 -5.928338 -0.197699
20.535520 -2.861189 0.807479
20.551880 -0.242420 3.231399
20.568480 1.148726 4.962579
20.584960 1.137915 3.279286
20.601200 0.136046 -1.292056
20.617680 0.042090 -2.959905
20.634160 3.598232 2.991421
20.929930 10.963481 12.517556
20.946410 16.099537 16.513506
20.962770 9.471034 11.626415
20.979130 -9.222890 2.657574
20.995480 -28.077839 -4.653007
21.011960 -34.768179 -8.015285
21.028440 -27.485902 -7.919089
21.045170 -14.710042 -6.324770
21.061280 -4.437973 -5.049201
21.077640 0.636935 -4.634030
21.094120 1.758278 -3.864892
21.110600 1.858438 -1.117420
21.126950 1.839346 3.482336
21.143430 1.297469 7.862610
21.159790 0.715465 9.431281
21.176270 0.849426 7.877346
21.192750 1.015821 4.823995
21.225590 -0.956541 0.708123
21.241940 -4.977477 -3.919354
21.258300 -7.756530 -7.327953
21.274660 -6.718426 -8.624742
21.291260 -2.841964 -8.252071
21.307740 0.402796 -6.835763
21.324100 1.080577 -4.090995
21.340580 0.478014 -0.094625
21.356930 0.739738 3.773392
21.373290 2.108280 6.415057
21.389650 3.157246 7.485638
21.406250 2.405633 6.336857
21.424070 -0.736140 2.428350
21.439210 -4.373366 -2.655145
21.455570 -4.744913 -5.437946
21.471920 -0.424458 -4.041310
21.488400 5.338223 0.556639
21.504760 7.810939 6.786834
21.521120 6.191166 13.147260
21.537600 3.577295 17.200573
21.554080 2.632250 16.699662
21.570310 3.898974 12.757597
21.586790 5.554961 8.946326
21.603640 4.636397 6.851096
21.619870 0.916181 5.813303
21.636350 -2.771755 4.541310
21.654170 -4.447031 1.502047
21.669310 -5.507056 -3.715390
21.685670 -6.541746 -9.269061
21.702150 -3.673960 -12.196434
21.718630 4.621139 -11.037941
21.734740 13.269574 -7.630707
21.751340 16.062675 -4.966245
21.767700 12.521335 -3.451251
21.784060 7.279147 -1.995172
21.800660 3.688395 -0.801605
21.817140 2.552179 -1.268233
21.833620 2.807285 -2.944411
21.849980 1.995512 -2.517573
21.869020 -0.621980 1.236005
21.882930 -2.992643 5.712153
21.899410 -2.732134 7.832208
21.915770 0.024970 6.441897
21.932250 2.520090 2.170775
21.948610 1.375088 -4.107175
21.964840 -4.850131 -10.456196
21.983150 -12.476736 -13.779903
21.997680 -14.753909 -12.349827
22.014160 -9.615819 -7.586911
22.030880 -2.173952 -2.923881
22.047490 1.606607 -0.347071
22.063600 1.323270 0.446630
22.079960 0.197333 0.160934
22.096310 -0.332960 -0.931299
22.112920 -1.024447 -2.422809
22.129390 -2.373188 -3.654756
22.145630 -3.280356 -4.325915
22.162350 -2.491489 -4.795560
22.178590 -0.751356 -4.756701
22.211430 0.051539 -2.552949
22.227660 -0.711622 1.524109
22.244020 -1.809504 3.946045
22.260620 -2.367595 2.051304
22.276980 -2.851548 -2.259223
22.309810 -3.029806 -4.380600
22.326420 -2.089414 -2.689475
22.342650 -0.177166 0.831456
22.359130 1.708788 3.834084
22.375490 2.748702 4.972588
22.410030 2.790858 4.430195
22.425050 1.875056 2.464323
22.457520 0.980366 -1.145771
22.474000 0.958689 -5.542139
22.490600 0.667126 -8.451979
22.506840 -0.856596 -7.990443
22.523440 -2.746200 -4.825201
22.539790 -3.683287 -0.720675
22.556270 -3.515137 3.793341
22.572510 -2.725501 8.389077
22.589230 -1.488511 11.279688
22.605590 -0.623263 10.490016
22.621950 -1.054306 6.528504
22.638310 -1.975728 2.395668
22.654790 -1.628086 0.505610
22.671140 0.007581 0.520764
22.687620 1.154569 0.481279
22.704220 0.880025 -0.574481
22.720460 -0.239465 -1.950390
22.753300 -1.238922 -2.972842
22.769780 -1.507077 -3.457119
22.802610 -0.766666 -3.171041
22.819210 0.872743 -2.317461
22.835570 2.096970 -1.555368
22.852290 1.441977 -1.103499
22.868410 -0.963571 1.272898
22.884770 -3.568066 4.389287
22.901120 -4.291670 -2.488180
22.917720 -2.072047 -21.405626
23.180420 2.562237 -34.036128
23.196780 7.752393 -23.605852
23.213260 11.001205 2.202397
23.229610 9.508307 19.869991
23.246220 1.366174 19.970964
23.262570 -10.298229 11.707012
23.279420 -18.189511 4.250928
23.295290 -17.625628 0.563313
23.311890 -10.833222 -0.010512
23.328130 -3.942076 0.186030
23.344730 0.151331 0.494862
23.360960 2.813723 1.659247
23.394040 5.253846 2.545688
23.410400 6.629085 1.757246
23.426760 5.599871 0.466881
23.443240 3.060897 1.171134
23.459590 1.277277 3.924150
23.476070 0.278491 5.631961
23.492550 -1.948767 4.207140
23.509030 -5.586441 0.385246
23.525390 -7.791760 -4.029744
23.541750 -6.740048 -7.057874
23.558350 -3.602481 -7.265976
23.574580 0.247970 -4.610343
23.591190 4.876592 -0.366029
23.608150 9.182034 3.214064
23.624150 10.129335 4.232949
23.640380 7.132502 2.678941
23.656980 3.297931 0.070434
23.673220 1.675841 -1.947851
23.689820 2.249918 -2.571060
23.706300 2.936541 -1.841889
23.723630 2.790167 -0.325834
23.739140 1.950338 0.945686
23.755490 0.487074 1.022792
23.788330 0.989218 0.314792
23.804690 7.381761 0.277269
23.837650 18.636864 1.748446
23.854130 27.835400 4.190452
23.886720 28.835715 5.554041
23.903320 22.615307 4.513700
23.919800 14.328883 1.874818
23.937380 7.463265 -1.258199
23.952640 3.154698 -3.348839
23.969120 0.742732 -2.773443
23.985600 -1.272505 -0.201501
24.001950 -3.346156 2.162759
24.018310 -5.311966 3.090804
24.034790 -7.291939 3.061952
24.051150 -8.371150 2.463505
24.084110 -6.967330 0.570462
24.100460 -3.260891 -1.934485
24.116940 0.231646 -3.089283
24.133420 1.498593 -2.860353
24.149660 0.998209 -2.618770
24.166380 -0.548795 -2.921748
24.182620 -2.559611 -2.987314
24.198970 -5.378426 -1.744562
24.215580 -11.261259 0.410367
24.231930 -19.303476 1.804311
24.248290 -24.560409 1.620273
24.265630 -23.332191 1.023870
24.281490 -17.386472 1.014309
24.297730 -11.407501 0.597715
24.330570 -6.393830 -1.502541
24.346920 -1.332610 -4.272752
24.363400 2.496842 -5.083623
24.381100 2.529638 -3.262250
24.396240 -0.687771 -0.323908
24.412720 -2.955620 2.370836
24.429080 -1.998211 3.889701
24.445560 0.206143 4.197424
24.461790 1.352609 4.152607
24.478390 2.800736 4.028056
24.494870 5.957012 3.262228
24.511350 8.345560 1.568541
24.527590 7.765316 0.473210
24.544070 5.083975 1.520180
24.560550 1.822003 3.352645
24.576780 -1.597612 3.497828
24.593870 -4.463945 1.187910
24.609860 -5.152614 -2.400655
24.626220 -3.799048 -5.431193
24.642580 -2.470281 -6.848714
24.659060 -1.151982 -6.004422
24.675420 2.862131 -1.931909
24.691890 9.541513 4.138482
24.708370 13.806442 7.871974
24.724730 11.841237 6.367773
24.741330 6.563787 1.887860
24.774050 3.405403 -0.317902
24.790530 3.312543 1.251401
24.807010 3.606841 3.140846
24.823240 3.408326 2.719679
24.839840 4.260633 0.746036
24.872680 6.787475 -0.425965
24.889040 9.117668 -0.633139
24.905520 8.765038 -2.260443
24.922120 5.674484 -6.226064
24.938480 2.094724 -10.410653
24.954830 -0.317841 -11.454488
24.971190 -1.809130 -7.924466
24.987670 -2.987825 -1.749936
25.003780 -3.748536 3.380022
25.020510 -4.057481 5.084208
25.036870 -4.140714 3.803003
25.053340 -3.660967 1.464522
25.069820 -1.954336 -0.487996
25.086180 0.501364 -1.678495
25.102540 2.274470 -1.571429
25.119140 2.617814 0.437497
25.135500 1.859166 3.615331
25.151730 0.748351 5.951266
25.168460 -0.043070 5.753115
25.184810 -0.100626 3.447834
25.201170 0.700513 1.220167
25.217530 1.823844 0.688014
25.234130 2.566118 0.962066
25.250490 2.503341 -0.531788
25.266850 0.832163 -4.906318
25.283330 -2.202480 -9.931568
25.299800 -4.067061 -12.010727
25.316280 -2.312257 -10.355035
25.332520 2.175457 -6.758847
25.349120 5.465270 -2.389954
25.365480 5.004968 2.361888
25.381960 1.883382 6.723382
25.398320 -1.448721 9.372722
25.414670 -3.447850 9.751461
25.431030 -3.699872 8.497024
25.447750 -1.955286 6.130500
25.464110 1.630406 3.094804
25.480590 5.380227 0.079303
25.496950 7.028135 -2.484207
25.513310 5.855228 -4.459504
25.529660 3.257241 -5.924961
25.546140 0.983432 -6.378935
25.562620 -0.817392 -4.625745
25.578980 -2.352832 -1.303323
25.611940 -2.374924 0.721616
25.628300 -0.238269 -0.140129
25.661010 2.587672 -2.141204
25.677730 3.772425 -2.900900
25.694460 2.249713 -2.665082
25.710570 -0.973260 -2.689823
25.726810 -4.151787 -2.775196
25.743410 -5.086765 -1.881785
25.759640 -2.306114 0.575001
25.776250 2.432956 3.965724
25.792600 5.508950 6.487771
25.808960 5.471045 6.118918
25.825440 3.924872 3.867937
25.841920 2.410859 4.461608
25.858280 0.100209 9.811374
25.874630 -3.033750 15.984433
25.891110 -4.402611 17.724432
25.907590 -3.023995 13.888584
25.924070 -1.214571 7.491912
25.940430 -1.005710 0.953295
25.956910 -0.872474 -4.698869
25.973270 1.143937 -7.963328
25.989870 3.290115 -7.339008
26.006230 3.029826 -3.133743
26.024540 -0.122778 2.300494
26.039060 -5.126186 6.120483
26.055420 -9.443887 7.104174
26.072020 -10.679416 6.319327
26.104740 -8.551970 5.000423
26.121220 -4.923743 3.282803
26.137700 -1.674594 0.658444
26.154050 1.070701 -2.637415
26.170410 2.740043 -4.983956
26.186770 1.870865 -4.871493
26.203370 -1.065438 -2.330040
26.219850 -3.280339 0.769966
26.236210 -2.175970 2.346408
26.252690 1.214126 1.979023
26.268920 3.001766 0.380973
26.302000 1.397028 -1.522030
26.318360 -1.707764 -3.582177
26.334840 -2.899798 -5.955178
26.351200 -0.801480 -7.406940
26.367680 2.450931 -6.701254
26.400630 3.847467 -4.116527
26.416990 2.354586 -1.787365
26.433470 -0.112727 -1.680743
26.449710 -1.234578 -2.877474
26.466190 -1.085245 -3.222805
26.482670 -0.882713 -2.378451
26.499020 -0.883821 -2.379732
26.515380 -0.312417 -3.584898
26.548340 1.490391 -3.891146
26.564820 4.153452 -2.579764
26.843870 5.889414 -0.527443
26.860470 5.167172 1.100044
26.876710 2.889126 2.177977
26.893430 1.561404 2.634125
26.910030 2.249163 2.243158
26.926150 2.969323 2.620993
26.942500 1.248368 4.612508
26.959110 -2.515515 6.567481
26.975340 -5.767789 6.940370
26.992190 -6.878646 5.969369
27.008420 -6.407213 4.669379
27.024660 -5.733573 3.725285
27.041260 -5.188253 3.806548
27.057620 -4.487844 5.038972
27.074100 -3.133449 6.058703
27.090580 -0.132998 4.734329
27.106930 3.458658 0.738876
27.123410 4.461810 -3.704669
27.140140 1.953703 -6.628324
27.156250 -1.098266 -7.723864
27.189450 -0.829625 -7.441217
27.205690 2.547786 -5.943694
27.238530 5.189683 -2.578493
27.255000 5.080304 1.678117
27.271360 3.216339 4.125973
27.287960 1.659678 4.469196
27.304200 1.038207 4.450081
27.320920 0.170205 4.299396
27.337040 -1.055787 1.568604
27.353390 -1.581902 -4.492500
27.369870 -1.021652 -9.227443
27.386110 0.026964 -8.026542
27.402590 0.621296 -1.918380
27.419190 0.078622 4.039467
27.435420 -1.895350 5.749011
27.451900 -4.352815 3.289892
27.468260 -4.561187 -0.342023
27.484740 -0.573477 -2.279116
27.501220 5.791553 -1.329638
27.517580 10.344929 1.633965
27.534060 10.464963 4.353090
27.552730 7.325611 5.093320
27.583370 4.159594 3.906247
27.599730 2.798169 2.329086
27.632690 2.604649 1.187157
27.648930 1.899146 0.078003
27.681880 0.165336 -0.600752
27.698360 -1.703016 -0.537489
27.714840 -2.831674 -1.051784
27.731200 -2.981202 -3.051748
27.747680 -2.699288 -4.798412
27.780520 -2.717858 -4.005059
27.796880 -3.629777 -1.425966
27.813350 -5.289065 0.417293
27.829830 -5.784851 1.161208
27.846070 -4.223426 2.034382
27.862670 -2.394774 2.391656
27.878910 -2.031013 -0.034680
27.895630 -2.733776 -5.091497
27.911870 -2.951867 -8.783822
27.928340 -3.050913 -7.148772
27.944700 -3.657097 -1.603508
27.961180 -3.449443 2.429549
27.977660 -2.260936 2.917945
27.993900 -2.108353 2.397999
28.010500 -5.392436 3.188345
28.026980 -11.640608 4.455506
28.043330 -17.256520 4.632430
28.059690 -18.647688 4.060483
28.076170 -13.833417 3.319639
28.092530 -5.417623 2.036133
28.109130 0.341445 -0.484834
28.125610 0.557394 -3.112538
28.141850 -1.375403 -3.399444
28.174680 -1.175339 -1.488740
28.191160 0.957457 -0.020288
28.223880 2.169817 -0.676028
28.240360 2.390563 -2.629280
28.256960 4.391348 -4.091320
28.273320 8.263690 -3.722450
28.289790 11.217951 -1.353173
28.306030 10.915153 1.164439
28.322510 7.038849 1.373796
28.338990 2.060886 -0.778295
28.355350 -1.276141 -2.624043
28.371830 -2.503724 -2.465719
28.388310 -2.628955 -0.638997
28.404540 -2.205154 2.175241
28.421140 -0.618568 4.479590
28.437620 2.198889 4.744893
28.454100 4.513333 3.101858
28.470340 4.272119 0.780134
28.486940 2.102058 -0.939805
28.503300 0.578792 -0.840427
28.798950 0.149748 1.738210
28.815430 -0.712505 5.282057
28.831910 -2.913428 6.916095
28.848270 -4.833352 5.774365
28.865720 -4.242808 3.400502
28.881100 -1.776162 0.832769
28.897580 0.276104 -1.961486
28.914060 -0.195824 -3.886646
28.930420 -2.898730 -3.512471
28.946780 -4.875572 -1.455719
28.963380 -4.915166 1.385340
28.979740 -4.766912 4.873699
29.012570 -5.562214 6.850818
29.028930 -5.864602 4.974722
29.045290 -4.479556 0.863981
29.061890 -3.063086 -1.300579
29.078250 -2.692659 0.216186
29.094850 -1.938091 2.818748
29.111210 -0.269384 3.981090
29.127560 1.016037 3.528912
29.160280 0.119220 1.673813
29.177000 -1.746491 -0.621036
29.193240 0.643345 -1.741357
29.209840 9.787458 -1.316341
29.226200 21.135000 -0.132840
29.242550 26.715778 0.887129
29.258910 23.488479 1.565820
29.275390 15.455994 2.418826
29.291990 7.016226 3.367268
29.308230 0.469701 3.456901
29.324830 -2.816347 2.466800
29.341190 -2.745792 1.949337
29.357540 -0.828589 3.391781
29.374020 1.059408 5.627515
29.390260 1.453088 5.367542
29.406860 -1.367899 1.163239
29.423340 -6.769096 -4.522916
29.439820 -10.704157 -8.638242
29.456180 -10.081302 -11.008882
29.472530 -6.270253 -12.349292
29.489140 -2.709726 -11.133209
29.505490 0.101129 -5.428262
29.521730 2.770060 2.667360
29.538330 4.109918 7.928133
29.554690 4.443627 8.374766
29.571170 3.985541 5.949769
29.587400 -0.760992 2.372505
29.604000 -11.474946 -1.350698
29.620480 -22.480859 -3.263394
29.636960 -25.146493 -1.735880
29.653320 -18.364070 0.927846
29.669800 -9.118527 1.396418
29.702510 -2.989127 0.243899
29.718990 -1.189154 -0.086484
29.735350 -2.030423 0.721055
29.751830 -2.045380 0.652141
29.768310 0.253527 -1.021016
29.801150 3.259091 -2.830460
29.817750 5.607991 -3.716283
29.850460 7.935920 -3.449124
29.866820 10.910013 -1.984535
29.899780 13.030581 0.031432
29.916020 12.701924 1.766922
29.932620 10.424934 2.606573
29.948970 7.604866 2.812934
29.965450 5.105482 3.260569
29.998290 2.646202 3.026960
30.014650 -0.218187 0.587802
30.031130 -2.985179 -3.701536
30.047490 -4.461801 -7.281791
30.063960 -3.408391 -6.932806
30.080440 0.172757 -1.806354
30.096920 4.186225 5.514284
30.113280 5.839779 10.649278
30.129880 3.763828 10.408290
30.146240 -0.518129 5.566700
30.162600 -3.575192 0.259613
30.178960 -4.518041 -2.285238
30.195430 -6.537422 -2.772775
30.211790 -11.033235 -2.952361
30.228390 -14.530058 -2.809153
30.244750 -13.951606 -2.558831
30.261110 -10.162799 -2.793196
30.277340 -5.460768 -2.683989
30.294070 -0.542570 -0.098132
30.310300 4.007830 4.752116
30.326900 6.440890 7.739566
30.343380 6.778240 6.434513
30.359860 6.284029 3.194317
30.392460 4.453894 1.548413
30.409060 1.077728 2.060491
30.425420 -1.304733 2.382550
30.441890 0.222573 1.202679
30.458130 4.441671 -1.367572
30.474730 6.517348 -5.137063
30.491090 4.226723 -8.121319
30.507570 0.696759 -7.464469
30.523930 -0.136942 -2.780284
30.540280 1.107885 2.289500
30.556760 1.097500 4.233054
30.573240 -1.060986 3.525286
30.589600 -2.987383 1.552005
30.606200 -2.281637 -0.926874
30.622440 0.717667 -2.508708
30.638920 3.561801 -1.661052
30.655270 4.259272 1.508251
30.671880 3.109078 5.121661
30.688350 2.182325 7.272964
30.704710 2.192983 7.091477
30.722900 1.032036 5.160518
30.737550 -2.716900 3.098171
30.753910 -6.722197 2.028423
30.770390 -7.247117 1.154595
30.786990 -4.452370 -1.348621
30.803100 -1.669406 -4.971797
30.819700 -0.374861 -6.258845
30.836060 0.433172 -2.826228
30.852660 1.359145 3.064963
30.868900 1.386075 6.082803
30.885500 0.344459 3.331831
30.901860 -0.887742 -3.168047
30.918210 -2.230013 -8.820481
30.934690 -3.922736 -10.360189
30.951170 -5.578852 -8.346127
30.984010 -6.267347 -5.434063
31.000490 -5.370062 -3.406913
31.016970 -2.889162 -2.243981
31.033450 0.247643 -1.023400
31.049800 1.950027 0.510892
31.082520 1.968081 2.189055
31.099000 4.509273 3.606844
31.131840 13.051923 4.012136
31.148320 24.421106 3.438051
31.181030 31.198187 2.190698
31.197630 29.092669 0.322020
31.230470 20.590468 -1.623426
31.246830 10.746583 -2.669650
31.263310 2.815563 -2.302499
31.279790 -2.152696 -1.478354
31.296020 -4.492705 -0.744748
31.312620 -4.642679 1.369319
31.328980 -3.140885 5.443910
31.345460 -0.831436 8.939658
31.361690 1.676914 8.247585
31.378170 3.503831 2.922442
31.394650 3.993837 -3.521737
31.411250 3.289670 -6.747027
31.427490 2.459036 -4.719835
31.444090 0.298810 1.213989
31.460330 -8.239645 8.236118
31.476810 -22.651668 13.467837
31.493290 -33.769702 14.998421
31.509770 -33.102389 12.849995
31.526120 -22.154358 8.841912
31.542600 -10.557633 5.169500
31.558960 -4.330630 2.510959
31.575320 -2.639087 1.224403
31.591920 -1.961566 1.504682
31.608400 0.702048 1.981549
31.624760 5.083632 1.016241
31.640990 7.788359 -1.304786
31.657590 5.571369 -3.423159
31.673950 -0.294670 -4.830064
31.690430 -4.693910 -5.661685
31.723390 -5.053772 -4.786490
31.739750 -3.183580 -1.936349
31.756230 -1.676230 0.188550
31.772580 -0.953346 -1.684961
31.788940 -0.664866 -7.099234
31.805420 -1.384548 -11.788557
31.821780 -2.453039 -12.465605
31.838380 -2.211854 -9.286073
31.854610 -0.212916 -3.739253
31.871090 2.252603 2.830467
31.887570 3.340248 7.997582
31.920170 2.575256 8.399218
31.936890 1.174072 3.812353
31.953250 0.797055 -1.703216
31.969730 1.564366 -4.373979
31.986210 2.068485 -4.017277
32.002690 1.610839 -2.030405
32.019040 0.979953 1.653974
32.035640 1.290994 6.441063
32.051880 3.092574 8.984774
32.068360 5.765304 6.409811
32.084720 8.087696 1.165470
32.101070 9.810043 -0.963894
32.117550 11.309914 0.975780
32.133910 12.359671 3.137256
32.150390 11.666669 3.442872
32.166870 8.362957 3.414716
32.183230 3.749496 4.050335
32.199710 -0.426875 2.934947
32.216060 -3.740646 -1.428660
32.232540 -6.072800 -5.953067
32.248900 -6.844564 -6.473371
32.265500 -5.890594 -3.124077
32.281980 -3.532382 0.355763
32.298220 0.286054 1.440412
32.314700 5.107227 0.866363
32.331180 8.273294 0.014719
32.347530 6.628620 -0.989518
32.364010 1.570678 -0.813766
32.380490 -2.366245 1.746298
32.396970 -3.525106 4.900270
32.413330 -3.321132 6.061591
32.429690 -3.399547 4.850830
32.446040 -3.658061 2.968670
32.462520 -2.913001 1.583659
32.479000 -1.057401 0.690992
32.495480 0.724571 0.279223
32.511720 0.845845 0.208530
32.528320 -0.961944 -0.283705
32.544800 -2.926278 -2.051896
32.561040 -3.632539 -4.883624
32.577390 -3.108459 -7.334702
32.593990 -1.736144 -7.244868
32.610470 -0.724115 -1.745737
32.626830 0.070628 3.608416
32.643310 4.353168 -2.572553
32.659550 14.539476 -15.582429
32.922360 24.019242 -18.353980
32.938960 19.703251 -3.694843
32.955200 -0.417343 14.454270
32.971680 -22.063575 19.512277
32.988280 -30.634213 14.931369
33.004520 -25.124025 10.248681
33.021000 -14.869938 7.768075
33.053960 -6.618015 5.944013
33.070310 -1.693596 3.343803
33.103030 0.887690 0.440034
33.119510 2.492816 -1.963275
33.136110 3.057749 -3.298863
33.152340 1.636446 -3.002723
33.168700 -0.911992 -0.760778
33.185300 -1.702243 2.902272
33.201660 -0.110296 5.893085
33.218140 1.680655 6.299464
33.234620 2.141210 4.895310
33.251220 1.850961 4.176248
33.267460 1.529113 5.024660
33.283940 0.335995 5.232042
33.300420 -1.864014 2.811424
33.316770 -3.382443 -1.222667
33.333370 -3.522243 -4.719463
33.352660 -1.897710 -6.078571
33.366460 3.274266 -4.862270
33.399170 10.421672 -2.590293
33.415650 14.851187 -0.594147
33.432130 13.885337 1.060225
33.448610 9.148998 1.905688
33.468380 4.710547 1.389228
33.481320 1.827611 -0.164406
33.497560 0.086068 -1.383538
33.514160 -0.566327 -1.076816
33.530400 -0.821482 0.331695
33.546630 -0.310494 1.266549
33.563110 0.513835 1.077121
33.579960 -1.788486 2.075616
33.596310 -8.314351 7.653140
33.612790 -14.626678 16.358928
33.629030 -14.830945 21.294191
33.645390 -8.153127 18.269234
33.661740 -0.101619 10.683970
33.678220 3.980426 4.092385
33.694700 3.406550 -0.262360
33.711060 0.485516 -3.831274
33.727420 -2.542864 -6.678509
33.744020 -4.445387 -6.969184
33.760500 -4.308428 -3.950336
33.793330 -1.883102 -0.185858
33.809570 0.141691 1.519002
33.842530 -0.543721 0.598431
33.859250 -2.423331 -1.812647
33.891720 -3.353418 -3.908265
33.908330 -2.523756 -4.083034
33.941160 -0.431226 -1.943869
33.957520 2.269860 0.806935
33.990600 4.712043 2.785040
34.008180 4.530572 4.389548
34.023440 -0.098904 5.207996
34.039920 -7.552091 2.897996
34.056400 -13.258699 -2.654965
34.072880 -12.598723 -6.889486
34.089230 -5.228517 -5.903418
34.105470 3.665350 -1.412198
34.125980 8.342705 2.067187
34.138310 6.958742 3.075544
34.154660 1.800578 2.925836
34.171140 -3.380634 1.862689
34.187260 -5.933537 -0.638515
34.204100 -5.091747 -3.494524
34.236690 -2.102512 -5.052205
34.253420 1.529200 -4.529183
34.269780 5.654316 -1.614458
34.286010 9.459970 2.772837
34.302490 10.463484 6.158847
34.319090 7.823448 6.341554
34.335450 5.342138 4.374679
34.351810 5.728774 2.641138
34.368290 5.755145 1.064547
34.384640 3.194314 -0.730796
34.401250 0.448647 -1.709198
34.417480 -0.368595 -1.129303
34.434080 -1.784383 0.243305
34.450440 -4.522470 0.898071
34.466670 -1.416794 0.664444
34.483280 11.466506 1.141762
34.499630 26.057520 2.750964
34.515990 30.195395 2.919136
34.532470 21.780896 -0.959386
34.549070 9.745614 -6.503853
34.565430 1.420327 -7.510608
34.581670 -2.841089 -2.549737
34.598270 -4.665220 3.260464
34.614620 -3.651824 4.960046
34.631230 0.138773 2.615156
34.647460 4.073179 -0.667143
34.664060 5.045346 -3.240247
34.680420 2.464282 -4.915486
34.696660 -1.463294 -5.344108
34.713380 -4.372057 -3.941080
34.729740 -5.204103 -1.398839
34.746220 -3.825193 1.023436
34.765260 -0.673655 3.482125
34.778930 2.311901 6.481785
34.795410 3.321097 8.394372
34.811770 3.646555 6.367777
34.828250 6.181141 1.611670
34.844600 10.062049 -1.979107
34.861210 10.562508 -3.686114
34.877440 7.053444 -5.287911
34.894040 3.589596 -7.086785
34.910400 1.797972 -6.735777
34.926880 -0.516149 -2.913810
34.943360 -4.428672 2.273676
34.959720 -7.230163 6.439690
34.976200 -6.637873 9.189887
34.992550 -3.775659 10.364542
35.009160 -0.981329 8.596516
35.025510 0.320521 2.941696
35.041870 0.211810 -4.258241
35.058350 -0.223922 -8.548257
35.074580 -0.379588 -8.246212
35.091060 -0.384560 -5.552692
35.107540 -0.271379 -2.665312
35.123780 0.361265 1.152379
35.140380 0.251894 4.388659
35.156740 -2.083377 4.087446
35.173340 -2.410425 -3.178239
35.403320 4.652275 -25.086073
35.421140 17.239031 -57.677682
35.436400 24.496269 -82.561842
35.452640 15.618478 -83.739642
35.468870 -5.530749 -62.737379
35.485470 -24.514686 -37.609020
35.518310 -30.226577 -18.233871
35.537110 -22.971767 -4.536624
35.551150 -12.361010 2.016441
35.567500 -5.361612 0.992183
35.583980 -2.864869 -4.114443
35.600460 -3.074314 -7.222490
35.616820 -2.957660 -5.559996
35.633300 -1.208958 -1.653853
35.649780 0.681100 1.001525
35.666380 1.059622 2.216557
35.682620 0.247789 4.067261
35.698970 -0.097332 6.694970
35.715330 0.248234 7.690743
35.731810 0.469864 5.514266
35.750240 0.672942 0.995895
35.764890 0.633370 -4.944508
35.781130 -0.117239 -11.231154
35.797490 -0.938926 -15.137780
35.813840 -0.823501 -13.511824
35.830320 0.392825 -7.074796
35.846800 1.640288 -1.287315
35.865480 1.942524 -0.126044
35.879640 1.659480 -1.935749
35.928960 1.528564 -2.667749
35.945310 2.029686 -0.416700
35.961790 2.957555 4.259748
35.978270 3.131482 9.092426
35.994870 3.027169 11.330791
36.011110 5.753232 9.919673
36.027340 12.240181 6.498537
36.060300 18.277811 4.205196
36.078610 18.688888 3.054714
36.093510 13.375144 -0.181926
36.109620 6.899733 -6.182024
36.125980 2.224053 -11.343885
36.142460 -1.057503 -11.582074
36.158940 -3.567031 -7.552459
36.175290 -4.781580 -3.318528
36.192870 -4.056553 -0.350966
36.208500 -1.947862 3.319803
36.224730 -0.403505 7.924665
36.240970 -1.128825 9.848979
36.257810 -3.331177 7.349682
36.274170 -4.867999 2.907290
36.290410 -4.705002 -0.972752
36.306760 -3.347282 -4.072830
36.323360 -1.878375 -5.786243
36.355960 -0.480730 -4.283263
36.372440 0.818735 -0.476899
36.405520 1.762449 1.511089
36.421880 2.172943 -0.623272
36.438350 1.845810 -5.035062
36.454710 1.260646 -8.614768
36.470950 1.070136 -9.328538
36.487550 1.264902 -6.460273
36.504150 1.231027 -0.782322
36.520260 0.434638 5.553048
36.536740 -1.326506 9.792144
36.553340 -3.939028 9.831377
36.569580 -6.512587 6.026296
36.586060 -7.448971 1.023951
36.602660 -5.509387 -2.493904
36.618900 -1.625553 -3.759653
36.635380 0.089939 -4.029168
36.651860 -4.523707 -4.343450
36.668210 -14.022126 -4.138319
36.684570 -21.937658 -1.975019
36.701050 -23.361672 2.704101
36.717410 -19.016683 7.788303
36.733760 -12.409128 9.541130
36.750490 -5.721695 6.503911
36.766720 -0.395351 0.485307
36.783080 2.374602 -5.442043
36.799680 2.561908 -8.408149
36.815920 1.546484 -7.185748
36.832400 0.882176 -2.781925
36.848880 0.505254 1.855658
36.865230 -0.329706 4.192585
36.881840 -1.345081 3.889114
36.898190 -1.761312 1.148776
36.914550 -0.853606 -3.173157
36.930910 2.178619 -6.542151
36.947390 6.888801 -6.632238
36.963870 10.880690 -3.285153
36.980220 11.305905 1.956298
36.996830 7.795325 7.410367
37.013060 3.132180 11.743140
37.029660 0.224809 13.716002
37.046020 0.471678 13.161007
37.062380 2.527794 10.572755
37.078980 3.190532 5.988563
37.095210 2.265807 0.307970
37.111820 2.823680 -4.011335
37.144530 6.289525 -4.514099
37.161010 9.818361 -1.389617
37.177490 9.871063 2.646329
37.193850 6.935814 5.035391
37.210210 3.832681 4.604528
37.226810 1.798511 1.464719
37.243160 -0.046588 -3.714335
37.259520 -2.380707 -8.818678
37.275880 -3.723900 -10.165095
37.292600 -2.123731 -6.229056
37.308960 1.752860 0.167736
37.325320 5.575169 4.375641
37.341670 8.623736 4.704677
37.358150 10.934336 3.448381
37.374510 10.728018 3.150557
37.390990 6.078388 3.973301
37.407470 -1.053872 4.133561
37.440310 -5.884114 2.104978
37.456670 -5.985807 -1.313795
37.473140 -3.103376 -3.464848
37.489620 0.019429 -3.117678
37.505980 3.491537 -1.639847
37.538820 8.528633 -0.547931
37.555300 13.760033 0.090660
37.571660 15.684102 0.593585
37.588260 12.573612 0.316985
37.604490 7.131326 -0.535311
37.621090 3.047951 -0.404884
37.637330 1.151015 0.609103
37.653810 0.385126 0.774000
37.670410 -0.215105 -0.401195
37.686890 -0.852203 -1.241750
37.703370 -1.374377 -0.160494
37.720210 -1.445753 2.233081
37.736210 -0.589430 3.620974
37.752690 0.825427 2.506656
37.785640 1.907541 -0.046420
37.802250 2.549029 -1.690332
37.818360 3.136993 -1.588582
37.834720 2.902715 -1.432484
37.851070 0.784845 -2.524634
37.867550 -2.229484 -4.042979
37.884030 -3.910924 -4.858483
37.900760 -3.436107 -4.329223
37.933590 -1.997595 -2.015083
37.950070 -0.859937 1.646616
37.966310 -0.164831 4.818248
37.982420 0.711510 5.332354
37.998780 1.988052 2.605769
38.015500 2.942146 -2.110570
38.031740 3.356906 -7.360667
38.048220 2.275868 -10.525665
38.064700 -3.204915 -7.825429
38.378300 -11.937011 0.230135
38.393190 -19.954902 8.123884
38.409670 -27.496547 10.722155
38.426030 -35.880595 7.361106
38.442380 -41.805395 1.607791
38.459350 -38.180985 -2.466796
38.475710 -24.744991 -1.950916
38.492070 -10.126407 2.910618
38.508300 -0.319098 7.974622
38.524900 3.950110 10.013251
38.541260 3.920394 8.959372
38.557980 1.494022 5.867919
38.574100 -1.681674 1.857066
38.590700 -4.016921 -1.418635
38.623660 -3.897672 -2.137743
38.639770 -1.250794 -0.739433
38.656010 1.959389 0.139622
38.672610 3.957029 -0.887840
38.688720 4.142273 -2.779236
38.705440 2.746865 -4.093665
38.721800 0.941812 -4.940725
38.738280 -0.150869 -6.227600
38.754760 -0.458948 -7.928506
38.771240 -0.694346 -9.202333
38.787720 -0.862828 -9.317797
38.803960 0.300281 -7.653148
38.820430 2.737684 -3.836765
38.836910 4.472357 1.020395
38.853270 3.495946 4.689085
38.869750 -0.765132 5.987738
38.886110 -5.581298 5.539932
38.902470 -6.557088 4.716890
38.918950 -2.699633 4.186704
38.935420 2.323750 3.655971
38.968260 4.107483 2.852404
38.984500 2.131325 0.997688
39.001100 -0.957163 -2.813288
39.017580 -3.405068 -7.537142
39.033940 -4.722116 -10.479707
39.050540 -4.270888 -9.085840
39.066890 -1.285651 -2.869317
39.083250 3.349978 5.266856
39.099730 6.595402 10.683858
39.116090 6.250680 10.845030
39.132570 3.118369 7.139499
39.149290 -0.149956 2.910570
39.165410 -1.627441 -0.617832
39.181880 -1.260599 -4.391092
39.198120 -0.350396 -8.196540
39.214720 -0.773276 -10.495207
39.230960 -2.427551 -10.061329
39.247560 -2.718348 -6.876236
39.263920 -0.478802 -1.601231
39.280270 2.537973 4.379442
39.297000 4.009780 8.377084
39.313350 3.739130 7.921472
39.329960 2.880958 3.304957
39.346190 1.637299 -2.064688
39.362790 0.121570 -5.187873
39.379150 -0.918610 -5.748760
39.395140 -1.111127 -4.563319
39.411870 -0.818242 -2.064110
39.428220 -0.463305 1.389953
39.444580 -0.203505 4.636322
39.461060 -0.116391 6.500411
39.477540 -0.345446 6.838961
39.493770 -0.953006 5.987589
39.510380 -1.383151 3.951170
39.526860 -1.314221 0.916953
39.543210 -1.054331 -1.974254
39.559690 -0.507695 -3.464113
39.576050 0.641993 -3.235903
39.592530 1.991959 -2.041721
39.608890 2.102581 -0.839285
39.625240 0.493759 -0.319668
39.641850 -0.478245 -1.213387
39.658200 1.870577 -3.376439
39.674560 6.801501 -4.900410
39.691040 10.304609 -3.617020
39.707760 9.172271 0.138061
39.724000 4.776525 3.768656
39.740230 1.069664 5.622915
39.756840 -0.480747 6.345508
39.773190 -1.077881 6.978624
39.789670 -1.564547 7.024896
39.806030 -1.244284 5.281054
39.822510 0.164831 1.545049
39.838870 1.425848 -2.967781
39.855350 1.899266 -6.522323
39.871830 2.102402 -7.990160
39.888180 2.226602 -7.427943
39.904540 1.681029 -5.989421
39.921020 0.509205 -4.717686
39.937500 -0.429931 -3.877597
39.953860 -1.135708 -3.051816
39.970210 -1.971363 -1.391429
39.986690 -2.454424 1.361420
40.003170 -1.712141 4.210629
40.019650 -0.053967 5.725830
40.036010 1.150291 5.350647
40.052490 1.706914 3.463704
40.068970 2.168486 0.782495
40.085210 2.211651 -2.069421
40.101680 1.337364 -4.634386
40.118160 -0.133098 -6.207169
40.134640 -1.630228 -5.875275
40.151000 -3.479441 -3.067154
40.167600 -4.659784 1.472818
40.183960 -1.640930 5.343572
40.200320 6.026217 6.404235
40.216670 13.544747 4.903039
40.233150 15.675774 2.825363
40.249630 11.778930 1.479773
40.266110 5.683370 0.459995
40.282470 0.916940 -1.187280
40.298950 -1.011134 -3.365950
40.315310 -0.306875 -5.479510
40.331790 1.013808 -7.173678
40.350220 0.740448 -7.219318
40.364870 -0.799430 -4.394404
40.380980 -1.577625 0.325170
40.397710 -2.184563 4.162916
40.413940 -2.832485 5.633528
40.430300 1.148290 5.643245
40.446780 12.787694 5.072479
40.463130 26.136923 3.748640
40.479740 30.841930 2.061869
40.496090 24.897417 2.096108
40.512450 15.653695 3.941771
40.528810 8.630330 3.858645
40.545530 4.460822 -0.585245
40.561770 2.210331 -6.902129
40.578000 0.717209 -9.930754
40.594850 -0.515955 -7.518422
40.611080 -1.718356 -1.817856
40.627690 -3.804970 4.050331
40.643920 -6.822348 7.465479
40.660280 -9.240761 7.233242
40.678960 -9.788276 4.238711
40.693240 -9.098642 0.497852
40.709720 -8.165694 -2.298289
40.726320 -5.971960 -3.603410
40.742680 -2.087274 -3.607362
40.758910 1.235452 -2.318510
40.791750 2.266961 -0.178784
40.808110 2.288524 1.062719
40.841060 3.038301 0.117256
40.857420 3.993013 -1.996904
40.873900 3.804649 -2.856623
40.890260 2.715537 -1.435766
40.906620 1.885354 0.954920
40.923220 1.295086 2.640002
40.939700 0.381206 3.162861
40.956050 -0.976889 2.882703
40.988890 -2.780288 1.955378
41.005130 -4.771695 0.858864
41.021730 -6.138501 0.486403
41.038090 -5.852808 2.620483
41.054570 -3.531071 8.052504
41.087280 -2.231838 12.204640
41.333740 -7.826296 9.544939
41.350220 -20.676475 1.061476
41.366820 -33.170973 -5.921866
41.383180 -36.732504 -6.185167
41.399900 -30.369985 -2.429368
41.416260 -20.390490 0.566121
41.432740 -11.616471 1.191055
41.452270 -5.272586 0.275405
41.465450 -1.276200 -0.824781
41.482180 0.643973 -1.393192
41.498540 0.937183 -1.430007
41.531370 0.755243 -1.107179
41.547610 1.262148 -0.385729
41.564210 2.269794 0.364323
41.580320 1.949547 0.577449
41.596680 -0.082101 0.309098
41.613040 -1.782224 -0.097881
41.629640 -1.691899 -0.747008
41.646000 -0.625198 -1.532102
41.662350 -0.239971 -1.548551
41.678960 -0.247556 -0.773674
41.695310 -0.137509 -0.447329
41.711790 -0.253464 -1.278595
41.728150 1.148189 -2.933374
41.744630 5.514107 -4.522558
41.760990 10.588929 -5.112633
41.777470 12.176279 -4.141959
41.793820 8.803376 -2.282625
41.810300 3.447072 -1.198582
41.826780 -0.165038 -1.047621
41.843140 -0.862984 -0.538625
41.859740 -0.214110 0.554757
41.875850 -0.259240 1.368090
41.892460 -1.140300 1.997952
41.908810 -1.485433 3.539479
41.925290 -0.753577 5.639527
41.941770 0.285407 6.531679
41.974610 0.972125 5.478435
41.991090 1.035846 3.511357
42.023800 0.134904 2.107291
42.040280 -1.257107 1.940608
42.056640 -1.633320 2.557129
42.073120 0.081148 2.433647
42.089720 3.155833 0.670722
42.106080 4.867908 -1.662321
42.122440 3.533302 -3.212102
42.138790 0.717999 -3.601973
42.171630 -1.262575 -2.539103
42.188110 -1.694377 0.340915
42.204470 -1.251369 4.174977
42.220950 -0.604372 6.775555
42.237300 -0.112856 6.926097
42.253780 -0.237534 5.241478
42.270260 -0.430774 2.439404
42.286620 -0.040992 -1.269181
42.303100 0.121342 -5.093707
42.321530 -1.017185 -7.402230
42.336060 -2.803673 -7.605922
42.352420 -2.732303 -6.113452
42.368900 -0.578793 -3.200402
42.385380 0.601454 -0.211385
42.418580 -0.457969 0.931073
42.435910 -1.915861 0.132127
42.450930 -2.128891 0.094416
42.467410 -1.998465 2.710654
42.483890 -2.619377 5.485817
42.516850 -2.553929 4.738396
42.533200 -1.143597 1.016215
42.549680 0.091452 -2.154953
42.566160 0.945726 -3.975497
42.582400 2.046370 -5.383686
42.599000 3.042147 -5.146240
42.615360 3.817777 -0.755959
42.631840 4.643947 5.804086
42.650150 5.051666 7.362786
42.664670 3.456783 1.482351
42.681400 0.098873 -6.161967
42.697630 -1.828716 -9.258904
42.714110 -1.067039 -7.531930
42.730470 0.200910 -5.313883
42.747070 0.325935 -5.022527
42.763430 0.500070 -5.660439
42.779660 2.210020 -5.138518
42.796390 3.984513 -2.089693
42.812620 2.895525 2.939053
42.829100 -1.138361 7.334790
42.845460 -4.644138 7.837647
42.862060 -4.703365 3.691335
42.878420 -2.039029 -2.214392
42.894530 0.965950 -5.895233
42.910890 3.339081 -5.487952
42.927490 5.395349 -2.499023
42.943850 7.137920 0.174381
42.960330 7.616518 1.355610
42.977540 6.349024 2.563810
42.993040 3.985225 5.586738
43.009520 1.408812 9.358365
43.026120 -0.538095 11.121744
43.042360 -1.337907 9.411452
43.058840 -1.019111 4.803751
43.075320 -0.124577 -0.590484
43.091800 0.713255 -4.418552
43.108030 1.199793 -5.674434
43.124510 1.250113 -4.768882
43.141110 0.989095 -2.101151
43.157350 0.918935 1.825401
43.173830 1.070417 4.862581
43.190310 0.732887 4.087379
43.206790 -0.347106 -0.307450
43.223390 -1.211932 -4.727694
43.256230 -0.277537 -6.267495
43.272460 2.479360 -4.594094
43.288940 5.605842 -0.939927
43.306270 8.023399 3.219123
43.322020 8.836828 6.171837
43.338260 7.300887 6.458073
43.354740 3.841868 3.989513
43.371220 0.239346 -0.063599
43.387450 -1.957388 -3.858901
43.404050 -2.955975 -5.774037
43.420290 -3.429467 -5.581339
43.436770 -3.014216 -4.616519
43.453130 -1.823921 -4.243571
43.469600 -0.756099 -3.859903
43.486210 0.515865 -2.048360
43.502560 3.186792 0.802359
43.518800 6.744396 3.073517
43.551880 8.711107 3.697296
43.567990 7.725383 3.015296
43.584590 5.264463 2.270444
43.600950 3.242690 2.326143
43.617430 1.772019 2.590836
43.650150 0.408698 2.028904
43.666500 -0.427816 1.074665
43.699460 -0.181815 0.740895
43.715940 0.555069 0.640146
43.732300 0.640785 -0.612644
43.748780 0.241472 -2.554016
43.765140 0.046542 -3.717250
43.781490 -0.037603 -4.048078
43.797850 0.094661 -3.539700
43.814580 0.621233 -1.628993
43.831050 0.822320 1.260550
43.847900 -0.501840 3.027315
43.864010 -2.845701 2.705657
43.880490 -3.291202 2.053627
43.896730 -0.400764 2.355705
43.913330 3.967201 2.483103
43.929690 6.940469 0.957533
43.946170 6.551421 -1.468277
43.964720 3.228613 -3.028156
43.978880 -0.471063 -2.858034
43.995120 -1.893747 -0.693341
44.011720 -0.616553 2.392706
44.028080 1.613377 3.815198
44.044560 3.769268 2.374038
44.060910 5.283664 -0.012042
44.077270 4.334167 -0.378239
44.093750 -0.117871 1.904028
44.110230 -5.702072 4.626259
44.126710 -7.108282 5.161303
44.143070 -1.097614 2.012403
44.159670 8.897107 -4.111841
44.175900 15.717379 -10.066465
44.192630 15.158958 -12.440939
44.209470 9.336798 -10.734581
44.225590 3.546114 -7.437015
44.242070 0.622691 -4.906457
44.258420 0.155786 -3.771324
44.274660 0.724827 -3.316288
44.296140 0.906581 -2.566694
44.307370 0.639225 -1.096852
44.323970 0.842992 0.679747
44.340210 0.875664 1.749984
44.356450 -0.575155 1.590390
44.373050 -3.178457 1.291607
44.389400 -5.003506 3.070096
44.406130 -4.327882 7.567577
44.422490 -1.021859 12.576367
44.438840 3.616103 14.577790
44.455200 7.050242 11.599276
44.471680 6.849102 4.729349
44.488040 3.607477 -3.309839
44.506470 0.485144 -9.427137
44.521120 -0.783399 -11.491103
44.537480 -1.353128 -10.218613
44.553830 -2.349496 -7.132519
44.570310 -2.519683 -2.021739
44.586670 -0.536721 4.561634
44.603270 2.662243 9.619664
44.619510 5.201737 10.134679
44.635990 6.381600 6.503354
44.652470 6.875824 1.896615
44.668950 6.956406 -1.418448
44.685300 5.697894 -2.650655
44.701660 3.020827 -1.948540
44.719120 0.502336 -0.168965
44.734620 0.881734 1.732402
44.751100 2.208671 3.071873
44.767460 -6.545989 3.602053
44.783810 -30.746724 2.925121
44.800170 -58.019935 0.829197
44.816770 -68.961004 -1.736178
44.833130 -57.301245 -3.036787
44.849610 -34.817993 -2.289680
44.865970 -14.961126 -1.054317
44.882450 -3.027032 -1.547389
44.898930 1.830197 -3.589087
44.915530 3.740323 -4.305147
44.931640 5.649866 -1.388153
44.948240 7.186994 3.824845
44.964480 7.018084 7.508987
44.981080 5.457242 7.340051
44.997560 3.509385 4.029073
45.030270 1.530757 -0.444432
45.046630 0.086159 -3.844647
45.063230 -0.134901 -3.952464
45.079590 -0.613193 -0.088749
45.096070 -0.341313 4.616017
45.112430 5.180133 4.896190
45.375240 12.235806 -0.220757
45.391720 12.242839 -6.377136
45.408200 4.451277 -9.096163
45.424560 -2.647696 -7.396815
45.440920 -2.333161 -3.215633
45.457400 1.633277 1.741145
45.473880 4.544409 6.220990
45.490110 5.551575 8.545800
45.506840 3.315073 7.431671
45.523070 -1.809923 2.394505
45.539550 -6.768550 -4.719693
45.556030 -8.366810 -9.463456
45.572390 -5.227226 -8.232328
45.588990 0.586808 -1.984432
45.605350 5.243103 4.017516
45.621700 6.484616 5.276176
45.638180 5.304035 2.063862
45.654540 4.595390 -1.481792
45.670900 5.185898 -1.514668
45.687260 5.515808 2.193718
45.703860 4.564804 6.524576
45.720340 3.154899 7.645796
45.736690 2.602819 4.116881
45.753050 2.416022 -1.921362
45.769530 0.947924 -6.355526
45.786010 -1.642250 -6.733108
45.820560 -3.191708 -3.946187
45.835330 -2.389624 -0.477316
45.851560 -0.792922 1.494916
45.868160 -1.337739 0.808258
45.884770 -4.101619 -2.100178
45.900880 -5.608629 -4.890585
45.917480 -3.227791 -5.590312
45.933840 1.360284 -4.305620
45.950200 3.806352 -2.095639
45.966550 2.280631 0.631267
45.983280 -0.524101 3.489957
45.999510 -1.699534 5.111579
46.015870 -1.994896 5.228298
46.032470 -3.827638 4.847944
46.048830 -7.843053 4.149238
46.065190 -11.856199 2.235394
46.081670 -13.046099 -1.243781
46.098020 -10.605322 -4.434274
46.114620 -6.017152 -4.834033
46.131100 -1.994849 -2.006631
46.147460 -0.393817 2.019259
46.163820 -0.888432 4.562670
46.180300 -2.016070 4.415897
46.196660 -2.738886 2.121950
46.213380 -2.704789 -1.133301
46.229610 -1.996475 -4.249317
46.246340 -0.536363 -5.123779
46.262330 1.739425 -1.146847
46.278810 4.234702 6.986943
46.295170 5.669846 14.201372
46.311770 4.790453 15.275602
46.328250 2.150693 10.274237
46.344480 -0.451957 4.172386
46.361080 -2.299877 1.146454
46.377440 -3.284900 1.366516
46.393680 -2.965507 2.285860
46.410160 -1.481159 1.862940
46.426640 0.048896 0.269105
46.443360 0.534991 -1.260343
46.459720 0.256551 -2.155122
46.476070 0.314418 -2.623800
46.492310 0.865593 -2.435262
46.508790 1.457170 -1.220598
46.525270 2.317969 0.383786
46.558230 3.993358 1.680251
46.577390 6.189282 2.773634
46.590820 7.395016 3.962006
46.607540 6.453962 4.686891
46.623780 4.352980 3.954198
46.640380 2.742697 1.912161
46.656740 1.600007 -0.795277
46.673100 0.186069 -3.772281
46.689450 -1.491962 -5.817132
46.706050 -2.934289 -5.675045
46.722290 -4.031740 -1.914994
46.738770 -5.334097 8.082095
46.755250 -6.548997 23.560027
46.771730 -6.368933 37.056172
46.788210 -3.986194 39.368534
46.804570 -0.297158 29.425681
46.821170 2.358650 15.383032
46.837400 2.303072 4.419641
46.853760 -0.272016 -1.927041
46.870360 -3.238705 -4.952938
46.886720 -4.474751 -6.343759
46.903200 -3.993185 -7.194858
46.919560 -2.638492 -6.966005
46.952270 -1.054359 -4.565408
46.968630 0.278565 -0.465121
46.985110 0.897084 3.175370
47.001710 0.537341 4.078434
47.018070 0.306477 2.200545
47.034550 2.597048 -0.472600
47.051030 8.894662 -1.660475
47.067380 16.528850 -1.071426
47.083740 19.910524 -0.610759
47.100340 17.001160 -0.804084
47.116700 11.077377 0.062663
47.133180 5.771366 3.388372
47.149540 1.967729 7.943692
47.165890 -0.101288 10.680195
47.182370 -0.046325 9.102179
47.198850 0.187048 2.579975
47.215330 -1.474118 -5.428451
47.233280 -3.836130 -9.220584
47.248410 -4.143600 -6.925618
47.264650 -2.301771 -1.468606
47.280880 -1.528181 3.674196
47.297490 -3.092775 7.436135
47.313960 -4.538986 9.369594
47.330320 -3.634163 8.084983
47.346920 -1.852199 4.110395
47.363160 -1.750263 0.586379
47.379520 -2.556105 -0.622225
47.396000 -1.842232 -1.219836
47.412600 0.091678 -3.764216
47.428960 0.119382 -7.776783
47.445310 -2.695309 -9.563447
47.465090 -5.601976 -7.006478
47.478520 -4.484643 -2.687490
47.494630 2.780943 -0.212460
47.510740 12.822814 0.031504
47.527340 19.415543 0.198217
47.543700 19.365876 1.124868
47.560670 14.872095 1.860211
47.576780 9.939998 2.001858
47.593020 5.986242 1.640466
47.609500 2.752255 0.624829
47.642330 0.017959 -0.656023
47.658940 -2.682315 -1.250490
47.675170 -5.799665 -0.716748
47.691530 -8.639165 0.641978
47.708250 -9.232545 2.375589
47.724610 -6.425268 4.326948
47.740970 -2.321471 5.810579
47.757320 0.128942 6.191823
47.773800 0.487296 5.464277
47.790280 -0.356499 3.166451
47.806640 -2.091696 -0.734431
47.823120 -4.251175 -4.507966
47.839600 -4.168267 -5.235353
47.856080 -0.138585 -2.259460
47.872800 5.634171 1.231323
47.892460 9.278045 1.715333
47.905760 7.853801 -0.684376
47.938480 1.278854 -1.982837
47.955080 -5.546801 -0.686768
47.971310 -7.153223 -0.436251
48.233760 -6.101279 -3.341941
48.250120 -8.953260 -6.481021
48.282960 -17.063532 -5.916377
48.299560 -24.369566 -2.545028
48.315920 -25.228450 -0.205577
48.333370 -20.633576 1.136148
48.348750 -13.571534 2.948502
48.365230 -6.598183 3.794892
48.381590 -1.172600 2.050314
48.397950 1.890273 -1.500397
48.414430 2.070766 -3.611280
48.430790 1.328776 -1.395255
48.447880 1.702543 3.525034
48.464110 2.234306 5.861180
48.480470 0.730513 2.193625
48.496700 -2.740051 -4.689227
48.513310 -4.854061 -8.303688
48.529790 -3.673223 -6.147664
48.548460 -1.257027 -1.129886
48.578980 0.137018 2.928064
48.595580 1.616811 3.917007
48.628420 7.027802 2.256926
48.644780 16.754585 0.304217
48.677610 25.157540 0.279760
48.693850 25.938574 1.279987
48.726810 18.585195 0.487351
48.743410 8.850414 -2.197354
48.759770 3.052921 -4.210420
48.779170 3.219334 -4.584243
48.792850 5.781110 -5.767854
48.808840 6.044553 -9.561243
48.825200 3.797671 -13.272153
48.841920 1.657091 -12.911037
48.858280 0.607564 -8.210539
48.876950 0.012348 -2.641260
48.890990 -0.299840 0.343543
48.907350 0.060444 0.593932
48.923830 0.463891 0.754951
48.940310 -0.009494 2.199868
48.956670 -0.622640 3.863585
48.973140 -0.206539 5.456854
48.989990 1.763511 7.078294
49.006230 4.494641 7.362340
49.022460 4.913333 4.960615
49.038940 1.557680 0.814822
49.055300 -2.679840 -2.314376
49.071660 -4.124246 -3.658746
49.088010 -2.484839 -3.410866
49.104490 -0.249187 -1.063971
49.121090 1.991434 1.148193
49.137450 4.928591 0.139891
49.153810 6.543209 -3.185880
49.170530 4.095484 -4.223267
49.186650 -2.084856 -1.205701
49.203250 -8.895742 1.669576
49.219600 -12.626849 1.416380
49.235840 -11.793272 -0.177443
49.252320 -7.838815 -0.402362
49.268800 -3.122982 0.838217
49.285400 0.132649 1.847746
49.301640 0.922801 2.033698
49.318120 -0.004933 1.520343
49.334720 -1.402816 0.455420
49.350950 -2.319390 -0.442828
49.367310 -2.147217 -0.245552
49.383790 -0.840619 1.008027
49.400390 0.769388 1.988274
49.416750 0.822288 1.768232
49.434570 -1.442266 0.597799
49.449580 -3.855704 -1.088163
49.465940 -3.151649 -2.828223
49.482300 -0.378985 -3.662841
49.498780 -1.577379 -2.552382
49.515380 -8.696845 0.290677
49.531620 -16.153478 3.398567
49.548100 -17.550387 5.673076
49.564580 -13.096063 6.623402
49.580810 -8.260416 5.789165
49.597290 -5.792683 2.895759
49.613890 -5.108207 -1.319468
49.630000 -4.409125 -5.063969
49.646730 -0.803994 -6.594917
49.663090 5.114263 -5.551894
49.679570 8.641222 -3.208017
49.712520 7.665654 -0.724719
49.728760 4.560477 1.078368
49.761720 2.437735 2.009548
49.777950 2.639312 2.085004
49.810790 5.829470 0.740505
49.827270 11.453373 -1.711242
49.843750 15.373426 -3.775977
49.860110 13.824612 -3.263095
49.876710 8.376694 -0.151221
49.893070 3.341079 2.098996
49.909420 0.355816 0.816220
49.925900 -1.514116 -2.468068
49.958860 -3.103841 -3.365729
49.975220 -4.849994 0.382176
50.008060 -6.143460 6.122372
50.024540 -6.250808 9.799021
50.057620 -5.734192 10.024737
50.073850 -5.261998 8.416706
50.090210 -4.087494 7.279392
50.106690 -0.480243 7.381087
50.123050 4.895717 8.133190
50.139400 8.162745 7.920850
50.156010 6.369316 5.145834
50.172490 1.007179 0.550686
50.188840 -3.511180 -3.265279
50.205440 -4.637600 -4.884481
50.221680 -3.027913 -4.991524
50.238280 0.234712 -4.424486
50.254640 4.778879 -2.831191
50.270870 9.295367 -0.213752
50.287480 10.849353 1.722517
50.303830 7.623991 1.624834
50.320310 1.888739 0.101863
50.336670 -2.038933 -1.158746
50.353030 -2.166150 -0.693944
50.369380 -0.141376 1.033478
50.385990 1.388043 1.782460
50.402220 2.015144 0.027746
50.418820 2.502092 -3.234874
50.435060 3.199275 -5.059419
50.451540 4.747711 -4.026593
50.467900 7.311709 -1.427458
50.484250 9.668836 0.959170
50.500980 9.989340 2.232864
50.517330 7.990679 2.317883
50.533690 5.107779 1.090297
50.550290 2.337931 -1.201842
50.566890 0.132861 -3.172590
50.583130 -0.900769 -3.091485
50.599490 -0.261090 -0.934041
50.615970 0.782296 2.284093
50.633420 1.430596 4.715157
50.648930 1.808859 2.545901
50.944460 -1.939425 -4.492453
50.960690 -12.080098 -11.565992
50.977290 -23.192884 -13.238502
50.993770 -25.859641 -7.864676
51.010010 -17.705381 0.218563
51.026490 -7.543954 6.038786
51.042970 -1.972237 7.436113
51.059450 -0.005645 4.737832
51.075810 1.106851 0.788219
51.092160 2.526482 -1.658882
51.108640 3.585497 -1.504587
51.125120 2.206287 0.359263
51.142090 -3.864285 0.578430
51.158200 -13.118995 -2.189574
51.174680 -19.985165 -4.194663
51.191040 -19.615163 -1.626404
51.207280 -12.719047 4.029729
51.223880 -4.221038 7.632351
51.240110 1.715720 6.714228
51.256840 3.697820 2.875417
51.273440 2.625812 -1.085044
51.289920 -0.699539 -2.566149
51.306150 -3.725285 -1.640149
51.322270 0.033735 -1.554764
51.338870 13.060768 -4.263633
51.355100 28.103413 -8.106071
51.371580 34.418097 -10.260391
51.387940 64.339455 8.112215
51.404540 -55.099659 -45.932137
51.420900 -158.649334 -90.883093
