0.000000 461.635000 717.288000
0.016200 494.785000 719.510000
0.032700 496.570000 650.870000
0.065280 522.444000 797.742000
0.081890 513.094000 702.504000
0.098280 506.124000 613.448000
0.114840 483.701000 702.724000
0.131210 487.747000 523.424000
0.147580 478.465000 459.074000
0.164090 484.160000 295.768000
0.180310 495.091000 447.876000
0.196960 504.747000 536.910000
0.213300 522.070000 589.424000
0.229780 498.355000 644.138000
0.246050 501.466000 683.012000
0.262600 525.198000 696.036000
0.279080 506.702000 747.868000
0.295440 509.269000 745.712000
0.312120 473.144000 432.190000
0.328340 562.513000 272.888000
0.344850 557.039000 240.130000
0.361370 537.438000 220.968000
0.377750 491.232000 288.178000
0.394090 497.896000 352.088000
0.410570 562.768000 441.760000
0.427110 522.597000 463.188000
0.459870 538.475000 422.664000
0.476360 470.305000 450.428000
0.509080 529.295000 409.552000
0.525560 517.446000 381.744000
0.558500 516.868000 374.550000
0.574830 491.402000 324.830000
0.607590 515.729000 479.424000
0.624110 509.966000 660.000000
0.640640 509.830000 646.800000
0.657000 527.884000 555.060000
0.673320 468.588000 481.822000
0.690000 465.528000 468.094000
0.706220 459.391000 490.006000
0.722790 489.889000 549.604000
0.739040 489.702000 534.600000
0.755580 448.426000 456.456000
0.772110 472.005000 329.362000
0.788360 468.826000 315.568000
0.804860 475.371000 411.532000
0.821370 469.387000 466.070000
0.837620 476.017000 522.588000
0.854190 460.938000 433.466000
0.870620 464.508000 502.876000
0.903380 488.835000 395.054000
0.919860 598.111000 278.872000
0.952580 746.028000 189.926000
0.969250 731.986000 201.344000
1.001940 705.075000 204.468000
1.018460 705.177000 138.776000
1.051190 718.845000 169.862000
1.069610 686.154000 188.694000
1.100600 711.807000 170.720000
1.116990 734.978000 247.676000
1.149830 712.436000 118.404000
1.166370 705.670000 99.484000
1.199230 681.275000 120.736000
1.215610 734.995000 101.618000
1.248490 735.437000 84.502000
1.264920 752.029000 124.586000
1.297820 774.418000 73.238000
1.314070 773.058000 70.884000
1.330570 773.840000 20.064000
1.560620 691.645000 143.484000
1.577120 693.940000 207.196000
1.593370 743.087000 76.450000
1.610050 760.580000 159.522000
1.642730 705.891000 130.746000
1.659090 735.454000 159.280000
1.675600 735.658000 109.956000
1.856410 651.780000 13.684000
1.872630 654.925000 80.168000
1.889050 716.040000 175.098000
1.905470 757.384000 146.564000
1.940550 765.918000 146.476000
1.954830 732.632000 145.310000
1.987750 754.086000 115.170000
2.004120 714.952000 147.884000
2.037090 650.590000 320.430000
2.053440 579.156000 197.890000
2.086360 588.642000 179.718000
2.102750 581.094000 224.796000
2.135620 592.620000 163.702000
2.152080 625.940000 236.280000
2.168350 625.940000 236.280000
2.184880 613.955000 299.816000
2.201250 605.540000 260.128000
2.234120 592.093000 144.254000
2.250500 611.881000 261.756000
2.283490 613.003000 235.004000
2.299880 615.621000 267.784000
2.332750 615.179000 187.704000
2.349110 636.837000 266.266000
2.382550 653.565000 300.322000
2.398450 616.981000 257.048000
2.431240 627.232000 95.260000
2.447560 675.631000 155.650000
2.480610 655.095000 211.398000
2.496950 670.072000 308.770000
2.529880 661.606000 67.848000
2.546340 634.695000 78.936000
2.579250 643.994000 216.920000
2.596800 687.956000 245.058000
2.628390 699.261000 168.454000
2.644880 728.059000 166.012000
2.677730 727.991000 295.372000
2.694240 700.536000 95.348000
2.726970 717.740000 240.768000
2.743520 724.030000 207.834000
2.776250 842.605000 204.952000
2.792760 844.203000 237.446000
2.825490 837.046000 159.390000
2.841870 862.767000 128.150000
2.874680 829.702000 235.994000
2.891240 852.924000 203.896000
2.925550 834.020000 76.252000
2.940610 861.322000 285.450000
2.973340 674.441000 329.054000
2.989850 503.506000 390.368000
3.022610 443.394000 315.282000
3.041060 438.991000 414.678000
3.071960 491.198000 310.464000
3.088350 451.401000 320.298000
3.121260 476.527000 385.396000
3.137740 470.237000 420.398000
3.170620 450.823000 333.762000
3.186980 482.834000 307.384000
3.219860 449.378000 336.116000
3.236240 483.667000 299.332000
3.269300 449.089000 312.092000
3.285490 435.098000 226.358000
3.318480 465.494000 211.442000
3.334720 458.286000 195.096000
3.367710 446.454000 237.292000
3.384230 512.822000 226.886000
3.416980 491.946000 160.732000
3.433360 578.714000 174.350000
3.466190 492.303000 342.474000
3.482700 492.133000 268.466000
3.515490 558.110000 249.238000
3.531950 548.284000 342.386000
3.548310 548.590000 327.844000
3.564820 342.091000 1729.310000
3.811330 387.209000 355.630000
3.827760 403.444000 330.418000
3.860580 484.738000 410.982000
3.877000 441.643000 377.850000
3.893390 441.711000 391.402000
3.910250 494.343000 521.466000
3.926360 486.217000 432.938000
3.942580 489.362000 461.032000
3.959240 471.376000 494.604000
3.975620 472.107000 496.232000
4.008470 472.192000 498.894000
4.024840 485.350000 528.418000
4.057570 471.937000 467.214000
4.074130 468.129000 527.670000
4.106990 459.459000 414.238000
4.123370 516.647000 458.854000
4.156230 483.208000 564.938000
4.172580 475.150000 518.364000
4.205490 489.192000 507.474000
4.221830 473.195000 547.866000
4.255020 517.752000 421.256000
4.271350 509.405000 578.072000
4.304260 503.608000 419.320000
4.320660 570.367000 499.906000
4.353450 490.450000 503.030000
4.369840 535.653000 537.966000
4.402760 554.081000 539.968000
4.419100 556.240000 529.628000
4.435640 553.928000 487.432000
4.452000 510.289000 399.916000
4.468430 496.060000 465.894000
4.484990 493.170000 452.408000
4.501370 565.777000 493.020000
4.517720 499.086000 569.162000
4.534000 505.189000 623.370000
4.550600 530.859000 529.826000
4.566940 530.910000 506.902000
4.599840 546.278000 467.324000
4.616240 577.320000 513.546000
4.649120 508.113000 511.412000
4.665630 559.912000 583.880000
4.698620 657.866000 515.020000
4.714900 612.357000 470.976000
4.747770 582.080000 532.928000
4.764010 535.109000 452.254000
4.796950 633.063000 455.114000
4.813510 616.403000 507.254000
4.846190 595.017000 524.326000
4.862610 614.533000 511.852000
4.895570 506.396000 462.484000
4.911990 504.220000 513.898000
4.928500 504.169000 500.280000
4.944890 472.362000 440.110000
4.961380 512.788000 497.486000
4.977780 509.813000 483.934000
4.994130 456.501000 546.172000
5.010700 485.146000 475.860000
5.026980 488.308000 503.470000
5.043500 461.040000 590.304000
5.059880 495.601000 521.840000
5.076200 492.337000 478.918000
5.092760 472.107000 338.536000
5.109120 431.290000 367.598000
5.125560 428.077000 353.540000
5.142120 430.950000 451.000000
5.158390 410.397000 406.406000
5.174840 418.370000 463.914000
5.191360 445.995000 625.966000
5.207600 493.918000 390.984000
5.240750 450.041000 503.052000
5.256930 433.007000 459.250000
5.273450 436.662000 496.650000
5.289720 451.520000 574.574000
5.306370 536.282000 582.714000
5.322630 535.908000 551.298000
5.339080 567.069000 599.236000
5.355820 525.198000 470.514000
5.371890 517.922000 409.442000
5.388380 548.097000 352.836000
5.404890 589.305000 430.562000
5.421520 593.640000 487.806000
5.437590 547.689000 549.186000
5.454070 555.560000 553.410000
5.487000 576.453000 408.144000
5.503450 531.641000 463.474000
5.519760 528.870000 418.990000
5.536250 545.462000 398.992000
5.552730 510.493000 417.428000
5.569090 507.773000 404.118000
5.585620 481.457000 358.402000
5.601880 482.324000 432.366000
5.618390 488.648000 489.676000
5.634750 502.724000 612.348000
5.651120 509.864000 490.754000
5.667690 506.787000 447.546000
5.684100 514.216000 466.026000
5.700610 512.924000 475.266000
5.717010 509.898000 462.594000
5.733490 480.743000 474.628000
5.749740 516.341000 571.186000
5.766170 522.070000 625.394000
5.782700 487.152000 679.888000
5.799160 520.370000 504.526000
5.815630 517.344000 461.340000
5.831940 499.511000 423.852000
5.848510 530.740000 384.120000
5.864760 525.317000 327.866000
5.881230 518.398000 423.852000
5.897600 511.122000 210.760000
5.914080 513.961000 255.134000
5.930680 538.050000 339.108000
5.947020 516.273000 382.844000
5.963380 522.019000 441.144000
5.979840 554.506000 538.208000
5.997450 509.915000 560.142000
6.012760 506.719000 518.232000
6.029080 556.563000 348.524000
6.045360 536.248000 411.664000
6.061810 531.131000 355.718000
6.078350 487.798000 247.412000
6.094880 475.592000 331.936000
6.127980 453.118000 368.984000
6.144130 482.205000 318.054000
6.160430 485.350000 360.492000
6.176860 449.157000 410.872000
6.193360 442.986000 443.454000
6.209820 450.296000 500.192000
6.226120 508.351000 467.720000
6.242630 515.202000 532.642000
6.275500 435.523000 463.694000
6.291850 487.135000 591.690000
6.324860 535.925000 609.488000
6.341260 557.498000 469.282000
6.374100 507.977000 561.484000
6.390440 551.361000 559.812000
6.423360 495.941000 460.878000
6.439800 520.047000 478.346000
6.472640 505.818000 588.434000
6.489140 493.578000 559.636000
6.505510 493.289000 546.326000
6.522000 500.973000 384.296000
6.540820 539.563000 484.044000
6.554990 536.758000 470.492000
6.571120 630.241000 438.812000
6.587590 650.386000 450.516000
6.604060 651.899000 478.522000
6.620530 577.150000 516.934000
6.636980 578.646000 531.674000
6.670090 619.650000 473.880000
6.686230 602.140000 440.990000
6.719010 622.574000 470.184000
6.735610 612.187000 531.212000
6.768310 581.995000 492.910000
6.784820 647.632000 518.012000
6.817660 580.363000 531.916000
6.834000 589.288000 506.594000
6.866960 561.833000 564.300000
6.883530 580.278000 572.616000
6.916460 551.803000 549.934000
6.932620 566.644000 527.890000
6.949160 564.417000 485.012000
6.965770 517.888000 386.760000
6.981950 598.366000 309.386000
6.998730 595.799000 295.548000
7.014970 504.968000 337.964000
7.031250 566.219000 403.436000
7.047730 571.064000 461.252000
7.064120 569.687000 492.932000
7.080630 587.469000 466.950000
7.113490 584.783000 564.740000
7.129750 572.662000 580.558000
7.178990 639.880000 498.014000
7.212040 951.592000 358.732000
7.228360 952.238000 441.562000
7.244740 955.774000 397.364000
7.261230 909.211000 318.164000
7.277600 967.691000 249.612000
7.294160 967.062000 235.312000
7.310590 966.008000 281.820000
7.326980 975.885000 331.716000
7.343380 972.519000 391.600000
7.359860 980.509000 465.168000
7.376190 951.949000 510.840000
7.409060 901.374000 544.478000
7.425640 941.528000 523.248000
7.442020 943.347000 509.938000
7.458220 950.555000 481.756000
7.474880 970.105000 375.628000
7.491240 969.918000 361.064000
7.507630 963.271000 384.648000
7.525700 939.318000 518.562000
7.540760 937.941000 546.018000
7.556990 940.542000 574.486000
7.573500 994.500000 554.488000
7.606260 1024.148000 516.714000
7.622650 1027.208000 517.682000
7.655590 983.603000 501.578000
7.672100 966.042000 493.636000
7.704850 990.964000 541.552000
7.721280 992.970000 500.984000
7.754100 993.582000 506.374000
7.770650 997.764000 503.690000
7.803380 1048.067000 410.674000
7.819890 1031.509000 388.498000
7.852840 1034.416000 398.552000
7.869420 957.678000 346.918000
7.902150 968.354000 413.358000
7.918410 993.837000 541.860000
7.951550 1010.174000 468.402000
7.967910 1016.056000 419.518000
8.000600 948.651000 397.826000
8.016830 1005.686000 397.364000
8.049910 1007.913000 377.322000
8.066220 961.690000 439.472000
8.082720 965.311000 395.582000
8.099320 962.999000 311.674000
8.115920 927.197000 251.460000
8.132230 926.755000 236.478000
8.148670 928.880000 277.266000
8.164900 930.869000 361.482000
8.181490 928.319000 420.728000
8.198040 911.200000 471.416000
8.214080 923.236000 328.900000
8.230480 926.143000 282.304000
8.246980 969.799000 187.770000
8.263520 934.915000 141.152000
8.280140 934.354000 125.752000
8.299000 964.886000 194.678000
8.312880 990.046000 274.868000
8.329130 986.374000 336.072000
8.345600 956.828000 396.506000
8.362140 978.588000 406.076000
8.395750 1007.233000 448.624000
8.411060 959.106000 515.812000
8.443980 983.671000 428.120000
8.460460 1026.834000 481.426000
8.493500 967.725000 439.604000
8.510120 958.664000 359.788000
8.542720 940.984000 360.910000
8.558990 931.294000 402.072000
8.591800 958.069000 467.720000
8.608220 948.498000 478.038000
8.641200 933.708000 451.594000
8.657620 927.588000 448.866000
8.674000 924.987000 486.508000
8.690440 977.177000 465.366000
8.707170 1028.211000 652.872000
8.723330 1026.154000 676.544000
8.739870 992.103000 529.870000
8.756210 984.232000 431.464000
8.772750 987.700000 391.644000
8.789120 998.291000 524.436000
8.805510 1020.867000 565.070000
8.821960 1022.720000 541.530000
8.838330 988.023000 475.882000
8.854740 994.908000 414.304000
8.887740 991.559000 363.968000
8.904080 960.041000 418.814000
8.920350 963.509000 373.670000
8.937040 1014.526000 326.282000
8.953350 1023.145000 271.018000
8.969700 1022.890000 256.432000
8.986250 985.915000 329.472000
9.002620 969.357000 435.424000
9.018970 966.076000 493.020000
9.035510 968.694000 483.120000
9.051850 955.264000 440.462000
9.084850 1017.603000 422.444000
9.101100 964.155000 366.630000
9.133990 984.368000 428.824000
9.150500 1006.689000 392.106000
9.183610 994.585000 395.340000
9.199980 1051.586000 354.354000
9.232770 997.186000 386.210000
9.248950 1047.676000 499.796000
9.282210 978.979000 418.440000
9.298320 1007.420000 357.302000
9.331130 998.393000 447.744000
9.347760 1030.557000 430.540000
9.380450 1029.401000 395.736000
9.396960 1012.537000 520.762000
9.429730 1052.147000 533.632000
9.446230 1034.365000 485.738000
9.478970 1041.335000 514.888000
9.495470 1006.332000 449.042000
9.512210 1010.480000 404.514000
9.528350 1015.240000 379.632000
9.544880 1082.798000 365.926000
9.561130 1083.019000 351.208000
9.577580 1007.097000 292.314000
9.593990 1042.576000 328.746000
9.610470 1037.850000 388.784000
9.626950 1025.321000 410.762000
9.643260 953.309000 482.218000
9.676190 945.982000 465.454000
9.692670 960.704000 488.422000
9.725710 905.284000 560.868000
9.742160 967.436000 478.896000
9.774890 935.459000 479.226000
9.791140 966.212000 548.284000
9.823970 959.718000 661.012000
9.840770 946.611000 472.054000
9.873340 957.610000 409.794000
9.889690 982.600000 452.672000
9.922580 970.785000 506.198000
9.939090 1022.465000 520.058000
9.972000 1006.315000 487.740000
9.988100 999.906000 503.294000
10.021210 1024.777000 410.982000
10.039570 1020.595000 423.786000
10.070540 984.776000 494.802000
10.086850 1013.081000 592.350000
10.103350 1017.501000 550.308000
10.119720 1028.721000 352.880000
10.136200 1028.177000 320.166000
10.152660 1032.393000 261.844000
10.168980 993.344000 320.936000
10.185350 1041.182000 284.196000
10.201800 1036.864000 327.514000
10.218350 1005.448000 347.974000
10.234680 1046.384000 430.584000
10.251040 1041.471000 488.466000
10.267610 1010.293000 545.710000
10.284000 983.314000 510.180000
10.316800 1024.862000 553.960000
10.333360 1042.321000 598.246000
10.366060 966.977000 420.596000
10.382600 930.376000 613.030000
10.398940 937.771000 521.862000
10.415530 464.219000 552.002000
10.431850 458.218000 475.398000
10.448230 444.159000 363.902000
10.464720 462.655000 334.950000
10.481290 446.097000 245.212000
10.497600 453.203000 334.180000
10.514100 495.244000 395.318000
10.530240 516.324000 392.282000
10.547030 528.513000 516.010000
10.563190 471.988000 644.908000
10.579670 468.826000 620.158000
10.612610 497.573000 647.636000
10.628980 495.431000 577.148000
10.661830 462.332000 596.310000
10.678210 480.794000 564.564000
10.711240 467.755000 582.978000
10.727690 460.938000 595.100000
10.760360 504.441000 569.712000
10.776860 487.390000 501.952000
10.809860 494.156000 658.394000
10.826100 483.701000 624.338000
10.858980 472.277000 643.104000
10.875350 508.487000 687.962000
10.908190 438.277000 501.292000
10.924710 473.603000 579.392000
10.957470 475.677000 599.434000
10.973920 482.018000 575.388000
11.006810 501.653000 706.090000
11.023190 471.478000 745.580000
11.056110 447.865000 694.562000
11.072480 496.298000 752.268000
11.105160 438.957000 591.162000
11.121860 492.354000 561.924000
11.154790 454.478000 655.820000
11.170990 499.562000 644.908000
11.203950 538.169000 646.998000
11.220320 532.270000 652.300000
11.236740 532.270000 652.300000
11.253220 537.115000 652.432000
11.269740 546.448000 680.020000
11.302550 508.572000 577.786000
11.318980 509.949000 576.752000
11.335360 506.821000 534.710000
11.351880 532.712000 597.498000
11.368230 543.303000 448.536000
11.384610 540.634000 435.490000
11.400990 518.653000 562.870000
11.417480 508.776000 629.728000
11.433980 514.692000 682.616000
11.450380 508.963000 729.740000
11.466980 499.154000 729.432000
11.499710 476.170000 708.730000
11.515960 460.938000 699.336000
11.548920 522.682000 759.154000
11.565310 496.468000 745.118000
11.598240 480.029000 634.370000
11.614580 506.889000 702.702000
11.647480 495.839000 616.594000
11.664090 500.310000 592.262000
11.696870 534.667000 541.640000
11.713200 488.546000 515.812000
11.746090 501.500000 512.710000
11.762410 539.529000 582.098000
11.795470 504.679000 423.104000
11.811680 446.794000 636.130000
11.844590 428.672000 935.374000
11.861050 464.151000 973.940000
11.877440 455.345000 896.236000
11.893910 460.972000 722.568000
11.910350 423.946000 592.944000
11.926830 417.197000 567.512000
11.943050 412.947000 634.590000
11.959590 469.404000 681.472000
11.976090 483.939000 791.054000
11.992460 468.707000 851.928000
12.008910 433.466000 903.122000
12.041780 500.956000 825.286000
12.058030 475.303000 715.726000
12.074800 475.099000 702.834000
12.091090 396.797000 725.186000
12.107330 516.035000 767.558000
12.123990 513.162000 743.336000
12.140340 397.783000 706.002000
12.156650 448.460000 717.772000
12.173220 448.596000 729.036000
12.189590 518.313000 755.392000
12.206180 532.355000 801.328000
12.222580 535.024000 825.506000
12.239110 528.020000 740.872000
12.255460 519.180000 838.750000
12.288270 565.369000 841.962000
12.304720 518.228000 867.064000
12.337450 569.925000 743.578000
12.354110 540.889000 730.400000
12.386980 573.716000 930.424000
12.403380 513.332000 888.074000
12.436190 550.766000 885.302000
12.452590 529.465000 917.774000
12.485340 511.105000 826.298000
12.502030 501.449000 732.468000
12.534680 532.712000 858.572000
12.551060 528.666000 850.234000
12.584140 448.987000 855.602000
12.600370 463.335000 879.296000
12.633260 464.916000 834.064000
12.650040 495.176000 802.934000
12.682910 483.395000 974.468000
12.699140 468.367000 918.940000
12.732300 466.633000 728.816000
12.748670 572.577000 739.112000
12.783490 612.119000 740.806000
12.797640 604.129000 729.520000
12.830510 572.832000 748.418000
12.846820 600.559000 779.526000
12.879730 576.232000 838.486000
12.896220 629.085000 816.706000
12.929320 922.080000 820.182000
12.945400 927.061000 838.398000
12.978260 964.665000 894.894000
12.996990 950.300000 877.888000
13.027590 944.741000 824.164000
13.044080 962.744000 768.284000
13.076750 948.549000 782.232000
13.093460 918.017000 766.150000
13.126130 944.503000 810.260000
13.142580 940.559000 712.316000
13.175510 955.451000 895.774000
13.191710 937.516000 790.680000
13.224930 957.304000 816.684000
13.241170 980.390000 826.254000
13.273940 945.829000 705.892000
13.290410 919.904000 715.198000
13.323330 963.662000 731.610000
13.339840 929.713000 681.472000
13.372630 936.173000 674.740000
13.388990 993.990000 735.570000
13.421860 930.172000 708.092000
13.438340 973.165000 761.222000
13.471190 959.956000 860.288000
13.487470 883.184000 801.504000
13.504140 885.666000 763.202000
13.520460 960.364000 693.682000
13.536830 969.153000 796.510000
13.553570 968.830000 784.344000
13.569780 950.147000 718.476000
13.586330 984.470000 791.054000
13.602630 984.912000 804.034000
13.618970 973.148000 598.906000
13.635620 970.564000 611.688000
13.651820 970.275000 598.488000
13.668380 983.688000 813.670000
13.684740 946.237000 800.272000
13.701110 950.912000 768.130000
13.717590 1054.578000 672.584000
13.734120 996.812000 445.016000
13.750350 1004.292000 330.682000
13.766880 976.378000 258.412000
13.783390 984.215000 315.150000
13.799710 976.310000 398.332000
13.816220 955.247000 523.050000
13.832490 966.484000 700.348000
13.849110 959.276000 810.524000
13.867570 968.167000 796.268000
13.881900 970.003000 759.594000
13.914760 938.808000 813.912000
13.931090 929.543000 799.370000
13.964000 976.667000 914.628000
13.980440 998.903000 811.602000
14.013380 967.810000 805.222000
14.029880 989.213000 732.380000
14.062640 970.683000 748.352000
14.081330 954.992000 771.474000
14.111880 1008.678000 805.926000
14.128330 1015.172000 835.978000
14.161120 1016.175000 832.568000
14.177510 1013.455000 833.008000
14.210400 1020.187000 867.416000
14.226730 994.262000 850.454000
14.259740 1040.417000 884.400000
14.276120 1040.196000 921.404000
14.309070 996.557000 872.894000
14.325450 1001.929000 851.224000
14.358340 996.132000 901.428000
14.374760 1006.417000 831.182000
14.408550 999.107000 748.836000
14.424090 980.492000 743.710000
14.440540 984.470000 704.198000
14.456850 1062.636000 730.598000
14.473360 991.151000 715.110000
14.489870 994.874000 665.192000
14.506450 1076.916000 582.780000
14.525070 996.455000 592.570000
14.555390 1041.301000 494.472000
14.572020 1072.785000 649.990000
14.588520 1067.821000 687.236000
14.605060 1028.024000 796.070000
14.621540 1044.361000 773.212000
14.642000 1039.363000 823.460000
14.653980 1028.806000 914.034000
14.670470 1018.317000 862.114000
14.703510 1023.570000 922.240000
14.719740 1068.960000 802.252000
14.752620 1018.742000 864.556000
14.769040 1028.262000 865.876000
14.801740 1056.261000 873.202000
14.818240 992.324000 821.678000
14.851200 1039.244000 954.074000
14.867610 1007.182000 815.782000
14.883880 1016.821000 732.908000
14.900500 1055.071000 751.960000
14.916730 1038.581000 513.876000
14.949620 1035.589000 587.994000
14.966220 1020.357000 599.258000
14.982640 1015.597000 675.334000
14.998960 1046.452000 753.016000
15.015610 897.906000 650.804000
15.031850 899.759000 599.632000
15.048390 481.423000 689.502000
15.064940 455.515000 710.710000
15.097500 430.355000 730.620000
15.114000 440.810000 556.116000
15.146870 427.822000 670.274000
15.163360 462.281000 747.076000
15.179720 465.868000 782.276000
15.196270 441.422000 648.142000
15.212620 453.186000 764.896000
15.228850 460.292000 814.660000
15.245360 499.035000 774.994000
15.261860 507.229000 938.696000
15.278370 509.949000 969.100000
15.294710 499.256000 1005.620000
15.311140 489.872000 1020.228000
15.327500 492.303000 1030.106000
15.343810 504.356000 945.758000
15.360490 455.124000 895.224000
15.376740 448.868000 853.270000
15.394150 479.179000 880.594000
15.409620 473.178000 875.754000
15.426380 469.404000 839.256000
15.442500 457.572000 838.552000
15.458980 469.183000 654.214000
15.475340 462.621000 603.658000
15.491870 526.473000 700.348000
15.510190 526.133000 672.320000
15.524840 528.802000 709.082000
15.541280 493.765000 783.882000
15.557620 513.417000 827.508000
15.573870 521.832000 906.818000
15.590410 524.960000 912.472000
15.606860 555.152000 1099.406000
15.623340 557.447000 1108.998000
15.639880 543.218000 992.464000
15.656130 579.564000 1089.990000
15.672450 575.569000 1051.710000
15.688980 549.185000 731.962000
15.705380 566.253000 790.372000
15.738360 577.167000 837.122000
15.754940 574.345000 836.704000
15.787630 605.370000 836.220000
15.804050 583.423000 843.436000
15.837190 589.152000 842.578000
15.853380 615.434000 870.650000
15.886250 619.667000 896.060000
15.902500 590.699000 929.896000
15.935470 604.384000 1006.764000
15.951810 589.509000 915.640000
15.984740 624.138000 901.384000
16.001070 577.881000 937.024000
16.017650 575.586000 900.878000
16.033870 571.506000 826.298000
16.050570 629.510000 665.588000
16.066930 627.470000 653.796000
16.083360 646.561000 823.482000
16.099750 695.929000 755.634000
16.116070 698.020000 806.014000
16.132610 684.250000 858.352000
16.149020 674.169000 889.394000
16.181870 671.976000 913.660000
16.198350 665.771000 918.918000
16.230960 669.783000 829.312000
16.247630 664.207000 890.296000
16.280470 641.495000 843.040000
16.296910 631.856000 924.946000
16.313390 632.417000 913.704000
16.329700 636.599000 814.902000
16.346250 653.089000 880.792000
16.362700 650.794000 869.198000
16.378940 687.480000 807.884000
16.395520 621.214000 720.544000
16.411870 623.016000 745.624000
16.428390 608.906000 812.372000
16.444760 651.967000 834.878000
16.461120 651.117000 797.148000
16.477830 574.583000 762.168000
16.496230 619.480000 707.916000
16.510500 617.236000 695.112000
16.526760 503.455000 928.510000
16.543260 425.884000 878.790000
16.559710 433.466000 926.222000
16.576160 476.578000 933.746000
16.592710 447.491000 967.274000
16.608980 451.027000 996.996000
16.625530 459.459000 987.140000
16.641830 453.475000 1023.286000
16.658310 456.195000 1033.252000
16.674710 458.949000 1106.138000
16.691010 434.656000 1043.526000
16.707570 427.975000 1004.542000
16.724000 439.977000 900.614000
16.740340 448.698000 860.486000
16.756910 444.465000 823.460000
16.773360 468.197000 899.140000
16.789750 476.833000 855.514000
16.806140 470.390000 809.204000
16.822600 459.102000 754.930000
16.838990 496.434000 769.692000
16.855500 499.596000 804.936000
16.872160 474.334000 802.714000
16.888470 541.110000 853.776000
16.904920 546.363000 901.824000
16.921360 489.736000 977.350000
16.937870 485.282000 974.886000
16.986820 480.284000 982.894000
17.020050 499.732000 1016.400000
17.036480 509.082000 997.062000
17.069310 528.666000 1020.756000
17.085680 501.228000 940.830000
17.118670 548.675000 677.732000
17.134930 560.150000 697.070000
17.167920 611.354000 787.842000
17.183870 542.334000 810.722000
17.216770 537.404000 820.116000
17.233400 585.412000 784.960000
17.265960 496.910000 790.064000
17.282620 533.528000 806.740000
17.315310 608.345000 796.466000
17.331710 551.446000 873.092000
17.364590 529.380000 915.728000
17.381070 610.606000 910.558000
17.414020 612.119000 943.426000
17.430500 558.008000 941.380000
17.463240 635.511000 916.322000
17.479570 618.664000 941.908000
17.496120 619.089000 930.842000
17.512620 575.858000 906.356000
17.528870 557.022000 871.442000
17.545320 554.370000 859.496000
17.561870 567.103000 855.668000
17.578230 558.722000 877.052000
17.594700 561.102000 900.460000
17.611220 567.664000 932.118000
17.627500 594.235000 948.310000
17.660310 692.138000 945.780000
17.676740 633.029000 898.194000
17.709730 616.556000 895.972000
17.725980 612.068000 828.762000
17.758990 661.317000 790.196000
17.775360 637.619000 825.638000
17.808070 622.540000 831.226000
17.824720 679.303000 821.282000
17.857510 691.798000 809.380000
17.873980 724.727000 845.680000
17.906860 626.467000 849.552000
17.923070 640.934000 849.222000
17.956070 704.803000 889.064000
17.972440 730.966000 964.238000
18.005540 645.541000 806.564000
18.023860 671.449000 825.902000
18.054630 631.890000 862.972000
18.070980 700.009000 797.588000
18.103840 701.233000 758.208000
18.120380 679.728000 749.694000
18.153520 728.858000 841.962000
18.169740 706.231000 822.272000
18.202480 694.348000 813.450000
18.218870 691.696000 822.734000
18.251690 738.514000 944.020000
18.268110 700.757000 810.018000
18.301100 748.357000 821.898000
18.317470 780.946000 824.296000
18.350330 795.345000 897.204000
18.366870 716.159000 896.192000
18.399600 496.230000 926.640000
18.415990 426.173000 929.214000
18.448940 402.985000 943.316000
18.465380 406.419000 937.640000
18.481750 407.014000 946.924000
18.498060 485.775000 990.638000
18.514600 426.972000 948.772000
18.530940 430.066000 958.936000
18.547620 443.411000 980.650000
18.563800 427.499000 978.450000
18.580460 423.742000 947.584000
18.596890 417.911000 877.514000
18.613130 430.287000 867.922000
18.629610 426.938000 855.888000
18.645980 418.047000 866.206000
18.662520 460.003000 913.880000
18.678970 463.437000 936.782000
18.695360 486.659000 961.202000
18.711760 458.099000 936.276000
18.728260 458.558000 946.638000
18.744610 516.443000 979.748000
18.760960 462.519000 929.632000
18.777440 465.460000 949.740000
18.793820 509.184000 1096.722000
18.810490 528.292000 1021.526000
18.843140 502.690000 1049.334000
18.859560 452.982000 1031.030000
18.876130 452.540000 1021.438000
18.892440 542.980000 861.960000
18.909040 481.185000 829.092000
18.925490 478.397000 808.258000
18.941850 438.787000 934.142000
18.958050 464.423000 1001.968000
18.990980 469.693000 1053.096000
19.009570 479.043000 1009.712000
19.040220 435.115000 1040.468000
19.056700 418.472000 1042.338000
19.073090 422.416000 1071.136000
19.089750 450.517000 1145.914000
19.105990 471.257000 1137.444000
19.122590 477.428000 1175.768000
19.138990 468.265000 1037.674000
19.155200 459.561000 1065.746000
19.171680 455.787000 1035.606000
19.188060 461.431000 932.558000
19.204620 462.893000 871.134000
19.220930 456.756000 828.740000
19.237440 432.905000 816.794000
19.253880 442.374000 865.084000
19.270370 442.748000 874.852000
19.286870 436.832000 872.564000
19.303250 439.416000 880.418000
19.319630 442.187000 891.044000
19.337890 468.843000 907.632000
19.352620 441.949000 847.726000
19.368940 438.804000 827.090000
19.385360 498.032000 777.876000
19.401730 410.856000 908.600000
19.434740 578.187000 845.636000
19.451130 555.696000 856.570000
19.483980 513.128000 903.958000
19.500380 565.250000 890.934000
19.533250 572.305000 895.246000
19.549580 514.879000 922.702000
19.582610 610.827000 922.944000
19.598980 619.038000 1017.984000
19.615260 617.508000 983.444000
19.631960 557.906000 818.950000
19.648100 581.536000 712.360000
19.665310 579.156000 699.996000
19.680980 566.338000 786.280000
19.697490 590.444000 879.362000
19.714000 594.694000 926.860000
19.730240 637.211000 919.182000
19.746860 624.002000 904.354000
19.779740 604.146000 976.030000
19.795970 656.710000 858.264000
19.812480 657.271000 846.406000
19.828810 700.230000 814.264000
19.845320 652.562000 803.506000
19.861720 650.454000 791.758000
19.878080 624.835000 873.554000
19.894790 665.737000 970.266000
19.911130 667.080000 992.662000
19.927630 647.428000 1005.708000
19.943880 656.251000 943.800000
19.976720 626.195000 887.546000
19.993230 637.347000 847.616000
20.026120 667.437000 912.560000
20.042500 710.787000 923.582000
20.075240 690.880000 1012.968000
20.091740 702.423000 851.202000
20.108090 702.236000 813.670000
20.124740 678.521000 840.136000
20.140980 650.352000 877.294000
20.157520 648.482000 865.634000
20.173840 723.571000 792.814000
20.190410 757.707000 841.720000
20.206740 758.574000 890.186000
20.223160 700.621000 852.214000
20.239610 784.414000 907.808000
20.272660 687.344000 947.716000
20.289000 783.411000 981.288000
20.321700 691.084000 935.726000
20.338350 617.950000 818.004000
20.371110 465.086000 1135.552000
20.387480 501.721000 1032.790000
20.420240 435.013000 1029.930000
20.436740 522.087000 994.884000
20.469790 496.587000 990.000000
20.485990 489.923000 966.262000
20.518880 517.123000 1066.318000
20.535200 487.815000 935.770000
20.568120 479.077000 987.206000
20.584610 485.520000 945.164000
20.617390 464.423000 1053.668000
20.633990 512.363000 1115.378000
20.666690 491.504000 1081.146000
20.683240 483.038000 1044.758000
20.699600 479.366000 1011.010000
20.716090 597.550000 834.856000
20.732500 580.720000 956.582000
20.748980 578.221000 945.890000
20.765180 576.878000 970.508000
20.781690 548.981000 997.876000
20.798110 554.064000 1042.734000
20.814740 586.704000 1034.220000
20.830960 576.419000 1042.096000
20.863800 608.124000 1035.804000
20.880250 467.279000 802.252000
20.913100 517.854000 661.474000
20.929760 520.778000 634.018000
20.962430 514.131000 619.982000
20.978960 494.207000 660.000000
21.011730 484.466000 535.370000
21.028240 480.607000 559.240000
21.061080 461.958000 504.460000
21.077480 448.596000 541.596000
21.110200 467.279000 605.616000
21.126860 496.315000 543.664000
21.143110 499.052000 579.480000
21.159610 485.486000 607.376000
21.175980 497.369000 696.850000
21.192460 499.936000 708.950000
21.209060 466.701000 625.416000
21.225270 501.126000 681.428000
21.241880 495.635000 635.338000
21.258260 455.022000 502.678000
21.274610 534.463000 606.782000
21.291000 534.327000 617.870000
21.307460 507.110000 673.442000
21.324100 456.382000 718.014000
21.340360 459.034000 728.794000
21.356610 494.785000 576.466000
21.373280 500.786000 543.510000
21.389620 494.751000 476.256000
21.406130 510.901000 531.652000
21.422530 490.467000 476.872000
21.438930 487.509000 463.782000
21.455250 499.120000 479.292000
21.471710 508.113000 542.630000
21.488130 514.046000 597.410000
21.504750 483.905000 646.448000
21.521270 529.074000 672.826000
21.537630 526.405000 632.434000
21.554030 540.396000 539.858000
21.570330 497.029000 464.068000
21.586760 494.292000 451.022000
21.603260 443.904000 542.322000
21.619630 496.230000 549.054000
21.636080 502.469000 603.548000
21.652500 434.010000 722.458000
21.668960 418.897000 633.622000
21.685350 418.387000 620.070000
21.701780 396.644000 651.046000
21.718080 488.716000 661.540000
21.734950 485.707000 649.044000
21.751210 498.253000 687.676000
21.767460 412.352000 616.374000
21.783910 416.228000 642.488000
21.800320 443.088000 703.780000
21.816760 497.590000 532.268000
21.833150 497.590000 543.576000
21.849580 482.324000 663.388000
21.866260 464.984000 638.418000
21.882520 467.857000 649.858000
21.899120 452.523000 735.086000
21.915360 503.761000 799.854000
21.931730 501.143000 778.756000
21.948120 491.130000 636.350000
21.965580 527.816000 680.262000
21.997360 520.659000 621.126000
22.013890 566.491000 643.654000
22.046710 553.928000 560.670000
22.063200 575.841000 609.906000
22.079740 573.818000 569.382000
22.096070 541.637000 590.304000
22.112530 559.521000 490.534000
22.128860 556.903000 476.960000
22.145250 548.471000 525.382000
22.161740 565.301000 566.082000
22.178190 570.180000 620.246000
22.194780 557.192000 622.556000
22.211170 555.594000 511.698000
22.244310 589.101000 518.694000
22.260680 637.075000 567.820000
22.293430 606.169000 569.096000
22.309600 592.705000 582.186000
22.343020 584.222000 592.922000
22.359530 603.007000 605.924000
22.375630 602.769000 617.188000
22.393490 642.702000 598.620000
22.409380 629.731000 678.744000
22.424440 631.737000 690.030000
22.441120 592.603000 858.088000
22.457310 559.351000 849.904000
22.473860 557.226000 829.268000
22.490230 525.385000 878.218000
22.506680 564.978000 903.980000
22.523130 562.649000 867.922000
22.539470 566.185000 805.156000
22.555970 533.596000 704.638000
22.572360 530.978000 692.362000
22.588880 531.301000 717.662000
22.605320 530.842000 769.648000
22.621700 536.316000 819.456000
22.638210 541.977000 783.662000
22.654450 537.591000 757.504000
22.687480 796.144000 742.214000
22.703810 981.648000 522.764000
22.736880 948.430000 545.534000
22.753100 962.251000 565.994000
22.785950 952.459000 539.990000
22.802550 923.576000 547.162000
22.835170 957.967000 566.808000
22.851730 998.138000 603.504000
22.884490 914.855000 687.984000
22.901120 938.536000 613.646000
22.933870 918.476000 687.962000
22.950230 644.640000 1191.784000
23.229480 419.067000 938.366000
23.246000 461.006000 1001.726000
23.278810 447.151000 1129.876000
23.295350 444.907000 1095.688000
23.328220 443.819000 959.948000
23.344590 433.738000 1059.542000
23.377350 510.663000 1015.432000
23.393890 470.917000 1019.106000
23.426680 468.265000 1010.592000
23.443120 520.829000 1031.888000
23.476140 542.419000 889.416000
23.492310 551.480000 943.316000
23.525360 544.425000 1081.234000
23.541580 553.945000 993.740000
23.574450 574.039000 1009.008000
23.591110 578.425000 897.424000
23.623860 528.700000 943.140000
23.640090 538.271000 990.990000
23.673100 563.516000 1020.074000
23.689420 536.333000 1009.976000
23.722470 518.925000 976.206000
23.738860 578.221000 1016.180000
23.771730 499.409000 1071.510000
23.788100 482.834000 1052.480000
23.820940 506.158000 988.174000
23.837370 514.539000 1038.334000
23.870220 474.453000 1102.508000
23.886600 499.494000 1046.078000
23.919480 481.780000 1024.386000
23.936000 525.317000 1052.194000
23.968870 457.776000 994.378000
23.985210 525.963000 1133.770000
24.018110 508.249000 1163.932000
24.034440 480.250000 1098.196000
24.067490 512.822000 1094.192000
24.083800 447.168000 1121.208000
24.116620 478.227000 1093.686000
24.133100 447.559000 1117.644000
24.166150 486.642000 1155.264000
24.182340 477.564000 1073.974000
24.215450 468.826000 1118.062000
24.231700 434.418000 1120.152000
24.248210 429.896000 1087.218000
24.264630 577.779000 1063.568000
24.281130 586.959000 1006.368000
24.297300 584.579000 995.346000
24.313860 611.507000 1005.246000
24.330220 563.635000 1033.692000
24.346680 568.480000 1077.736000
24.363100 571.268000 1021.350000
24.379590 596.224000 990.198000
24.412340 596.853000 1057.166000
24.428730 618.528000 947.562000
24.461720 586.075000 1121.384000
24.478070 609.229000 1172.512000
24.510940 541.535000 925.606000
24.527340 605.931000 925.540000
24.560360 606.662000 1005.818000
24.576630 610.640000 1054.702000
24.609560 527.952000 1191.256000
24.626100 532.355000 1102.948000
24.658860 477.088000 1066.340000
24.675190 501.568000 1047.420000
24.708220 523.447000 1155.594000
24.724620 483.752000 1057.804000
24.757320 506.124000 983.862000
24.774000 554.149000 972.070000
24.806690 501.449000 1001.374000
24.823140 545.513000 1006.764000
24.855940 436.917000 1018.050000
24.872500 437.682000 979.726000
24.905230 418.047000 998.888000
24.921840 466.871000 1044.516000
24.954420 458.864000 1067.990000
24.971100 408.170000 1046.078000
25.003800 422.382000 1067.374000
25.021930 456.297000 1049.422000
25.053130 469.965000 1133.704000
25.069500 455.124000 1200.166000
25.102360 483.276000 1104.950000
25.118880 493.867000 1081.784000
25.151750 464.746000 1065.944000
25.168120 488.121000 1065.416000
25.201000 473.484000 1053.844000
25.217350 458.456000 1079.188000
25.250460 493.391000 1074.414000
25.266600 471.410000 1188.462000
25.299700 500.752000 1045.396000
25.315950 463.437000 1068.122000
25.350190 513.944000 1089.198000
25.365250 452.302000 1157.640000
25.398280 453.390000 1076.240000
25.414610 443.700000 1168.266000
25.430980 443.343000 1157.816000
25.447360 483.786000 1083.346000
25.463730 519.248000 1054.724000
25.480240 516.375000 1044.428000
25.496600 447.134000 1087.042000
25.513140 466.395000 1102.288000
25.529590 469.744000 1123.210000
25.545990 463.301000 1159.950000
25.564060 510.068000 1148.796000
25.595200 486.421000 1164.460000
25.611560 530.485000 1188.880000
25.644490 524.807000 1144.088000
25.661010 513.519000 1087.196000
25.693850 570.792000 1150.182000
25.710390 546.074000 1087.042000
25.743100 546.822000 1032.768000
25.759490 548.182000 1029.358000
25.792340 558.603000 1068.870000
25.808880 554.846000 1131.372000
25.825360 552.415000 1099.098000
25.841740 546.125000 992.090000
25.858060 522.002000 1012.946000
25.874560 519.435000 1002.232000
25.890910 419.135000 918.830000
25.907490 432.888000 1067.088000
25.923750 440.351000 1110.406000
25.940190 451.996000 1077.054000
25.956740 409.190000 1110.318000
25.989590 434.860000 1184.150000
26.007690 433.993000 1234.552000
26.038860 439.722000 1255.056000
26.055220 460.700000 1177.242000
26.071730 464.134000 1204.720000
26.088260 470.288000 1269.906000
26.104490 487.747000 1316.304000
26.121000 493.595000 1351.108000
26.137360 490.127000 1360.216000
26.153700 486.948000 1336.566000
26.170240 483.514000 1310.254000
26.186600 466.939000 1359.842000
26.203110 488.937000 1317.184000
26.221540 483.293000 1283.392000
26.236100 479.009000 1248.236000
26.252350 478.397000 1232.044000
26.268860 474.776000 1201.354000
26.285320 486.744000 1107.524000
26.301610 508.470000 1060.906000
26.318250 505.869000 1050.500000
26.335170 486.693000 1064.514000
26.350980 474.912000 1083.676000
26.367390 481.525000 1126.620000
26.383740 507.841000 1166.902000
26.400180 560.524000 1127.082000
26.433320 538.577000 1156.276000
26.449680 538.475000 1237.830000
26.482350 546.414000 1167.672000
26.498720 538.764000 1233.100000
26.531600 551.837000 1268.344000
26.549440 552.415000 1266.870000
26.580870 547.026000 1243.990000
26.597310 558.297000 1186.636000
26.630370 528.819000 1130.096000
26.646730 427.907000 1315.204000
26.679490 452.863000 1381.688000
26.695820 460.224000 1365.980000
26.728680 411.944000 1267.904000
26.745360 436.883000 1378.608000
26.778260 453.220000 1337.028000
26.794570 418.642000 1342.242000
26.827320 478.839000 1357.884000
26.843770 454.053000 1258.752000
26.876680 475.881000 1301.366000
26.893110 456.025000 1241.064000
26.909610 451.962000 1210.704000
26.925870 435.829000 1254.088000
26.942310 429.607000 1151.524000
26.958720 426.462000 1141.954000
26.975230 437.580000 1284.228000
26.991580 471.818000 1351.900000
27.008100 478.465000 1389.080000
27.024600 469.421000 1342.088000
27.040860 487.866000 1317.734000
27.073750 459.102000 1329.658000
27.090180 482.273000 1301.278000
27.123110 481.134000 1314.874000
27.139450 476.255000 1292.456000
27.172350 481.219000 1333.002000
27.188860 479.978000 1268.982000
27.221740 444.669000 1302.180000
27.238110 472.056000 1350.294000
27.270950 495.890000 1400.432000
27.287350 483.310000 1329.988000
27.320180 536.911000 1262.756000
27.336550 551.242000 1289.838000
27.369490 542.198000 1235.938000
27.385990 554.982000 1269.840000
27.402370 555.135000 1260.776000
27.418730 558.620000 1236.884000
27.435260 552.602000 1238.666000
27.451600 549.916000 1228.370000
27.468120 562.938000 1187.582000
27.484440 576.011000 1218.382000
27.500810 578.238000 1238.094000
27.517440 525.028000 1337.094000
27.533680 542.215000 1371.546000
27.566600 588.727000 1412.928000
27.583100 575.365000 1281.016000
27.615860 555.764000 1381.138000
27.632340 526.575000 1486.672000
27.665370 513.077000 1609.542000
27.681760 508.317000 1652.178000
27.714490 474.674000 1527.438000
27.730990 483.021000 1542.354000
27.747220 482.698000 1534.456000
27.763850 493.357000 1558.084000
27.780260 484.517000 1568.820000
27.796630 481.338000 1553.090000
27.813060 490.195000 1543.344000
27.829500 479.723000 1550.230000
27.845830 480.199000 1557.732000
27.862300 452.472000 1537.316000
27.878850 465.579000 1489.004000
27.895220 468.928000 1505.768000
27.911590 489.311000 1505.438000
27.928120 477.326000 1497.232000
27.960850 492.847000 1510.124000
27.977450 503.472000 1529.154000
28.010250 504.016000 1555.246000
28.026720 501.245000 1555.928000
28.042920 504.271000 1576.938000
28.059600 539.223000 1566.510000
28.075960 547.281000 1605.054000
28.092440 549.542000 1604.966000
28.108720 542.759000 1573.396000
28.125240 524.484000 1522.114000
28.141560 513.638000 1459.084000
28.158100 545.360000 1425.402000
28.174480 529.363000 1415.876000
28.190800 531.811000 1444.630000
28.207500 529.839000 1521.938000
28.223850 544.289000 1594.274000
28.240460 554.353000 1656.226000
28.256640 568.106000 1690.986000
28.272980 583.304000 1685.068000
28.289470 581.230000 1656.996000
28.307310 554.846000 1645.820000
28.322360 491.708000 1597.618000
28.338850 483.412000 1562.308000
28.355220 517.973000 1585.452000
28.371600 501.058000 1690.282000
28.388090 504.067000 1704.912000
28.404450 501.517000 1709.620000
28.420970 496.774000 1688.082000
28.453840 469.659000 1703.350000
28.470180 469.506000 1623.380000
28.502940 435.778000 1556.236000
28.519590 513.553000 1566.642000
28.552340 475.048000 1482.470000
28.568880 515.729000 1508.914000
28.601650 558.688000 1571.108000
28.617980 567.358000 1546.270000
28.651020 564.434000 1498.530000
28.667480 533.001000 1599.400000
28.700230 590.240000 1581.074000
28.716720 536.384000 1553.134000
28.749630 525.011000 1609.124000
28.765850 581.077000 1559.756000
28.798690 549.083000 1540.638000
28.815260 535.908000 1539.692000
28.847960 594.099000 1471.118000
28.864590 544.374000 1418.516000
28.881000 546.788000 1442.364000
28.897340 553.367000 1479.786000
28.913730 597.261000 1512.346000
28.930240 600.967000 1543.388000
28.946760 592.722000 1528.890000
28.962950 598.009000 1544.114000
28.979630 595.986000 1520.200000
28.995860 565.879000 1447.578000
29.012360 563.839000 1378.894000
29.028720 559.555000 1346.268000
29.045350 554.863000 1390.532000
29.061570 558.671000 1366.508000
29.094510 564.536000 1263.636000
29.110810 573.818000 1283.480000
29.143740 567.018000 1260.116000
29.160190 540.022000 1274.944000
29.193100 532.015000 1330.076000
29.209520 526.677000 1400.036000
29.242340 540.260000 1304.204000
29.258710 558.280000 1316.964000
29.291560 465.749000 1481.502000
29.307950 466.072000 1445.488000
29.340810 464.151000 1409.298000
29.357440 491.538000 1382.942000
29.390410 467.908000 1362.438000
29.406560 438.974000 1500.774000
29.439470 480.148000 1538.768000
29.455830 489.600000 1636.558000
29.488890 474.198000 1695.804000
29.505080 477.887000 1736.240000
29.538100 490.654000 1709.950000
29.554470 449.599000 1714.482000
29.587340 478.924000 1816.694000
29.603730 469.727000 1798.302000
29.636600 508.436000 1800.964000
29.686130 475.626000 1702.382000
29.702790 475.490000 1713.338000
29.736860 482.086000 1793.770000
29.751750 472.804000 1761.738000
29.784520 464.389000 1780.812000
29.800860 439.858000 1686.498000
29.833820 430.695000 1808.576000
29.850340 445.434000 1726.890000
29.883130 478.958000 1696.838000
29.899730 481.117000 1772.914000
29.932680 715.598000 1930.478000
29.953630 770.372000 1834.052000
29.981920 760.971000 1802.988000
29.998290 724.302000 1806.244000
30.030900 743.801000 1771.704000
30.047440 750.414000 1867.580000
30.080230 774.724000 1860.078000
30.096980 765.017000 1818.432000
30.129780 743.529000 1765.786000
30.145890 758.897000 1812.844000
30.179050 801.125000 1905.618000
30.195300 806.905000 1906.300000
30.228090 848.419000 1818.234000
30.244660 719.202000 1816.320000
30.277470 670.191000 1754.588000
30.293870 497.743000 1787.368000
30.310120 498.151000 1793.000000
30.326780 484.364000 1857.350000
30.343110 481.763000 1900.338000
30.359620 480.437000 1886.698000
30.375950 516.171000 1868.218000
30.392460 505.172000 1817.244000
30.409060 496.723000 1779.954000
30.425260 458.745000 1707.596000
30.441790 457.470000 1850.266000
30.458010 464.593000 1884.850000
30.474640 495.465000 1933.756000
30.490840 502.843000 1910.854000
30.507520 511.564000 1942.490000
30.523910 503.863000 1886.016000
30.540190 502.078000 1919.852000
30.556630 496.604000 1897.830000
30.573140 495.159000 1835.790000
30.589660 439.365000 1859.154000
30.622470 497.471000 1755.006000
30.639080 466.446000 1778.920000
30.671750 565.029000 1802.306000
30.688130 563.295000 1806.420000
30.720950 532.525000 1818.498000
30.737490 532.814000 1815.836000
30.770230 517.582000 1809.324000
30.786640 558.025000 1725.394000
30.819490 573.342000 1794.606000
30.835890 582.590000 1857.878000
30.869080 529.958000 1810.270000
30.885470 601.562000 1713.822000
30.918110 632.927000 1878.536000
30.934590 571.591000 1862.564000
30.967640 603.840000 1802.064000
30.983870 615.366000 1845.184000
31.016710 597.669000 1867.536000
31.032940 544.969000 1889.976000
31.066160 486.149000 1904.254000
31.082600 491.640000 1912.570000
31.115370 493.952000 1951.180000
31.131620 502.061000 1905.464000
31.164690 486.115000 1897.962000
31.180980 470.611000 1916.046000
31.213730 454.580000 1893.650000
31.230260 479.128000 1956.944000
31.263110 508.929000 1840.938000
31.279650 532.593000 1887.270000
31.312240 556.869000 1853.632000
31.328830 513.638000 1883.552000
31.361740 469.200000 1904.452000
31.378080 530.689000 1876.864000
31.411000 539.597000 1898.424000
31.427350 538.730000 1867.492000
31.460240 518.449000 1846.152000
31.478320 514.097000 1806.090000
31.509510 584.579000 1837.066000
31.526000 569.228000 1850.772000
31.558840 544.476000 1923.306000
31.575300 538.543000 1969.682000
31.591750 535.585000 1951.862000
31.608140 583.695000 1777.336000
31.624450 535.517000 1788.842000
31.640950 533.052000 1781.824000
31.657180 550.188000 1737.120000
31.673970 560.507000 1778.568000
31.690110 565.386000 1806.354000
31.706740 579.003000 1904.672000
31.723010 594.286000 1894.640000
31.756010 566.202000 1973.158000
31.772250 557.243000 2020.480000
31.805330 682.159000 1944.932000
31.821730 685.797000 1900.030000
31.854640 683.927000 1925.308000
31.870940 674.951000 1967.834000
31.903870 656.183000 1839.618000
31.920210 706.248000 1871.122000
31.953220 707.081000 1884.322000
31.969640 686.494000 1898.578000
32.002380 655.537000 1904.430000
32.018860 760.053000 1831.104000
32.051760 759.781000 1857.790000
32.067980 716.448000 1877.260000
32.100860 748.408000 1894.178000
32.117490 738.038000 1889.712000
32.150250 731.357000 1926.386000
32.166790 739.534000 1946.846000
32.199660 742.849000 1936.198000
32.215900 572.118000 1889.074000
32.248930 500.531000 1887.138000
32.265200 453.985000 1893.694000
32.298250 470.543000 1911.646000
32.314610 506.175000 1906.388000
32.331010 502.605000 1887.248000
32.347320 502.826000 1913.120000
32.363770 490.977000 1915.628000
32.380260 484.772000 1891.648000
32.396760 455.481000 1927.618000
32.413020 471.886000 1974.522000
32.429500 475.660000 1991.308000
32.446000 502.741000 1857.482000
32.462710 493.595000 1859.044000
32.479000 499.885000 1885.070000
32.495120 564.825000 1930.456000
32.511760 557.804000 1903.110000
32.544370 532.848000 1944.536000
32.561310 556.937000 1950.762000
32.593770 599.828000 1943.458000
32.610470 555.849000 1968.802000
32.642970 665.057000 1930.742000
32.659410 696.269000 1930.060000
32.692610 667.284000 1904.936000
32.709170 631.635000 1812.338000
32.741990 646.680000 1812.668000
32.758420 664.768000 1853.126000
32.791240 662.813000 1897.324000
32.807500 644.776000 1870.176000
32.840390 635.613000 1762.046000
32.856920 696.932000 1875.324000
32.889680 742.254000 1758.922000
32.908110 729.844000 1760.990000
32.938810 773.177000 1738.286000
32.955220 752.573000 1876.380000
32.987990 774.010000 1762.838000
33.004320 777.308000 1759.824000
33.037190 733.431000 1829.168000
33.053740 734.723000 1849.166000
33.087080 767.108000 1857.064000
33.103300 765.527000 1859.638000
33.135990 793.866000 1855.106000
33.152420 800.003000 1850.068000
33.185420 777.070000 1833.986000
33.201920 793.985000 1814.142000
33.236620 607.444000 1942.512000
33.250810 445.859000 2042.986000
33.283720 522.342000 1941.522000
33.300140 501.194000 2030.776000
33.333050 496.604000 2035.726000
33.349370 479.247000 2017.466000
33.382400 443.581000 2001.846000
33.399060 447.644000 1998.106000
33.431900 460.938000 1954.084000
33.448240 517.429000 1966.448000
33.481000 492.592000 1916.596000
33.497360 469.234000 1901.306000
33.530240 538.934000 1899.502000
33.546770 584.477000 1880.296000
33.579440 583.967000 1852.004000
33.595950 508.436000 1872.244000
33.628750 572.271000 1930.016000
33.645250 611.065000 1936.066000
33.677980 544.374000 1945.944000
33.694370 527.272000 1941.060000
33.727390 553.265000 1986.248000
33.743930 565.063000 1955.756000
33.776920 592.569000 2068.132000
33.793240 856.426000 1829.806000
33.826030 989.179000 1688.346000
33.842320 1031.662000 1757.624000
33.875430 991.151000 1777.116000
33.891750 1005.720000 1768.778000
33.924380 980.934000 1700.732000
33.940950 961.554000 1706.628000
33.957290 965.566000 1684.562000
33.973740 980.101000 1594.098000
33.992310 1023.043000 1437.084000
34.006590 1023.009000 1427.888000
34.023210 1064.710000 1413.654000
34.039460 1059.797000 1326.138000
34.055970 1054.272000 1364.198000
34.072360 1044.429000 1596.408000
34.088760 1044.752000 1415.282000
34.121660 1044.735000 1452.044000
34.138150 1061.446000 1522.466000
34.154820 1056.737000 1544.708000
34.171310 1034.331000 1577.950000
34.187650 967.640000 1548.074000
34.203990 964.206000 1578.544000
34.220490 993.871000 1624.414000
34.236880 983.093000 1688.500000
34.253160 986.748000 1667.116000
34.269810 1007.437000 1642.630000
34.286120 1020.238000 1507.836000
34.302570 1024.420000 1477.520000
34.319020 1024.675000 1640.760000
34.335490 1009.239000 1450.218000
34.368410 714.051000 611.050000
34.384640 727.277000 362.076000
34.417530 745.977000 340.912000
34.434050 742.781000 341.946000
34.466510 729.589000 335.038000
34.483020 721.667000 253.748000
34.515850 723.928000 308.880000
34.532240 681.853000 374.836000
34.565220 720.052000 278.124000
34.581630 668.593000 305.206000
34.614520 951.422000 900.834000
34.631000 1009.732000 1306.470000
34.664030 978.112000 1290.498000
34.680130 944.690000 1250.084000
34.713120 1017.331000 1335.378000
34.729490 1018.674000 1333.266000
34.762330 1001.419000 1278.200000
34.779040 986.867000 1443.200000
34.811660 976.922000 1505.064000
34.828080 999.022000 1440.362000
34.861010 990.148000 1474.660000
34.877350 973.403000 1432.112000
34.910130 975.222000 1463.902000
34.926500 947.801000 1485.924000
34.959520 975.800000 1460.514000
34.975950 982.787000 1487.970000
35.008880 1004.683000 1492.546000
35.025240 986.680000 1303.082000
35.058010 1033.362000 1018.226000
35.074510 987.717000 921.074000
35.107330 1021.071000 903.518000
35.123830 1035.096000 1013.408000
35.156890 1000.399000 937.530000
35.173390 993.276000 1044.802000
35.190640 997.577000 1010.350000
35.206270 1007.794000 811.910000
35.222500 1027.837000 914.232000
35.239060 1027.786000 902.286000
35.255430 989.196000 857.626000
35.271800 977.840000 936.100000
35.288330 974.032000 982.850000
35.304670 935.799000 999.966000
35.320980 935.425000 1048.916000
35.353900 952.255000 1060.598000
35.370290 989.145000 1059.036000
35.386510 993.412000 1024.892000
35.403120 973.250000 893.178000
35.419480 1013.421000 990.462000
35.435880 1013.285000 979.154000
35.452210 979.217000 958.518000
35.469070 993.939000 990.748000
35.485140 989.842000 1036.266000
35.501570 954.244000 1054.042000
35.518100 976.191000 885.016000
35.550830 1009.103000 800.008000
35.567410 952.408000 847.462000
35.600200 975.732000 828.982000
35.616610 992.001000 850.564000
35.649460 966.399000 809.974000
35.666020 950.130000 885.258000
35.682360 952.357000 873.664000
35.698640 950.963000 811.008000
35.715150 965.617000 719.686000
35.731630 967.232000 694.672000
35.748110 985.830000 629.420000
35.764530 911.727000 657.888000
35.797260 959.395000 753.258000
35.813740 942.327000 753.720000
35.846630 948.583000 855.536000
35.863010 924.596000 866.470000
36.158710 962.812000 705.166000
36.191600 1020.425000 715.814000
36.208100 1052.878000 796.950000
36.224460 1050.481000 808.522000
36.240880 1020.119000 775.016000
36.257340 995.469000 831.666000
36.273770 993.497000 855.712000
36.291440 989.944000 897.952000
36.306630 1028.466000 776.732000
36.322980 1026.409000 786.808000
36.339370 1018.691000 919.688000
36.355960 1046.979000 931.128000
36.372250 1044.752000 951.434000
36.388900 1031.424000 864.600000
36.405230 996.013000 884.422000
36.421650 999.872000 863.412000
36.437960 989.655000 925.540000
36.454500 1056.992000 785.422000
36.470990 1059.185000 751.300000
36.487230 1119.671000 1205.402000
37.226440 913.716000 760.562000
37.242980 866.371000 833.140000
