0.000000 597.431000 684.530000
0.016450 609.586000 754.556000
0.032900 597.975000 685.652000
0.049330 596.292000 667.810000
0.065690 599.573000 622.842000
0.082080 585.888000 719.158000
0.098570 586.177000 724.614000
0.114940 580.261000 708.664000
0.131330 584.528000 757.834000
0.147840 587.231000 780.648000
0.164320 586.279000 777.854000
0.180760 598.094000 764.940000
0.197070 596.819000 753.676000
0.213580 598.043000 725.296000
0.230130 595.884000 701.052000
0.246320 593.606000 682.748000
0.262830 598.587000 698.038000
0.279330 586.058000 681.472000
0.295700 587.265000 692.208000
0.312060 584.052000 677.666000
0.328430 540.447000 741.378000
0.344960 541.671000 748.308000
0.361450 497.913000 639.320000
0.378010 517.038000 690.030000
0.394200 515.491000 679.184000
0.410690 512.856000 682.132000
0.427280 518.483000 640.574000
0.443620 520.625000 658.108000
0.459950 501.704000 665.676000
0.476320 530.077000 710.270000
0.492810 530.417000 709.324000
0.509310 513.162000 458.326000
0.525560 496.077000 335.478000
0.541930 491.776000 302.720000
0.558560 475.167000 315.612000
0.574940 497.216000 342.364000
0.591310 498.916000 356.378000
0.607850 499.477000 408.980000
0.624220 492.422000 376.882000
0.640690 494.615000 396.946000
0.657100 516.732000 445.720000
0.673550 512.703000 451.110000
0.689800 515.916000 476.960000
0.706310 514.080000 525.954000
0.722690 523.277000 494.164000
0.755710 565.726000 434.368000
0.772110 583.168000 478.192000
0.804960 579.938000 417.846000
0.821470 546.057000 466.576000
0.854220 562.989000 457.006000
0.870710 556.920000 458.238000
0.903580 516.579000 523.094000
0.919940 516.545000 503.690000
0.952820 491.198000 545.820000
0.969310 498.457000 550.836000
1.002110 487.611000 505.164000
1.018590 501.687000 499.906000
1.051350 504.509000 486.178000
1.067840 504.118000 490.622000
1.100710 489.430000 519.772000
1.117080 520.727000 474.870000
1.149930 573.019000 531.916000
1.166490 586.721000 552.376000
1.199200 561.816000 541.310000
1.215740 572.373000 548.878000
1.248460 582.964000 521.422000
1.264940 551.514000 504.724000
1.297910 641.529000 525.184000
1.314060 638.962000 515.526000
1.347080 654.092000 518.980000
1.363570 646.731000 550.814000
1.396440 652.596000 509.916000
1.412840 640.764000 553.960000
1.445690 660.535000 553.410000
1.462070 638.979000 523.314000
1.478440 638.639000 517.088000
1.494930 711.773000 491.370000
1.511310 735.607000 449.130000
1.527820 734.485000 423.434000
1.544200 732.836000 405.680000
1.560700 715.479000 420.508000
1.577060 714.816000 407.440000
1.593480 737.613000 379.544000
1.610000 745.212000 425.744000
1.626430 744.600000 404.888000
1.642700 745.008000 375.496000
1.659230 738.837000 293.436000
1.675570 738.361000 286.484000
1.692090 733.057000 293.194000
1.708440 741.489000 338.690000
1.724930 742.594000 367.026000
1.741420 735.607000 371.360000
1.757800 781.660000 386.320000
1.774220 781.660000 386.320000
1.790600 808.010000 360.734000
1.807050 786.624000 404.052000
1.823430 786.369000 383.174000
1.839940 809.676000 390.060000
1.856310 795.617000 312.356000
1.872800 795.243000 305.470000
1.889180 784.924000 349.316000
1.905690 787.083000 361.020000
1.922060 788.001000 408.100000
1.938580 793.560000 413.446000
1.954940 804.202000 475.486000
1.971500 804.270000 460.658000
1.987870 857.429000 398.574000
2.004200 882.283000 394.460000
2.020690 882.742000 342.386000
2.037060 856.562000 323.620000
2.053600 864.671000 290.048000
2.086440 861.645000 252.824000
2.102830 866.949000 277.948000
2.119190 866.677000 298.804000
2.135510 885.275000 334.642000
2.152050 887.383000 340.450000
2.168440 887.077000 368.610000
2.184940 883.150000 397.342000
2.201310 932.433000 367.928000
2.234190 899.674000 395.164000
2.250700 916.402000 449.086000
2.283580 912.509000 408.892000
2.299940 911.761000 422.114000
2.333010 955.587000 424.754000
2.349080 951.847000 418.066000
2.381940 957.066000 399.828000
2.398590 937.482000 427.042000
2.414810 937.057000 432.652000
2.431300 971.142000 479.776000
2.447810 948.362000 495.572000
2.464080 949.263000 481.998000
2.480680 938.740000 404.580000
2.497060 848.759000 377.674000
2.513430 848.487000 358.556000
2.530000 550.205000 386.694000
2.546310 552.092000 433.092000
2.562710 555.067000 460.548000
2.579190 582.964000 480.282000
2.595690 538.747000 475.552000
2.628620 559.045000 449.526000
2.644930 564.434000 452.782000
2.677670 512.941000 509.674000
2.694180 497.760000 444.818000
2.727220 482.936000 456.302000
2.743560 491.147000 386.958000
2.776290 498.508000 494.604000
2.792680 500.259000 484.638000
2.809250 502.503000 503.844000
2.825670 493.544000 536.294000
2.842060 514.488000 505.252000
2.858430 517.718000 530.640000
2.874800 620.874000 560.516000
2.891430 624.121000 562.188000
2.924180 607.903000 535.458000
2.940690 620.398000 526.460000
2.957060 618.868000 506.792000
2.973430 657.152000 518.452000
2.989820 639.234000 480.238000
3.006300 637.228000 455.246000
3.022710 619.191000 455.202000
3.039180 615.655000 447.986000
3.055760 617.083000 467.368000
3.072050 733.941000 515.702000
3.088500 748.306000 550.682000
3.104800 748.748000 556.732000
3.121310 746.113000 556.358000
3.137800 764.711000 526.878000
3.154170 763.419000 488.950000
3.170550 744.362000 463.122000
3.187060 740.095000 441.562000
3.203430 740.010000 435.248000
3.219920 783.649000 475.508000
3.236430 839.545000 460.702000
3.252690 839.443000 479.820000
3.269180 814.130000 502.524000
3.285550 818.516000 513.194000
3.302060 818.601000 531.916000
3.318440 832.422000 563.772000
3.334930 801.754000 552.134000
3.351360 801.737000 551.474000
3.367870 831.436000 555.544000
3.384200 811.308000 555.390000
3.400570 811.427000 549.736000
3.417070 825.367000 507.408000
3.433440 817.853000 499.224000
3.449940 818.006000 493.548000
3.466310 601.103000 565.312000
3.483930 554.064000 567.798000
3.499190 554.914000 580.074000
3.515560 533.256000 591.778000
3.532060 562.258000 610.126000
3.548580 564.672000 628.430000
3.564910 534.106000 647.702000
3.581480 538.560000 633.050000
3.597950 537.081000 621.544000
3.614350 542.827000 642.642000
3.630740 523.634000 620.004000
3.647050 524.178000 626.120000
3.663420 507.603000 610.610000
3.679950 501.432000 609.972000
3.696440 501.942000 608.256000
3.712740 519.775000 563.794000
3.729230 515.083000 522.434000
3.745560 511.836000 497.244000
3.762050 510.867000 529.892000
3.778410 501.126000 522.082000
3.794970 501.721000 529.232000
3.811430 508.385000 507.672000
3.827850 496.740000 543.884000
3.844210 500.667000 574.706000
3.860570 511.615000 613.844000
3.877060 504.016000 653.928000
3.893450 505.699000 665.566000
3.909850 513.332000 652.982000
3.926440 504.866000 679.778000
3.942690 505.427000 685.410000
3.959180 491.028000 811.404000
3.975740 484.262000 824.054000
3.992110 485.384000 828.520000
4.008420 493.459000 842.578000
4.024930 488.767000 823.636000
4.041430 485.384000 803.594000
4.057680 481.627000 815.342000
4.074170 480.930000 812.482000
4.107040 476.289000 795.718000
4.123600 473.042000 791.714000
4.156430 501.891000 821.436000
4.172670 502.826000 815.980000
4.189180 505.087000 831.490000
4.205550 514.930000 841.302000
4.222060 528.360000 850.806000
4.238430 529.363000 855.338000
4.254930 515.304000 857.384000
4.271480 524.586000 838.288000
4.287810 519.299000 801.680000
4.304320 830.535000 716.100000
4.320560 928.336000 680.394000
4.337040 929.067000 658.240000
4.353560 932.144000 646.800000
4.369920 937.805000 680.526000
4.402850 970.054000 681.582000
4.419170 975.749000 687.500000
4.452040 956.896000 741.950000
4.468540 952.578000 715.924000
4.484800 953.615000 698.522000
4.501300 947.784000 649.462000
4.517670 964.308000 604.868000
4.534180 965.413000 580.668000
4.550670 984.487000 567.050000
4.567050 972.689000 546.832000
4.599910 958.205000 574.574000
4.616420 932.637000 603.636000
4.649170 584.749000 850.960000
4.665570 470.169000 960.278000
4.698550 497.675000 1014.134000
4.714800 484.602000 953.172000
4.731480 489.549000 983.356000
4.747680 498.219000 1016.224000
4.764050 497.760000 1077.252000
4.780730 505.325000 1115.290000
4.797070 517.106000 1173.986000
4.813480 507.688000 1168.684000
4.829800 502.486000 1140.150000
4.846300 507.382000 1077.010000
4.862810 490.977000 1004.344000
4.879070 483.633000 965.932000
4.895690 468.843000 981.882000
4.912060 475.150000 1017.808000
4.928570 477.751000 1032.746000
4.944810 552.449000 1068.716000
4.961330 552.653000 1118.304000
4.977800 553.809000 1122.550000
4.994060 545.819000 1099.362000
5.010680 559.538000 1033.956000
5.026930 556.886000 1019.678000
5.043550 555.577000 1016.620000
5.059940 558.433000 992.046000
5.076310 559.929000 1001.704000
5.092790 550.358000 1044.692000
5.109240 553.792000 1067.726000
5.125690 555.424000 1077.582000
5.141980 519.452000 1369.236000
5.158460 469.234000 1407.956000
5.174800 471.478000 1415.788000
5.191330 480.709000 1371.854000
5.207670 481.627000 1343.826000
5.240690 490.943000 1334.674000
5.256940 492.456000 1330.164000
5.289950 499.885000 1365.628000
5.306440 505.750000 1333.222000
5.339230 521.832000 1332.034000
5.355730 503.115000 1352.472000
5.388550 512.159000 1300.376000
5.404970 516.511000 1314.544000
5.437790 508.436000 1392.424000
5.454330 511.802000 1328.668000
5.487090 507.858000 1340.504000
5.503460 498.338000 1339.536000
5.536440 504.271000 1389.828000
5.552780 548.981000 1393.898000
5.585660 593.912000 1343.452000
5.601930 581.247000 1314.038000
5.634800 563.482000 1378.916000
5.651170 567.630000 1355.288000
5.684070 566.134000 1330.010000
5.700680 569.568000 1325.984000
5.733430 586.687000 1354.496000
5.749920 573.002000 1342.506000
5.783460 585.905000 1376.254000
5.799210 561.442000 1433.982000
5.831910 585.293000 1429.582000
5.848560 501.415000 1580.370000
5.881160 478.057000 1564.222000
5.897800 480.998000 1577.378000
5.914090 483.667000 1586.398000
5.930730 515.202000 1591.876000
5.947100 524.076000 1598.300000
5.963580 527.646000 1610.224000
5.979800 510.102000 1616.340000
5.996290 516.120000 1592.404000
6.012800 510.799000 1572.824000
6.029050 511.887000 1562.176000
6.045680 495.771000 1550.736000
6.062060 488.070000 1525.832000
6.078570 465.358000 1542.090000
6.094800 455.345000 1496.814000
6.127810 474.130000 1540.858000
6.144040 486.200000 1550.296000
6.176930 457.300000 1556.214000
6.193420 466.616000 1539.956000
6.226300 482.171000 1528.054000
6.242680 471.478000 1578.500000
6.275560 553.639000 1525.194000
6.291950 543.694000 1533.378000
6.308440 545.972000 1543.278000
6.324940 540.481000 1535.996000
6.341380 573.665000 1561.098000
6.357800 576.844000 1574.100000
6.374240 586.687000 1578.544000
6.390550 572.322000 1636.624000
6.423480 557.974000 1604.834000
6.440080 568.310000 1640.694000
6.472690 562.360000 1612.842000
6.489170 599.216000 1605.164000
6.521910 723.180000 1823.558000
6.538560 747.184000 1865.622000
6.571180 729.725000 1852.840000
6.587800 722.364000 1853.544000
6.620680 751.961000 1847.450000
6.637070 747.269000 1857.042000
6.669920 756.517000 1868.328000
6.686290 747.609000 1784.574000
6.719040 733.822000 1805.496000
6.735690 729.963000 1813.548000
6.768540 724.557000 1821.776000
6.784930 737.647000 1765.170000
6.817790 509.065000 1801.382000
6.834170 497.845000 1805.584000
6.850540 500.395000 1812.360000
6.867050 512.244000 1892.242000
6.883650 486.523000 1886.830000
6.899800 487.866000 1889.052000
6.916170 504.645000 1856.514000
6.932850 510.272000 1893.122000
6.949050 506.515000 1885.004000
6.965680 505.172000 1854.864000
6.981930 479.808000 1881.176000
6.998410 476.816000 1874.510000
7.014940 479.094000 1790.184000
7.031170 454.869000 1781.956000
7.047670 450.313000 1771.968000
7.064190 448.817000 1797.026000
7.080690 450.942000 1770.274000
7.097060 454.002000 1777.754000
7.113600 471.784000 1825.560000
7.129790 460.479000 1833.876000
7.146300 465.103000 1843.402000
7.162800 493.782000 1873.608000
7.179050 559.946000 1875.698000
7.195540 557.668000 1869.010000
7.212100 576.674000 1844.172000
7.228470 571.285000 1873.894000
7.244840 570.146000 1871.364000
7.261170 582.845000 1907.950000
7.277790 592.161000 1895.894000
7.294160 595.204000 1904.584000
7.310670 586.551000 1887.622000
7.326920 589.237000 1881.286000
7.359800 630.479000 1902.648000
7.376170 680.119000 1868.966000
7.409040 694.654000 1817.640000
7.425700 672.367000 1870.902000
7.458300 673.030000 1854.116000
7.474930 680.085000 1837.572000
7.507660 699.244000 1868.724000
7.524230 764.813000 1747.680000
7.557050 969.357000 1587.586000
7.573430 950.181000 1538.372000
7.589920 952.697000 1517.384000
7.606230 949.246000 1461.108000
7.622850 947.308000 1457.302000
7.639050 948.362000 1439.988000
7.655690 935.833000 1462.538000
7.672060 933.878000 1515.976000
7.688550 932.756000 1530.166000
7.704800 960.976000 1562.880000
7.721340 940.474000 1544.070000
7.754180 948.583000 1529.286000
7.770550 946.203000 1520.222000
7.803440 959.174000 1500.400000
7.819930 954.244000 1498.816000
7.852660 940.593000 1475.034000
7.869220 939.131000 1509.508000
7.901930 812.192000 1369.434000
7.918550 662.728000 1176.846000
7.934920 663.935000 1189.914000
7.951310 536.027000 1078.968000
7.967800 548.012000 1151.238000
7.984180 551.327000 1169.542000
8.000690 532.491000 1230.636000
8.016910 544.850000 1178.760000
8.033430 544.850000 1178.760000
8.049790 554.591000 1112.826000
8.066330 549.321000 1148.906000
8.099180 561.748000 1196.140000
8.115750 550.137000 1219.438000
8.131930 552.160000 1231.780000
8.148560 572.016000 1194.138000
8.164920 560.881000 1218.514000
8.181170 561.884000 1222.518000
8.197800 492.762000 1186.460000
8.214160 496.893000 1181.510000
8.230670 495.771000 1177.616000
8.247040 506.770000 1201.530000
8.263550 513.145000 1231.516000
8.279920 516.681000 1247.884000
8.296170 516.936000 1259.962000
8.312790 511.581000 1268.432000
8.329220 509.133000 1255.980000
8.345600 503.778000 1236.708000
8.362060 499.409000 1181.158000
8.378430 497.658000 1173.040000
8.394790 495.686000 1092.608000
8.411160 504.883000 1133.066000
8.427800 507.331000 1146.618000
8.444030 517.650000 1151.546000
8.460740 507.909000 1155.418000
8.477100 509.660000 1163.932000
8.493410 518.330000 1176.098000
8.509780 527.408000 1178.914000
8.542850 536.843000 1197.636000
8.559170 540.753000 1202.784000
8.575700 538.526000 1189.628000
8.591930 527.000000 1119.272000
8.608290 506.940000 810.304000
8.624850 503.591000 789.250000
8.641340 499.239000 705.496000
8.657840 496.434000 700.766000
8.674160 498.780000 717.772000
8.690690 510.918000 757.636000
8.707050 495.873000 764.324000
8.723600 499.392000 786.434000
8.739970 506.056000 791.868000
8.756360 514.862000 804.122000
8.772670 516.936000 819.368000
8.789170 544.799000 824.318000
8.805540 575.042000 667.744000
8.822050 578.408000 694.694000
8.838610 645.643000 293.590000
8.854980 649.383000 370.040000
8.871150 648.839000 344.696000
8.887790 714.884000 416.636000
8.904040 730.252000 341.550000
8.920550 729.198000 316.756000
8.936950 690.727000 351.142000
8.953570 673.166000 306.284000
8.986340 699.958000 343.794000
9.002790 706.877000 335.258000
9.035550 690.251000 314.754000
9.051930 697.765000 320.100000
9.084980 719.474000 302.984000
9.101180 754.868000 318.648000
9.134050 745.144000 335.896000
9.150670 736.950000 287.540000
9.166930 736.950000 287.540000
9.183470 753.559000 317.482000
9.200000 762.909000 328.262000
9.232860 702.780000 377.058000
9.249240 643.824000 344.828000
9.282100 642.685000 363.044000
9.298770 627.470000 304.304000
9.314960 628.762000 323.994000
9.331310 645.728000 355.938000
9.347840 656.166000 374.616000
9.364490 656.778000 380.468000
9.381040 654.058000 322.674000
9.397430 654.194000 336.556000
9.413590 652.460000 310.992000
9.429950 651.729000 291.918000
9.446460 622.693000 330.704000
9.479350 539.580000 453.904000
9.495710 542.946000 444.708000
9.528930 533.511000 459.074000
9.544940 540.651000 458.744000
9.577850 565.080000 455.466000
9.594330 550.919000 461.098000
9.627200 545.428000 467.038000
9.643750 529.788000 468.314000
9.676530 506.243000 468.820000
9.693150 519.945000 458.238000
9.726150 511.428000 486.684000
9.742070 509.711000 489.786000
9.775090 513.332000 473.484000
9.791460 506.158000 486.904000
9.807820 508.232000 504.900000
9.824340 678.283000 526.438000
9.840870 714.153000 593.472000
9.857210 715.122000 604.890000
9.873600 714.204000 579.964000
9.890090 702.151000 558.338000
9.906480 700.077000 522.984000
9.923050 726.393000 479.556000
9.939360 734.876000 460.394000
9.955860 734.349000 448.514000
9.972180 719.372000 482.196000
9.988720 714.170000 421.124000
10.005000 714.272000 427.306000
10.021350 723.214000 504.218000
10.038010 725.509000 517.440000
10.054340 725.373000 510.796000
10.070850 819.179000 491.942000
10.087080 805.817000 479.072000
10.103550 805.596000 489.368000
10.119950 821.066000 503.470000
10.136350 823.412000 548.966000
10.152830 823.939000 580.162000
10.169110 818.975000 573.716000
10.185750 820.454000 571.934000
10.202040 820.097000 530.618000
10.218550 797.045000 524.414000
10.234990 811.631000 451.550000
10.251480 811.342000 445.126000
10.267810 843.098000 533.786000
10.284360 895.101000 457.732000
10.300720 894.710000 483.098000
10.317090 891.344000 460.284000
10.333570 895.390000 437.866000
10.366300 904.536000 475.882000
10.382830 922.386000 484.550000
10.415540 899.606000 413.754000
10.432050 957.610000 449.328000
10.448590 959.701000 409.904000
10.464920 979.710000 357.016000
10.481310 982.481000 338.118000
10.497860 984.691000 285.494000
10.514070 993.837000 206.184000
10.530670 989.417000 195.404000
10.547060 988.295000 216.304000
10.563600 971.142000 261.932000
10.579930 975.834000 306.526000
10.596310 974.712000 334.664000
10.612790 836.145000 359.920000
10.629430 709.733000 424.490000
10.645540 711.909000 476.696000
10.661900 632.111000 599.522000
10.678530 630.717000 641.982000
10.694920 636.973000 710.270000
10.711300 654.347000 730.686000
10.727810 652.562000 737.792000
10.760530 625.226000 765.578000
10.777040 633.930000 765.446000
10.810060 611.847000 738.298000
10.826290 551.055000 724.768000
10.859040 573.070000 709.698000
10.875580 566.899000 701.096000
10.908450 546.635000 688.226000
10.924930 551.242000 693.110000
10.957890 544.833000 703.714000
10.974370 548.607000 709.412000
11.007080 557.566000 709.236000
11.023590 558.688000 710.072000
11.056460 651.610000 705.210000
11.072810 727.651000 755.326000
11.089390 726.359000 723.272000
11.105680 708.832000 657.250000
11.122100 703.766000 617.166000
11.138490 701.148000 574.068000
11.155120 701.488000 567.424000
11.171450 709.529000 560.670000
11.204320 711.756000 556.600000
11.220730 730.099000 594.308000
11.237120 728.603000 555.720000
11.255460 804.423000 493.878000
11.269930 791.027000 488.312000
11.286470 790.177000 451.572000
11.302950 816.765000 431.882000
11.319180 816.918000 436.722000
11.335720 817.241000 443.718000
11.352140 808.129000 470.580000
11.368590 821.355000 384.780000
11.384980 820.539000 374.748000
11.401340 802.264000 401.654000
11.417880 809.591000 438.680000
11.434390 810.509000 459.844000
11.450710 809.183000 460.526000
11.469090 893.350000 490.226000
11.483580 893.248000 464.662000
11.499970 939.913000 477.664000
11.516330 947.019000 497.640000
11.532990 947.036000 504.966000
11.549190 950.028000 472.934000
11.565730 952.544000 465.080000
11.583160 953.003000 452.518000
11.598420 937.635000 461.010000
11.614930 947.393000 450.780000
11.631350 946.509000 469.678000
11.647800 920.040000 570.130000
11.664180 919.785000 574.926000
11.680660 919.105000 600.138000
11.697110 927.809000 611.336000
11.713410 933.470000 645.480000
11.729950 933.470000 645.480000
11.746280 937.193000 514.426000
11.762790 914.923000 546.590000
11.795990 928.404000 612.832000
11.812070 934.796000 611.270000
11.828310 935.646000 592.746000
11.844940 929.356000 582.318000
11.861270 962.081000 546.854000
11.877840 962.234000 532.026000
11.894170 993.888000 508.090000
11.910680 1009.171000 538.824000
11.927030 1006.893000 575.322000
11.943420 991.287000 580.250000
11.959930 993.174000 595.122000
11.976320 992.426000 608.366000
11.992860 960.823000 604.340000
12.009220 969.935000 621.588000
12.025730 971.074000 603.504000
12.042050 973.828000 576.378000
12.058410 958.579000 605.396000
12.074920 959.055000 594.484000
12.091310 943.534000 608.740000
12.107670 936.904000 618.904000
12.124050 936.462000 631.620000
12.140690 955.179000 737.132000
12.157070 955.808000 719.554000
12.189970 935.901000 669.592000
12.206300 945.013000 672.606000
12.239170 959.905000 654.830000
12.255710 947.869000 648.846000
12.288480 950.963000 651.420000
12.304930 957.100000 645.172000
12.337650 961.588000 671.924000
12.354060 983.280000 682.242000
12.370610 982.141000 698.236000
12.387080 972.621000 730.862000
12.403410 968.439000 753.104000
12.419800 969.544000 741.422000
12.436280 961.435000 627.704000
12.452790 957.865000 537.680000
12.469240 958.562000 504.394000
12.485720 960.636000 561.858000
12.502230 987.564000 610.918000
12.518460 983.722000 678.854000
12.534940 973.760000 721.138000
12.551450 988.703000 836.682000
12.568080 989.825000 827.750000
12.584320 980.458000 751.630000
12.600740 998.903000 700.150000
12.617190 1002.337000 646.536000
12.633640 983.382000 662.904000
12.649990 998.087000 643.654000
12.666350 997.339000 656.040000
12.682860 994.092000 660.308000
12.699370 997.305000 668.096000
12.715580 996.540000 680.570000
12.732060 1014.594000 677.754000
12.748440 1025.712000 621.060000
12.764980 1027.310000 603.086000
12.782200 994.738000 616.528000
12.798000 986.408000 559.460000
12.814240 985.439000 568.876000
12.830690 1001.776000 621.940000
12.847080 995.418000 652.454000
12.863460 992.477000 700.238000
12.879970 772.157000 638.814000
12.896420 625.039000 612.876000
12.912810 624.699000 606.826000
12.929320 588.455000 602.514000
12.945740 605.302000 588.962000
12.962250 605.608000 594.660000
12.978790 574.736000 606.430000
12.995420 578.748000 630.608000
13.015870 578.255000 623.898000
13.028140 575.637000 606.078000
13.044460 602.327000 536.030000
13.060700 601.511000 530.266000
13.077510 506.906000 605.506000
13.093900 506.294000 627.154000
13.112490 509.694000 651.266000
13.126740 496.791000 641.146000
13.142850 493.442000 676.632000
13.159240 492.813000 670.560000
13.175720 499.154000 673.332000
13.192200 479.791000 597.454000
13.208620 479.723000 596.970000
13.224980 513.689000 558.470000
13.241490 490.875000 564.652000
13.274170 493.306000 547.932000
13.290710 480.454000 564.278000
13.307100 476.918000 539.748000
13.323580 484.330000 538.098000
13.340060 491.759000 516.582000
13.356480 494.870000 544.962000
13.372800 500.055000 578.248000
13.389190 497.420000 605.990000
13.405850 507.467000 676.500000
13.422090 529.669000 715.858000
13.438570 524.909000 747.142000
13.471220 518.993000 746.350000
13.487850 517.361000 723.668000
13.520720 501.738000 811.316000
13.537260 515.100000 804.430000
13.553470 510.663000 772.310000
13.569950 514.675000 706.860000
13.586330 501.432000 666.424000
13.602810 492.779000 605.220000
13.619320 474.844000 587.928000
13.635830 473.875000 562.408000
13.652070 470.322000 538.318000
13.668580 472.549000 542.696000
13.685270 470.696000 536.316000
13.717960 483.327000 561.924000
13.734340 480.352000 543.136000
13.750850 485.894000 583.286000
13.767820 492.813000 760.078000
13.783600 508.810000 796.268000
13.799930 513.978000 829.180000
13.816500 515.780000 813.758000
13.832860 523.991000 795.322000
13.849180 524.977000 805.420000
13.865690 502.537000 820.754000
13.882230 529.448000 857.626000
13.898410 529.805000 856.130000
13.914920 559.317000 829.070000
13.931340 544.425000 789.008000
13.947850 538.934000 749.364000
13.964360 552.228000 806.102000
13.980680 560.898000 754.688000
14.013430 557.872000 741.092000
14.029940 551.786000 758.714000
14.046300 553.656000 774.334000
14.062810 568.038000 768.614000
14.079040 564.638000 790.350000
14.095700 567.341000 811.074000
14.112180 529.295000 877.932000
14.128570 527.357000 876.326000
14.161290 513.604000 890.934000
14.177860 517.310000 898.414000
14.210660 509.881000 843.084000
14.226900 518.296000 896.016000
14.259800 509.303000 888.844000
14.276280 507.790000 873.246000
14.309140 511.734000 911.768000
14.325650 513.587000 919.952000
14.358430 513.332000 849.596000
14.374970 524.892000 868.846000
14.408140 605.965000 914.826000
14.425870 599.590000 906.598000
14.441100 597.941000 891.660000
14.457210 589.543000 871.904000
14.473480 586.908000 851.532000
14.489930 582.590000 815.342000
14.506320 579.326000 778.822000
14.522860 573.920000 757.196000
14.540280 571.234000 735.438000
14.555730 570.452000 746.658000
14.572240 639.302000 741.906000
14.588560 640.339000 752.994000
14.604950 671.398000 771.100000
14.621460 667.029000 790.152000
14.637820 666.009000 778.008000
14.654210 663.391000 786.610000
14.670720 665.635000 745.976000
14.687190 663.527000 717.530000
14.703550 672.078000 737.616000
14.720000 659.821000 691.680000
14.736330 661.249000 714.032000
14.753850 680.510000 764.126000
14.769170 659.073000 796.246000
14.785640 660.450000 806.960000
14.802030 651.695000 786.632000
14.818390 658.019000 691.900000
14.834960 655.520000 664.400000
14.851260 769.641000 662.090000
14.867830 894.438000 651.266000
14.884190 893.996000 675.576000
14.900670 953.802000 738.562000
14.917050 926.007000 758.340000
14.949890 925.344000 740.256000
14.966160 915.586000 692.054000
14.982760 916.351000 674.432000
14.999150 926.636000 654.610000
15.015410 923.423000 651.420000
15.032010 924.120000 627.770000
15.048310 906.083000 637.362000
15.064940 745.501000 667.722000
15.081300 746.079000 685.410000
15.097750 522.291000 811.624000
15.114010 540.566000 826.386000
15.130550 543.830000 848.760000
15.147030 514.420000 828.454000
15.163390 521.441000 833.228000
15.179930 523.634000 849.112000
15.196320 532.066000 867.328000
15.212650 551.599000 876.304000
15.229160 552.602000 881.122000
15.245610 528.751000 875.534000
15.262050 486.302000 901.340000
15.278440 487.458000 910.910000
15.294950 516.086000 963.446000
15.311280 527.238000 1004.894000
15.327820 532.627000 1033.120000
15.344020 519.095000 980.276000
15.360530 528.411000 1004.322000
15.377080 524.280000 981.596000
15.393280 491.606000 955.196000
15.409880 497.080000 930.996000
15.426270 497.148000 931.414000
15.442840 515.950000 966.856000
15.459170 510.459000 980.210000
15.492070 494.394000 966.196000
15.508270 491.045000 930.864000
15.541290 495.822000 996.666000
15.557830 496.740000 995.412000
15.590520 499.749000 975.194000
15.607090 498.151000 968.242000
15.639890 483.259000 1007.248000
15.656190 475.745000 1044.252000
15.689030 495.601000 999.702000
15.705630 499.783000 1034.462000
15.738430 554.982000 1042.228000
15.754940 559.147000 1029.182000
15.787810 545.071000 1022.318000
15.804020 550.375000 1055.032000
15.837040 568.888000 1004.498000
15.853640 557.345000 1020.140000
15.869930 555.322000 1005.202000
15.886320 563.295000 908.534000
15.902680 576.589000 930.006000
15.919040 573.869000 910.382000
15.935580 582.845000 877.712000
15.952060 593.487000 897.754000
15.984800 593.062000 874.500000
16.001310 579.581000 844.096000
16.034210 580.618000 916.146000
16.050540 573.291000 882.860000
16.083400 560.932000 896.566000
16.099910 572.645000 943.536000
16.132690 607.053000 952.314000
16.149140 615.128000 938.454000
16.165710 616.624000 952.952000
16.182040 615.961000 949.190000
16.198390 616.284000 1055.934000
16.214970 617.185000 1060.378000
16.231290 594.643000 937.684000
16.247800 630.700000 949.146000
16.264160 629.935000 944.482000
16.280520 648.397000 979.176000
16.296940 646.612000 1000.780000
16.313420 647.394000 1005.400000
16.329770 649.332000 970.882000
16.346310 644.606000 985.248000
16.362640 642.566000 966.438000
16.379030 651.712000 958.870000
16.395690 663.204000 959.684000
16.428440 613.700000 937.772000
16.444890 538.747000 893.068000
16.477660 481.644000 877.338000
16.494140 474.436000 883.696000
16.510590 476.918000 899.140000
16.526920 513.587000 919.930000
16.543400 498.083000 966.086000
16.559810 501.687000 985.732000
16.576260 498.882000 1003.464000
16.592770 492.779000 1010.130000
16.609160 495.091000 1023.792000
16.625520 502.843000 1039.126000
16.642060 512.244000 1065.262000
16.658420 510.799000 1054.284000
16.674930 496.417000 1036.200000
16.691280 488.614000 1002.056000
16.707820 481.576000 965.426000
16.724180 487.866000 967.582000
16.740540 481.185000 967.802000
16.773440 475.133000 977.944000
16.789950 492.966000 934.076000
16.822660 511.156000 937.112000
16.839170 541.637000 916.542000
16.855410 543.660000 931.722000
16.872040 560.388000 992.310000
16.888400 546.652000 999.284000
16.904940 547.689000 1003.750000
16.921300 545.241000 1023.176000
16.937770 540.396000 952.490000
16.954160 537.302000 932.998000
16.970400 545.173000 935.264000
16.987030 530.944000 902.220000
17.003450 533.035000 917.400000
17.019900 552.806000 931.678000
17.036130 538.016000 947.474000
17.052760 539.036000 951.984000
17.069030 541.246000 984.962000
17.085510 525.334000 970.046000
17.102020 522.087000 950.774000
17.118320 547.009000 960.124000
17.134920 573.359000 891.682000
17.167820 579.258000 887.062000
17.184140 578.969000 913.330000
17.216920 584.358000 928.774000
17.233400 601.358000 918.588000
17.249910 602.939000 933.438000
17.266270 563.380000 905.674000
17.282680 581.094000 956.274000
17.299130 583.831000 975.964000
17.315520 606.730000 969.672000
17.332210 663.714000 983.180000
17.364930 635.902000 991.914000
17.381530 658.087000 1018.138000
17.397770 656.829000 1003.640000
17.414150 656.098000 984.148000
17.430510 658.359000 934.670000
17.446900 656.455000 915.090000
17.463410 626.739000 880.594000
17.479950 636.327000 908.600000
17.496460 637.653000 923.494000
17.512630 648.380000 948.618000
17.529020 642.005000 997.634000
17.545650 642.804000 1002.298000
17.562040 525.844000 1117.534000
17.578250 508.453000 1152.492000
17.594910 507.314000 1148.488000
17.611300 520.965000 1088.890000
17.627780 507.093000 1138.104000
17.644200 510.663000 1155.726000
17.660520 519.248000 1155.044000
17.677030 524.127000 1160.214000
17.693270 526.252000 1172.446000
17.709960 525.300000 1227.424000
17.726290 509.592000 1242.076000
17.742650 508.096000 1232.704000
17.759220 486.353000 1161.952000
17.775540 495.584000 1149.456000
17.792020 493.289000 1142.064000
17.808410 475.983000 1151.260000
17.824890 487.645000 1135.596000
17.841280 489.940000 1143.296000
17.857850 504.645000 1134.738000
17.874210 548.505000 1130.228000
17.890380 544.170000 1105.918000
17.907070 553.809000 1106.204000
17.923400 538.305000 1114.652000
17.939910 539.954000 1123.694000
17.956330 553.537000 1113.574000
17.972530 557.311000 1103.850000
17.989170 557.787000 1108.558000
18.005400 545.071000 1111.418000
18.022030 557.872000 1127.808000
18.038450 557.260000 1122.616000
18.054900 557.005000 1095.644000
18.071200 541.501000 1116.236000
18.087650 540.464000 1112.232000
18.104190 547.349000 1163.426000
18.120390 481.882000 1184.568000
18.136990 483.072000 1188.418000
18.153380 491.861000 1157.178000
18.169770 488.801000 1147.916000
18.186160 485.112000 1130.756000
18.202640 470.441000 1135.728000
18.219020 485.554000 1127.764000
18.235380 487.441000 1136.542000
18.252380 486.081000 1125.608000
18.268430 488.172000 1137.444000
18.284940 490.093000 1146.354000
18.301120 496.230000 1175.240000
18.317630 538.577000 1183.622000
18.334140 539.087000 1188.066000
18.350370 531.148000 1169.938000
18.367070 516.732000 1220.714000
18.383270 518.449000 1228.788000
18.399750 543.796000 1157.970000
18.416140 551.089000 1204.896000
18.432620 548.981000 1191.960000
18.449010 518.874000 1181.576000
18.465520 532.423000 1158.256000
18.481930 526.762000 1126.818000
18.498260 498.134000 1139.094000
18.514890 458.966000 1141.140000
18.531130 457.691000 1137.004000
18.547820 474.912000 1142.130000
18.564330 470.730000 1183.226000
18.580510 474.929000 1201.112000
18.597020 475.966000 1185.448000
18.613280 485.690000 1172.886000
18.629910 488.240000 1185.756000
18.646300 491.521000 1166.748000
18.662660 486.081000 1235.762000
18.679020 489.923000 1252.174000
18.695530 494.955000 1239.876000
18.711880 495.448000 1198.978000
18.744960 498.100000 1244.276000
18.761320 492.592000 1241.152000
18.794130 517.395000 1389.124000
18.810390 518.653000 1400.454000
18.827030 516.239000 1389.102000
18.843290 513.298000 1393.568000
18.859890 516.273000 1321.738000
18.876130 512.788000 1306.800000
18.892760 517.990000 1320.638000
18.909210 509.728000 1297.296000
18.942020 492.048000 1372.448000
18.958370 510.374000 1353.154000
18.974950 507.790000 1341.032000
18.991120 487.849000 1351.416000
19.007630 485.248000 1306.030000
19.024140 481.270000 1290.190000
19.040410 494.479000 1240.184000
19.057040 495.805000 1267.860000
19.073390 498.355000 1280.290000
19.089750 468.826000 1396.186000
19.106140 468.503000 1386.066000
19.122500 472.787000 1401.224000
19.139130 468.792000 1403.974000
19.155430 471.359000 1401.466000
19.188390 472.243000 1395.570000
19.204930 458.575000 1367.058000
19.221310 461.380000 1378.124000
19.237760 509.252000 1383.910000
19.254180 576.929000 1381.864000
19.270390 575.858000 1372.954000
19.287020 572.441000 1337.468000
19.303440 562.173000 1331.792000
19.319890 556.070000 1301.630000
19.336150 562.377000 1293.534000
19.352780 576.878000 1350.778000
19.369140 580.482000 1372.272000
19.385410 597.057000 1374.912000
19.402070 598.502000 1418.648000
19.418430 604.061000 1447.732000
19.434750 655.503000 1419.902000
19.451260 668.661000 1399.112000
19.484250 653.123000 1404.436000
19.500580 662.796000 1395.790000
19.533450 672.350000 1412.994000
19.550230 657.152000 1425.754000
19.582920 668.593000 1425.468000
19.599180 658.971000 1432.266000
19.632110 660.042000 1424.390000
19.648470 691.764000 1424.962000
19.682430 661.725000 1413.412000
19.697810 668.525000 1417.966000
19.730650 689.622000 1434.180000
19.747070 689.401000 1466.806000
19.763430 689.265000 1463.506000
19.779970 677.008000 1451.692000
19.796300 683.400000 1412.114000
19.812770 680.646000 1389.916000
19.829190 679.558000 1363.582000
19.845550 682.686000 1322.926000
19.861970 680.867000 1307.306000
19.878420 693.124000 1310.232000
19.894930 636.735000 1305.018000
19.911290 639.234000 1324.202000
19.927830 580.618000 1367.454000
19.944150 575.722000 1396.956000
19.960540 576.283000 1396.450000
19.977260 581.519000 1348.974000
19.993740 574.906000 1337.512000
20.010070 569.092000 1307.570000
20.026460 593.725000 1318.856000
20.042630 602.905000 1341.868000
20.059140 604.520000 1353.154000
20.075590 609.518000 1379.202000
20.092040 601.511000 1354.738000
20.108430 602.514000 1358.478000
20.124910 571.387000 1417.900000
20.141300 575.348000 1582.746000
20.157780 572.271000 1570.360000
20.174160 585.939000 1607.584000
20.190550 547.162000 1613.942000
20.223750 581.553000 1613.986000
20.239930 567.018000 1605.472000
20.272740 561.833000 1581.954000
20.289180 538.917000 1517.384000
20.322080 554.574000 1550.604000
20.338440 534.361000 1501.808000
20.355160 538.832000 1521.278000
20.371460 548.692000 1591.612000
20.387820 541.603000 1613.062000
20.404170 548.624000 1637.438000
20.420530 556.750000 1723.282000
20.438660 557.770000 1696.090000
20.469910 529.448000 1721.764000
20.486300 532.763000 1640.584000
20.519200 572.203000 1652.420000
20.535800 566.389000 1652.002000
20.568570 550.834000 1643.334000
20.584930 607.223000 1655.764000
20.601350 605.489000 1647.426000
20.617800 594.541000 1667.842000
20.634060 625.991000 1653.608000
20.650700 623.594000 1642.542000
20.667050 618.817000 1622.368000
20.683410 586.670000 1666.808000
20.716460 601.035000 1682.010000
20.732670 585.412000 1628.814000
20.765690 589.934000 1636.206000
20.782100 713.031000 1600.214000
20.814970 937.584000 1617.484000
20.831270 931.362000 1623.270000
20.864230 949.178000 1653.674000
20.881160 930.529000 1623.226000
20.913390 922.862000 1576.806000
20.929930 919.802000 1594.846000
20.962800 921.196000 1574.276000
20.979220 924.664000 1606.330000
20.995570 925.718000 1597.332000
21.012240 924.409000 1626.240000
21.028410 925.497000 1599.158000
21.045070 926.432000 1586.992000
21.061280 994.296000 1528.252000
21.077820 988.941000 1561.670000
21.094300 987.343000 1570.602000
21.110690 992.375000 1571.174000
21.127040 1010.191000 1556.280000
21.143400 1008.253000 1569.106000
21.159910 1021.972000 1620.608000
21.176300 934.065000 1650.836000
21.209290 693.855000 1765.874000
21.225710 696.796000 1677.720000
21.258450 699.635000 1733.600000
21.274900 697.391000 1744.160000
21.291320 696.405000 1736.218000
21.307710 689.826000 1728.100000
21.324220 707.285000 1724.360000
21.340390 707.268000 1728.474000
21.357030 716.533000 1745.458000
21.373410 707.557000 1732.742000
21.389890 709.053000 1738.264000
21.406310 725.475000 1774.344000
21.422640 692.036000 1725.834000
21.439210 688.585000 1705.352000
21.455570 526.575000 1745.326000
21.472050 514.845000 1679.832000
21.488460 517.361000 1688.082000
21.504940 523.702000 1716.308000
21.521330 533.800000 1711.996000
21.537780 537.489000 1723.084000
21.554170 541.977000 1692.394000
21.570560 530.400000 1697.960000
21.587040 530.400000 1697.960000
21.603490 534.242000 1730.608000
21.619960 474.572000 1717.606000
21.652680 488.223000 1740.706000
21.669160 480.250000 1728.540000
21.685550 480.250000 1728.540000
21.702060 481.950000 1709.884000
21.718410 472.668000 1773.618000
21.751310 460.326000 1756.018000
21.767790 459.629000 1788.622000
21.800540 454.087000 1786.906000
21.817020 496.502000 1777.138000
21.849950 472.702000 1752.740000
21.866300 446.352000 1603.140000
21.899170 492.762000 1591.700000
21.915530 486.149000 1589.324000
21.948430 478.312000 1612.116000
21.964900 469.914000 1575.222000
21.981290 466.888000 1565.344000
21.997680 478.550000 1544.752000
22.014280 478.890000 1514.744000
22.030670 474.725000 1501.456000
22.046880 439.739000 1486.342000
22.063260 450.993000 1473.384000
22.080260 454.019000 1483.746000
22.096130 487.492000 1504.646000
22.112520 482.069000 1581.316000
22.129180 486.319000 1594.142000
22.145390 513.621000 944.790000
22.162050 502.928000 574.772000
22.178410 505.121000 592.878000
22.194890 496.978000 285.472000
22.211270 501.534000 299.882000
22.227630 504.781000 327.602000
22.244140 503.064000 322.256000
22.260380 510.850000 323.840000
22.277010 510.850000 323.840000
22.293270 512.873000 302.852000
22.309780 501.993000 391.204000
22.342500 483.701000 397.870000
22.359130 482.715000 402.908000
22.392000 482.647000 411.730000
22.408630 488.920000 405.328000
22.441310 472.872000 316.338000
22.457640 486.659000 413.798000
22.490690 479.672000 446.424000
22.507080 472.515000 423.676000
22.539950 486.268000 404.074000
22.556270 479.944000 442.156000
22.589140 494.904000 421.960000
22.605560 507.501000 422.972000
22.638430 567.868000 426.206000
22.654750 569.517000 365.596000
22.671260 571.931000 390.016000
22.687500 593.572000 418.726000
22.704130 595.935000 529.892000
22.720490 597.822000 546.744000
22.737030 597.550000 507.144000
22.753360 596.938000 503.778000
22.769740 595.697000 490.952000
22.786320 588.438000 506.110000
22.802520 596.717000 493.614000
22.819150 596.003000 489.060000
22.835570 592.875000 462.000000
22.852020 632.961000 438.042000
22.868380 633.097000 439.670000
22.884770 655.911000 472.604000
22.901180 653.072000 459.954000
22.934020 661.895000 474.958000
22.951630 665.482000 502.854000
22.983280 661.045000 467.038000
22.999760 653.633000 492.272000
23.032620 658.597000 495.902000
23.049320 698.139000 516.560000
23.065520 697.425000 504.372000
23.082000 720.511000 417.296000
23.098450 722.772000 431.200000
23.114900 722.177000 418.814000
23.131260 732.003000 433.664000
23.147640 725.696000 423.588000
23.180510 723.401000 432.454000
23.197020 718.471000 434.918000
23.213260 717.621000 415.030000
23.229770 719.899000 420.156000
23.246280 731.340000 386.804000
23.262630 730.898000 380.204000
23.280360 803.352000 358.952000
23.295500 803.182000 390.808000
23.311890 803.828000 435.226000
23.328370 802.247000 458.370000
23.344760 804.882000 490.050000
23.361270 805.069000 476.080000
23.377660 810.288000 436.414000
23.394500 821.083000 411.510000
23.410550 820.437000 362.296000
23.427000 789.310000 299.002000
23.443360 782.153000 325.468000
23.476260 828.699000 304.832000
23.492610 878.067000 361.086000
23.525570 910.129000 385.066000
23.541930 897.192000 396.418000
23.558440 897.753000 376.068000
23.574890 927.367000 347.908000
23.591130 928.336000 318.032000
23.607510 928.302000 310.596000
23.624110 910.775000 378.774000
23.640500 909.313000 370.326000
23.657010 908.208000 408.826000
23.673370 919.887000 407.902000
23.689940 943.449000 420.552000
23.706300 942.633000 452.254000
23.722500 967.963000 486.464000
23.739140 968.915000 478.676000
23.755550 970.377000 455.554000
23.772000 948.889000 406.494000
23.788240 970.581000 409.222000
23.804870 971.669000 376.728000
23.821260 964.240000 349.294000
23.837680 955.995000 344.146000
23.854190 955.502000 358.006000
23.870390 943.058000 413.402000
23.886870 844.577000 389.070000
23.903380 844.424000 407.968000
23.919740 562.768000 463.914000
23.936520 527.153000 511.544000
23.952640 530.247000 536.668000
23.968990 527.561000 561.748000
23.985530 512.227000 572.440000
24.018250 538.730000 540.628000
24.035000 539.427000 538.252000
24.067500 537.999000 512.842000
24.084010 479.655000 535.414000
24.117000 491.878000 542.058000
24.133240 483.429000 545.028000
24.166320 495.193000 539.176000
24.182680 497.437000 543.664000
24.215550 488.257000 524.986000
24.231990 478.295000 512.556000
24.265720 527.272000 514.932000
24.281310 572.016000 524.106000
24.314150 593.657000 537.790000
24.330510 594.932000 544.280000
24.363250 598.808000 534.776000
24.379760 604.843000 518.672000
24.412660 600.168000 523.776000
24.429140 579.343000 561.528000
24.462010 616.420000 562.430000
24.478360 619.480000 547.294000
24.511260 665.839000 504.372000
24.527620 664.462000 533.390000
24.560520 664.734000 511.104000
24.577030 653.259000 505.670000
24.593380 652.052000 486.442000
24.609890 666.740000 499.840000
24.626280 662.456000 423.676000
24.642670 661.793000 417.450000
24.659000 655.350000 454.410000
24.675480 648.839000 499.114000
24.691860 650.777000 524.326000
24.708250 672.435000 553.564000
24.724730 747.150000 553.388000
24.757630 743.937000 541.508000
24.773990 730.490000 539.528000
24.806980 741.387000 567.600000
24.823360 733.414000 564.542000
24.856230 703.035000 563.970000
24.872620 703.171000 564.102000
24.905490 776.373000 553.366000
24.922060 809.693000 526.240000
24.938260 809.608000 507.518000
24.954860 810.594000 509.652000
24.971250 802.876000 484.286000
24.987670 802.400000 459.712000
25.004120 816.476000 468.446000
25.020480 814.045000 474.540000
25.053380 810.084000 442.090000
25.069890 836.689000 401.654000
25.086120 836.383000 393.360000
25.102600 827.577000 392.788000
25.118990 833.408000 408.166000
25.135500 833.612000 433.356000
25.152040 831.606000 429.198000
25.168400 842.911000 459.734000
25.184750 843.030000 487.278000
25.201110 599.964000 629.904000
25.217620 508.232000 583.836000
25.250490 482.732000 579.370000
25.267000 483.208000 577.720000
25.299870 490.977000 581.196000
25.316130 502.197000 568.502000
25.349180 527.918000 580.844000
25.365540 508.045000 566.962000
25.398380 492.779000 581.812000
25.414890 496.111000 606.078000
25.447630 495.652000 612.436000
25.463990 531.964000 661.298000
25.497040 490.280000 680.966000
25.513370 485.078000 683.892000
25.529750 487.373000 700.414000
25.546170 511.309000 713.416000
25.562620 505.716000 749.980000
25.579440 510.986000 785.928000
25.595490 515.933000 837.936000
25.611880 525.623000 866.074000
25.628270 528.598000 885.016000
25.644870 517.854000 930.380000
25.661130 514.590000 906.752000
25.677610 512.448000 892.452000
25.694150 508.929000 809.600000
25.710510 501.551000 800.602000
25.727050 496.111000 764.610000
25.743230 519.027000 727.738000
25.759740 507.484000 841.390000
25.776250 501.908000 805.002000
25.792600 500.973000 1171.456000
25.809170 482.851000 1128.996000
25.825380 481.661000 1125.124000
25.841860 490.841000 1143.230000
25.858250 502.707000 1147.762000
25.874790 506.328000 1165.186000
25.891240 522.478000 1195.920000
25.908020 510.068000 1223.200000
25.940370 515.083000 1238.336000
25.957000 529.057000 1241.812000
25.973240 526.745000 1229.140000
25.989750 495.584000 1150.908000
26.006290 482.324000 1125.058000
26.022490 478.567000 1107.590000
26.039180 464.984000 1125.212000
26.055360 484.789000 1120.988000
26.088260 561.612000 1089.000000
26.104740 568.225000 1079.606000
26.137480 566.100000 1094.918000
26.154110 575.501000 1101.078000
26.187040 567.103000 1085.238000
26.203250 558.195000 1085.964000
26.236390 553.503000 1131.020000
26.252500 581.587000 1104.312000
26.268980 583.338000 1117.380000
26.285520 489.158000 1148.488000
26.301970 486.778000 1179.926000
26.318240 488.002000 1183.776000
26.334750 495.516000 1175.746000
26.351290 481.678000 1166.352000
26.367490 477.904000 1149.478000
26.384190 479.009000 1184.282000
26.400360 491.130000 1168.706000
26.416870 495.856000 1192.994000
26.433230 489.855000 1239.084000
26.449620 506.787000 1209.362000
26.466250 511.564000 1230.240000
26.482670 528.071000 1261.128000
26.499110 555.968000 1278.640000
26.515350 553.061000 1263.834000
26.532010 550.851000 1216.952000
26.548250 551.191000 1128.336000
26.581270 541.348000 1147.366000
26.597630 546.329000 1175.460000
26.614170 544.238000 1162.304000
26.630430 533.630000 1173.744000
26.646850 535.398000 1189.034000
26.663360 534.310000 1185.162000
26.679750 519.078000 1142.658000
26.696260 498.083000 1142.636000
26.712490 501.755000 1160.192000
26.729100 505.376000 1211.342000
26.745390 506.260000 1216.204000
26.761990 508.555000 1228.040000
26.778380 522.580000 1262.492000
26.794620 528.938000 1284.052000
26.811220 529.975000 1287.572000
26.827480 525.334000 1309.418000
26.844150 506.345000 1262.360000
26.860380 500.429000 1234.486000
26.876890 461.822000 1154.450000
26.893370 475.439000 1107.128000
26.909760 474.249000 1103.190000
26.926300 493.493000 1159.664000
26.942630 504.067000 1197.328000
26.959140 509.966000 1225.950000
26.975430 517.140000 1280.488000
26.992030 504.764000 1425.710000
27.008420 503.285000 1417.724000
27.024600 513.570000 1380.456000
27.041230 499.171000 1342.924000
27.057500 492.082000 1314.324000
27.073970 494.530000 1317.844000
27.090360 499.936000 1328.624000
27.123350 521.458000 1306.470000
27.139770 508.011000 1285.526000
27.172670 489.787000 1319.538000
27.189120 484.772000 1329.680000
27.205380 481.882000 1316.920000
27.221980 487.526000 1346.576000
27.238370 483.956000 1315.314000
27.254670 479.944000 1299.386000
27.271240 464.423000 1298.968000
27.287660 452.166000 1306.866000
27.320530 471.376000 1308.956000
27.337010 466.905000 1279.850000
27.353360 472.379000 1303.610000
27.369780 475.031000 1290.322000
27.386290 486.030000 1361.866000
27.402500 494.088000 1392.578000
27.419160 492.439000 1385.802000
27.435360 490.059000 1390.708000
27.452000 487.356000 1379.466000
27.468350 492.796000 1363.120000
27.484740 526.609000 1356.630000
27.501250 523.226000 1342.000000
27.517490 612.221000 1315.996000
27.534120 606.492000 1322.046000
27.550510 604.707000 1309.616000
27.566860 611.252000 1320.506000
27.583220 615.264000 1320.528000
27.599730 612.697000 1304.732000
27.616240 592.926000 1312.234000
27.632480 581.485000 1331.682000
27.665530 584.341000 1269.906000
27.681850 607.665000 1279.102000
27.698360 609.348000 1291.026000
27.714630 669.715000 1262.228000
27.731110 657.509000 1303.060000
27.747500 659.651000 1319.318000
27.764620 692.563000 1392.248000
27.780520 683.043000 1385.032000
27.813230 670.140000 1367.608000
27.829620 668.593000 1392.644000
27.862490 568.667000 1514.436000
27.879150 519.656000 1565.432000
27.911870 536.775000 1589.500000
27.928410 531.063000 1542.816000
27.944730 528.598000 1532.696000
27.961120 544.391000 1505.064000
27.977630 517.293000 1496.396000
27.994170 513.587000 1482.822000
28.010350 511.088000 1500.004000
28.026860 514.284000 1498.178000
28.059720 528.428000 1596.540000
28.076110 534.922000 1583.098000
28.109160 515.168000 1535.622000
28.125550 515.984000 1512.500000
28.158230 508.147000 1623.204000
28.174620 494.785000 1734.854000
28.207610 509.473000 1750.254000
28.224150 513.179000 1754.368000
28.256870 509.915000 1751.596000
28.273250 527.221000 1760.594000
28.306240 520.999000 1762.178000
28.322630 476.867000 1720.114000
28.339110 484.721000 1742.026000
28.355500 514.947000 1815.484000
28.371860 515.083000 1837.132000
28.388280 521.662000 1851.850000
28.404720 522.036000 1839.398000
28.421260 510.663000 1825.340000
28.437680 503.421000 1808.048000
28.454130 515.814000 1799.468000
28.470370 501.959000 1809.390000
28.503360 486.931000 1809.280000
28.519590 492.626000 1797.158000
28.536250 489.719000 1789.634000
28.552610 585.497000 1806.772000
28.569120 620.636000 1792.142000
28.585390 618.035000 1782.330000
28.601870 623.169000 1744.600000
28.618380 628.592000 1741.432000
28.651250 630.717000 1734.304000
28.667480 633.114000 1726.714000
28.700350 625.906000 1734.590000
28.716980 658.019000 1769.944000
28.749730 693.498000 1786.818000
28.766240 680.170000 1836.142000
28.782470 681.275000 1842.830000
28.799100 682.023000 1814.472000
28.815490 704.497000 1806.134000
28.832000 706.180000 1815.990000
28.848270 706.282000 1827.914000
28.864750 692.461000 1836.252000
28.897490 693.209000 1822.634000
28.914030 707.268000 1817.794000
28.946870 696.626000 1822.656000
28.963230 700.825000 1832.732000
28.979740 699.839000 1825.538000
28.996250 755.208000 1735.646000
29.012480 742.186000 1730.014000
29.029050 740.979000 1719.476000
29.045470 760.886000 1745.568000
29.061860 752.267000 1739.210000
29.094790 772.497000 1753.928000
29.111240 858.721000 1615.900000
29.144010 967.572000 1537.910000
29.160550 984.147000 1538.482000
29.193420 957.644000 1513.248000
29.209750 961.554000 1493.404000
29.242490 998.104000 1477.586000
29.258970 984.266000 1460.228000
29.292020 963.815000 1518.484000
29.308560 950.232000 1515.844000
29.341250 961.809000 1522.422000
29.357480 958.885000 1478.356000
29.390500 941.715000 917.202000
29.408230 949.654000 905.784000
29.439610 938.043000 859.496000
29.456120 942.412000 874.698000
29.489170 930.070000 864.952000
29.505370 922.097000 890.494000
29.522030 923.083000 874.016000
29.538240 941.596000 886.138000
29.554780 929.917000 845.284000
29.571290 930.801000 822.734000
29.587490 605.217000 579.722000
29.604130 495.788000 505.296000
29.620480 504.492000 578.248000
29.636840 537.778000 701.514000
29.653350 548.947000 764.060000
29.669740 557.617000 825.462000
29.686280 540.175000 817.498000
29.702640 539.274000 765.182000
29.718990 533.409000 723.448000
29.735630 537.540000 716.870000
29.751980 551.276000 701.052000
29.768340 554.948000 733.414000
29.784730 525.113000 782.122000
29.801270 513.553000 869.704000
29.817600 520.234000 910.536000
29.834110 519.435000 922.042000
29.850650 528.139000 849.046000
29.883360 495.244000 849.398000
29.899750 509.099000 854.392000
29.932620 517.888000 880.682000
29.949160 510.272000 881.298000
29.981840 525.589000 871.398000
29.998410 513.961000 880.198000
30.014740 511.768000 864.820000
30.031280 506.974000 846.340000
30.047610 490.365000 832.238000
30.064090 486.999000 812.262000
30.080510 484.466000 804.166000
30.096980 490.552000 817.212000
30.113220 492.830000 832.524000
30.129730 554.676000 855.052000
30.146210 570.996000 881.518000
30.162600 573.665000 901.274000
30.179900 574.940000 906.070000
30.195530 579.989000 907.038000
30.212160 578.170000 891.924000
30.228580 597.261000 888.910000
30.244960 728.195000 790.790000
30.261440 727.056000 770.594000
30.277770 918.289000 777.040000
30.294160 936.105000 776.424000
30.310700 937.006000 760.430000
30.327210 928.863000 747.164000
30.343440 938.825000 741.862000
30.359890 939.216000 725.098000
30.376310 952.068000 738.254000
30.392760 960.109000 736.384000
30.409300 959.038000 757.944000
30.425570 956.743000 753.170000
30.442020 948.277000 723.206000
30.458590 947.784000 734.624000
30.474760 1011.075000 680.020000
30.491330 987.020000 662.156000
30.509770 989.587000 626.538000
30.524290 994.058000 576.488000
30.540530 1011.993000 548.658000
30.557310 1012.197000 535.678000
30.573520 1004.870000 585.244000
30.589810 1016.515000 639.232000
30.606260 1014.628000 670.274000
30.622500 984.317000 688.732000
30.639100 983.858000 598.752000
30.655640 986.340000 556.952000
30.672210 988.992000 505.098000
30.688510 1037.357000 404.096000
30.704770 1037.714000 374.440000
30.721410 995.588000 561.968000
30.737700 1010.871000 553.872000
30.770810 999.311000 537.262000
30.787410 1015.665000 549.318000
30.803860 1014.288000 567.182000
30.820100 1001.504000 607.640000
30.836700 988.142000 647.768000
30.853000 988.074000 654.456000
30.869140 1061.650000 565.884000
30.885530 1089.802000 502.260000
30.902040 1090.686000 473.572000
30.918400 999.940000 538.472000
30.934780 1008.865000 548.504000
30.951450 1006.264000 582.340000
30.967650 1003.306000 560.428000
30.984310 981.682000 653.246000
31.000520 979.047000 700.744000
31.017030 990.573000 661.386000
31.033510 977.517000 688.204000
31.049900 977.024000 692.538000
31.066440 1000.450000 725.604000
31.082760 988.533000 708.818000
31.099150 989.706000 697.928000
31.115660 803.641000 618.904000
31.131900 687.684000 616.528000
31.148530 686.341000 600.556000
31.166630 621.486000 597.564000
31.181460 611.660000 609.642000
31.197630 615.366000 649.858000
31.214110 635.987000 670.736000
31.230560 615.026000 710.644000
31.247040 615.774000 715.814000
31.263430 622.931000 696.564000
31.279910 615.587000 675.290000
31.296260 611.864000 635.492000
31.312770 604.741000 616.594000
31.329160 556.121000 590.040000
31.345640 555.169000 584.650000
31.362000 528.938000 601.678000
31.378510 528.088000 597.806000
31.394960 531.216000 621.808000
31.411440 538.322000 626.274000
31.427800 617.202000 668.206000
31.460660 924.953000 684.420000
31.477050 903.754000 704.066000
31.493380 904.349000 687.324000
31.509740 940.117000 662.618000
31.526250 915.178000 665.016000
31.542630 915.773000 642.400000
31.559110 932.246000 586.278000
31.575530 943.619000 600.996000
31.608490 923.780000 622.996000
31.624730 937.108000 581.702000
31.657590 933.572000 617.386000
31.673980 833.153000 621.830000
31.706850 550.001000 552.992000
31.723420 512.771000 573.540000
31.739750 514.896000 591.866000
31.756130 496.791000 590.062000
31.772800 525.147000 611.754000
31.789120 530.281000 652.608000
31.805360 534.395000 711.942000
31.821930 544.306000 655.974000
31.838260 545.156000 661.034000
31.854920 530.825000 685.366000
31.871310 529.125000 671.506000
31.887600 526.184000 649.638000
31.903990 526.201000 640.134000
31.920470 533.409000 641.520000
31.953370 523.243000 660.484000
31.969730 506.566000 678.458000
32.002500 497.556000 657.338000
32.019100 518.432000 650.210000
32.035490 520.455000 666.820000
32.051880 487.356000 655.600000
32.068240 498.219000 687.918000
32.084750 499.239000 692.912000
32.101260 764.405000 751.058000
32.117460 898.603000 839.146000
32.133970 900.405000 786.522000
32.150510 954.431000 851.334000
32.166900 943.296000 782.364000
32.183350 945.081000 739.970000
32.199980 945.506000 739.926000
32.216090 938.740000 656.414000
32.232640 936.989000 688.864000
32.249110 959.854000 752.048000
32.265530 949.110000 791.208000
32.282040 947.053000 835.318000
32.298370 924.783000 832.568000
32.314790 961.979000 848.782000
32.331300 964.325000 816.596000
32.347630 941.749000 757.372000
32.364110 938.485000 705.650000
32.380490 937.635000 707.894000
32.396850 932.637000 763.180000
32.413540 944.571000 848.672000
32.429720 943.585000 882.266000
32.446110 935.442000 816.882000
32.462590 927.775000 778.492000
32.479160 929.203000 737.616000
32.495480 918.408000 754.248000
32.511840 919.411000 691.504000
32.528230 919.088000 702.614000
32.544710 923.610000 756.382000
32.561100 927.282000 774.378000
32.593960 925.786000 758.956000
32.610350 929.985000 716.100000
32.626860 930.393000 697.510000
32.643220 922.896000 707.036000
32.659730 921.723000 765.952000
32.676120 922.573000 754.512000
32.692720 948.583000 899.008000
32.709110 938.026000 859.606000
32.725520 938.859000 840.026000
32.741850 941.103000 850.212000
32.758360 937.091000 851.422000
32.791110 929.407000 840.422000
32.807740 926.874000 832.722000
32.840360 930.019000 873.576000
32.856870 955.808000 869.374000
32.889740 943.449000 865.656000
32.939180 699.856000 798.710000
32.955470 628.235000 779.966000
32.971830 630.904000 811.778000
32.988220 637.687000 846.560000
33.004610 640.458000 925.738000
33.021210 643.637000 951.830000
33.037600 641.053000 937.926000
33.054110 654.194000 922.174000
33.070340 652.239000 902.638000
33.086820 664.173000 898.304000
33.103210 655.401000 902.506000
33.136110 564.740000 870.012000
33.152590 556.019000 884.642000
33.185360 579.598000 876.370000
33.201840 572.696000 886.512000
33.235470 583.542000 868.868000
33.251220 581.434000 878.944000
33.284090 589.118000 881.078000
33.300450 587.537000 899.360000
33.333340 565.896000 879.736000
33.349730 573.733000 866.778000
33.382600 577.320000 865.832000
33.399080 567.800000 850.806000
33.431850 584.749000 864.314000
33.448390 571.455000 915.662000
33.481110 573.631000 890.120000
33.497590 570.639000 865.700000
33.530490 595.697000 1252.372000
33.546840 640.832000 1791.372000
33.564090 639.370000 1783.826000
33.826110 681.292000 1950.652000
33.842680 643.331000 1397.572000
33.875520 641.325000 631.686000
33.892000 623.798000 536.778000
