0.000000 52.704226 29.294009
0.016360 24.056701 15.930995
0.032840 -9.496051 1.889908
0.049440 -0.951620 8.928284
0.065800 -1.711665 6.760154
0.082280 1.037076 8.728129
0.098630 1.142617 4.723531
0.115110 2.843052 -1.870039
0.131840 -1.038587 -6.480229
0.164550 -1.268003 -3.017114
0.180790 1.190811 6.354030
0.213750 0.506673 4.985581
0.230220 -1.052641 -6.142394
0.246700 -4.825386 -14.296847
0.262940 -2.905271 -15.879121
0.279660 -1.742372 -9.877180
0.296140 -0.970929 -1.622008
0.312380 -0.974460 4.028557
0.328860 -2.718880 7.858963
0.345460 -3.931045 7.710793
0.361690 -4.163822 8.001375
0.377930 -0.292681 1.046669
0.394530 3.036082 -2.295762
0.410890 1.480837 -3.842877
0.427370 -2.253424 -3.412932
0.443850 -1.847334 2.189267
0.460330 2.257012 2.321389
0.476680 0.558596 1.407794
0.493040 -2.110876 -11.168855
0.509400 -5.159353 -21.256262
0.525760 -0.991777 -11.423223
0.542240 2.504634 -5.679933
0.558720 2.082400 -3.630436
0.575070 1.098307 0.857132
0.591670 0.612426 6.414150
0.607910 -1.868225 17.797570
0.624390 -2.096214 1.700353
0.657230 -0.791967 -16.104091
0.673710 0.320168 -6.717162
0.690190 1.522448 -1.298813
0.706540 0.782842 14.510176
0.722900 4.638232 6.188147
0.755740 6.616196 -2.039213
0.772220 1.919300 3.736145
0.789920 -2.017200 -2.081785
0.805050 -2.716422 0.420550
0.821530 0.211209 0.613981
0.838010 1.944259 -5.570806
0.854370 0.014097 -12.883345
0.870730 0.126912 -2.525056
0.887210 -0.284362 4.923213
0.903690 -0.164668 7.761006
0.920170 -0.695452 -7.292167
0.936520 -0.757022 -11.567369
0.952880 -0.360226 -0.180014
0.969480 -1.067119 1.420370
0.985960 0.062757 -1.030876
1.002080 1.188862 -9.879995
1.018680 0.646015 -4.046105
1.035030 -0.729196 4.774512
1.051510 -1.819438 14.037475
1.067870 1.529511 7.131439
1.084470 -1.608737 7.340039
1.100830 -6.010286 12.780930
1.118900 -5.859674 16.848127
1.133670 -2.472712 15.863420
1.150020 1.501770 8.444714
1.166750 -0.466897 3.071404
1.183110 0.319349 -0.575302
1.199460 0.834681 4.063032
1.215820 1.262452 -6.275484
1.232300 0.836249 -12.441276
1.248780 -0.140825 -15.246579
1.265140 -0.202183 0.105819
1.281620 -2.778727 4.363706
1.297850 -0.554698 -7.195032
1.314450 1.594528 -9.850164
1.347290 2.235937 -2.597131
1.363650 0.119454 9.484476
1.396730 -3.388143 11.208922
1.412960 0.810442 4.531691
1.429320 3.472694 0.128192
1.445920 3.999565 4.037934
1.462160 0.574727 6.540659
1.478640 -1.614133 5.575394
1.495120 -1.433970 -3.367911
1.511600 -0.466883 -5.490908
1.527950 6.729264 -12.150260
1.544430 10.372708 -15.512603
1.560910 7.548838 -19.603639
1.577270 0.711936 -13.803071
1.593630 -2.124944 -1.320602
1.609860 -0.560997 6.337524
1.626590 -0.022416 12.584251
1.642940 0.180417 13.144492
1.659300 0.674928 15.377215
1.675900 1.407769 10.140451
1.692140 1.614175 5.176214
1.708740 1.160146 -0.220356
1.741580 1.088476 1.854648
1.758060 2.437400 -5.681395
1.790890 4.295367 -17.641054
1.807250 4.963993 -19.287504
1.840090 0.180643 -6.432758
1.856450 -2.393175 8.742881
1.889280 -2.521062 6.699450
1.905760 -0.410370 -1.025191
1.922240 3.323098 -7.458835
1.938840 3.334751 -6.737269
1.955080 2.642436 -5.119567
1.971560 -0.079579 -4.405401
1.987920 -0.886462 -1.998286
2.004390 0.025891 -5.982799
2.020750 -4.066008 5.427589
2.037230 -6.013168 17.304754
2.053830 -8.186709 18.491315
2.070070 -4.789114 10.193131
2.086550 0.040623 -5.161463
2.103030 -0.198765 -1.248125
2.119380 -0.296735 -0.691814
2.135740 -3.641755 -3.053783
2.152340 -1.770015 -1.446363
2.185180 0.324801 1.775334
2.201660 2.806157 8.290055
2.218140 2.570075 8.224708
2.234250 0.746810 1.337199
2.250980 -1.973328 -3.755868
2.267210 -3.508727 -10.606342
2.283690 -1.732810 -11.483744
2.300170 -0.194429 -7.446972
2.316650 -0.788111 2.968766
2.333010 -2.680291 13.880243
2.349240 -1.803900 10.041617
2.365720 -0.731809 0.215841
2.382200 -0.150416 -8.032248
2.398800 -1.113689 -6.068766
2.415040 -0.478960 0.807796
2.431640 0.433196 3.960632
2.447880 0.604784 5.662567
2.464230 1.421272 2.665660
2.480830 1.854764 -1.865871
2.497190 -0.061189 -7.659685
2.513550 -1.537717 -9.767744
2.530030 -1.667581 -9.547831
2.546510 -0.447094 -0.683040
2.562870 1.970856 8.746482
2.579350 0.853622 11.009683
2.596070 5.535171 5.359189
2.612300 8.865385 -6.450214
2.628780 7.808054 -6.891179
2.650150 4.780921 -7.119009
2.661990 0.879414 -2.475063
2.678220 2.888392 0.733948
2.694460 1.066908 2.547978
2.711180 -1.765170 6.178258
2.727660 -2.643030 2.343068
2.744380 -0.549302 6.629934
2.760500 1.467107 4.141394
2.776860 1.609147 2.017662
2.793210 -0.395821 -3.844486
2.809810 -1.346580 -3.145690
2.826050 -0.161942 3.832129
2.842530 -0.646424 -1.331441
2.859130 -0.705791 -2.532331
2.878420 -3.103175 -6.436541
2.891720 2.167940 -4.218277
2.908200 9.755011 -1.883346
2.924560 10.603447 2.074236
2.941160 8.901135 7.812278
2.957640 3.765926 7.631005
2.973880 3.013002 2.844102
2.990480 1.688910 -2.162287
3.006590 -2.125382 -3.875524
3.022950 -2.598621 -5.083247
3.039430 -1.156502 -4.109442
3.055790 -0.244332 -4.328007
3.072140 -0.523651 -5.294919
3.088750 -0.836828 -3.425344
3.105220 0.671538 -5.777616
3.121460 2.459661 -10.141785
3.138060 1.582606 -7.353603
3.154300 -0.234289 0.279106
3.170900 -1.246477 9.504382
3.187260 -0.107744 13.544977
3.203740 1.005464 10.249064
3.220090 1.499891 3.822057
3.236570 -0.124864 -5.125563
3.252930 -0.297597 -8.394520
3.269410 0.781246 -6.598677
3.285890 1.072741 -1.436291
3.302250 2.076482 4.448357
3.318970 2.280784 10.577809
3.335210 0.324392 8.340944
3.351440 0.950279 2.673209
3.368040 1.274896 0.024714
3.384280 5.621064 3.093869
3.400760 8.260002 4.128106
3.417240 6.562818 -3.408600
3.433720 3.408412 -5.346028
3.450200 -2.021663 -2.808220
3.466550 -2.294979 2.546754
3.482910 0.880968 1.986112
3.499390 -0.550291 -3.348425
3.515990 -4.280931 -5.464385
3.532230 -3.498444 -2.232370
3.548710 -0.539697 4.583604
3.565190 2.524084 8.465314
3.581420 0.227608 9.197698
3.597900 1.420905 2.464644
3.614500 3.984267 -3.585634
3.632320 3.668832 -12.156457
3.647220 -0.454679 -10.512535
3.663820 1.646888 -3.338956
3.680300 -10.562429 11.245973
3.696530 -31.873812 20.307738
3.712890 -38.141187 12.997569
3.729250 -25.917755 8.838041
3.745850 -1.222507 -3.840135
3.762210 3.685188 -4.675731
3.778810 1.935262 -4.063964
3.795170 1.623978 -3.945551
3.811520 -0.822208 -2.023164
3.828000 0.496588 -6.960383
3.844360 1.163013 -5.385693
3.861080 2.144281 0.835453
3.877320 0.155698 4.307333
3.893680 -2.644131 8.294643
3.910280 -2.623947 10.463968
3.926640 -2.307748 -0.114428
3.942990 0.688799 -11.021546
3.961790 1.765198 -13.328540
3.975950 2.451398 -8.408631
3.992310 0.293642 -1.063431
4.008540 -1.828845 -1.738648
4.025270 -2.430606 2.339394
4.041630 -1.890754 4.286440
4.057980 -0.195432 3.833299
4.074460 0.338107 5.607419
4.090940 3.691361 0.071088
4.107300 5.014785 -0.949168
4.123900 4.257597 -3.959224
4.140010 2.389813 1.477748
4.156370 1.748164 9.908254
4.172970 -0.119864 2.412328
4.189450 -1.395946 -0.885848
4.205930 -1.139749 -4.221476
4.222290 -0.298684 -4.686955
4.238650 0.265463 -4.509610
4.255130 -1.399336 -10.059567
4.271360 0.051033 -2.198407
4.290160 -0.181321 -3.899378
4.304440 -0.955123 -10.180335
4.321170 -0.956804 -3.015488
4.337160 -0.908921 8.595607
4.353640 -0.900587 21.101596
4.370240 2.221812 14.232489
4.386600 5.899760 0.295027
4.403080 5.479505 -9.749520
4.419560 3.447821 -10.776866
4.435790 -0.042332 -6.588514
4.452270 0.358927 -2.191662
4.468510 -1.351199 -1.735778
4.485110 -1.062727 4.199650
4.501590 1.553862 13.209491
4.518070 1.474297 11.620652
4.534420 1.426851 4.030604
4.550780 0.863933 -5.731333
4.567140 -1.874101 -3.712291
4.583620 -1.574739 0.873601
4.600100 -0.356610 1.542804
4.617070 2.010081 5.068038
4.633180 6.179939 5.266130
4.649410 5.303087 4.842072
4.665890 5.529931 -6.647866
4.682500 2.149211 -14.389849
4.698610 -0.552974 -11.387049
4.715210 -0.378094 -3.207511
4.731570 0.262737 2.467952
4.747920 2.049080 0.816095
4.764280 0.576930 1.962422
4.781010 -1.449536 6.211617
4.797240 -3.157230 8.907154
4.813600 0.674759 3.716111
4.829960 1.577889 -8.093867
4.846560 -1.904455 -17.827235
4.863040 -0.532635 -9.110343
4.879270 4.555743 3.394964
4.895750 8.542820 14.944418
4.912350 6.190320 12.799556
4.928590 2.790225 7.065397
4.945070 2.396565 3.442892
4.961550 1.453477 -5.315337
4.978030 -0.513185 -10.923937
4.994260 -3.057198 -22.367283
5.010860 0.604389 39.535240
5.043580 3.362888 86.514420
5.060180 -5.957375 54.725934
5.076540 -16.009357 -9.857128
5.290160 -17.672809 -50.290211
5.306640 -9.035531 -15.235849
5.323120 -0.510515 -1.814854
5.339360 0.142040 -11.791595
5.355710 -0.759409 -6.907356
5.372190 -0.226916 -3.038574
5.388670 -1.384364 -2.894260
5.405150 -0.616720 -0.800813
5.437870 -0.983105 -0.099933
5.454220 -1.638611 3.982548
5.470700 3.448739 8.574769
5.487300 7.003849 11.964420
5.503660 4.340029 13.283154
5.520140 -2.825367 7.668039
5.536500 -7.537835 -1.675365
5.552980 -4.923921 -8.337306
5.569460 -1.248370 -11.213108
5.585820 -0.191872 -10.167065
5.602290 -2.652098 -14.682323
5.618650 -2.672423 -12.887604
5.635250 -0.365834 -4.337695
5.651370 0.680367 8.576633
5.668090 2.316378 13.751287
5.684450 2.432696 10.100950
5.700680 2.128249 8.282908
5.717160 1.089507 5.622024
5.733520 -0.224840 3.156128
5.749880 -0.194415 2.086410
5.766360 -1.734166 -12.823921
5.782710 -2.833291 -21.918131
5.799320 -3.170649 -24.668615
5.815550 -1.295773 -14.400944
5.832150 0.226407 -0.069315
5.848510 1.454988 -0.342900
5.864990 1.663287 2.300441
5.881350 0.009252 1.278706
5.897830 0.137562 0.834630
5.914310 1.231716 0.058585
5.930660 3.271204 0.073373
5.947020 -0.097617 1.216191
5.963500 -1.578298 3.273974
5.979980 0.135415 2.823008
5.996340 -0.729493 3.556278
6.012940 -1.924272 4.200930
6.029170 -4.194967 4.277081
6.045650 -0.745694 -0.718575
6.062130 2.179763 -4.794765
6.078490 0.573399 -1.750858
6.094970 1.426512 -0.976660
6.111450 2.806948 -1.403315
6.128050 4.714535 -1.072461
6.145020 0.303882 -1.064199
6.160640 -2.943959 0.456725
6.177120 -2.506541 -3.361440
6.193480 -0.260420 -3.102460
6.209960 -0.070596 -3.272237
6.226440 -3.416365 -7.027340
6.242800 -2.460424 -5.268689
6.259400 1.054873 -2.912704
6.275630 3.810137 -1.261743
6.291990 2.223790 1.257520
6.308470 -1.031327 6.304859
6.325070 -3.058116 8.209408
6.341430 -0.286862 15.498821
6.357790 2.588013 13.176078
6.374390 3.339808 6.165462
6.390990 -0.405694 -1.687941
6.407350 -4.068437 -7.489251
6.423830 -3.397536 -1.212681
6.440310 -1.260898 -0.985525
6.472900 0.179456 0.299981
6.489620 0.296862 -1.205077
6.505740 3.112525 1.503869
6.522340 5.175314 7.558218
6.538700 4.305296 12.920195
6.555420 0.512478 9.214203
6.571780 -1.087954 -0.671232
6.589230 -3.920169 -10.433699
6.604610 -2.897249 -1.398764
6.620730 -0.424452 7.264474
6.637210 1.002710 13.778376
6.653690 2.786538 11.379555
6.670170 1.322398 2.676591
6.690190 2.464435 3.387159
6.703000 0.791247 -3.231767
6.719600 -0.858891 -0.183048
6.735960 -0.184555 -8.168865
6.752440 -1.195882 -11.925980
6.768800 -1.790679 -11.152605
6.785280 -2.286631 0.490414
6.801510 1.669375 14.095436
6.817870 6.100275 14.980719
6.834470 2.548040 7.113306
6.850590 -1.369603 -9.172601
6.867190 -3.795927 -18.449037
6.883540 0.113154 -15.458170
6.900020 1.817700 -1.819277
6.916380 0.575433 8.223885
6.932740 -1.232324 11.140523
6.949220 -3.175353 6.171513
6.965820 -3.140040 -0.182299
6.982180 -0.653600 -2.544962
6.998660 4.375977 -8.568536
7.017330 6.687074 -12.402013
7.031490 -0.949714 -12.970900
7.047850 -6.205829 -8.773443
7.064330 -3.297504 0.738609
7.080810 -1.330477 5.603398
7.097170 1.371779 11.883007
7.113530 -0.973528 11.844841
7.130000 0.771345 5.937924
7.146480 0.991693 -2.613400
7.162960 -1.782233 -11.008001
7.179440 -2.577462 -10.190864
7.195800 -1.218029 -5.247339
7.212280 0.513679 1.171553
7.228520 2.244892 6.886518
7.245120 2.380237 8.162047
7.261600 -0.314024 6.544114
7.277710 0.408138 -1.619467
7.294310 3.416689 -6.392306
7.310790 5.150341 -3.908609
7.327150 3.343240 -7.302549
7.345580 1.480342 -6.386073
7.359990 2.040181 -2.318136
7.376340 1.166332 6.316283
7.392940 -1.663485 9.205393
7.409300 -4.017376 2.889215
7.425660 0.489780 2.236391
7.442380 3.322929 4.214511
7.460330 1.785877 5.962930
7.474980 -0.035326 3.821216
7.491460 -1.942183 -2.274375
7.507930 -0.900616 -10.741752
7.524290 -2.239666 -6.128977
7.540770 -1.648852 0.705780
7.557130 -0.548765 7.446003
7.573490 2.153265 9.395823
7.589840 2.632959 2.575087
7.606320 0.302244 2.281961
7.622920 0.044070 -4.812057
7.639400 2.570216 -4.179781
7.655760 5.599552 -1.266970
7.673710 3.144631 -0.335168
7.688480 -0.990789 0.185041
7.704830 -3.901496 -5.263881
7.721310 1.107361 -10.506321
7.737550 4.160545 -8.582117
7.754030 3.100971 2.018137
7.770510 2.318794 8.376460
7.787110 0.998190 10.016465
7.803470 3.072114 3.497766
7.819820 -1.003332 0.581042
7.836180 -2.045972 -8.874032
7.852780 -0.045708 -15.726753
7.869260 2.700249 -6.716595
7.885620 3.595764 6.342039
7.902470 1.721722 14.099768
7.918820 0.013475 10.401034
7.935300 -3.247714 0.602959
7.951540 -3.154603 -6.058493
7.967900 -3.157470 -9.490947
7.984620 -0.847209 -1.405052
8.005000 0.158876 11.534339
8.017330 4.012574 13.103037
8.033690 -1.142998 6.485950
8.050170 -6.458804 -5.363247
8.066770 -11.578704 -3.122805
8.082890 -12.817433 4.499593
8.099370 -7.550137 8.139327
8.115840 -5.924817 3.026985
8.132450 0.717529 -12.163092
8.148560 1.440016 -17.179731
8.165040 0.850176 -16.466093
8.181640 0.730058 -6.606043
8.198120 0.435286 2.972641
8.214480 1.688246 4.489540
8.230830 2.065267 3.982841
8.247310 1.669262 -0.486575
8.263670 1.394887 3.401069
8.279910 0.135768 8.373700
8.296630 -0.810852 11.301321
8.312990 1.867363 9.199818
8.331050 4.309590 -0.240043
8.345580 4.579445 -5.399531
8.362180 2.024276 -6.414917
8.378540 -1.023770 1.734608
8.394900 0.000777 9.666771
8.411500 -0.986975 11.456929
8.427980 -0.321086 3.621096
8.444210 1.178762 -5.313692
8.460690 0.424805 -3.423991
8.477170 0.002331 0.286308
8.493530 -0.507860 3.431504
8.509890 -1.183537 -6.165042
8.526370 -1.160103 -3.456437
8.542850 -0.537889 -1.628406
8.559330 -2.824308 8.194474
8.575810 -3.638365 20.192515
8.591920 -3.542923 22.935218
8.608640 1.065891 19.110829
8.625000 4.344846 0.103625
8.641360 1.840554 -5.688396
8.657710 1.910162 -0.400133
8.674440 0.969220 4.589399
8.690670 0.877182 4.872543
8.707280 0.253767 1.060506
8.723510 -1.035720 0.468332
8.739870 -1.390776 3.224254
8.756350 -0.638995 -0.939589
8.772710 -0.308685 -3.461299
8.789430 -0.334265 -4.409660
8.805660 -0.933216 2.761516
8.822020 -1.050989 7.810816
8.838500 -0.272200 7.270817
8.854860 -0.202254 3.020222
8.871340 1.841501 0.145978
8.887940 3.157795 -0.075310
8.904420 -0.337697 -2.781605
8.920650 -2.176458 -9.164942
8.937130 -1.889935 -14.974687
8.953610 0.448860 -12.926501
8.969850 0.597722 -5.017241
8.987920 -1.008318 -1.480947
9.003050 -1.851275 16.622098
9.019410 -1.875372 27.766120
9.035770 -1.279783 23.529561
9.052000 0.830288 10.442217
9.068480 3.307462 -7.320298
9.084960 2.647889 -3.790215
9.101320 1.636097 -4.258089
9.117800 -0.978203 6.283637
9.134280 -1.485780 16.448125
9.150760 -0.273034 13.048639
9.167110 0.209034 0.744806
9.183590 -0.899344 -9.912641
9.199830 -1.023587 -10.632207
9.216430 1.281973 -4.293733
9.232910 3.889843 3.910236
9.249150 0.896703 -6.795652
9.265750 -0.416797 15.300043
9.282230 1.341212 41.970598
9.298710 0.274658 20.491375
9.314940 -4.473551 -22.017762
9.577760 -8.918805 -49.705682
9.594120 -4.283629 -18.216650
9.610600 5.544409 6.297310
9.626950 10.506312 -0.072861
9.643550 5.354571 1.674506
9.660030 -3.665597 0.490341
9.676510 -8.202839 -3.249589
9.692870 -2.576841 -1.239314
9.709110 3.469460 1.732506
9.725590 3.937076 1.766670
9.742070 0.700904 -2.138780
9.760620 -1.889469 -0.014294
9.775020 -1.228496 6.870396
9.791380 -0.111092 -2.290424
9.807740 0.644786 -6.046283
9.824220 -0.182974 -5.486558
9.840820 0.209839 3.854192
9.857180 0.749649 12.946279
9.873660 0.762573 8.627357
9.890010 1.201249 12.658134
9.906370 1.532901 -7.550651
9.922730 1.339447 -21.863042
9.939090 2.224369 -21.060325
9.955570 1.356185 -3.676518
9.972050 0.714605 12.670746
9.988530 -0.759197 10.011950
10.005000 -0.747149 13.008700
10.021480 1.090298 15.475772
10.037840 0.781275 3.415967
10.054080 2.027454 -16.743703
10.070680 -1.411752 -19.953532
10.087040 -5.915876 -6.399892
10.120000 -7.862336 7.834524
10.136470 -5.215202 4.849895
10.152710 1.905260 -2.458867
10.169310 4.297556 -7.633473
10.185670 0.591267 -1.849548
10.202030 -1.367555 9.855154
10.218630 -0.864767 16.694626
10.234990 2.191162 11.605791
10.251340 0.447659 2.127977
10.267700 -4.812532 -2.154537
10.284180 -3.111070 -0.122087
10.300660 0.201463 -5.359280
10.317020 2.057216 -9.755369
10.333500 0.437461 -15.765411
10.350100 0.454679 -14.258517
10.366460 2.113602 -6.292411
10.382690 1.526234 0.959349
10.399290 1.005690 12.331092
10.415650 1.353769 13.803710
10.432010 2.208931 12.599222
10.448610 0.199316 2.376172
10.464840 -1.614204 -5.832856
10.481450 -3.852398 -4.487858
10.497920 -3.606527 0.491291
10.514040 -1.679347 3.914934
10.530640 -0.635591 -0.014404
10.547120 0.152520 -5.255747
10.563600 -1.503493 -5.998410
10.579830 -0.287328 -2.215955
10.596310 0.144187 2.129732
10.612920 -1.034759 2.180109
10.629150 0.143805 -3.109443
10.645750 1.509891 -5.438264
10.661990 1.774040 -4.207529
10.678470 0.354675 -3.845838
10.694820 -0.941083 -2.993571
10.711300 0.549895 -1.390063
10.727780 0.141545 0.440237
10.744140 -0.946013 3.180878
10.760740 -0.936140 4.028630
10.776980 -1.300109 5.876488
10.793460 -0.930447 5.897619
10.809810 1.255418 -1.106625
10.826290 1.419845 -2.260647
10.859130 0.906802 0.395161
10.875610 -2.353371 -0.148409
10.891970 -0.927453 -0.792533
10.908450 2.470438 -6.491342
10.925050 3.049627 10.499740
10.941280 3.103358 22.935218
10.957760 2.019898 17.592178
10.974240 -1.366157 7.284197
10.990600 -4.176224 -5.650576
11.007080 -3.961908 -1.200726
11.023440 0.015340 -1.440440
11.040040 3.629791 0.256842
11.056400 1.980998 3.763728
11.073000 1.720338 -0.776648
11.089230 -1.310872 -5.269420
11.105710 -2.815692 -5.092551
11.122070 -2.170723 -5.336212
11.138430 0.595787 -0.808381
11.154910 2.921459 -1.079864
11.171260 1.597903 7.890732
11.187870 -0.223357 14.081307
11.204220 -0.973599 10.378241
11.220580 -0.649843 5.361492
11.236940 0.223780 -3.445104
11.253660 0.447815 -0.942660
11.269900 1.552647 -4.389187
11.286380 1.984458 -5.989709
11.302730 1.934471 -4.659079
11.319090 -1.401737 -4.828764
11.335820 -3.308211 -1.789976
11.352050 -1.851176 -2.519792
11.368530 -0.562834 1.857700
11.385380 1.072967 4.196908
11.401610 -1.260729 0.830627
11.418210 1.907464 -4.294007
11.434570 3.855025 -5.760470
11.451050 3.464587 -0.976879
11.467410 1.558354 3.078368
11.483890 -1.361128 3.520871
11.500240 -0.818592 -0.038533
11.516480 1.058051 2.347949
11.532840 1.572493 5.511710
11.549320 -0.219628 6.038989
11.565800 1.186912 1.127573
11.582030 -0.120061 -4.944417
11.598630 -0.928470 -6.094795
11.614990 -2.468150 -3.018138
11.631470 -1.417783 4.208899
11.647710 2.053840 8.939946
11.664310 1.020324 1.147644
11.681030 -0.291678 -7.276538
11.697020 -1.592395 -9.240690
11.713500 1.226886 -6.736209
11.729980 0.617016 3.987063
11.746460 -2.445381 14.104484
11.762940 -4.762163 19.227095
11.795780 -3.639028 12.155177
11.812130 0.958711 2.154372
11.828370 1.356792 1.544504
11.844970 1.094493 5.241727
11.861330 1.805864 0.988870
11.877810 1.541460 -4.163860
11.894170 1.258328 -5.480745
11.910640 -0.672103 1.656501
11.927000 -1.762063 4.053490
11.945800 -1.581730 -2.199266
11.960080 -0.250490 -4.617421
11.976560 0.062135 -4.433788
11.993040 -1.619175 0.083335
12.009400 -0.560856 0.330745
12.026000 -0.015721 2.427061
12.042360 0.038038 5.065315
12.062380 -0.008461 -0.088837
12.074830 -0.139017 -6.354286
12.091310 -0.010933 -8.137225
12.107790 0.382134 -1.470034
12.124270 -0.172945 7.209947
12.140870 0.381400 9.547794
12.157230 -0.887409 8.947824
12.173460 -0.514315 5.277463
12.189940 1.482320 5.506299
12.206180 1.346919 3.751573
12.222900 1.225883 -0.112856
12.239260 0.913596 -0.811598
12.255620 -3.417353 -8.102037
12.272090 -5.289781 -13.889126
12.288450 -4.715453 -14.791720
12.305180 -0.589572 -10.753816
12.321410 1.038121 -2.513778
12.338010 -2.264229 0.263020
12.354130 0.057079 5.108143
12.370730 1.936660 6.787134
12.387080 3.415122 4.650981
12.403560 0.359887 1.080595
12.420040 -3.248886 -1.114540
12.436400 -4.187905 0.543149
12.452760 -0.047813 1.657616
12.469120 1.779902 2.823263
12.485720 4.353519 4.916102
12.502080 4.855698 4.498588
12.535030 3.227869 0.864297
12.551390 4.001528 -0.227101
12.567870 0.533426 0.048385
12.584110 0.490218 1.303821
12.602910 0.778690 -3.083834
12.617190 -1.451316 -3.253684
12.633540 -2.262633 2.037988
12.650150 -2.003753 2.885760
12.666630 1.886955 -2.823830
12.682860 6.084187 -9.676149
12.699460 2.387681 -4.755575
12.715700 -1.157194 6.443817
12.732060 -1.520273 11.188011
12.748410 0.080257 10.960605
12.764890 0.609728 6.629258
12.781250 -1.232253 3.380304
12.797850 -0.718659 -4.495681
12.814210 0.105089 -10.819364
12.830690 -1.207295 -7.662884
12.847170 3.539886 -3.964909
12.863530 5.801649 -3.953868
12.880130 5.073926 -6.940569
12.896360 2.062894 -1.077561
12.912720 -1.419450 2.325356
12.930660 0.624164 0.408943
12.945560 -1.101881 -6.200979
12.962040 -1.587041 -6.821554
12.978520 -0.979997 -2.103318
12.994870 1.152010 1.285359
13.011230 0.808945 7.593186
13.027950 0.273302 3.531345
13.044800 0.712628 -0.339135
13.077150 1.640928 -2.508386
13.093510 1.538311 0.943775
13.109990 -1.693105 6.369896
13.126220 -2.558196 4.590130
13.142820 -0.311595 2.457588
13.159300 2.301279 -3.747094
13.175660 3.932472 -12.423984
13.192020 -3.029189 1.107831
13.208500 -9.041915 13.711861
13.224850 -8.689830 14.965310
13.241210 -2.363824 7.615870
13.257810 2.432174 -5.872741
13.274170 -0.890488 -3.908573
13.290650 -0.111629 -1.124447
13.307130 0.525770 4.423479
13.323730 1.907534 6.268209
13.339840 1.088448 -1.272180
13.372800 0.295718 -2.774513
13.389160 0.576930 -0.891771
13.422000 0.027204 -3.296348
13.438480 -0.613457 2.903381
13.454960 -1.544370 4.001961
13.471310 -2.745435 3.397962
13.487920 -0.550418 -5.549164
13.504270 3.328339 -7.745597
13.520630 5.057442 -0.222678
13.537110 0.083266 1.784364
13.553340 -1.220727 0.589542
13.570070 0.227905 -6.205585
13.588260 4.830090 -3.512481
13.602910 5.490607 1.060799
13.619260 0.093139 3.863094
13.635620 3.114277 6.347815
13.651980 3.752889 7.151637
13.668460 4.665154 9.997089
13.685060 1.202492 2.775134
13.701420 -1.219258 -10.043957
13.717770 1.416145 -14.106568
13.734250 -1.507377 -12.151467
13.750490 -1.219724 1.313436
13.767090 0.122985 9.108697
13.783570 1.328076 9.033644
13.799930 6.819818 7.125973
13.816410 7.725397 5.663865
13.832760 8.542877 4.924913
13.849120 6.034383 -1.003512
13.865720 2.621320 -3.075992
13.881960 3.427608 -1.491165
13.898440 -0.470528 1.765153
13.915410 -2.657804 2.616160
13.931400 -1.534356 0.538488
13.947750 -0.729888 -3.923105
13.964230 -0.327443 -7.517639
13.980470 0.057601 -5.805364
13.997070 0.845726 -2.402512
14.013550 0.763237 0.853311
14.030030 0.138650 2.667872
14.062740 0.668488 4.606910
14.079220 -0.560870 2.997227
14.095460 -1.147038 1.359847
14.112180 -0.820980 0.685142
14.128540 1.359377 3.451465
14.144900 1.303499 4.198553
14.161250 -3.255243 0.506573
14.177730 3.001193 4.811929
14.194340 8.597610 2.702877
14.210570 9.358787 -0.560661
14.227170 4.750412 -4.351130
14.243530 -2.520299 -3.926724
14.260130 -2.024601 2.021537
14.276370 -1.664446 0.987006
14.292720 -0.482802 -2.547302
14.309200 1.118562 2.696881
14.325560 0.527239 -25.724827
14.342160 -1.407034 -10.588941
14.358520 -9.213290 -80.150447
14.374880 -13.149654 -125.510867
14.670410 -10.964922 -101.008096
14.687010 -4.836559 -49.358009
14.703370 -0.076161 26.494721
14.719850 -2.065634 -5.173125
14.752690 -1.993103 -3.068260
14.769040 -1.320915 1.939207
14.785400 1.963102 3.944144
14.802000 4.519979 5.328717
14.818480 2.759065 8.644905
14.834840 -0.342796 4.673629
14.851200 -1.855908 -1.308556
14.867550 -0.330988 -2.971087
14.884160 1.239160 0.203046
14.900510 2.025053 4.628589
14.916990 -0.516264 0.889285
14.933350 -1.624557 -2.569493
14.949950 -0.402135 -5.332903
14.966190 2.135312 -3.159674
14.982670 -4.175871 5.515695
14.999150 -11.359915 10.828979
15.015380 -9.011745 9.636575
15.031980 -1.799663 5.531671
15.048460 4.799439 4.126387
15.064940 -0.323954 6.105470
15.081540 -2.605768 4.364145
15.097780 -2.166782 -0.599212
15.114380 -0.170275 -4.460896
15.130740 2.254893 -7.215797
15.147340 1.781964 -11.597419
15.163450 0.248569 -5.642808
15.179930 -2.680178 -2.328573
15.196530 -3.524462 -1.530338
15.212770 -1.503465 -5.757125
15.232300 0.537607 -13.001243
15.245480 0.913187 -8.064767
15.261960 0.537395 3.214109
15.278690 -0.772390 9.755314
15.295040 -1.248426 6.543675
15.311280 -1.042924 -0.288794
15.327880 0.414198 -0.303728
15.344360 1.705196 5.381581
15.360600 -0.156433 3.416460
15.377200 -0.501051 1.146876
15.393550 0.972822 1.831305
15.409910 0.116841 2.682422
15.442870 -1.406610 2.447918
15.459230 -3.432255 -0.803884
15.492190 -2.153731 -3.163312
15.508670 -0.233456 -4.591775
15.525020 -0.775992 -6.419524
15.541260 -1.436725 -7.296115
15.559570 0.358079 -6.763481
15.574340 2.282422 -2.136915
15.590580 2.995586 -1.057947
15.607060 -0.020283 0.112161
15.623410 -2.929326 1.674031
15.705570 -1.209625 1.183745
15.722050 -0.451643 -0.650613
15.738280 -0.372473 -3.104123
15.754760 0.585038 1.068787
15.771120 1.563029 7.805990
15.787720 2.212306 9.649096
15.804080 -0.710664 8.034241
15.820430 -0.243527 5.677483
15.837040 3.165592 4.165998
15.853390 1.881601 3.247049
15.869750 -4.842957 3.805204
15.886230 1.726567 3.293331
15.902590 14.240492 4.624367
15.935670 19.923751 3.758555
15.952150 11.088922 1.228858
15.984860 -0.208780 -4.906250
16.001220 1.442403 -5.713932
16.034060 1.319686 -1.461644
16.050660 2.326675 0.042627
16.067140 -0.056994 -1.029011
16.083500 -0.701921 -5.754749
16.100830 0.531519 -8.004153
16.116210 -3.434854 -4.143844
16.132570 -9.702185 48.087153
16.149170 -14.189970 82.306550
16.182130 -12.369449 72.510390
16.198360 -4.096334 26.267705
16.231320 -0.536251 -9.484512
16.247560 1.210925 -6.494048
16.264160 -0.123437 -10.817737
16.280520 -3.198998 -9.712158
16.296880 -1.651437 -6.073208
16.313350 0.535008 -4.061021
16.329830 2.410153 -5.621915
16.346310 0.209641 -0.243662
16.362670 -1.027316 3.833116
16.379390 0.581153 8.217926
16.395750 -0.563342 -1.391781
16.411870 0.020891 -1.078786
16.429440 0.239600 4.177770
16.444820 1.526912 6.868732
16.461180 1.273780 2.999036
16.477660 -0.850910 -9.042253
16.494140 -0.863015 -6.635674
16.510620 -1.848365 -2.563735
16.526860 -2.389390 1.648367
16.543330 -1.518380 -0.724095
16.576290 -0.199768 -3.332760
16.592770 2.253170 -2.537834
16.609130 1.972820 4.723275
16.625370 0.534711 9.803845
16.643550 -0.445202 7.201704
16.658450 -1.376962 -0.882394
16.674800 -0.100484 -8.574549
16.691410 -0.519823 -8.641048
16.707760 -6.333291 -7.846753
16.724240 -10.188764 -2.416514
16.740480 -7.637470 5.609302
16.773320 -2.984978 4.040073
16.789790 1.771300 -2.454645
16.822510 -0.815344 -6.921668
16.839110 -1.926716 -6.972374
16.871830 0.523905 0.201657
16.888430 1.196715 3.594445
16.921260 1.908297 8.296508
16.937500 3.743171 13.230804
16.954220 4.391204 10.199912
16.970460 4.621099 10.541343
16.986940 1.160047 5.039157
17.003540 -1.078688 -8.083064
17.019780 1.643089 -14.771010
17.036250 -2.516372 -18.212373
17.052610 -3.185720 -3.266991
17.069090 -1.880401 11.190607
17.085450 2.638891 10.438250
17.102050 3.572260 2.801639
17.118530 -1.315095 -6.980819
17.134640 1.518931 1.490690
17.151370 0.582255 3.543135
17.167600 -0.611946 -0.049464
17.184080 -2.246178 -5.382001
17.200440 -1.943412 -3.509227
17.216920 0.952807 3.808567
17.233280 -1.721510 -4.169380
17.249760 2.377341 -1.090667
17.266240 5.963335 4.625738
17.282590 8.009995 5.799716
17.299070 5.047880 -1.695490
17.315550 -0.385891 -16.788120
17.331910 0.368037 -3.173164
17.348510 0.390581 6.702758
17.364750 2.232519 5.904912
17.381230 1.148154 2.770546
17.397460 -0.209373 0.671214
17.414060 0.610604 9.480930
17.430540 -0.942496 9.202359
17.447020 0.032304 -2.570060
17.463380 0.607638 -13.001535
17.479860 3.360190 -10.734824
17.496220 7.159221 -1.049813
17.512700 7.380005 6.355090
17.529170 3.744371 2.643231
17.545530 -2.515609 -2.508715
17.561770 -3.838132 -7.269263
17.578370 -2.298525 -10.221901
17.594730 0.437334 -8.698006
17.611210 0.962949 -3.961655
17.627690 2.359191 5.980460
17.644040 -0.573540 6.597123
17.660640 -4.633840 3.571559
17.676880 -1.282764 -0.584131
17.693360 1.398220 -0.575101
17.709840 2.250910 3.564723
17.726200 -0.708616 -2.592196
17.742550 -0.802603 1.715396
17.759160 2.318949 7.681291
17.775510 2.620359 9.227693
17.791870 -1.975870 2.016711
17.808350 -5.651489 -5.580969
17.824830 -5.406748 -1.662496
17.841190 -1.616478 -0.051200
17.857670 3.002592 -0.803537
17.874150 -0.132562 -1.160878
17.890500 -3.516566 -5.624437
17.907100 -5.138490 -9.932419
17.923340 -2.194693 -1.149819
17.939700 2.689514 9.504180
17.956180 3.902697 14.750045
17.972660 2.028217 3.053746
17.989140 0.080399 -6.569577
18.005620 -0.459425 -2.912320
18.021850 1.539045 -1.636686
18.038450 0.925292 0.772938
18.054690 -0.563794 0.556164
18.071290 -2.813192 -3.795717
18.087770 -1.766017 -5.299763
18.104130 1.514115 -7.363492
18.120480 0.960124 6.408428
18.136960 1.440680 12.300676
18.153320 1.770552 6.354084
18.169800 0.868722 -2.228513
18.186280 -7.522283 -8.648835
18.202640 -13.026206 -1.180784
18.219120 -9.612762 2.231108
18.235470 -2.029870 0.887055
18.251950 1.053023 -1.603765
18.268550 2.482854 -5.567041
18.284790 2.670036 -1.292836
18.301390 1.173254 5.216355
18.317630 -2.325432 4.053618
18.333980 -3.477751 1.489081
18.350460 -1.143351 -2.403043
18.366940 3.047113 -1.271741
18.383300 2.008739 -4.030147
18.399780 -2.873448 -7.399940
18.416380 -3.551553 -3.323748
18.432740 -1.560289 1.101799
18.449100 3.237911 0.215110
18.465580 0.604431 1.191934
18.481810 -1.604189 3.957122
18.498290 -1.427346 8.615458
18.514770 0.557169 8.511359
18.531250 -0.523948 3.644457
18.547610 -3.368510 -0.185224
18.563840 -3.083273 -7.503344
18.580440 -1.580869 -10.219251
18.597050 -0.050256 -7.795553
18.613280 0.451544 1.133806
18.629880 0.055821 6.374137
18.646240 0.195785 6.721567
18.662600 -0.733942 -0.951379
18.679080 1.110497 -9.210749
18.695560 3.559647 -0.236314
18.711790 2.092076 3.396883
18.744870 0.771486 5.969510
18.761110 0.293077 2.806501
18.777590 -0.359944 2.000753
18.794070 -2.073205 4.456966
18.810300 -1.198805 -3.444245
18.826780 -1.167378 -4.562053
18.843380 -1.081823 -10.403100
18.859860 -4.453084 16.420818
18.876100 -2.421863 43.998843
18.892580 2.983565 48.099157
18.909180 1.594584 24.927346
18.925540 0.997766 -3.802736
18.941890 -1.152179 2.313036
18.958500 1.923496 1.012469
18.974730 1.652708 1.193872
18.991090 -2.201204 0.191786
19.007570 -1.344334 0.793392
19.024170 -0.631720 -0.282579
19.040410 0.376272 -1.438046
19.056880 0.080794 -1.197016
19.073490 0.496376 -3.857062
19.089840 0.595801 -7.675917
19.106200 -0.072249 -6.428060
19.122560 0.770102 -1.090631
19.138790 -0.046047 3.348260
19.155520 4.839200 -5.684320
19.171880 8.048160 -13.378806
19.188350 7.366516 -13.739754
19.204710 3.060066 -5.276348
19.221070 -1.674065 -0.401577
19.237550 0.239628 -7.368500
19.253910 1.205345 -1.179870
19.270390 1.348741 5.166380
19.286870 0.452744 10.576603
19.303340 1.647962 -0.034877
19.319700 1.999657 -5.869432
19.336060 2.161965 -3.522754
19.352540 0.033024 6.174456
19.369020 -1.711820 10.435490
19.385740 10.596328 27.052802
19.402220 -24.864692 -55.593402
19.418700 -55.161509 -125.436657
