0.016420 50.130033 1.321434
0.032650 205.536491 6.113773
0.049190 407.751890 15.419316
0.065550 574.108599 30.604532
0.081910 684.796965 48.730388
0.098450 743.831532 60.481585
0.114930 765.482523 66.609899
0.131410 766.646621 72.808129
0.147640 758.652691 72.305454
0.164060 749.338707 60.584568
0.180420 744.160210 44.096025
0.197080 743.834249 31.682231
0.213260 745.692387 30.014619
0.229800 748.597648 40.395172
0.247250 753.507792 59.159041
0.262700 757.922500 78.782207
0.279110 759.141493 93.289204
0.295530 759.185079 102.991120
0.311890 743.375774 108.719001
0.328310 691.300638 110.730228
0.361150 619.832479 111.778921
0.377690 557.597674 115.279887
0.393980 512.682919 120.842084
0.410520 487.847069 121.133988
0.426940 475.297700 109.538917
0.443360 457.386674 89.933980
0.459840 436.488387 69.866730
0.476200 424.579024 56.958625
0.492610 420.964580 58.883559
0.509220 424.359566 71.622065
0.525450 430.750922 82.003504
0.541930 429.390211 81.863259
0.558530 421.255369 72.893941
0.575870 417.621048 61.600553
0.591430 423.101131 52.777710
0.607670 434.821568 48.252776
0.624270 450.480640 46.565964
0.640560 467.820043 44.578354
0.656920 483.202504 39.782215
0.673340 494.952001 32.894183
0.689700 502.284024 27.704365
0.706180 507.150443 24.366247
0.722660 509.538924 25.167293
1.067690 521.056548 31.516651
1.083980 561.794814 34.364645
1.182680 617.680877 29.465784
1.215390 664.248806 20.784487
1.348570 695.011199 12.105780
1.363650 709.085294 7.803007
1.380190 713.962678 10.512359
1.396670 719.515207 15.904976
1.544370 723.546223 19.403942
1.560910 713.848383 23.662478
1.577210 690.764300 29.571194
1.593320 667.154987 33.052604
1.692080 635.308957 41.510128
1.708310 578.879903 68.311875
1.724850 513.846605 106.951379
1.741210 463.660149 142.866443
1.757810 434.318432 172.016599
1.790470 425.470826 196.889882
1.807010 431.750733 218.760978
1.823490 445.926938 236.174216
1.839970 459.478445 249.669042
1.856380 462.943723 260.896066
1.872990 454.267289 270.602448
1.889280 443.150025 278.170377
1.905700 438.035753 282.739518
1.922060 436.522408 284.237258
1.938350 435.977362 281.725548
1.955020 438.356792 272.626582
1.971370 443.699297 255.392231
1.987610 448.660637 232.914958
2.004210 452.053828 210.953693
2.020570 455.683035 194.762105
2.037110 459.583458 187.881269
2.053470 459.556585 190.293193
2.069950 452.191489 198.576220
2.086180 443.086577 210.100138
2.102660 439.642832 223.421847
2.119200 442.086000 237.586445
2.135560 447.278366 253.186290
2.152100 454.542392 267.993667
2.168460 464.767545 276.704344
2.184940 478.285914 277.731282
2.201350 494.861822 275.691934
2.219180 510.196302 275.828228
2.234380 516.778767 274.260340
2.250430 512.411430 266.998332
2.266910 503.955104 259.576721
2.283330 500.679439 253.213697
2.299870 505.222673 242.246502
2.316220 511.275697 225.582890
2.332760 512.536865 210.306496
2.348940 505.901893 206.119538
2.365300 492.342198 215.971436
2.381960 480.905485 231.965859
2.398380 475.988892 243.496137
2.414920 471.240489 246.214036
2.431270 465.087783 238.188239
2.447630 458.924068 221.742008
2.480530 454.564930 203.561515
2.497130 455.767951 187.013220
2.529790 458.930221 174.783733
2.546510 460.049196 166.404115
2.579160 459.745811 162.365876
2.595460 459.207149 169.084307
2.612120 458.083562 185.845907
2.628420 458.160618 203.077755
2.644900 461.896056 213.771675
2.661250 466.395378 218.593512
2.677730 469.692233 223.373313
2.694210 471.373022 232.902245
2.710630 469.997114 245.363825
2.726870 468.809314 253.020553
2.743410 470.137571 250.192967
2.759770 469.588002 239.882248
2.776370 468.567931 228.465153
2.792660 470.674381 220.452772
2.809200 471.889856 218.341301
2.825440 471.992553 219.887909
2.842100 475.143845 219.572272
2.858460 480.797166 214.730001
2.874940 484.091246 208.267915
2.891360 483.505034 205.671523
2.907900 483.846721 210.163117
2.924070 486.045175 220.072797
2.940490 485.709480 230.849544
2.957090 481.342793 238.445998
2.973450 472.682735 240.481311
2.989930 459.131044 247.129632
3.006350 444.120293 271.876742
3.022710 433.866130 301.065583
3.039180 430.947202 313.939398
3.055480 432.217310 312.620370
3.072020 435.373955 312.405387
3.088440 439.346296 324.853288
3.104740 441.269495 346.583520
3.121340 441.619757 361.116638
3.137760 441.212516 358.151093
3.154240 437.347883 344.354156
3.170470 429.365430 326.664022
3.186950 425.535209 306.777534
3.206360 435.782117 289.872773
3.220150 458.936155 284.014486
3.236510 488.616350 293.902726
3.252930 517.185215 314.883734
3.269410 536.713208 339.205173
3.285710 546.904814 359.460056
3.302250 553.494482 367.738423
3.321960 553.172211 359.308473
3.334960 539.685754 336.082929
3.351440 520.429425 308.502604
3.367920 501.542374 294.146189
3.384700 481.108231 302.194274
3.417360 459.683313 327.859677
3.433780 438.823398 363.856215
3.449710 420.465045 396.231704
3.466310 409.301825 417.357387
3.482600 411.029337 433.831856
3.499210 425.943560 450.842273
3.515560 444.634737 464.651791
3.532590 455.873176 468.046921
3.548650 456.218234 461.422875
3.565190 446.492026 452.568050
3.581480 431.596491 446.953057
3.598080 421.693442 441.742466
3.614380 426.100524 433.408614
3.630800 447.937575 421.206308
3.663450 475.450703 406.821627
3.679810 495.359910 396.035631
3.696230 506.967022 392.930235
3.712590 512.894146 396.078126
3.729190 514.602504 402.721867
3.745540 513.608933 411.193387
3.762080 514.972445 418.113048
3.778320 520.856812 420.756727
3.794800 524.697778 420.564990
3.811520 545.310972 410.204545
3.827760 612.935826 381.560165
3.844360 708.098563 347.644554
3.860530 790.240931 323.102229
3.877080 846.800973 307.362777
3.893620 883.790896 295.836180
3.909850 905.461293 288.758349
3.926330 912.626157 289.094992
3.942690 908.934205 297.402881
3.959230 900.607554 304.663774
3.975520 897.749182 304.393274
3.991940 907.973008 304.979169
4.008300 925.830330 309.251347
4.024840 941.573108 314.881533
4.041260 951.388280 322.795979
4.057800 955.430965 327.589819
4.074160 955.204145 327.295962
4.106990 950.050551 324.828817
4.123470 939.839386 317.929110
4.156370 930.758154 309.822450
4.172730 928.534343 305.978218
4.189150 932.205286 304.734597
4.205750 934.308670 303.250865
4.221920 928.608200 299.057712
4.238460 918.978524 292.027439
4.254700 910.779310 287.504789
4.271300 908.812407 291.718383
4.304200 915.070770 302.704561
4.320560 922.416781 310.524887
4.336910 926.298311 311.345716
4.353520 897.949292 320.389229
4.369810 803.718676 355.066412
4.386230 677.351280 406.958209
4.402590 570.017511 453.941571
4.419130 495.602773 486.295263
4.435550 452.636180 506.173444
4.451840 434.863824 513.533497
4.468320 433.642653 510.862889
4.501340 443.164216 508.113921
4.518010 460.051322 509.751782
4.534240 477.328399 514.167910
4.550480 486.648849 514.345013
4.566830 486.093310 503.573444
4.583440 481.453098 486.324356
4.599730 479.075914 470.249610
4.616210 479.088136 461.428194
4.632690 476.962710 463.419926
4.649230 474.237265 472.579087
4.665530 476.266878 481.333423
4.681950 482.232045 485.052656
4.698300 484.986341 492.043044
4.714840 478.417839 511.376575
4.747680 464.323729 536.786999
4.764220 449.816331 561.519696
4.780460 441.865377 582.127293
4.796810 438.153976 592.348228
4.813660 432.282835 587.904936
4.829830 425.064328 571.288798
4.846310 419.129651 554.034305
4.862730 416.142073 548.963468
4.879090 417.414017 557.846182
4.895570 422.596630 572.224387
4.911990 429.076675 581.975048
4.946900 432.881174 582.021948
4.961180 433.495537 576.990176
4.977540 433.091434 574.611567
4.994080 433.698314 575.768259
5.010560 438.176176 576.474468
5.026920 447.551943 575.592354
5.043330 459.798756 578.390289
5.059630 483.290239 590.259423
5.076170 527.564745 608.013700
5.092590 596.767736 620.139454
5.109010 692.317002 623.565806
5.141780 791.535190 624.598541
5.158330 866.153547 624.331143
5.174870 905.880119 625.577463
5.191350 916.475337 630.058327
5.207640 914.828762 629.984942
5.223940 914.965218 618.385545
5.240420 919.942437 588.660417
5.256770 925.969020 531.841410
5.273740 929.503293 457.587055
5.289860 928.675714 393.447353
5.306150 924.723184 354.616911
5.322570 921.857798 335.639073
5.338930 924.043118 329.043947
5.355410 929.454150 331.019632
5.371950 931.056854 335.190142
5.388430 927.079732 340.228948
5.404660 922.901483 346.292836
5.421140 923.424338 348.988061
5.437560 927.970507 345.744218
5.453860 936.281642 332.400666
5.470460 950.078975 306.972239
5.486820 965.067059 281.635712
5.503480 972.579078 267.406092
5.520140 968.093635 261.418248
5.536380 956.740899 264.353236
5.552800 946.975098 281.483119
5.569400 942.389787 309.185515
5.585630 941.790198 334.871590
5.604800 941.230546 346.509530
5.618590 937.652897 342.923462
5.634830 934.385559 333.820544
5.651250 937.143438 326.349930
5.667660 945.440874 317.824460
5.683960 953.035347 310.436314
5.700440 954.353544 318.878685
5.733640 948.788778 350.719227
5.749690 941.849227 391.703608
5.782530 941.323571 422.340331
5.799070 947.804147 435.490496
5.831910 954.874156 437.345884
5.848390 957.544592 437.986865
5.864810 955.804065 441.653356
5.881160 948.846232 445.670302
5.897580 936.408233 446.363358
5.914120 925.033642 444.553982
5.932920 921.641284 440.689385
5.946960 928.650899 435.545922
5.963320 942.340443 432.203487
5.979800 954.845290 418.252511
5.996340 963.215461 376.660635
6.012700 970.261670 319.888613
6.029110 973.805188 272.332116
6.046630 967.837265 239.208231
6.078310 954.802609 214.516995
6.094670 942.517737 203.568903
6.111270 934.326072 213.926603
6.127560 931.331799 231.855003
6.144040 933.431140 241.049114
6.160580 936.865311 243.084083
6.176940 940.417398 241.713942
6.193420 945.275375 236.406645
6.209840 949.540325 231.414216
6.226200 948.064470 232.224406
6.242430 938.344204 239.731387
6.275450 927.198140 251.916176
6.291930 921.437296 264.530433
6.308290 920.449899 271.744205
6.324650 923.196814 266.393201
6.341190 929.482570 246.270454
6.357540 936.777774 219.860259
6.373900 942.125539 198.040163
6.390440 946.016602 188.933146
6.406800 950.827073 195.162595
6.423340 955.897488 208.579164
6.439820 961.610051 220.110683
6.456050 970.511147 228.218721
6.472530 982.733833 228.006882
6.489070 994.468420 217.982678
6.505620 999.609869 209.061150
6.521970 997.829779 207.657792
6.538270 993.057520 213.649563
6.571230 989.575074 233.525134
6.587650 991.585363 268.776002
6.604250 998.172432 303.865982
6.620420 1006.690520 327.406598
6.636900 1011.674856 340.431576
6.653560 1005.720102 346.129771
6.670100 993.930140 344.749976
6.686400 986.897442 338.660076
6.719240 986.695874 338.040997
6.735900 990.101752 341.891414
6.752380 993.469554 338.879062
6.768800 993.612906 329.456229
6.785030 989.794801 316.052117
6.801510 985.590829 296.161812
6.819210 985.028387 279.093900
6.833920 990.171302 278.796683
6.850590 999.341577 294.425857
6.866820 1006.513187 312.012481
6.883420 1005.923285 316.813235
6.899660 997.570900 306.989660
6.917790 985.315953 298.259598
6.932680 976.897718 306.223216
6.949040 980.716919 327.692473
6.965450 987.302032 359.491927
6.981810 987.056455 407.886331
6.998350 990.040769 463.568084
7.014830 998.309661 503.116056
7.031860 1002.995423 518.141549
7.047730 1002.251311 520.294457
7.064090 998.057285 518.241143
7.080570 994.944930 510.861992
7.096920 998.608890 497.867814
7.113460 1001.336204 480.759300
7.129820 991.624997 463.267843
7.146180 974.325268 454.358971
7.162660 959.114829 461.617381
7.179080 947.901512 483.458965
7.195370 938.648688 508.107994
7.211980 933.880187 522.483100
7.228450 935.704887 518.716280
7.244750 938.876494 497.959943
7.261170 940.033587 474.325207
7.277650 937.797852 459.067714
7.310490 931.648932 450.496521
7.326840 926.665569 446.575289
7.343380 926.515692 446.091366
7.360050 930.982605 446.163449
7.376160 937.932712 448.560791
7.392700 942.757215 456.472018
7.409120 944.486328 476.580489
7.425290 946.469077 515.246356
7.442080 950.209001 561.811499
7.458310 955.114111 604.729174
7.474790 959.965586 638.586986
7.491150 962.770736 653.944328
7.507570 965.060066 650.184142
7.524050 970.052526 637.731160
7.540710 976.275465 628.145114
7.556820 977.776266 630.344590
7.573490 969.132910 644.571947
7.589840 953.199141 659.037311
7.606200 941.663518 672.381756
7.622680 942.851070 689.641089
7.639100 952.389931 701.582309
7.655580 961.375834 706.923025
7.671880 968.508950 712.705068
7.688290 977.691414 717.342704
7.704830 985.121663 715.468471
7.721250 984.393175 705.956399
7.737730 978.203303 696.123505
7.754210 949.981155 702.298652
7.770750 873.899037 731.315227
7.786930 771.127736 763.168312
7.803280 681.078919 784.291617
7.820010 621.101601 802.685659
7.836060 594.777328 823.474052
7.852540 591.739210 840.612437
7.869080 599.163718 849.408738
7.885440 611.970003 854.594685
7.902040 629.122243 871.344218
7.918460 643.558242 902.826278
7.934690 642.464154 924.142225
7.951230 638.313741 926.281882
7.967530 649.634266 915.326144
7.984070 665.247693 890.912564
8.000430 675.093019 867.576527
8.017030 684.187448 857.890032
8.033260 695.618072 853.972644
8.049680 707.565297 844.954113
8.066160 717.159741 828.052317
8.082580 722.478343 809.662440
8.098940 721.061203 797.192755
8.115360 708.950812 788.158600
8.131770 687.542850 774.910191
8.148320 650.292463 747.797122
8.164790 587.330708 703.445914
8.181150 517.857186 659.036705
8.197570 464.606320 628.606686
8.214050 429.728155 607.764399
8.246950 408.692703 585.732881
8.263310 399.026514 564.473731
8.279720 400.520701 559.159153
8.296080 408.338766 573.064468
8.312560 416.440572 595.654606
8.328920 423.052962 613.453139
8.345520 429.102247 621.258800
8.361940 433.831127 621.776328
8.378300 434.336757 618.927498
8.394840 432.429644 617.104280
8.411070 432.069812 620.619027
8.427670 433.072836 630.367283
8.444090 431.112611 642.208569
8.460450 423.031962 642.873245
8.493230 414.567288 624.087918
8.509770 409.668646 601.546306
8.542540 404.436760 588.772923
8.559020 398.532461 585.256940
8.591920 393.620145 587.301929
8.608280 392.377536 591.951233
8.624690 397.717399 599.881865
8.641050 410.662464 605.531557
8.657710 432.763602 600.366654
8.674010 459.596570 587.151423
8.690490 480.650555 574.464355
8.706970 491.206098 566.727248
8.723210 495.675637 564.386583
8.739690 494.340325 571.698642
8.756350 485.728732 585.851281
8.772710 476.921073 590.145216
8.789060 469.892269 582.037448
8.805420 459.860771 571.380407
8.821780 447.390840 561.415035
8.838260 437.983833 553.573404
8.854680 434.141594 550.254431
8.871030 432.310745 551.235694
8.887630 428.324000 555.266711
8.904110 423.107591 571.655807
8.920410 422.047101 609.718307
8.936950 426.386630 652.489339
8.953190 431.717749 678.476435
8.969790 434.292955 688.656093
8.986270 433.390063 692.972434
9.003110 430.792806 695.485588
9.019100 429.366029 694.187218
9.035460 427.945150 691.024113
9.051820 421.261358 688.240944
9.084840 414.771925 685.621032
9.101070 419.803116 685.480389
9.117680 432.608727 686.068507
9.134030 442.917074 688.697622
9.150450 443.728351 695.732660
9.166750 433.369298 701.582683
9.183350 419.666787 705.787934
9.199830 411.517067 713.243635
9.216130 410.881212 722.934179
9.232670 412.869933 715.893608
9.249080 414.060252 670.765687
9.265440 416.126467 601.198012
9.281800 416.622419 534.208364
9.298160 414.243299 483.056357
9.331480 414.874070 454.972175
9.347600 419.235154 448.323168
9.364260 423.982898 455.987526
9.380430 427.279948 467.418450
9.396790 427.875514 472.982155
9.429750 426.631213 474.232452
9.446170 424.323926 475.074883
9.462590 421.101031 474.603189
9.479060 417.887861 474.456788
9.495300 415.217281 474.049617
9.511900 412.385364 466.067031
9.528200 410.745355 448.003097
9.544800 413.011583 429.808676
9.561220 417.660576 424.412829
9.577820 421.408294 431.067580
9.594060 423.924601 436.544582
9.610290 426.875290 431.655407
9.626770 430.669343 428.755350
9.643310 435.149739 442.339389
9.659790 441.117178 464.636624
9.676150 448.042222 480.206690
9.692500 456.112605 483.149026
9.709110 466.160466 480.501876
9.725460 472.170990 479.805882
9.741940 467.519351 478.699256
9.758180 455.716019 469.516296
9.774780 445.451223 454.508772
9.791080 442.189765 442.546526
9.807430 444.395430 435.224317
9.824040 449.281772 434.169928
9.840210 452.958990 441.441504
9.856810 450.185805 453.692175
9.875610 442.515900 469.693438
9.889770 435.041560 488.513642
9.906190 430.866801 503.123603
9.922550 432.180222 504.303340
9.939090 437.508616 488.423222
9.955320 440.553090 464.370040
9.971920 440.309259 450.632182
9.988280 440.396755 455.143215
10.004700 441.070674 464.722820
10.021360 439.371729 467.763925
10.037840 434.340739 466.340787
10.054320 430.151153 466.612207
10.070680 432.931968 467.849101
10.087160 445.064891 466.187761
10.103270 460.645033 465.359924
10.119810 471.372146 472.294910
10.136050 471.060359 489.222386
10.152590 459.310253 509.304375
10.168950 447.163183 520.342875
10.185490 443.332027 516.346184
10.218260 443.070471 506.529041
10.234680 441.208454 505.491730
10.251220 437.696350 516.059607
10.267460 436.239377 524.580518
10.283940 440.286326 516.533226
10.300290 446.125928 494.808681
10.316890 450.668224 472.107588
10.333310 451.920777 458.175716
10.366030 450.345294 456.642195
10.382570 449.046173 462.292591
10.398930 443.847804 465.591959
10.415220 433.962821 463.185298
10.431880 427.128588 452.474741
10.448300 428.321002 430.897815
10.464660 431.115173 407.174839
10.481020 428.647817 393.270384
10.497440 426.075465 392.751814
10.513920 426.584263 404.820797
10.532530 426.805519 426.452736
10.547000 424.647881 447.610629
10.563290 419.323739 459.158572
10.579650 412.559467 458.077200
10.596190 408.830848 446.450576
10.612550 409.277560 434.418737
10.629030 411.855735 428.738518
10.661930 421.452511 429.154120
10.678280 445.726860 434.325521
10.711120 478.747638 438.197038
10.727420 506.283120 435.062649
10.760380 518.837883 425.021812
10.776980 518.323716 414.303316
10.793150 515.114188 409.413480
10.809690 512.688251 409.080071
10.826170 509.965344 408.286871
10.842470 509.298562 404.784795
10.860780 507.022930 399.847522
10.875370 492.961132 391.137564
10.891970 466.725451 375.685167
10.908200 442.359938 361.406807
10.924560 430.226479 356.502343
10.941160 426.171141 356.104427
10.957460 419.815054 347.606235
10.973880 409.523940 330.182196
10.990420 404.714104 318.465966
11.006900 403.916356 316.668973
11.023320 398.724668 320.530611
11.039610 392.524804 331.793870
11.056150 395.037695 348.486238
11.072510 408.312597 364.345637
11.088990 422.194318 376.941719
11.105290 433.396377 383.719719
11.121770 445.318292 383.255229
11.138370 454.382516 381.607387
11.154910 459.053459 380.533335
11.171200 460.930273 375.268437
11.204040 462.115620 370.327292
11.220280 470.260780 371.163169
11.236940 488.951213 371.293745
11.253170 506.661523 366.614254
11.269650 511.859786 360.531177
11.286190 507.095354 354.418096
11.302550 502.014731 346.941041
11.319030 503.411100 340.350654
11.335450 509.960392 340.322984
11.351990 517.635175 344.691104
11.368100 525.219682 345.623657
11.384640 532.029686 341.726618
11.401180 534.958016 335.916054
11.417480 526.173047 330.902422
11.434020 502.616249 328.278456
11.450320 474.462378 332.117092
11.466800 452.215748 341.278988
11.483280 438.201869 344.051128
11.499690 431.752328 341.777927
11.518370 429.917012 344.155805
11.532710 428.626180 349.794519
11.549070 424.831912 354.579219
11.565310 418.402765 354.223589
11.581670 413.329202 345.079185
11.598140 413.233774 330.943298
11.614690 419.298339 320.457144
11.630980 429.048950 318.926300
11.647340 437.414043 325.319846
11.664000 440.723122 336.256013
11.680480 438.686282 347.666454
11.696780 435.021489 355.547910
11.713320 435.150419 359.949028
11.729610 441.060816 363.589792
11.746220 448.778321 365.942339
11.762390 453.925010 368.659508
11.778930 456.188960 377.579591
11.795350 458.453045 389.031768
11.811710 462.223095 394.337995
11.828190 464.960077 392.810176
11.845520 466.023394 385.782986
11.861210 467.277426 376.037563
11.894230 467.850681 368.653148
11.910340 466.245501 363.529930
11.926820 463.166451 358.994322
11.943300 456.721147 351.734180
11.959660 444.727170 336.667224
11.976140 431.753000 316.049585
11.992430 424.826277 298.895098
12.009030 428.304892 292.442004
12.025390 440.407484 296.853345
12.041810 455.082300 308.433080
12.058230 468.280246 324.043581
12.074890 478.579089 341.699481
12.091190 483.720292 360.575773
12.107420 481.655265 378.770531
12.124080 475.369042 392.378469
12.140440 471.219719 398.215959
12.156680 475.931202 395.110078
12.175050 489.946136 383.271371
12.189450 502.438236 363.368676
12.206420 503.443347 335.764436
12.222470 494.780963 303.284781
12.238890 487.849401 276.475111
12.255310 491.831005 266.695458
12.271790 503.236410 274.044961
12.288270 514.090502 286.564164
12.304570 519.716915 294.948909
12.321040 519.238565 302.953865
12.337590 516.832737 315.176102
12.354000 516.417948 329.583870
12.370420 517.743805 341.591790
12.386780 522.559538 349.688133
12.403260 530.520582 354.522501
12.419620 534.059514 355.162585
12.436040 529.580790 351.212461
12.452450 519.469603 346.449667
12.469060 508.331050 347.052135
12.485410 501.221106 352.540380
12.503110 500.271629 358.936363
12.518310 503.790336 365.280024
12.534670 507.884579 369.492957
12.551150 511.915045 369.758710
12.567690 518.264801 368.418785
12.584050 523.429033 368.347040
12.600340 522.446446 370.676942
12.616700 518.041816 375.142207
12.633240 507.084573 377.262378
12.649840 482.339509 371.750081
12.682500 454.600733 366.295094
12.698970 439.086676 373.425067
12.715390 435.464023 389.621984
12.731810 436.578103 399.835496
12.748470 436.789332 392.637215
12.764530 434.156241 371.591870
12.781070 431.926182 352.258129
12.797490 433.508700 347.569255
12.813780 437.927266 359.166892
12.830380 441.697185 372.760272
12.846800 444.346850 368.072529
12.863160 448.787191 341.568465
12.879580 451.595342 308.543942
12.896180 448.601835 285.929915
12.912540 444.292109 279.405063
12.928890 442.540798 283.369176
12.945370 444.442745 288.617187
12.961730 450.406158 289.056561
12.978150 457.511875 281.776589
12.994510 460.941569 267.439493
13.011110 458.001528 252.621273
13.027530 452.275890 243.337407
13.043880 447.566788 238.034799
13.060420 442.561040 230.235110
13.076660 441.301249 219.575493
13.093140 449.186085 210.300006
13.126040 459.891523 201.696220
13.142460 465.248253 193.343558
13.158870 464.199991 187.852558
13.175420 460.245084 184.520616
13.191590 457.046857 181.934060
13.224550 454.615510 179.177128
13.241030 452.109931 173.081940
13.257570 450.393585 164.970915
13.273800 452.736400 161.515102
13.290410 462.085152 171.639578
13.306760 475.714492 199.727317
13.323180 481.896334 231.667841
13.339540 472.979526 250.987068
13.356200 458.308713 257.368236
13.372500 446.274595 252.959939
13.388980 436.822483 242.434388
13.405460 430.486897 236.729140
13.421690 428.614094 236.251287
13.438290 430.710148 235.361011
13.454530 433.411225 235.545957
13.471070 433.968236 236.262340
13.487610 435.141987 235.103528
13.503910 442.082741 234.703908
13.520450 452.716613 237.445201
13.536800 459.456302 243.212005
13.553280 458.533226 251.650913
13.569520 454.102357 263.293217
13.586180 451.417682 277.259215
13.602480 450.475680 288.482748
13.618900 454.406302 290.421371
13.635440 466.458054 281.272510
13.651670 479.391939 266.066827
13.668330 485.143342 250.747829
13.684690 487.805188 238.874013
13.703370 497.087077 231.800525
13.717770 506.236644 231.134351
13.733950 502.328708 239.110427
13.750240 489.826586 253.890270
13.766780 481.110849 268.728014
13.783260 480.116489 276.698145
13.799620 480.582454 275.802104
13.816960 480.132380 266.123333
13.832580 478.565970 248.620395
13.848940 471.233307 228.040215
13.865300 461.351570 208.416254
13.881840 456.997770 191.247658
13.914610 485.780611 180.823491
13.931030 580.171700 181.108467
13.963810 712.808947 186.846908
13.980290 826.971837 189.560758
14.013180 898.074501 188.844177
14.031490 931.192973 188.053728
14.062440 940.306137 187.652847
14.078800 933.379924 188.190907
14.095580 917.034932 191.217388
14.111820 904.479835 197.034128
14.128300 905.733077 207.687653
14.144650 916.333907 224.735057
14.161010 926.272948 241.547198
14.177430 929.126434 249.276619
14.193910 924.102053 246.607041
14.210570 891.763326 235.170168
14.226750 804.008395 219.475670
14.243290 684.096801 209.308452
14.259700 580.456200 208.498027
14.276000 514.911578 213.223989
14.292540 486.381365 219.772645
14.308780 479.739694 224.739718
14.325320 480.934942 224.021953
14.341670 486.964148 217.875854
14.359500 496.567115 215.245306
14.374690 506.140254 221.775271
14.390930 512.989002 231.911341
14.407410 515.984358 242.747851
14.423890 512.848287 257.442407
14.440490 502.120641 274.210727
14.456790 483.514597 281.114637
14.473270 456.231355 272.253908
14.489870 426.024184 257.572602
14.505920 407.683337 239.357391
14.522770 410.888164 208.529106
14.538760 426.973908 167.721824
14.555300 444.525633 132.768998
14.572750 459.965852 115.682673
14.588380 471.298737 118.521330
14.604610 477.237280 135.228430
14.620910 477.584499 155.450134
14.637390 474.452212 170.189435
14.653930 473.656098 175.778505
14.670290 480.182630 172.906014
14.688540 490.564843 161.978930
14.703250 495.703400 145.025983
14.719730 487.515158 128.315228
14.736150 467.013255 118.813686
14.752560 447.235802 124.158217
14.768920 440.346883 148.195041
14.785400 446.614885 182.099104
14.801760 456.976908 209.853158
14.818300 465.993510 219.352158
14.834660 475.585433 210.208338
14.851070 482.518494 190.564280
14.867430 480.755763 170.034337
14.883730 472.120839 155.588303
14.900570 460.497267 146.135820
14.917050 452.221659 137.700832
14.949650 459.432763 129.248182
14.965880 483.447516 120.423754
14.982540 511.299630 112.313387
14.999210 532.009043 109.497895
15.015690 543.881532 115.185192
15.031920 551.398021 127.864955
15.048460 557.033708 143.325421
15.064640 560.957839 158.537714
15.081050 564.100459 171.930302
15.097410 566.213681 176.755987
15.113890 565.757639 168.198320
15.130370 561.819431 151.651543
15.146790 557.700296 135.069404
15.163090 556.352035 124.087971
15.179570 555.433257 120.673383
15.196040 560.008849 121.900923
15.212400 577.531904 122.364703
15.228700 600.508029 120.682011
15.245420 618.849664 119.684790
15.261720 627.855358 122.543325
15.278020 625.622275 130.454908
15.294560 616.822131 141.378446
15.311100 607.938647 151.654346
15.327580 601.908414 155.729104
15.344970 604.237953 152.788899
15.360410 630.745161 147.456581
15.377010 686.236074 142.717401
15.393130 757.897011 135.818859
15.409550 836.270254 125.632580
15.426030 907.440963 120.406864
15.442440 957.794075 125.193069
15.458920 984.177566 134.529693
15.475340 988.155435 139.173428
15.491760 980.116704 136.512461
15.508120 972.560481 130.654774
15.524600 969.876714 125.352486
15.541020 969.582801 118.036907
15.557500 969.427405 103.741550
15.573910 970.822140 85.323684
15.590330 975.324581 68.260177
15.606750 978.887726 61.197824
15.623170 974.498536 73.300538
15.639830 964.149724 96.190340
15.656010 955.513500 111.893087
15.673220 952.081417 113.442043
15.689030 951.892703 103.226793
15.705380 951.920275 86.390682
15.721800 952.258969 69.598859
15.738040 953.277731 63.768380
15.754520 954.764247 74.623329
15.787480 957.911526 90.314148
15.803890 962.024532 101.260065
15.820250 963.491689 110.789937
15.836790 962.812470 119.544480
15.853150 961.290714 125.062394
15.869630 956.640262 129.187219
15.885990 950.774725 134.249137
15.902650 947.576290 139.114245
15.918880 946.726774 141.174765
15.935300 949.825387 136.680857
15.951660 962.313630 123.212679
15.968020 983.497304 104.524649
15.984500 1000.440538 91.628841
16.000980 1004.401218 92.729190
16.017520 1002.583802 103.389749
16.033940 997.899333 118.103886
16.050230 986.535189 135.806848
16.083130 973.402133 148.319617
16.099490 965.335089 146.719836
16.116030 962.910754 135.727846
16.132570 965.695304 128.120832
16.148860 971.029252 131.073537
16.165160 972.335252 140.354482
16.181640 965.009917 148.819720
16.198120 943.878300 150.780265
16.214660 909.920135 143.763126
16.231020 877.338985 136.088103
16.247680 856.649066 138.667733
16.263920 845.821657 153.755484
16.280150 841.197485 174.800322
16.296810 842.463099 194.054569
16.312990 848.724915 206.633938
16.329590 856.330562 206.002319
16.345890 862.621213 187.611001
16.362430 868.026598 156.361592
16.378780 872.849971 126.542077
16.395260 875.837261 111.107158
16.411740 875.586763 110.569632
16.428040 873.944104 119.710496
16.444640 874.320079 133.573479
16.461000 877.005032 146.528943
16.477360 881.857855 157.584211
16.493960 897.086008 167.918767
16.510130 929.136907 174.553065
16.526790 966.078963 174.659895
16.543150 993.441694 165.675143
16.559630 1008.906605 146.014152
16.576050 1012.294073 121.398257
16.592410 1004.432278 101.968648
16.608760 992.952311 94.557855
16.625310 982.830653 94.732790
16.641660 974.500165 94.206459
16.657960 969.955329 94.089694
16.674870 969.613964 98.184969
16.691040 971.698482 105.733406
16.707340 973.948717 113.915162
16.723940 975.936617 122.033190
16.740110 980.039964 130.003239
16.756650 987.166470 135.353172
16.773130 994.743102 138.208084
16.789610 1002.026775 141.744533
16.805970 1010.474614 147.345593
16.822390 1015.272327 154.501343
16.838870 1009.039570 163.328217
16.855290 993.836709 173.555350
16.871770 978.173308 182.948383
16.888310 969.949959 189.608707
16.904540 972.684699 191.971393
16.921020 980.868602 188.263879
16.937380 986.236571 180.338060
16.953920 986.536030 173.469544
16.970280 985.054700 171.909728
16.986760 985.804242 180.519045
17.003170 989.019428 201.680913
17.019530 991.275139 226.442224
17.036070 992.988457 240.980245
17.052430 999.122396 238.992803
17.068910 1008.036004 223.213587
17.085080 1012.423741 203.441742
17.101750 1009.551447 190.599280
17.118040 997.148371 188.193892
17.134460 975.662972 191.155618
17.150880 956.254734 192.507609
17.167420 943.654010 190.182581
17.183900 934.402177 186.623788
17.200260 929.511322 186.981051
17.216740 929.793843 194.685681
17.233150 933.541850 207.252444
17.249630 937.876612 219.051517
17.265930 941.237588 225.372217
17.282290 944.103357 226.175000
17.298770 946.781699 223.798898
17.315250 947.337718 217.123173
17.331790 944.241340 204.488808
17.364690 941.295174 189.885342
17.380920 940.793838 180.731339
17.397220 940.011925 179.838915
17.416440 937.333310 182.614388
17.430240 932.481488 182.234407
17.446720 926.122486 176.943838
17.463070 920.283928 172.524757
17.479680 917.820109 179.352861
17.496220 920.527134 201.192887
17.512330 927.722386 226.180825
17.528930 937.663558 241.139331
17.545290 947.117043 244.699309
17.561650 955.895358 233.358707
17.578190 962.045603 202.689010
17.594540 958.772354 163.762426
17.610900 952.117016 128.746416
17.627440 950.290283 103.086155
17.660340 948.972919 91.514714
17.676820 948.446766 89.502781
17.709660 952.946322 89.388964
17.725830 960.259883 92.566151
17.743960 966.255282 101.779409
17.758790 971.681044 110.512056
17.775150 976.217791 113.779798
17.791750 974.203527 119.063569
17.808040 966.400640 132.172040
17.824520 958.750377 153.073849
17.840880 953.899116 179.354203
17.859380 952.669648 202.663500
17.874020 956.816068 214.430244
17.890140 966.705602 211.856582
17.906800 944.815051 195.150033
17.922970 845.705232 166.048765
17.939510 702.725381 133.480857
17.955990 578.417438 109.170778
17.972350 497.453259 98.421603
17.989070 459.822725 99.348367
18.005250 450.933669 105.269059
18.021610 454.899951 109.797480
18.038020 463.714895 110.422928
18.054440 471.466040 108.441774
18.072570 474.142509 109.679649
18.087590 473.611261 119.950372
18.103880 474.073967 136.219876
18.120240 475.757706 149.411306
18.136780 475.120072 154.560038
18.153140 472.746054 154.235393
18.169560 471.502919 150.604050
18.185970 470.949267 142.102617
18.202450 470.540443 132.662785
18.218930 471.809906 130.421931
18.251770 476.744177 134.914302
18.268130 484.033085 138.177421
18.284550 489.639764 137.474238
18.301030 492.336963 138.825274
18.317380 493.755916 150.277036
18.333740 495.589478 173.280110
18.350160 498.445020 197.998466
18.366760 500.388238 213.705265
18.383060 499.049373 220.456999
18.400450 496.790799 222.590307
18.416080 496.779083 222.049910
18.432370 497.364068 218.138662
18.448790 494.024947 210.230304
18.465150 485.494641 200.718206
18.481810 476.653360 191.153791
18.498170 467.653470 176.253412
18.516970 456.485649 153.576233
18.547300 446.993443 132.520699
18.563900 442.341770 122.375836
18.596740 440.371264 123.227480
18.613040 437.399225 126.580670
18.629520 435.766775 124.695650
18.646000 433.948641 120.981210
18.662350 427.511409 117.147188
18.695310 420.666695 106.613826
18.711790 413.679462 92.860302
18.744570 404.856558 84.576663
18.761050 400.421608 85.872795
18.777530 402.213255 98.355372
18.793880 407.106433 116.046663
18.810120 414.036693 131.747339
18.826720 421.594849 144.392163
18.843440 426.332570 155.897042
18.859680 431.264509 168.020144
18.876040 445.044767 180.512326
18.892330 465.281263 190.081131
18.908750 482.229046 194.326657
18.925110 490.305212 194.492641
18.941590 490.819708 186.991760
18.958560 488.533098 166.759614
18.974790 485.871464 139.439169
18.991150 483.437170 116.731379
19.007510 480.483563 107.394073
19.024110 476.011731 111.410670
19.040470 472.207867 122.625597
19.060550 472.483901 137.039565
19.073610 477.017505 153.480272
19.089840 478.504389 161.892605
19.106260 470.514807 146.996309
19.122560 459.137018 113.415306
19.139220 451.200315 79.880054
19.155400 445.925362 58.399651
19.171940 441.245975 51.811669
19.188290 438.047556 54.840224
19.204530 436.768532 59.137197
19.220890 434.705131 59.314178
19.237240 431.779524 52.751275
19.254090 428.394104 42.942563
19.270570 422.435863 37.664840
19.288760 414.930013 38.644957
19.303340 410.310764 43.010418
19.319520 411.638697 49.099162
19.336120 416.098698 53.544909
19.352290 418.418669 53.617653
19.368770 417.770089 53.100175
19.385190 422.272859 55.469315
19.401670 439.756203 58.983418
19.418150 462.968748 59.989592
19.434450 484.586121 58.105164
19.451050 502.801114 53.186765
19.483890 513.525762 44.308910
19.500240 519.563452 36.867305
19.533140 522.392601 34.295645
19.549380 518.313233 35.580793
19.565860 510.513979 41.386694
19.582280 503.516531 50.999557
19.598690 504.735614 61.487983
19.615170 522.115065 69.223171
19.631590 559.239687 68.893746
19.648190 615.487844 60.184471
19.664490 672.837469 50.434719
19.681030 715.299642 42.021807
19.779540 742.924774 32.744725
19.795780 757.356897 30.019647
19.812380 761.947494 44.721412
19.828980 763.741502 70.170972
19.845280 767.926750 92.149993
19.861690 773.128132 106.722377
19.877990 775.749930 110.228598
19.894410 772.452397 100.987912
19.911010 762.414885 86.738684
19.927250 754.283687 73.029643
19.943790 750.471942 61.197236
19.960270 740.064239 52.792754
19.976560 719.414982 46.646801
19.993100 692.029563 39.573722
20.009520 664.215001 31.367610
20.025880 642.972179 26.756811
20.042360 629.841920 32.186515
20.058780 623.719091 49.973801
20.075130 621.634970 73.714656
20.091550 621.225031 92.119949
20.108030 622.861053 97.287263
20.124570 627.237574 90.415516
20.141050 632.747047 80.224198
20.157590 635.382345 73.364535
20.173770 631.831417 68.968497
20.190250 619.205405 62.150111
20.206670 599.043128 50.813037
20.223020 580.545429 41.044244
20.239380 570.843279 41.318767
20.256040 568.958078 52.668133
20.272340 568.665246 68.919577
20.288640 566.009230 82.515060
20.305240 563.631043 89.020936
20.321470 561.505918 86.437208
20.337950 556.592672 74.077586
20.354490 550.529354 55.762145
20.370970 546.696488 40.318009
20.387570 545.658701 35.318062
20.403630 545.532736 42.256445
20.420290 546.418820 60.162103
20.436650 548.299606 81.070005
20.453130 548.504743 90.504196
20.469540 547.693027 90.132391
20.486080 549.827761 91.902233
20.502380 555.923392 97.651606
20.518620 562.670111 106.428655
20.535160 568.318696 115.032980
20.551700 574.471115 116.259904
20.568050 577.691210 109.659270
20.584530 574.994238 102.312647
20.600950 571.651868 99.539017
20.617310 568.979325 98.847823
20.633610 564.296890 98.590536
20.650210 559.632781 102.526726
20.666500 557.399248 111.680779
20.683040 559.986082 120.325321
20.699460 569.003884 121.129884
20.716000 591.475439 112.374845
20.732360 632.614907 98.981857
20.748780 675.977354 89.572604
20.765140 707.233790 85.428619
20.781620 726.096128 85.498222
20.798100 732.597979 93.782160
20.814820 746.114623 105.612478
20.830990 790.162973 112.992516
20.847410 850.291354 115.359579
20.863770 901.778097 113.868862
20.880130 936.820532 107.193556
20.896550 954.145272 92.863606
20.913020 956.817475 71.818413
20.929500 952.126064 48.692005
20.945980 948.626176 29.283530
20.962280 947.926592 17.539418
20.978580 947.732816 14.767538
20.995120 948.485294 20.982389
21.011470 949.625717 34.663523
21.028080 951.392329 49.226471
21.044490 955.641197 57.089761
21.061040 961.666848 60.603823
21.077390 966.097864 66.048007
21.093750 965.641973 75.633771
21.110110 945.114819 89.006251
21.126650 876.786155 104.451475
21.143130 766.247654 118.248419
21.159480 654.639731 126.280607
21.175900 571.725484 126.052573
21.208740 524.549024 117.249312
21.225280 505.513038 106.022793
21.241460 502.774793 99.097079
21.258120 507.863604 97.235378
21.274540 508.986171 99.876973
21.290830 495.649246 105.420382
21.307310 474.207777 110.715763
21.323730 457.930960 115.650884
21.340150 452.011420 123.506322
21.356630 452.777818 132.927087
21.373290 453.621000 137.306945
21.389400 452.061093 132.602300
21.405880 447.925751 121.808309
21.422240 442.481492 109.895946
21.438780 438.546324 96.786982
21.455380 437.012509 79.490138
21.471620 434.908683 61.654956
21.488220 428.921143 54.328341
21.504390 421.998632 59.548044
21.520810 420.838426 71.624118
21.537230 427.671025 87.545061
21.553890 436.740289 102.382054
21.570310 441.306407 107.851412
21.586610 440.814550 98.571432
21.603150 444.590688 77.990441
21.652400 462.560361 58.217633
21.668640 487.786512 46.682537
21.701600 506.745814 38.322415
21.734440 513.830484 28.638698
21.750730 512.304709 20.075467
21.767400 509.776885 18.764829
21.800230 509.817135 28.963010
21.816650 509.184893 44.366687
21.833130 503.978633 54.779364
21.849490 495.557636 58.966774
21.865780 486.865692 62.141691
21.882450 480.139038 68.971222
21.898740 478.109521 78.739639
21.915220 480.416745 85.819994
21.931640 482.674072 87.060855
21.947940 485.184733 82.491888
21.964420 491.417095 72.804448
21.980770 499.033629 59.702508
21.997250 510.598702 50.306408
22.013730 536.406023 54.421567
22.030270 574.525883 72.837249
22.046570 609.313110 97.325163
22.063170 627.919041 118.888824
22.079530 629.308564 132.953678
22.096010 620.913779 136.899454
22.112300 611.708337 131.209798
22.128720 607.695956 121.051059
22.145450 608.047138 109.391222
22.161560 608.099074 95.712677
22.178040 605.291750 79.745829
22.194460 601.104333 67.308102
22.210880 601.677073 64.987262
22.227840 611.711610 71.499970
22.243710 616.117407 100.241158
22.260130 593.342196 173.666615
22.293030 547.418656 279.626273
22.309510 499.900325 384.286859
22.325740 467.859448 465.189307
22.342350 453.037455 512.864100
22.358760 447.744699 535.597647
22.375120 446.543546 552.046185
22.391660 447.355404 566.592963
22.407900 451.086071 573.250836
22.424380 459.014535 572.214910
22.440730 465.709680 565.676792
22.457340 465.282539 555.673456
22.473750 460.787441 547.246773
22.490230 454.153345 539.633524
22.506470 445.330593 525.455462
22.522830 438.593988 503.136238
22.539490 437.223890 481.097489
22.555850 438.504895 467.547794
22.572330 436.217153 462.076402
22.588990 431.963054 457.856739
22.605220 431.685267 453.508922
22.621640 434.978126 456.798984
22.638180 437.118270 467.579062
22.654480 434.115873 475.896140
22.670840 426.981968 474.726134
22.687500 422.325733 468.283407
22.703800 425.167506 467.898071
22.720280 431.940903 476.861135
22.736510 435.295805 487.820157
22.752810 432.202869 493.596996
22.769470 426.594462 494.812853
22.785830 422.477973 493.762462
22.802370 420.537587 491.261532
22.818790 421.514913 490.852039
22.835140 424.317282 496.581217
22.851620 427.576650 505.008172
22.868040 431.593439 506.525936
22.884460 436.232289 498.298512
22.900820 439.891058 485.125633
22.917360 439.923274 472.302096
22.933780 437.881480 461.411475
22.950320 437.142356 450.602392
22.966610 436.906971 439.926458
22.983030 437.811785 429.639481
22.999450 440.458233 418.148209
23.015930 441.547312 406.964536
23.032410 444.601978 402.802738
23.048650 456.456237 409.581996
23.065250 472.946444 420.555211
23.081480 486.741432 429.875196
23.098020 492.416772 436.818022
23.114500 486.490590 439.287457
23.130860 477.536434 440.243177
23.147580 477.614004 442.713490
23.163760 486.518735 442.611565
23.180050 496.876982 441.163376
23.196470 502.476093 444.094413
23.212830 501.049997 450.013524
23.229370 494.500031 454.364704
23.245850 481.882673 458.185447
23.262210 462.200954 466.537629
23.278630 443.094730 474.743422
23.294860 432.216432 474.602686
23.311460 429.222312 469.506654
23.327820 430.864457 466.871098
23.344360 436.046028 471.451259
23.361020 444.710536 484.190668
23.377140 450.471883 500.590540
23.393800 447.908836 517.480848
23.426450 440.875581 536.809498
23.442990 432.676329 556.340351
23.459230 425.514677 569.087831
23.475710 422.503652 571.511243
23.492250 424.601612 562.090276
23.508540 429.463126 542.377628
23.524960 440.802870 522.854882
23.541440 463.932475 515.118842
23.574580 489.485715 514.093653
23.590940 507.421282 508.897126
23.623600 520.450867 501.340609
23.639950 535.141118 494.766195
23.656490 550.589967 489.505035
23.672850 555.631682 487.467606
23.689330 543.261204 491.789379
23.705750 523.372181 502.581158
23.722230 510.897669 509.310501
23.738590 513.383578 494.272048
23.754940 527.398107 455.377771
23.771670 545.335076 391.596668
23.787840 563.657938 296.207557
23.820740 580.804808 192.892516
23.837100 596.343210 111.154680
23.853520 609.051894 59.344524
23.886470 614.576001 35.770130
23.902830 610.181501 34.151177
23.919310 601.555231 41.729252
23.952270 600.041583 43.259361
