0.000000 706.486000 931.568000
0.032840 683.774000 977.416000
0.049740 701.539000 960.674000
0.065800 701.811000 937.046000
0.082150 697.000000 932.602000
0.098630 684.947000 876.810000
0.114990 684.386000 867.108000
0.131530 692.971000 875.996000
0.147890 707.489000 880.022000
0.164430 708.016000 889.570000
0.180730 705.772000 855.976000
0.197510 690.846000 957.088000
0.213990 690.353000 947.980000
0.230350 678.810000 869.484000
0.246950 698.717000 961.686000
0.262880 699.295000 970.750000
0.279420 682.414000 991.254000
0.295780 702.168000 885.544000
0.312320 701.692000 896.478000
0.328800 633.590000 909.524000
0.346130 581.366000 969.518000
0.361570 584.392000 1012.044000
0.377930 597.822000 1022.758000
0.394410 572.662000 972.180000
0.410770 570.452000 943.294000
0.427310 573.988000 919.732000
0.443850 586.211000 938.960000
0.460210 584.732000 916.146000
0.476500 596.275000 291.500000
0.575130 581.179000 86.064000
0.591740 575.841000 62.326000
0.608030 576.946000 101.684000
0.673770 652.409000 674.300000
0.690000 631.074000 703.274000
0.706540 630.989000 678.634000
0.722900 627.487000 784.234000
0.739380 570.945000 61.028000
0.788700 576.317000 1.496000
0.804990 576.283000 7.854000
0.821530 538.339000 163.746000
0.837890 560.983000 137.170000
0.854310 561.595000 150.194000
0.870730 640.118000 716.298000
0.887080 543.745000 167.860000
0.903810 543.031000 148.940000
0.920040 557.702000 51.260000
0.936520 613.037000 715.462000
0.969420 601.732000 754.204000
0.985900 605.489000 652.036000
1.002080 604.996000 624.712000
1.018680 631.295000 564.080000
1.035030 638.367000 623.678000
1.051640 638.350000 647.900000
1.067990 612.289000 740.234000
1.084410 606.492000 743.424000
1.100770 607.376000 794.882000
1.117190 612.459000 789.910000
1.133610 640.662000 765.710000
1.166560 637.500000 740.080000
1.182740 614.856000 862.224000
2.119260 705.738000 42.284000
2.135800 706.095000 53.350000
2.300050 631.754000 626.428000
2.316350 591.498000 678.722000
2.349240 625.804000 621.214000
2.366030 663.527000 585.640000
2.398560 635.001000 632.170000
2.415160 621.877000 626.868000
2.447880 607.954000 733.392000
2.464230 603.092000 751.146000
2.480770 603.551000 774.664000
2.497130 596.462000 114.730000
2.513550 624.325000 691.746000
2.531860 624.512000 717.156000
2.546390 665.499000 647.702000
2.562870 658.342000 668.052000
2.595760 671.007000 716.848000
2.612300 659.124000 720.566000
2.645200 636.599000 684.222000
2.661380 641.920000 638.880000
2.677920 642.056000 582.846000
2.694270 706.248000 517.990000
2.710630 710.702000 451.352000
2.743650 705.534000 416.856000
2.760130 690.404000 402.776000
2.776430 690.285000 426.712000
2.792790 694.110000 478.148000
2.809200 695.555000 525.976000
2.825740 695.827000 558.668000
2.842160 684.862000 597.762000
2.858580 676.209000 535.458000
2.891420 750.601000 163.878000
2.907900 702.491000 98.802000
2.940670 782.629000 571.186000
2.957150 723.656000 131.384000
2.990170 750.074000 595.738000
3.006530 771.800000 569.404000
3.039310 767.941000 585.178000
3.055730 778.770000 463.342000
3.088680 880.753000 565.664000
3.104980 976.089000 258.038000
3.137940 957.372000 250.294000
3.154420 952.476000 223.828000
3.188110 980.322000 206.272000
3.203670 959.786000 227.084000
3.236390 954.380000 242.968000
3.252930 957.134000 195.030000
3.269290 954.312000 222.200000
3.285770 955.332000 299.134000
3.302310 942.701000 318.384000
3.318480 939.794000 353.166000
3.335020 926.891000 317.526000
3.351380 924.426000 354.112000
3.367980 937.975000 223.542000
3.499270 940.389000 76.714000
3.581670 982.379000 126.192000
3.597900 980.373000 127.688000
3.679990 891.769000 35.530000
3.696530 635.562000 45.738000
3.778560 636.752000 72.688000
3.795040 639.863000 232.364000
3.811400 640.747000 274.736000
3.827760 646.850000 321.376000
3.844360 646.340000 286.792000
3.877200 639.285000 253.946000
3.893550 606.696000 313.610000
3.910030 605.880000 284.592000
3.926390 603.262000 237.248000
3.942870 648.142000 101.178000
3.959290 647.581000 88.682000
3.975830 632.366000 125.202000
3.992130 609.059000 229.174000
4.008540 610.521000 270.666000
4.025020 613.717000 403.766000
4.041440 634.236000 389.884000
4.074280 631.465000 228.888000
4.090760 674.509000 176.902000
4.123540 678.793000 204.974000
4.140080 719.355000 69.850000
4.172850 696.966000 134.684000
4.189450 687.548000 127.072000
4.271360 673.404000 95.040000
4.288090 682.176000 51.744000
4.304260 681.785000 38.918000
4.370000 758.778000 220.418000
4.386350 721.888000 33.088000
4.402890 721.123000 117.810000
4.419250 712.691000 527.780000
4.435670 734.536000 438.372000
4.452150 736.134000 426.140000
4.468510 728.314000 128.480000
4.484990 737.800000 339.438000
4.501950 738.225000 294.866000
4.517880 812.974000 263.934000
4.534300 797.130000 300.256000
4.550780 795.345000 314.292000
4.567260 823.718000 292.160000
4.583560 821.474000 385.616000
4.599910 818.482000 452.188000
4.616390 814.385000 472.010000
4.632930 816.527000 505.604000
4.649230 815.388000 536.602000
4.665650 829.022000 562.166000
4.682130 819.757000 563.310000
4.714970 814.385000 536.206000
4.731570 813.059000 526.174000
4.764280 834.309000 402.490000
4.780880 869.856000 312.796000
4.813540 864.314000 394.526000
4.829960 884.867000 441.562000
4.862790 865.198000 454.608000
4.879270 880.702000 451.132000
4.912170 885.105000 378.422000
4.928530 878.866000 338.030000
4.961360 845.121000 429.176000
4.977840 859.673000 342.782000
5.010800 876.316000 425.766000
5.060120 862.155000 400.158000
5.076420 881.008000 381.964000
5.109310 913.614000 333.542000
5.125670 912.560000 314.270000
5.158510 901.714000 397.452000
5.175170 754.885000 410.300000
5.207950 595.714000 837.078000
5.224430 575.042000 890.450000
5.240660 573.920000 871.970000
5.257140 595.867000 805.750000
5.273800 558.008000 840.950000
5.290340 557.311000 832.700000
5.306820 576.606000 882.816000
5.323430 600.457000 867.504000
5.339540 601.035000 875.666000
5.355960 574.192000 855.602000
5.373410 577.830000 690.096000
5.388790 577.218000 680.636000
5.405330 597.958000 623.810000
5.421390 592.926000 649.682000
5.437810 594.235000 679.976000
5.454280 589.016000 647.570000
5.470890 581.315000 647.504000
5.503780 599.369000 631.202000
5.520080 589.526000 683.958000
5.536440 588.744000 663.498000
5.553040 582.182000 585.420000
5.569270 572.169000 589.380000
5.585820 570.656000 558.712000
5.602110 567.562000 629.200000
5.618530 571.047000 626.384000
5.651430 681.377000 785.378000
5.667910 699.567000 809.402000
5.684450 699.635000 765.248000
5.700680 651.287000 274.186000
5.717220 643.569000 65.912000
5.750060 633.250000 89.584000
5.766360 654.194000 104.302000
5.782960 653.973000 131.978000
5.799440 635.936000 136.092000
5.815730 702.304000 648.956000
5.832280 702.627000 720.346000
5.848510 612.918000 764.962000
5.864870 558.654000 549.054000
5.881410 562.258000 614.570000
5.897770 588.183000 710.006000
5.915340 596.853000 606.320000
5.930600 596.207000 585.046000
5.947140 584.001000 616.022000
5.963560 573.750000 555.324000
5.980040 572.237000 524.348000
5.996340 610.895000 782.408000
6.012820 597.856000 752.576000
6.045650 587.044000 504.966000
6.062190 587.690000 523.600000
6.078550 587.690000 523.600000
6.095030 586.619000 543.884000
6.111390 581.451000 530.332000
6.127870 582.318000 550.858000
6.144290 573.121000 613.360000
6.160640 570.384000 686.840000
6.177060 572.033000 716.430000
6.193540 604.792000 650.936000
6.210020 581.927000 657.624000
6.243840 592.280000 642.356000
6.259280 583.151000 703.648000
6.292180 599.777000 613.910000
6.308530 599.726000 661.804000
6.341430 586.075000 641.124000
6.357730 598.944000 650.364000
6.390630 637.092000 581.768000
6.407170 657.781000 840.862000
6.423520 657.271000 799.986000
6.439880 654.976000 627.066000
6.456420 648.686000 524.678000
6.472840 647.513000 484.682000
6.489320 652.494000 486.112000
6.505490 656.710000 537.746000
6.522220 657.203000 547.712000
6.538880 666.825000 636.526000
6.555050 661.011000 597.850000
6.571530 660.586000 588.522000
6.588990 687.361000 653.818000
6.604610 734.502000 588.038000
6.620790 734.247000 620.180000
6.637510 720.341000 627.902000
6.653810 723.435000 608.696000
6.686520 702.865000 633.622000
6.703060 709.070000 678.414000
6.735840 730.949000 845.174000
6.752380 704.327000 685.344000
6.785100 741.064000 654.808000
6.801510 662.762000 674.828000
6.834410 575.365000 554.972000
6.850650 566.967000 578.688000
6.867250 564.536000 531.410000
6.883540 602.735000 554.972000
6.899960 559.453000 578.930000
6.916380 555.645000 514.184000
6.932740 603.347000 617.518000
6.949280 610.164000 506.066000
6.965640 609.297000 479.600000
6.982180 563.159000 443.916000
6.998410 562.632000 361.152000
7.014830 562.921000 372.394000
7.031370 518.976000 497.046000
7.047730 564.859000 550.550000
7.064270 569.075000 622.688000
7.080690 591.124000 498.322000
7.097170 570.724000 599.808000
7.129880 568.157000 608.014000
7.146360 568.718000 558.470000
7.162780 569.823000 580.294000
7.179200 572.084000 714.560000
7.195680 579.904000 739.112000
7.212220 581.655000 769.032000
7.231630 588.030000 754.094000
7.245060 590.478000 683.848000
7.277890 570.690000 690.096000
7.294560 587.843000 674.894000
7.327270 581.842000 984.918000
7.343630 542.572000 547.602000
7.360110 540.447000 498.828000
7.376650 533.358000 389.708000
7.392940 532.797000 297.902000
7.409480 528.207000 190.564000
7.425840 521.577000 78.980000
7.442320 517.021000 115.962000
7.458680 515.117000 69.652000
7.524660 504.101000 80.740000
7.540890 512.414000 107.734000
7.573670 515.916000 62.832000
7.623110 577.575000 566.522000
7.639470 561.748000 628.738000
7.672120 576.062000 639.012000
7.688720 561.068000 638.814000
7.721250 556.291000 690.558000
7.737790 574.464000 645.502000
7.770570 583.848000 191.994000
7.787170 546.652000 198.726000
7.819890 609.960000 50.974000
7.836430 592.212000 85.602000
7.869320 583.814000 144.672000
7.885560 572.050000 119.790000
7.918520 543.779000 217.712000
7.935060 561.136000 234.806000
7.967770 577.473000 143.506000
7.984190 551.820000 80.784000
8.017150 568.463000 158.554000
8.033390 567.545000 144.980000
8.066280 603.534000 578.776000
8.082890 592.212000 578.336000
8.115660 631.720000 649.924000
8.132020 628.762000 656.876000
8.164860 634.865000 531.322000
8.181400 619.599000 555.148000
8.214110 634.831000 632.324000
8.230650 619.803000 594.968000
8.263610 652.477000 530.574000
8.279850 685.185000 548.548000
8.312930 664.989000 537.108000
8.329100 674.883000 517.242000
8.362000 660.841000 563.156000
8.378480 662.575000 589.864000
8.411380 635.137000 564.696000
8.427980 664.564000 643.522000
8.460630 665.805000 576.796000
8.476930 657.373000 524.656000
8.493530 657.900000 533.940000
8.509890 591.005000 672.364000
8.526430 612.697000 643.368000
8.543580 612.629000 655.864000
8.559140 572.118000 698.456000
8.575680 596.836000 666.138000
8.592160 597.720000 679.866000
8.608520 585.089000 710.072000
8.624880 603.857000 663.212000
8.641420 603.160000 652.806000
8.660520 588.914000 805.948000
8.674440 608.243000 750.178000
8.690860 608.957000 760.122000
8.707150 541.263000 653.290000
8.723690 547.587000 625.856000
8.740170 545.292000 590.722000
8.756770 510.629000 71.170000
8.772890 528.003000 676.698000
8.805730 530.893000 680.746000
8.822140 531.165000 616.000000
8.838870 532.763000 639.562000
8.854920 544.442000 692.428000
8.871520 540.634000 744.084000
8.887940 541.433000 754.996000
8.904110 469.659000 330.484000
8.920650 530.553000 318.934000
8.937010 529.805000 304.260000
8.953430 538.679000 668.624000
8.970030 510.323000 766.986000
8.986390 511.241000 777.678000
9.002750 560.150000 732.578000
9.019170 608.923000 719.884000
9.035640 607.393000 686.664000
9.052000 594.099000 759.968000
9.068420 593.470000 727.870000
9.101440 587.605000 777.942000
9.117740 611.184000 728.882000
9.150700 604.095000 724.592000
9.167050 575.382000 782.826000
9.199830 596.411000 755.766000
9.216310 600.457000 761.178000
9.249150 554.659000 716.562000
9.265690 563.329000 731.610000
9.298400 552.177000 762.630000
9.314940 564.587000 789.096000
9.347840 561.136000 766.854000
9.364140 558.943000 727.936000
9.380620 560.388000 750.310000
9.397030 571.608000 847.550000
9.413330 577.728000 822.910000
9.429870 579.870000 854.810000
9.446410 575.433000 825.792000
9.462770 605.965000 885.038000
9.479190 605.693000 878.636000
9.495540 668.967000 822.822000
9.512020 679.456000 801.196000
9.528500 678.929000 791.758000
9.544860 683.451000 770.462000
9.561220 675.274000 772.838000
9.577880 675.495000 766.106000
9.594180 660.756000 839.806000
9.610530 670.293000 694.056000
9.627260 669.647000 660.352000
9.643680 666.281000 668.250000
9.659910 679.558000 742.808000
9.692750 618.885000 642.774000
9.709170 628.099000 653.334000
9.725650 628.677000 670.010000
9.742070 631.414000 727.100000
9.758480 634.763000 795.146000
9.775020 635.341000 811.008000
9.791260 659.379000 750.772000
9.807800 649.553000 713.460000
9.824160 649.111000 696.630000
9.840640 612.578000 756.272000
9.858580 633.777000 788.568000
9.873600 633.199000 772.882000
9.889890 677.110000 713.284000
9.906310 704.463000 702.328000
9.922790 704.310000 725.516000
9.939150 682.465000 831.578000
9.955380 690.625000 843.854000
9.971980 691.084000 853.072000
9.988460 705.823000 769.076000
10.004880 732.921000 727.870000
10.021300 733.074000 695.090000
10.038020 681.258000 756.954000
10.054140 703.647000 674.982000
10.070740 703.562000 648.494000
10.087590 679.609000 676.874000
10.103520 694.807000 653.972000
10.120000 694.314000 643.676000
10.136290 683.519000 603.482000
10.152770 711.110000 628.144000
10.169190 711.246000 665.830000
10.187190 721.429000 723.118000
10.202030 703.766000 639.650000
10.234990 727.107000 703.076000
10.251280 738.225000 657.734000
10.267760 737.562000 681.978000
10.284180 684.318000 746.944000
10.300600 709.886000 832.854000
10.317020 710.175000 842.028000
10.333440 707.540000 784.454000
10.349910 695.334000 759.396000
10.366270 695.351000 734.756000
10.382750 778.855000 630.718000
10.399110 751.111000 766.744000
10.415650 749.938000 780.230000
10.432070 762.773000 746.812000
10.448430 797.470000 778.448000
10.464900 797.436000 779.372000
10.481510 772.378000 785.092000
10.497680 781.558000 731.962000
10.514100 782.833000 690.382000
10.530640 766.972000 712.976000
10.547060 684.760000 595.980000
10.563420 684.777000 597.916000
10.579770 579.139000 725.494000
10.596310 580.227000 766.832000
10.612790 582.437000 806.674000
10.629090 593.708000 888.074000
10.645630 579.819000 831.666000
10.662050 581.944000 863.390000
10.678410 574.073000 837.430000
10.694890 578.986000 914.716000
10.727660 590.274000 858.352000
10.744140 582.964000 859.914000
10.760680 581.672000 837.320000
10.777040 579.190000 850.938000
10.793400 591.192000 780.450000
10.809880 589.305000 748.572000
10.826230 616.505000 680.504000
10.843510 578.544000 722.832000
10.859070 579.564000 738.562000
10.875550 591.056000 909.986000
10.891970 585.701000 916.432000
10.908390 586.738000 930.864000
10.925050 580.244000 894.740000
10.941280 637.483000 843.238000
10.957950 637.602000 849.530000
10.974180 653.718000 872.124000
10.990780 650.335000 874.808000
11.007020 650.369000 868.384000
11.023380 691.305000 889.548000
11.039920 685.797000 854.084000
11.056210 685.287000 823.064000
11.072690 678.623000 753.346000
11.089170 681.020000 720.258000
11.122010 664.479000 731.192000
11.138370 673.081000 745.052000
11.154850 673.217000 768.042000
11.173100 705.755000 918.060000
11.187810 695.164000 929.060000
11.204160 696.201000 944.592000
11.220700 678.844000 908.182000
11.237060 720.188000 847.704000
11.253420 719.491000 829.620000
11.269900 713.337000 811.932000
11.286320 708.934000 765.798000
11.302800 709.291000 777.876000
11.319150 685.304000 895.488000
11.335510 695.844000 832.590000
11.351990 695.436000 801.570000
11.368350 740.979000 705.958000
11.384830 717.876000 862.026000
11.417790 710.464000 832.766000
11.434140 739.602000 740.322000
11.466980 745.841000 781.814000
11.483520 725.016000 785.180000
11.516300 746.606000 830.478000
11.532780 735.743000 840.466000
11.565550 723.095000 713.548000
11.582030 713.864000 721.006000
11.614870 741.098000 662.398000
11.631230 705.891000 733.238000
11.664180 572.322000 985.732000
11.680480 541.093000 1043.306000
11.713380 569.789000 953.810000
11.729860 568.072000 849.530000
11.746280 566.576000 825.374000
11.762700 580.108000 927.410000
11.779170 570.486000 880.616000
11.795530 569.789000 870.958000
11.812010 562.343000 882.508000
11.828980 571.846000 999.548000
11.844910 572.577000 1008.942000
11.861150 542.487000 921.470000
11.877690 545.479000 856.812000
11.894170 542.895000 823.284000
11.910520 546.720000 889.526000
11.927060 546.091000 791.054000
11.943540 547.910000 814.000000
11.959900 535.075000 898.854000
11.976320 539.665000 928.400000
11.992800 542.504000 961.202000
12.009090 563.363000 876.260000
12.025510 535.806000 937.706000
12.058530 532.780000 1008.458000
12.075010 558.535000 902.814000
12.107790 594.745000 969.012000
12.124150 607.648000 1014.552000
12.156980 579.904000 987.074000
12.173400 601.443000 1029.204000
12.206300 579.343000 1018.820000
12.222780 582.624000 930.732000
12.255550 585.786000 996.666000
12.272160 589.203000 951.368000
12.288450 587.741000 928.510000
12.304930 565.573000 952.820000
12.321290 549.168000 943.492000
12.337710 548.335000 933.526000
12.354000 532.406000 913.440000
12.370610 533.800000 994.114000
12.386840 536.758000 1025.772000
12.403380 539.835000 1027.598000
12.419740 544.102000 1040.688000
12.452510 535.228000 996.314000
12.469300 540.753000 1015.168000
12.502200 573.376000 900.218000
12.518740 667.505000 917.246000
12.551510 672.860000 1059.410000
12.567870 682.431000 963.182000
12.602230 699.618000 965.338000
12.617130 687.123000 961.488000
12.649900 680.187000 967.978000
12.666260 678.402000 984.214000
12.699160 644.385000 1036.420000
12.715520 665.465000 1009.294000
12.748350 680.782000 955.460000
12.764950 685.406000 985.776000
12.797850 671.840000 1022.230000
12.814760 668.355000 1012.264000
12.847230 700.876000 953.172000
12.863530 687.735000 972.752000
12.896180 663.272000 1012.132000
12.912780 706.333000 994.708000
12.929140 706.163000 979.000000
12.945680 573.682000 996.534000
12.962040 561.340000 871.882000
12.994870 539.750000 1075.954000
13.011410 536.503000 1056.308000
13.027590 537.965000 1071.664000
13.044190 550.834000 1048.432000
13.060550 539.342000 986.216000
13.093440 529.924000 1036.992000
13.109800 549.304000 1016.070000
13.143010 535.619000 1046.056000
13.159180 539.002000 1035.892000
13.192020 538.900000 1052.942000
13.208310 547.587000 1075.074000
13.241270 555.526000 1098.614000
13.257630 547.587000 1015.652000
13.290530 548.216000 1034.990000
13.306880 554.455000 1047.178000
13.339780 546.890000 1008.656000
13.356200 530.978000 1077.406000
13.372680 531.437000 1082.774000
13.389160 583.491000 1048.146000
13.405520 543.813000 1078.374000
13.421940 544.782000 1086.734000
13.438420 542.232000 1117.006000
13.454770 550.817000 1057.716000
13.471370 548.182000 1028.170000
13.487850 532.270000 1017.016000
13.504090 543.354000 1027.422000
13.520510 542.878000 1021.240000
13.536930 555.747000 940.786000
13.553410 556.852000 945.208000
13.569760 556.818000 944.790000
13.586240 586.398000 881.606000
13.602600 576.997000 977.152000
13.619140 577.235000 983.510000
13.635500 602.174000 942.436000
13.651860 591.991000 1012.308000
13.668400 593.096000 1028.038000
13.684750 627.045000 954.470000
13.701170 610.810000 933.438000
13.717650 609.773000 910.096000
13.734130 624.648000 928.642000
13.750550 582.403000 952.710000
13.767030 580.278000 921.184000
13.783510 610.011000 592.482000
13.800110 571.880000 650.276000
13.816410 574.243000 690.382000
13.832640 636.650000 738.474000
13.849180 607.852000 812.460000
13.865540 608.651000 822.800000
13.881960 614.346000 729.564000
13.898440 598.893000 680.746000
13.914980 597.686000 660.220000
13.931210 567.664000 777.370000
13.947690 569.806000 792.550000
13.964050 572.917000 837.584000
13.980650 638.231000 749.892000
13.997010 632.043000 809.622000
14.014950 631.431000 793.562000
14.029970 659.651000 683.386000
14.046260 638.316000 706.354000
14.062680 638.792000 729.520000
14.079100 655.248000 830.346000
14.095520 660.331000 820.974000
14.111880 661.283000 846.032000
14.128360 624.478000 814.462000
14.144780 646.850000 828.058000
14.161320 646.153000 818.642000
14.177670 612.527000 898.238000
14.194150 479.978000 237.424000
14.210570 479.672000 231.682000
14.226930 570.571000 866.294000
14.243350 559.130000 770.770000
14.259700 556.801000 738.782000
14.276310 488.104000 72.534000
14.292660 489.787000 56.232000
14.325560 572.084000 767.998000
14.342100 561.051000 834.086000
14.374820 578.901000 769.230000
14.391240 621.928000 733.568000
14.407590 621.180000 707.454000
14.424130 686.375000 568.612000
14.440550 692.359000 577.434000
14.456910 691.798000 566.434000
14.473510 676.906000 523.380000
14.489750 704.293000 572.814000
14.506160 704.922000 620.158000
14.522640 701.998000 710.600000
14.539180 718.250000 646.448000
14.555480 717.315000 660.000000
14.572080 696.473000 692.736000
14.588380 699.074000 729.894000
14.604800 699.227000 767.096000
14.621220 665.924000 861.938000
14.637700 677.773000 844.492000
14.654170 677.875000 820.732000
14.670840 536.027000 1371.414000
14.687010 503.761000 1263.790000
14.703430 500.480000 1239.392000
14.719910 518.364000 1234.332000
14.736270 537.302000 1215.082000
14.769040 515.134000 1268.190000
14.785520 507.433000 1262.404000
14.818420 492.303000 1201.904000
14.834780 500.395000 1147.652000
14.851440 502.486000 1165.516000
14.867610 524.076000 1223.552000
14.883970 530.332000 1234.574000
14.900450 529.108000 1221.858000
14.916870 517.140000 1133.748000
14.933410 503.999000 1143.362000
14.949770 498.117000 1094.808000
14.966310 524.552000 1083.896000
14.982670 498.882000 1115.884000
14.999080 500.004000 1124.838000
15.015750 485.911000 1115.444000
15.031920 510.068000 1068.870000
15.048400 510.612000 1074.238000
15.064820 490.892000 1148.224000
15.081240 484.500000 1211.474000
15.097660 488.291000 1239.546000
15.114200 569.551000 1147.608000
15.130680 579.836000 1132.626000
15.163390 591.991000 1230.240000
15.179810 575.229000 1181.620000
15.212650 595.561000 1227.996000
15.229000 595.289000 1228.986000
15.245480 593.861000 1209.362000
15.261900 600.134000 1168.002000
15.278380 599.692000 1134.804000
15.294800 597.686000 1106.842000
15.311100 603.449000 985.402000
15.327580 559.606000 1012.396000
15.344060 561.221000 1032.922000
15.360530 527.306000 1195.678000
15.376890 510.833000 1213.102000
15.393250 514.233000 1240.998000
15.409670 563.907000 1269.356000
15.426270 585.735000 1285.922000
15.459050 599.981000 1170.620000
15.475520 575.331000 1254.814000
15.508420 558.178000 1219.306000
15.524720 556.138000 1242.912000
15.557620 552.908000 1234.288000
15.573910 530.043000 1269.158000
15.606930 528.887000 1261.304000
15.623410 535.381000 1272.040000
15.656190 530.944000 1235.960000
15.672670 525.198000 1227.732000
15.688900 527.136000 1244.958000
15.705570 524.858000 1377.244000
15.722050 535.857000 1398.034000
15.738650 538.883000 1420.276000
15.754940 519.690000 1316.590000
15.771360 530.196000 1360.942000
15.787660 525.640000 1325.500000
15.804140 524.127000 1263.504000
15.820740 532.219000 1221.308000
15.836910 528.547000 1188.880000
15.853390 568.072000 1182.280000
15.869750 574.209000 1219.460000
15.886410 576.708000 1246.630000
15.902770 562.275000 1243.506000
15.919070 560.371000 1244.298000
15.952030 556.733000 1240.866000
15.968440 556.512000 1229.954000
16.001460 580.074000 1250.876000
16.017760 581.111000 1319.538000
16.050540 552.126000 1225.928000
16.066960 586.976000 1274.350000
16.083440 585.565000 1254.902000
16.099730 584.681000 1124.486000
16.116270 567.562000 1197.856000
16.132750 565.012000 1171.082000
16.149170 550.035000 1103.564000
16.165710 583.916000 1089.748000
16.198360 549.304000 1179.090000
16.214720 563.380000 1155.506000
16.247680 583.797000 1054.218000
16.264040 663.595000 1044.098000
16.296880 680.136000 1042.228000
16.313350 677.807000 965.162000
16.346130 667.437000 1178.188000
16.362670 656.166000 1121.142000
16.395510 738.021000 1005.752000
16.411930 733.907000 1036.156000
16.444760 669.018000 1026.608000
16.461120 684.845000 1029.116000
16.477540 685.049000 1049.664000
16.494020 718.556000 1100.220000
16.510500 700.536000 1152.624000
16.526860 700.978000 1181.136000
16.543400 715.020000 1138.610000
16.559750 713.235000 1148.818000
16.592650 715.462000 1155.286000
16.609010 717.162000 1139.028000
16.641910 639.251000 1242.824000
16.658390 553.248000 1253.956000
16.691160 570.146000 1229.250000
16.707640 526.932000 1267.794000
16.740540 537.574000 1317.580000
16.757080 539.410000 1247.730000
16.789730 528.088000 1289.420000
16.806270 551.633000 1211.188000
16.839050 557.736000 1261.766000
16.855350 537.353000 1278.926000
16.888430 567.290000 1320.242000
16.904660 555.917000 1290.168000
16.937680 604.962000 1163.624000
16.954040 586.041000 1150.380000
16.970460 587.248000 1168.486000
16.986940 595.442000 1269.444000
17.003300 607.206000 1277.474000
17.019780 607.835000 1284.888000
17.036190 607.002000 1245.640000
17.052610 587.061000 1241.020000
17.069030 586.449000 1233.540000
17.085570 592.909000 1269.158000
17.101930 605.217000 1249.094000
17.118100 605.948000 1256.904000
17.134770 588.506000 1235.894000
17.151180 584.494000 1212.156000
17.167660 583.780000 1204.346000
17.183960 599.930000 1218.954000
17.200380 598.910000 1299.320000
17.216860 599.641000 1306.404000
17.233280 571.608000 1211.474000
17.249760 597.601000 1223.596000
17.266170 596.836000 1215.940000
17.282650 562.207000 1310.804000
17.300480 564.638000 1333.970000
17.315550 564.009000 1327.832000
17.331910 547.706000 1394.712000
17.348270 526.881000 1391.104000
17.364810 521.577000 1352.406000
17.381160 564.230000 1224.234000
17.397580 569.483000 1163.778000
17.414060 568.293000 1149.654000
17.430420 552.908000 1198.956000
17.446900 593.249000 1197.262000
17.463440 594.558000 1215.654000
17.479800 616.539000 1231.802000
17.496150 618.817000 1249.644000
17.513610 618.698000 1247.972000
17.529050 652.851000 1175.548000
17.545530 658.716000 1218.404000
17.561890 658.002000 1199.726000
17.578310 643.314000 1141.536000
17.594790 656.642000 1124.728000
17.611150 656.710000 1126.444000
17.627690 658.002000 1215.346000
17.644040 662.745000 1182.280000
17.676880 623.509000 1156.320000
17.693300 654.092000 1136.498000
17.709660 654.721000 1156.210000
17.727970 643.603000 1189.628000
17.742680 656.897000 1265.946000
17.759030 657.390000 1273.360000
17.775510 660.178000 1233.232000
17.791870 629.731000 1167.100000
17.808290 629.085000 1158.960000
17.824770 648.091000 1152.998000
17.841130 643.603000 1231.648000
17.857850 644.317000 1245.310000
17.873960 692.427000 1147.520000
17.890500 719.610000 1317.558000
17.906920 719.746000 1298.968000
17.923460 676.753000 1200.870000
17.939760 714.578000 1176.032000
17.956850 714.255000 1168.420000
17.972660 715.683000 1243.440000
17.989010 663.051000 1220.868000
18.005430 663.527000 1234.574000
18.021910 712.028000 1197.526000
18.038270 716.346000 1228.744000
18.056520 716.414000 1242.120000
18.071170 711.552000 1291.114000
18.087650 725.424000 1251.272000
18.104060 725.475000 1264.560000
18.120540 708.407000 1245.706000
18.136900 686.171000 1253.208000
18.153260 685.661000 1244.804000
18.169740 693.923000 1287.242000
18.186160 690.846000 1273.558000
18.202640 691.220000 1279.982000
18.218930 714.884000 1284.294000
18.235410 721.497000 1261.876000
18.251890 721.514000 1263.240000
18.268250 705.126000 1200.232000
18.284790 741.761000 1160.676000
18.317630 736.253000 1211.672000
18.334050 733.312000 1201.640000
18.366880 726.087000 1219.372000
18.383360 709.648000 1229.646000
18.416140 706.996000 1276.110000
18.432620 710.668000 1295.888000
18.449040 710.736000 1276.726000
18.465580 703.426000 1206.656000
18.481870 743.818000 1200.188000
18.500120 743.529000 1192.686000
18.514770 775.370000 1191.938000
18.531130 781.898000 1156.936000
18.547790 781.082000 1185.162000
18.564150 809.013000 1247.246000
18.580440 824.466000 1151.898000
18.613220 814.997000 1203.862000
18.629760 822.120000 1168.376000
18.646120 820.777000 1187.098000
18.662660 817.496000 1236.466000
18.679020 780.453000 1267.860000
18.695430 780.555000 1274.372000
18.713620 876.571000 1238.182000
18.728270 900.643000 1206.018000
18.744810 900.847000 1199.726000
18.761170 885.734000 1271.864000
18.777650 896.767000 1317.800000
18.794070 896.478000 1323.696000
18.810490 910.231000 1280.664000
18.828610 917.932000 1297.252000
18.843320 920.652000 1273.690000
18.859800 910.333000 1216.314000
18.876160 893.214000 1240.492000
18.892640 891.072000 1258.862000
18.909060 912.305000 1288.628000
18.925420 960.874000 1299.606000
18.941890 963.577000 1283.656000
18.958440 951.490000 1237.324000
18.974790 993.395000 1119.778000
18.991270 1001.283000 1065.306000
19.007810 952.901000 1066.186000
19.024170 949.892000 1159.114000
19.042540 944.367000 1197.768000
19.057070 621.860000 1261.480000
19.073430 530.145000 1392.996000
19.089600 532.015000 1406.526000
19.106140 570.639000 1322.926000
19.122920 540.804000 1369.830000
19.139280 537.268000 1341.186000
19.155520 535.653000 1386.022000
19.172000 559.759000 1355.200000
19.188420 562.530000 1379.994000
19.204770 591.277000 1273.536000
19.221190 559.606000 1325.742000
19.253910 562.615000 1291.466000
19.270570 534.123000 1261.612000
19.303410 545.105000 1341.626000
19.319640 536.639000 1289.926000
19.352540 550.613000 1227.732000
19.370730 539.512000 1355.530000
19.401920 540.770000 1363.164000
19.418400 521.169000 1465.574000
19.434750 519.452000 1453.958000
19.451110 535.619000 1493.096000
19.467530 554.523000 1421.750000
19.500490 543.507000 1433.036000
19.516910 537.710000 1425.160000
19.533330 537.710000 1425.160000
19.549680 545.411000 1434.994000
19.566350 538.985000 1388.200000
19.582520 536.979000 1371.062000
19.599060 550.001000 1366.266000
19.615360 556.937000 1346.026000
19.631900 556.053000 1338.832000
19.648070 637.228000 1308.142000
19.664790 617.525000 1443.178000
19.681090 618.443000 1454.728000
19.699460 622.744000 1463.990000
19.714110 630.547000 1454.156000
19.747070 595.459000 1452.946000
19.763310 616.879000 1464.364000
19.796140 607.223000 1455.146000
19.812500 614.805000 1430.858000
19.845400 640.356000 1403.754000
19.861940 621.095000 1465.794000
19.894780 601.562000 1406.460000
19.911190 625.804000 1365.870000
19.944030 582.794000 1442.012000
19.960390 545.054000 1310.892000
19.993350 540.498000 1296.944000
20.009830 537.098000 1265.858000
20.026250 538.577000 1278.948000
20.042540 528.751000 1360.810000
20.059080 515.457000 1380.698000
20.091920 520.642000 1414.886000
20.108520 525.266000 1308.670000
20.124690 523.685000 1295.756000
20.141110 531.811000 1304.710000
20.157530 530.332000 1287.880000
20.190370 527.901000 1425.050000
20.206910 518.058000 1325.302000
20.223450 519.690000 1337.974000
20.239620 650.352000 1363.956000
20.256160 627.198000 1371.986000
20.272640 626.858000 1366.508000
20.289060 639.166000 1327.480000
20.305360 639.625000 1256.112000
20.321900 639.098000 1248.478000
20.338260 604.282000 1292.786000
20.354610 621.520000 1335.686000
20.371150 622.047000 1343.122000
20.387510 673.166000 1306.734000
20.403990 667.896000 1316.282000
20.420410 667.437000 1309.330000
20.436890 561.119000 1292.478000
20.453250 584.205000 1397.066000
20.470210 585.089000 1403.666000
20.486330 537.489000 1412.400000
20.502690 514.352000 1276.594000
20.519040 511.666000 1256.200000
20.535400 549.967000 1307.504000
20.551940 542.861000 1452.176000
20.568300 545.836000 1474.880000
20.584660 523.838000 1431.694000
20.601200 557.056000 1366.948000
20.617550 556.631000 1361.580000
20.633970 558.314000 1450.878000
20.650390 568.242000 1395.878000
20.666930 568.888000 1403.490000
20.683230 597.805000 1417.526000
20.699710 614.788000 1494.020000
20.716190 616.216000 1506.626000
20.732540 593.487000 1465.112000
20.749020 607.852000 1385.692000
20.765440 605.387000 1357.532000
20.781800 602.752000 1418.582000
20.798220 599.811000 1420.870000
20.814640 600.627000 1427.844000
20.831300 586.143000 1397.264000
20.847470 570.027000 1358.654000
20.864070 569.075000 1351.504000
20.880370 589.713000 1410.662000
20.896910 605.455000 1399.838000
20.913270 607.512000 1423.884000
20.929630 593.232000 1423.356000
20.946110 586.075000 1470.590000
20.979000 578.816000 1451.582000
20.995420 536.316000 1359.028000
21.011840 535.194000 1351.108000
21.028260 566.134000 1452.110000
21.044680 564.111000 1442.848000
21.061160 565.658000 1454.508000
21.077580 559.436000 1489.730000
21.093930 554.625000 1472.680000
21.110530 555.288000 1481.766000
21.126710 545.224000 1459.018000
21.143190 570.401000 1500.114000
21.159670 570.044000 1496.066000
21.176150 531.879000 1559.690000
21.192570 544.731000 1512.962000
21.208920 540.379000 1482.734000
21.225400 533.358000 1484.604000
21.241940 553.486000 1312.960000
21.274660 570.673000 1435.588000
21.291200 566.661000 1421.728000
21.307560 569.789000 1447.248000
21.324040 594.762000 1492.216000
21.340330 579.955000 1548.052000
21.356990 583.576000 1579.270000
21.373290 595.170000 1595.176000
21.389650 594.150000 1577.290000
21.422550 601.511000 1555.884000
21.439030 570.843000 1511.664000
21.471740 585.463000 1551.330000
21.488280 590.223000 1612.996000
21.521180 598.876000 1481.150000
21.537540 609.960000 1535.666000
21.570370 569.806000 1558.040000
21.586910 583.406000 1567.170000
21.619570 600.678000 1605.560000
21.636050 594.881000 1510.542000
21.668950 579.887000 1568.116000
21.685550 640.662000 1568.490000
21.701780 639.744000 1554.058000
21.718140 557.141000 1542.178000
21.734860 569.840000 1610.422000
21.751100 568.905000 1604.944000
21.767640 543.099000 1516.372000
21.783870 557.413000 1562.220000
21.800420 558.280000 1568.094000
21.816770 572.407000 1492.106000
21.833310 574.821000 1513.666000
21.849670 572.475000 1493.360000
21.866330 557.124000 1441.748000
21.882450 573.648000 1466.696000
21.915410 555.849000 1469.182000
21.931700 553.265000 1452.484000
21.948240 551.344000 1435.720000
21.964600 595.221000 1492.216000
21.981200 562.003000 1468.786000
21.997500 562.564000 1475.826000
22.013920 582.029000 1511.202000
22.030400 586.058000 1536.018000
22.046810 590.767000 1578.478000
22.063290 598.349000 1545.522000
22.079650 594.592000 1536.612000
22.112550 595.136000 1611.412000
22.129210 580.771000 1559.536000
22.145390 579.411000 1545.016000
22.161740 522.563000 1658.184000
22.178280 533.052000 1640.848000
22.194580 527.629000 1608.090000
22.211180 490.263000 1526.272000
22.227480 492.745000 1521.696000
22.243900 489.022000 1499.828000
22.260560 512.074000 1472.152000
22.276730 513.196000 1481.480000
22.293460 515.576000 1496.616000
22.309630 505.648000 1480.798000
22.326110 517.174000 1557.820000
22.342530 518.364000 1564.508000
22.358890 525.283000 1499.278000
22.375430 533.902000 1475.342000
22.391780 530.825000 1452.704000
22.408260 512.329000 1495.494000
22.424680 578.374000 1532.146000
22.457520 558.773000 1576.938000
22.474060 557.039000 1438.074000
22.490540 558.688000 1454.178000
22.506770 566.321000 1597.442000
22.523320 556.478000 1612.886000
22.539610 557.532000 1618.672000
22.556150 565.964000 1604.592000
22.572510 550.885000 1645.754000
22.589050 548.012000 1626.064000
22.605410 574.838000 1539.736000
22.621770 554.540000 1604.834000
22.638240 556.308000 1618.848000
22.654850 589.951000 1601.842000
22.671140 600.168000 1644.896000
22.687500 602.293000 1665.048000
22.703920 594.371000 1637.130000
22.720400 602.752000 1578.632000
22.736760 601.341000 1563.342000
22.753300 584.511000 1669.096000
22.769780 596.020000 1568.446000
22.786190 595.170000 1562.374000
22.802550 572.526000 1632.136000
22.818850 572.356000 1665.488000
22.835390 575.025000 1684.958000
22.851810 587.809000 1635.414000
22.868230 579.071000 1661.528000
22.884640 577.337000 1647.360000
22.901250 572.475000 1628.704000
22.917540 592.705000 1598.014000
22.933960 590.461000 1577.928000
22.950380 593.147000 1500.598000
22.966800 708.152000 1475.606000
22.984010 707.948000 1463.220000
22.999630 670.650000 1411.608000
23.016170 681.207000 1401.774000
23.048890 654.432000 1468.170000
23.065430 649.944000 1424.852000
23.081790 651.015000 1454.508000
23.098270 639.251000 1464.518000
23.114690 641.614000 1505.350000
23.131160 643.688000 1541.980000
23.147520 668.491000 1590.072000
23.163880 654.687000 1608.904000
23.180360 655.214000 1614.228000
23.196720 654.942000 1566.818000
23.213260 653.786000 1546.974000
23.229680 651.984000 1515.910000
23.246030 657.254000 1523.588000
23.262510 656.625000 1502.864000
23.278930 656.030000 1491.820000
23.295290 707.047000 1435.346000
23.312070 739.211000 1497.584000
23.328310 739.364000 1492.458000
23.344670 733.363000 1513.094000
23.360960 735.930000 1520.992000
23.377560 735.658000 1525.942000
23.393920 730.473000 1474.528000
23.410400 729.827000 1494.482000
23.426760 730.099000 1500.466000
23.443240 717.995000 1478.576000
23.459720 703.647000 1550.296000
23.476200 703.205000 1529.176000
23.492550 716.720000 1439.284000
23.508910 714.867000 1389.740000
23.525330 714.850000 1406.240000
23.541810 750.652000 1560.218000
23.558290 733.006000 1592.118000
23.574650 733.329000 1597.926000
23.591000 737.052000 1608.772000
23.607480 748.153000 1606.704000
23.624080 748.340000 1586.904000
23.640930 765.510000 1518.286000
23.656920 776.662000 1525.986000
23.673460 775.778000 1541.518000
23.689700 732.496000 1542.090000
23.706240 597.550000 1582.790000
23.722530 599.743000 1603.888000
23.739070 525.504000 1576.476000
23.755370 539.767000 1644.676000
23.771970 537.642000 1630.090000
23.788270 535.364000 1586.024000
23.804690 532.712000 1598.454000
23.820980 531.114000 1588.070000
23.837710 513.349000 1610.268000
23.854060 534.191000 1625.096000
23.886780 484.041000 1642.014000
23.903380 513.655000 1651.342000
23.919800 511.938000 1641.970000
23.936160 538.288000 1585.298000
23.952510 534.140000 1591.238000
23.985410 525.453000 1539.802000
24.001770 519.299000 1583.516000
24.034670 528.972000 1592.536000
24.051030 482.069000 1504.558000
24.083860 521.441000 1595.418000
24.100400 512.890000 1603.294000
24.133120 594.337000 1526.844000
24.149600 619.123000 1516.262000
24.182500 627.300000 1550.362000
24.198970 649.230000 1513.490000
24.231750 593.419000 1429.494000
24.248290 630.802000 1447.314000
24.281130 626.025000 1506.538000
24.297490 627.011000 1557.512000
24.314030 628.184000 1571.746000
24.330380 573.189000 1585.276000
24.346800 599.012000 1575.398000
24.363160 601.222000 1596.452000
24.379640 603.500000 1629.496000
24.396060 599.420000 1667.534000
24.428890 622.608000 1586.574000
24.445370 620.194000 1554.190000
24.478150 544.374000 1728.804000
24.494570 547.842000 1712.150000
24.510990 546.278000 1702.888000
24.527530 573.291000 1624.898000
24.543880 532.984000 1652.508000
24.560420 531.369000 1642.718000
24.576780 531.029000 1686.498000
24.593140 526.677000 1647.228000
24.609680 528.972000 1660.780000
24.626280 552.976000 1644.478000
24.642580 548.216000 1732.478000
24.659000 550.732000 1746.228000
24.675600 568.208000 1670.108000
24.691770 529.448000 1727.528000
24.708130 523.481000 1694.770000
24.724550 475.609000 1816.892000
24.741030 445.978000 1851.696000
24.757510 441.371000 1836.648000
24.774050 438.464000 1806.772000
24.790410 440.062000 1842.016000
24.806700 446.250000 1861.486000
24.823180 465.817000 1872.486000
24.841130 469.710000 1900.976000
24.856020 471.053000 1904.870000
24.872500 460.173000 1817.156000
24.888850 461.652000 1836.978000
24.905270 457.215000 1820.940000
24.921810 490.637000 1801.404000
24.938170 500.820000 1840.938000
24.971010 633.199000 1705.946000
24.987550 640.390000 1724.668000
25.020260 515.032000 1854.622000
25.036740 548.896000 1703.658000
25.053160 547.366000 1684.936000
25.069820 591.447000 1667.600000
25.086060 527.969000 1752.080000
25.102420 526.133000 1735.316000
25.118900 526.422000 1629.100000
25.135250 517.990000 1657.942000
25.151730 522.903000 1683.836000
25.168150 518.092000 1759.648000
25.184750 516.987000 1772.782000
25.200990 524.467000 1810.248000
25.217530 551.735000 1859.066000
25.233890 539.835000 1872.420000
25.266780 507.977000 1830.620000
25.283080 491.742000 1875.962000
25.315920 498.950000 1922.052000
25.332520 512.040000 1822.238000
25.348880 509.524000 1810.050000
25.365300 512.533000 1850.728000
25.381710 499.460000 1894.992000
25.398190 498.117000 1890.350000
25.414610 502.367000 1936.880000
25.431030 509.269000 1950.718000
25.447570 513.009000 1965.458000
25.463930 539.903000 1882.694000
25.480290 535.908000 1834.998000
25.496700 533.579000 1822.722000
25.513310 499.817000 1906.982000
25.529660 494.802000 1815.748000
25.546200 493.663000 1810.908000
25.562440 553.843000 1893.386000
25.578920 539.954000 1864.984000
25.595280 543.201000 1881.000000
25.611820 519.299000 1850.332000
25.628300 540.243000 1887.930000
25.661010 505.478000 1879.900000
25.677490 498.899000 1881.638000
25.710390 490.484000 1892.374000
25.726810 490.348000 1892.330000
25.759640 551.531000 1924.208000
25.775880 540.328000 1914.220000
25.808900 535.942000 1796.564000
25.825260 534.429000 1797.840000
25.858150 550.137000 1841.268000
25.874630 590.002000 1858.582000
25.891300 588.489000 1846.658000
25.907650 553.962000 1817.596000
25.924070 555.169000 1746.294000
25.940310 552.245000 1728.892000
25.956790 542.130000 1867.514000
25.973020 541.841000 1659.592000
26.005860 571.880000 1816.166000
26.022640 571.506000 1782.132000
26.039250 573.121000 1794.078000
26.057430 579.598000 1872.662000
26.072200 608.345000 1849.342000
26.088380 610.504000 1865.358000
26.104800 603.874000 1891.318000
26.120970 648.193000 1832.270000
26.154170 628.303000 1848.264000
26.170530 615.876000 1801.206000
26.203430 638.520000 1808.488000
26.219970 656.965000 1841.774000
26.236330 656.438000 1829.190000
26.252930 676.209000 1777.116000
26.269290 676.753000 1806.904000
26.285520 676.175000 1802.680000
26.301760 698.598000 1826.968000
26.318180 706.044000 1802.130000
26.334660 706.503000 1819.268000
26.351010 739.806000 1864.456000
26.367610 753.185000 1857.526000
26.400390 751.825000 1829.080000
26.416810 717.587000 1821.006000
26.433170 717.536000 1808.532000
26.449650 738.803000 1884.652000
26.465880 736.032000 1839.222000
26.498960 495.686000 1834.470000
26.515320 488.733000 1841.444000
26.531800 493.867000 1862.850000
26.548220 530.587000 1982.618000
26.564700 545.156000 2021.360000
26.581050 547.808000 2031.392000
26.597350 553.044000 2011.394000
26.613890 549.661000 1958.682000
26.630310 546.788000 1945.768000
26.646790 534.837000 1897.324000
26.663150 519.792000 2008.666000
26.679630 521.407000 2014.562000
26.695980 552.908000 1911.030000
26.712340 530.060000 1992.760000
26.728880 529.533000 1989.130000
26.745240 534.769000 1958.682000
26.761660 494.122000 1922.580000
26.778140 491.130000 1912.130000
26.794560 495.499000 1977.822000
26.812380 510.102000 2007.082000
26.827580 512.040000 2013.968000
26.843870 522.138000 1935.098000
26.860290 523.039000 1950.806000
26.893190 510.918000 1993.068000
26.909670 535.262000 1964.248000
26.942440 551.684000 1969.792000
26.958860 541.229000 1979.538000
26.991700 542.555000 1978.768000
27.008120 522.410000 1981.914000
27.041080 514.080000 1953.600000
27.057370 516.579000 1992.452000
27.090270 542.028000 1934.702000
27.106870 490.195000 1966.250000
27.123170 492.881000 1975.380000
27.140630 507.960000 1902.538000
27.156250 499.681000 1972.212000
27.172420 503.421000 1985.148000
27.188900 568.225000 1759.758000
27.205260 585.786000 1298.704000
27.221680 585.599000 1293.226000
27.238280 650.420000 200.002000
27.287350 655.979000 279.950000
27.303890 657.322000 246.224000
27.320430 657.203000 280.126000
27.336730 669.375000 263.626000
27.353150 675.478000 293.216000
27.369570 678.079000 357.280000
27.385990 679.694000 306.196000
27.402400 671.398000 310.596000
27.435300 659.005000 237.006000
27.451780 619.412000 500.522000
27.468140 619.973000 522.544000
27.484560 583.899000 587.774000
27.501040 613.139000 644.666000
27.517400 614.380000 676.192000
27.534060 567.426000 635.668000
27.550290 579.105000 633.050000
27.583190 587.333000 726.528000
27.599550 584.511000 685.080000
27.616030 585.480000 704.264000
27.632390 577.677000 797.720000
27.648860 582.692000 831.006000
27.665100 584.358000 857.956000
27.681760 628.813000 844.558000
27.698180 619.378000 841.104000
27.714660 618.579000 822.382000
27.731020 609.926000 721.336000
27.747440 663.544000 907.940000
27.763920 662.847000 882.596000
27.780270 642.838000 507.936000
27.796750 637.449000 551.518000
27.829530 641.869000 581.372000
27.846010 636.956000 545.578000
27.862430 636.684000 522.302000
27.878910 640.798000 517.220000
27.895200 647.428000 550.946000
27.911800 647.020000 540.848000
27.928160 629.119000 360.712000
27.944520 626.110000 346.830000
27.961060 628.065000 403.084000
27.977420 640.135000 511.940000
27.993840 618.698000 684.948000
28.010250 618.953000 710.358000
28.026670 605.625000 576.510000
28.043090 612.374000 581.966000
28.059390 611.983000 555.324000
28.076050 641.937000 485.606000
28.092410 612.187000 545.512000
28.108890 611.796000 519.574000
28.125240 585.089000 9.262000
28.141660 584.018000 56.540000
28.174560 600.882000 21.736000
28.190980 567.783000 0.264000
28.223940 601.001000 22.880000
28.240300 562.853000 25.938000
28.256650 563.635000 51.194000
28.273130 604.741000 80.476000
28.289550 581.689000 135.256000
28.306150 582.964000 172.590000
28.322390 710.464000 674.014000
28.338930 718.641000 593.098000
28.371580 685.083000 753.610000
28.388310 701.743000 688.996000
28.421260 680.442000 741.004000
28.437560 689.435000 725.010000
28.453860 689.401000 704.484000
28.470580 670.905000 693.528000
28.486690 671.653000 703.472000
28.503110 671.075000 675.620000
28.519530 694.535000 582.604000
28.535950 675.852000 627.022000
28.552430 675.087000 550.814000
28.568910 684.692000 412.434000
28.585270 681.445000 314.556000
28.601620 680.170000 281.710000
28.618350 680.952000 361.702000
28.634520 678.266000 528.528000
28.651000 679.796000 635.140000
28.667360 694.535000 586.322000
28.683900 666.842000 633.138000
28.700260 667.080000 653.092000
28.716670 722.415000 442.552000
28.733280 842.826000 583.044000
28.749570 841.330000 613.162000
28.765990 842.724000 698.720000
28.782350 829.889000 688.380000
28.815250 852.448000 684.530000
28.831670 855.100000 692.428000
28.864560 827.424000 661.298000
28.881040 837.080000 710.006000
28.913760 833.153000 688.072000
28.930240 844.713000 712.558000
28.963260 841.483000 690.822000
28.979550 898.059000 558.734000
29.012450 1012.350000 271.128000
29.028930 1007.811000 264.462000
29.061650 950.130000 844.932000
29.078130 928.880000 771.474000
29.112610 910.146000 686.620000
29.127500 960.347000 805.596000
29.160280 952.714000 773.476000
29.176820 892.466000 400.752000
29.209590 891.548000 445.896000
29.226200 1032.614000 118.558000
29.242430 1045.500000 19.206000
29.258730 941.018000 47.410000
29.357420 794.053000 147.994000
29.373960 644.759000 217.624000
29.390260 645.303000 268.356000
29.406800 643.484000 385.704000
29.423160 643.076000 356.708000
29.439510 644.861000 430.012000
29.456180 655.316000 487.036000
29.472410 663.357000 438.042000
29.488770 663.085000 384.956000
29.505310 666.893000 405.900000
29.521670 676.158000 319.924000
29.538150 675.325000 248.446000
29.554500 632.842000 286.440000
29.571040 619.157000 321.640000
29.587340 619.769000 347.534000
29.603820 665.465000 368.082000
29.620300 757.758000 288.706000
29.636660 755.378000 393.646000
29.899540 785.808000 145.904000
29.981630 758.421000 16.258000
30.014650 714.663000 105.028000
30.030940 714.765000 86.328000
30.096620 734.502000 1.980000
30.293760 720.120000 635.052000
30.311340 581.859000 1376.716000
30.326660 575.467000 1311.200000
30.343320 590.835000 1329.526000
30.359500 568.871000 1209.648000
30.375920 560.422000 1122.176000
30.392400 487.713000 1249.116000
30.408630 490.484000 1319.054000
30.441650 522.478000 1055.164000
30.458130 607.087000 1044.714000
30.491090 537.336000 1215.896000
30.507390 556.563000 1034.242000
30.540280 543.473000 1106.248000
30.556820 513.009000 1277.100000
30.589540 494.853000 1204.522000
30.606020 502.758000 1240.470000
30.640440 525.402000 1176.032000
30.655270 523.532000 1146.816000
30.688170 532.576000 1202.432000
30.704530 515.508000 1171.918000
30.737430 528.751000 1230.834000
30.753720 533.647000 1247.818000
30.786680 516.358000 1230.460000
30.802980 538.373000 1187.318000
30.835940 570.129000 1184.348000
30.854130 574.005000 1157.662000
30.885440 617.831000 1150.864000
30.901790 618.188000 1163.096000
30.934570 599.879000 1167.276000
30.950810 602.208000 1163.360000
30.983890 607.155000 1153.438000
31.000310 610.963000 1195.920000
31.033140 606.016000 1246.806000
31.049680 597.788000 1165.010000
31.083620 604.928000 1224.300000
31.098940 520.183000 1403.402000
31.131650 531.437000 1324.752000
31.148190 563.499000 1407.494000
31.182070 515.644000 1473.868000
31.197330 500.021000 1462.692000
31.230220 515.712000 1337.798000
31.246460 527.833000 1385.142000
31.279720 502.860000 1373.482000
31.296200 504.798000 1408.154000
31.329100 534.786000 1317.514000
31.345280 517.514000 1494.328000
31.378050 501.126000 1401.598000
31.394650 503.098000 1473.758000
31.410890 505.240000 1488.410000
31.427550 568.633000 1416.690000
31.443790 690.336000 1220.604000
31.460270 690.319000 1213.322000
31.476680 639.523000 1252.592000
31.493040 630.275000 1222.100000
31.510500 628.082000 1184.128000
31.525880 665.771000 1096.832000
31.542300 643.637000 1171.258000
31.558780 642.753000 1149.544000
31.575320 686.885000 1122.264000
31.591670 664.462000 1111.594000
31.624510 671.262000 1178.100000
31.641050 678.300000 1140.414000
31.657410 678.708000 1154.714000
31.673770 687.582000 1167.430000
31.690310 671.840000 1259.786000
31.706670 670.922000 1226.610000
31.723210 664.955000 1059.806000
31.739500 572.883000 1073.292000
31.755920 571.710000 1059.256000
31.772460 551.786000 1020.778000
31.788760 563.295000 1040.402000
31.821840 520.659000 999.416000
31.838500 534.293000 1026.850000
31.870910 553.571000 966.504000
31.887450 562.530000 1020.822000
31.920100 540.685000 1054.636000
31.936770 545.666000 1048.388000
31.969730 545.326000 1067.748000
31.986080 542.164000 1112.716000
32.018800 531.250000 1073.886000
32.035160 541.603000 1104.334000
32.051820 544.697000 1139.402000
32.068050 519.996000 1162.920000
32.084720 552.347000 1152.646000
32.101010 556.529000 1197.878000
32.117370 535.789000 1210.726000
32.133790 526.048000 1284.030000
32.150270 527.986000 1300.706000
32.166990 564.230000 1212.750000
32.183040 549.661000 1337.402000
32.199580 550.579000 1344.552000
32.215880 568.293000 1493.404000
32.232420 525.793000 1453.232000
32.248900 522.682000 1432.376000
32.265320 546.414000 1368.972000
32.283630 548.641000 1340.614000
32.298030 550.460000 1356.366000
32.314700 546.040000 1444.938000
32.330870 554.540000 1468.280000
32.347410 553.350000 1457.148000
32.363650 540.158000 1405.602000
32.380190 561.901000 1389.894000
32.396730 558.688000 1361.756000
32.413210 564.689000 1093.400000
32.429500 626.178000 725.318000
32.445860 627.606000 761.552000
32.511780 667.505000 262.240000
32.528140 680.289000 448.602000
32.544560 681.598000 559.262000
