0.000000 726.937000 561.946000
0.016600 747.354000 483.890000
0.032710 746.096000 474.760000
0.049070 790.517000 587.224000
0.065670 732.887000 574.068000
0.082030 734.655000 612.238000
0.098390 733.414000 637.846000
0.114750 765.527000 658.372000
0.131350 765.612000 630.212000
0.147710 758.591000 598.972000
0.165280 788.426000 525.404000
0.180660 787.627000 487.212000
0.197020 767.788000 446.314000
0.213620 786.964000 502.920000
0.246340 765.255000 507.694000
0.262700 761.090000 587.950000
0.295650 621.129000 546.590000
0.312010 633.964000 510.048000
0.344970 662.694000 472.934000
0.361330 656.472000 457.402000
0.394290 636.667000 421.454000
0.410640 635.154000 541.420000
0.427250 638.163000 592.922000
0.443600 661.181000 498.432000
0.459960 706.316000 296.538000
0.476320 709.988000 351.516000
0.493650 734.026000 349.646000
0.509280 663.068000 251.152000
0.525630 658.937000 188.474000
0.541990 683.230000 139.502000
0.558590 720.001000 186.824000
0.591310 698.156000 164.758000
0.609130 696.303000 151.316000
0.624270 696.456000 138.622000
0.640870 699.788000 180.752000
0.657230 709.988000 158.290000
0.673580 709.070000 176.462000
0.690190 681.921000 230.208000
0.706300 679.252000 328.394000
0.722900 682.295000 349.030000
0.739260 750.448000 195.690000
0.755620 733.312000 125.884000
0.771970 730.150000 39.116000
0.804930 752.930000 61.116000
0.822750 752.216000 73.260000
0.837890 738.242000 42.658000
0.854250 727.328000 67.672000
0.870610 728.620000 79.046000
0.886960 762.416000 58.212000
0.903560 754.205000 46.200000
0.919920 753.576000 22.374000
0.969240 723.656000 33.946000
0.985600 729.776000 174.658000
1.002200 732.734000 187.066000
1.018550 734.434000 232.980000
1.034910 726.988000 198.396000
1.051510 762.399000 191.356000
1.067870 762.535000 155.232000
1.084230 711.994000 80.762000
1.100590 704.004000 106.106000
1.116940 702.576000 95.106000
1.133540 713.745000 165.374000
1.150390 724.880000 219.252000
1.166500 726.733000 264.506000
1.182860 755.956000 282.634000
1.199220 833.731000 271.788000
1.231930 812.906000 325.050000
1.248540 785.570000 203.676000
1.266600 785.825000 167.970000
1.281490 776.458000 121.088000
1.297850 830.348000 112.596000
1.314450 828.716000 131.648000
1.330570 899.487000 212.960000
1.346920 821.474000 194.062000
1.380130 801.431000 268.356000
1.396480 852.720000 138.798000
1.412840 860.659000 49.126000
1.429200 825.435000 103.422000
1.445560 814.419000 83.886000
1.478760 798.643000 70.356000
1.495120 862.733000 43.472000
1.527830 867.731000 191.796000
1.544190 688.687000 241.230000
1.576900 616.964000 249.744000
1.594730 620.874000 243.474000
1.626460 606.543000 238.018000
1.642820 587.435000 277.970000
1.675540 602.327000 269.500000
1.691890 635.528000 261.206000
1.708500 638.248000 319.946000
1.724850 589.067000 369.226000
1.741460 540.413000 506.968000
1.757810 550.477000 582.648000
1.774410 601.341000 559.922000
1.790530 619.633000 537.768000
1.823490 571.336000 533.390000
1.839840 594.796000 585.024000
1.872800 594.048000 572.440000
1.889400 594.745000 594.374000
1.922120 590.682000 587.114000
1.938480 608.362000 550.814000
1.971190 669.409000 564.740000
1.987790 678.844000 573.848000
2.004150 677.773000 546.546000
2.020510 682.363000 524.018000
2.037110 666.400000 467.764000
2.053470 662.677000 400.180000
2.069820 630.938000 354.310000
2.086430 638.282000 360.844000
2.102780 635.001000 320.100000
2.119140 614.941000 252.120000
2.135500 752.148000 207.834000
2.168460 758.115000 257.818000
2.184810 760.393000 220.132000
2.201420 759.917000 280.478000
2.217770 760.427000 404.668000
2.234130 778.158000 457.622000
2.250730 780.725000 477.070000
2.267090 766.088000 413.358000
2.283450 749.479000 316.756000
2.300050 746.793000 236.940000
2.316410 729.912000 314.292000
2.332760 737.698000 250.954000
2.365720 808.316000 146.938000
2.382080 863.447000 171.930000
2.414790 896.223000 309.034000
2.431400 868.921000 168.080000
2.448000 860.659000 253.440000
2.464110 840.123000 337.194000
2.480710 883.150000 495.396000
2.497070 880.430000 517.924000
2.513430 828.563000 383.086000
2.529790 849.796000 279.818000
2.546390 855.729000 216.678000
2.562740 896.784000 369.204000
2.579100 934.813000 315.810000
2.595700 931.906000 365.398000
2.612060 894.064000 396.638000
2.628660 920.822000 432.960000
2.645020 918.595000 493.086000
2.661380 878.594000 511.368000
2.677730 920.703000 559.130000
2.694090 925.140000 498.322000
2.710690 942.973000 426.888000
2.727050 948.430000 307.164000
2.743410 952.085000 225.368000
2.759770 913.563000 282.172000
2.776370 975.681000 158.224000
2.809330 953.479000 157.190000
2.825680 963.594000 153.076000
2.858400 952.527000 129.448000
2.875000 766.258000 283.734000
2.891600 766.190000 315.480000
2.907960 605.370000 293.128000
2.924070 624.818000 371.844000
2.940670 628.422000 413.622000
2.956790 621.010000 478.060000
2.973390 626.943000 440.176000
2.989990 625.294000 408.496000
3.006350 621.316000 371.404000
3.022950 591.804000 228.580000
3.039060 589.730000 218.240000
3.055420 560.218000 341.946000
3.072020 553.503000 361.504000
3.088620 555.645000 371.470000
3.104980 561.170000 326.172000
3.121090 543.031000 276.650000
3.137940 540.583000 255.354000
3.154050 590.087000 251.042000
3.170650 588.166000 327.426000
3.187010 590.223000 347.798000
3.203610 566.899000 375.606000
3.219970 560.048000 332.684000
3.252930 542.300000 355.366000
3.269040 567.715000 396.044000
3.285640 567.800000 406.956000
3.302000 665.074000 370.172000
3.318600 659.549000 411.092000
3.334960 661.096000 432.168000
3.351320 666.298000 435.490000
3.367680 668.882000 453.530000
3.384030 667.420000 433.180000
3.400630 672.503000 396.836000
3.416990 661.793000 401.984000
3.433590 660.331000 381.788000
3.449950 728.280000 318.802000
3.466310 771.868000 321.156000
3.499020 764.252000 305.954000
3.515630 763.130000 338.668000
3.548580 787.627000 393.778000
3.566160 774.333000 363.616000
3.597900 745.025000 330.572000
3.614010 765.935000 347.886000
3.630620 766.377000 395.780000
3.646970 772.905000 389.136000
3.663570 817.870000 461.780000
3.679930 818.193000 520.388000
3.696530 838.236000 577.148000
3.712650 848.419000 617.298000
3.745850 847.773000 607.486000
3.761960 880.260000 594.594000
3.794920 914.923000 529.606000
3.811520 911.370000 527.142000
3.844240 918.306000 576.202000
3.860600 913.529000 512.336000
3.893550 927.231000 601.722000
3.909910 925.021000 594.616000
3.942870 915.484000 627.616000
3.959230 925.565000 637.230000
3.991940 904.536000 537.394000
4.008540 890.868000 529.430000
4.041260 883.626000 540.914000
4.057860 888.386000 533.830000
4.074220 890.018000 505.582000
4.090580 881.637000 544.434000
4.106930 895.798000 476.872000
4.123290 898.705000 407.836000
4.139890 898.399000 381.854000
4.156490 908.871000 327.756000
4.172850 910.112000 285.186000
4.189210 967.045000 358.776000
4.205570 934.167000 193.798000
4.238530 952.952000 291.676000
4.254880 945.999000 268.026000
4.287840 966.450000 335.368000
4.304200 967.963000 164.164000
4.336910 977.313000 267.498000
4.353520 956.777000 286.044000
4.386230 934.133000 274.274000
4.402830 994.007000 293.546000
4.437990 935.476000 281.622000
4.452150 706.707000 263.956000
4.484860 519.724000 325.644000
4.501220 507.399000 270.644000
4.534180 512.295000 259.314000
4.550540 471.614000 210.738000
4.583500 509.269000 277.992000
4.600100 478.771000 209.000000
4.616210 481.593000 229.636000
4.632810 511.037000 165.374000
4.649170 494.666000 241.384000
4.665530 500.684000 301.048000
4.682130 522.886000 425.172000
4.698490 561.051000 506.330000
4.714840 567.936000 562.562000
4.731200 608.974000 489.060000
4.747800 647.003000 482.306000
4.780760 627.572000 436.326000
4.797120 641.682000 395.670000
4.829830 620.772000 508.970000
4.846190 644.895000 500.478000
4.879150 638.809000 475.090000
4.895750 646.289000 477.246000
4.928470 628.949000 583.924000
4.944820 589.594000 664.774000
4.977780 567.630000 594.594000
4.994140 587.333000 677.072000
5.026860 626.093000 623.568000
5.043460 597.890000 698.742000
5.076420 581.689000 646.690000
5.093260 583.542000 670.054000
5.125490 573.529000 684.640000
5.142090 572.611000 627.242000
5.174800 602.157000 574.992000
5.191160 559.487000 680.856000
5.224370 564.791000 631.246000
5.240720 565.335000 657.382000
5.273440 575.807000 660.484000
5.289790 562.139000 654.346000
5.322750 550.936000 542.300000
5.339110 574.311000 544.566000
5.372070 548.233000 567.050000
5.388430 561.850000 561.770000
5.421140 531.930000 525.998000
5.437740 554.778000 526.284000
5.470460 533.783000 490.050000
5.487060 509.150000 571.010000
5.503420 502.299000 512.072000
5.519780 532.304000 387.728000
5.536380 522.614000 308.638000
5.552980 518.296000 290.334000
5.569090 504.509000 353.936000
5.585450 532.950000 473.484000
5.602050 543.269000 550.396000
5.618410 600.134000 686.972000
5.635500 610.402000 637.978000
5.667720 609.807000 633.204000
5.684080 594.320000 592.702000
5.717040 611.439000 624.382000
5.733400 615.009000 610.698000
5.754640 611.014000 552.838000
5.766850 590.631000 489.368000
5.782960 556.053000 374.792000
5.799320 547.230000 298.738000
5.815670 550.341000 303.468000
5.832030 578.051000 314.776000
5.848390 582.250000 371.734000
5.864990 561.374000 434.962000
5.881350 596.173000 581.812000
5.897950 600.083000 600.006000
5.914060 549.270000 422.686000
5.930420 577.405000 435.512000
5.947020 573.767000 417.010000
5.963380 618.171000 476.058000
5.979980 568.650000 490.754000
5.996340 577.660000 567.160000
6.013180 544.323000 599.874000
6.029050 558.382000 621.302000
6.062010 614.040000 620.158000
6.080320 551.633000 604.450000
6.111330 541.824000 624.844000
6.127690 557.158000 629.618000
6.160400 580.686000 632.984000
6.177250 629.510000 642.070000
6.209960 661.368000 624.250000
6.226320 619.905000 651.266000
6.242680 618.052000 625.438000
6.259280 614.295000 520.476000
6.275630 613.343000 532.642000
6.291990 611.456000 524.348000
6.308590 611.235000 523.754000
6.324710 606.968000 612.260000
6.341310 608.872000 620.466000
6.357670 597.057000 612.414000
6.374020 615.298000 505.164000
6.390380 611.847000 470.052000
6.406980 610.283000 449.372000
6.423340 580.601000 456.192000
6.439940 582.777000 482.526000
6.456300 601.970000 614.834000
6.472660 616.641000 613.316000
6.489260 620.245000 647.526000
6.505620 610.963000 698.434000
6.521970 521.747000 665.566000
6.554690 517.038000 647.614000
6.571290 544.340000 682.264000
6.604000 591.294000 724.790000
6.620360 573.478000 709.016000
6.653320 520.659000 694.056000
6.669680 544.017000 641.982000
6.702880 545.547000 688.468000
6.719240 568.990000 734.734000
6.751950 570.775000 707.938000
6.768310 567.613000 731.632000
6.801270 596.666000 708.708000
6.817630 597.295000 717.288000
6.834230 592.909000 663.564000
6.850590 580.125000 587.488000
6.866940 555.747000 546.326000
6.883300 551.803000 529.452000
6.899900 630.921000 600.358000
6.916260 633.556000 612.304000
6.932620 640.560000 684.728000
6.950440 630.785000 749.716000
6.965330 618.171000 690.844000
6.998290 656.829000 709.214000
7.014890 638.367000 742.412000
7.047610 631.125000 745.272000
7.063960 645.881000 720.038000
7.096920 640.866000 769.384000
7.113280 598.315000 702.680000
7.146240 676.005000 758.758000
7.162600 607.648000 712.536000
7.195560 625.039000 757.350000
7.211910 627.589000 709.016000
7.228270 623.866000 653.664000
7.244630 631.669000 528.704000
7.261230 611.405000 482.966000
7.277590 604.146000 410.278000
7.294190 582.386000 461.802000
7.310550 610.249000 458.282000
7.343510 590.002000 513.744000
7.359620 573.869000 490.908000
7.376220 578.238000 543.818000
7.392580 611.303000 652.256000
7.409180 595.170000 689.788000
7.425540 603.585000 759.000000
7.441890 580.839000 760.122000
7.458500 571.812000 804.584000
7.491210 613.377000 746.196000
7.507570 598.332000 825.550000
7.540530 601.902000 758.714000
7.557130 617.967000 825.220000
7.589840 577.422000 797.610000
7.606200 623.475000 853.666000
7.639160 573.767000 784.542000
7.655520 613.785000 820.248000
7.672120 609.569000 768.680000
7.688480 608.022000 671.726000
7.704590 568.310000 591.910000
7.721190 564.536000 575.850000
7.737550 696.949000 701.514000
7.753910 681.309000 726.110000
7.770510 684.488000 741.972000
7.787110 729.538000 672.100000
7.803220 678.198000 557.326000
7.819820 673.030000 486.838000
7.836180 742.339000 556.578000
7.852780 710.702000 605.880000
7.885500 696.915000 498.432000
7.902100 733.958000 599.786000
7.918460 734.332000 650.496000
7.934810 729.045000 716.562000
7.951170 719.542000 708.598000
7.967530 722.551000 724.526000
7.983890 722.840000 674.388000
8.000490 737.851000 651.948000
8.017090 735.012000 636.438000
8.033200 728.467000 720.742000
8.049800 756.245000 794.244000
8.066160 759.016000 860.376000
8.082520 596.547000 890.802000
8.099120 596.649000 764.522000
8.115480 592.195000 711.128000
8.132080 577.133000 698.566000
8.148190 575.348000 651.992000
8.164790 566.729000 585.662000
8.181150 503.982000 527.560000
8.197750 536.078000 563.288000
8.230470 512.040000 497.684000
8.246830 476.544000 514.162000
8.279790 503.829000 514.140000
8.296140 505.648000 567.820000
8.329100 536.027000 530.112000
8.345460 518.398000 582.758000
8.378420 444.822000 501.490000
8.394780 454.427000 525.492000
8.427490 476.187000 467.214000
8.444090 463.998000 475.926000
8.476810 482.018000 543.114000
8.493410 488.053000 525.008000
8.526370 534.684000 473.132000
8.542720 486.455000 578.490000
8.559080 493.085000 628.122000
8.575440 566.950000 708.752000
8.591800 575.960000 760.122000
8.608640 585.072000 826.430000
8.624760 605.659000 819.918000
8.641110 626.824000 838.178000
8.657710 622.965000 787.226000
8.674070 591.770000 691.394000
8.690430 571.336000 654.038000
8.706790 567.392000 638.462000
8.723390 588.846000 826.122000
8.739750 558.671000 690.778000
8.756350 565.794000 735.262000
8.772710 584.086000 756.580000
8.789060 591.328000 771.320000
8.805420 587.350000 740.960000
8.821780 547.553000 774.356000
8.838380 539.869000 794.244000
8.871090 527.646000 808.148000
8.887700 575.467000 823.262000
8.920410 599.267000 771.012000
8.937010 556.767000 757.504000
8.969730 599.352000 709.676000
8.986080 595.918000 666.842000
9.002690 593.538000 638.682000
9.019040 659.090000 613.822000
9.035640 628.575000 660.176000
9.051760 628.014000 675.246000
9.068360 609.161000 707.322000
9.084720 615.213000 745.338000
9.101320 622.897000 812.394000
9.117680 757.520000 851.620000
9.134030 759.917000 844.426000
9.166990 756.041000 870.914000
9.183350 742.560000 851.598000
9.199710 741.676000 799.392000
9.216310 760.852000 752.070000
9.232670 695.929000 666.006000
9.249020 692.869000 651.156000
9.265630 710.396000 696.762000
9.281980 744.617000 768.482000
9.298340 747.745000 835.472000
9.314700 744.889000 844.734000
9.331300 760.682000 828.850000
9.347660 760.580000 776.292000
9.364010 716.380000 747.538000
9.380620 753.338000 704.220000
9.396970 750.567000 638.638000
9.413330 692.988000 629.156000
9.429690 735.556000 686.356000
9.446040 735.981000 734.712000
9.462650 728.841000 674.102000
9.479000 751.060000 765.116000
9.495610 754.035000 832.326000
9.511960 731.459000 848.232000
9.528320 736.814000 848.628000
9.561280 772.718000 882.794000
9.577640 773.398000 849.574000
9.594240 773.891000 797.698000
9.610600 775.931000 787.446000
9.626950 763.589000 652.916000
9.643310 761.175000 585.376000
9.659670 718.369000 554.356000
9.676270 728.450000 581.746000
9.692630 728.960000 632.390000
9.708980 784.635000 741.840000
9.725590 730.473000 877.602000
9.741940 734.145000 940.192000
9.758300 721.327000 1101.232000
9.774660 729.555000 1102.618000
9.791260 728.654000 1089.770000
9.807860 745.603000 921.514000
9.824220 769.709000 1052.216000
9.840580 769.777000 1031.998000
9.856930 754.426000 966.856000
9.873290 750.125000 934.802000
9.889650 749.547000 941.688000
9.906250 592.671000 999.988000
9.922610 583.491000 1011.054000
9.939210 587.792000 1037.894000
9.955570 574.583000 1034.418000
9.971920 589.832000 1057.628000
10.004640 591.345000 1070.146000
10.021240 580.040000 1061.632000
10.053960 595.306000 1048.542000
10.070560 595.119000 1071.994000
10.103270 579.853000 963.820000
10.121090 596.513000 1032.592000
10.152590 571.013000 996.908000
10.168950 592.518000 1009.382000
10.185550 588.030000 980.100000
10.201900 562.853000 955.284000
10.218510 551.463000 959.244000
10.234860 548.811000 938.806000
10.251220 538.594000 835.824000
10.267580 522.393000 655.490000
10.283940 522.716000 657.580000
10.300540 533.902000 659.516000
10.316890 518.908000 705.628000
10.333500 521.883000 728.860000
10.349850 530.604000 760.694000
10.366210 528.258000 778.866000
10.382570 533.392000 809.776000
10.398930 540.821000 753.654000
10.415530 530.995000 765.622000
10.449710 570.741000 848.804000
10.464840 628.286000 837.804000
10.497560 650.471000 921.690000
10.513920 621.554000 864.732000
10.530520 617.423000 814.198000
10.546880 594.116000 757.636000
10.563230 588.863000 651.508000
10.580080 580.737000 585.112000
10.596190 630.530000 546.942000
10.612550 724.982000 506.880000
10.628910 724.846000 544.786000
10.645510 679.881000 643.808000
10.661870 714.204000 680.350000
10.678470 717.825000 724.658000
10.694820 749.207000 724.966000
10.711180 726.257000 704.198000
10.727540 725.356000 688.094000
10.743900 796.739000 692.670000
10.760500 799.867000 753.280000
10.793460 780.861000 794.860000
10.809810 773.347000 673.992000
10.842530 750.975000 791.626000
10.859130 777.070000 783.024000
10.875490 777.359000 756.470000
10.891850 743.206000 588.478000
10.908450 805.409000 572.088000
10.924800 804.593000 579.106000
10.940920 798.116000 667.370000
10.957760 777.172000 665.940000
10.974120 777.971000 728.178000
10.990480 745.161000 808.896000
11.007080 743.784000 797.236000
11.023440 744.260000 789.008000
11.039790 730.354000 781.836000
11.056150 733.363000 750.662000
11.072510 731.680000 719.510000
11.089110 734.264000 760.408000
11.105470 734.434000 770.528000
11.121830 734.927000 760.474000
11.138430 721.208000 730.664000
11.154790 728.603000 656.260000
11.171140 726.648000 619.718000
11.187500 713.303000 647.372000
11.204100 723.809000 578.292000
11.220460 723.605000 612.898000
11.236820 718.862000 681.780000
11.253170 727.940000 739.640000
11.269780 731.680000 807.774000
11.286130 735.505000 860.618000
11.302730 742.713000 863.192000
11.335450 741.642000 865.458000
11.351810 758.081000 828.344000
11.384770 705.602000 1008.348000
11.401120 700.383000 982.762000
11.417720 698.700000 935.968000
11.434080 680.748000 887.150000
11.450440 702.287000 841.060000
11.466800 698.564000 805.618000
11.483150 743.512000 845.636000
11.499760 677.433000 893.552000
11.516110 680.323000 925.210000
11.532710 699.652000 980.298000
11.549070 709.801000 924.440000
11.565430 710.362000 945.142000
11.581790 696.592000 974.974000
11.598140 677.246000 967.692000
11.614750 678.844000 974.402000
11.631100 680.969000 1003.222000
11.648930 674.985000 998.448000
11.663820 670.837000 948.244000
11.680420 680.323000 897.688000
11.696780 681.496000 875.556000
11.713130 681.258000 872.872000
11.729490 710.396000 863.698000
11.746340 709.461000 960.828000
11.762700 710.243000 983.730000
11.779050 692.818000 983.268000
11.795410 695.402000 981.882000
11.811770 696.405000 1004.234000
11.828370 698.088000 977.812000
11.844730 698.802000 1006.940000
11.861080 701.097000 1034.110000
11.877440 690.557000 981.618000
11.894040 679.592000 1071.554000
11.910400 676.651000 1043.218000
11.927000 686.307000 926.090000
11.943360 691.985000 913.374000
11.959720 691.033000 891.616000
11.976070 697.850000 920.612000
11.992680 717.553000 858.616000
12.009030 716.091000 852.104000
12.025390 695.844000 853.314000
12.041750 686.647000 884.510000
12.058350 687.956000 891.000000
12.074710 712.742000 839.586000
12.091060 702.865000 846.164000
12.107670 703.001000 848.056000
12.124020 691.254000 870.364000
12.140380 688.024000 881.078000
12.156980 688.789000 902.770000
12.173340 696.694000 895.070000
12.189700 693.804000 960.806000
12.206050 696.201000 988.878000
12.222660 702.967000 1034.880000
12.239010 716.040000 1032.724000
12.255620 715.003000 1019.238000
12.271970 734.978000 1036.156000
12.288570 705.041000 1072.720000
12.308110 703.936000 1059.982000
12.321290 700.349000 999.306000
12.337890 693.243000 1008.722000
12.370850 700.128000 1042.162000
12.387210 723.231000 985.820000
12.403560 723.758000 978.516000
12.419920 711.076000 972.334000
12.436040 696.898000 952.160000
12.452880 694.263000 930.204000
12.468990 706.197000 950.026000
12.485350 684.267000 930.160000
12.501950 685.593000 936.606000
12.518310 687.837000 941.732000
12.535160 600.899000 968.220000
12.551030 603.092000 990.066000
12.567630 595.391000 1008.260000
12.583980 611.371000 1046.100000
12.600590 613.326000 1052.106000
12.616940 596.037000 1004.124000
12.634770 599.488000 972.972000
12.649660 595.561000 946.176000
12.666260 592.314000 842.820000
12.682620 616.488000 823.350000
12.715330 555.900000 921.118000
12.731930 549.746000 839.498000
12.764650 549.423000 778.822000
12.781010 559.436000 888.690000
12.797610 559.810000 896.720000
12.813960 548.454000 877.426000
12.830320 573.920000 884.048000
12.847170 577.983000 895.642000
12.863280 580.618000 888.272000
12.879640 573.903000 876.502000
12.896240 571.302000 859.342000
12.912600 575.042000 982.850000
12.928960 574.294000 952.908000
12.945310 572.254000 948.838000
12.962160 562.241000 904.090000
12.978270 557.260000 824.186000
12.994870 557.702000 827.068000
13.011230 576.062000 839.058000
13.027590 523.787000 891.330000
13.043950 523.158000 882.838000
13.060300 557.906000 842.468000
13.078130 536.061000 768.020000
13.093510 533.698000 760.122000
13.109860 621.622000 927.322000
13.126220 625.464000 958.188000
13.142580 627.419000 973.676000
13.158940 620.228000 992.354000
13.175290 627.300000 992.552000
13.208250 629.323000 988.790000
13.224850 603.602000 915.838000
13.257570 650.301000 921.888000
13.273930 644.062000 916.872000
13.291260 644.147000 908.358000
13.306880 641.257000 941.402000
13.323240 639.302000 921.602000
13.339840 637.466000 905.894000
13.356200 618.528000 898.700000
13.372560 639.727000 941.820000
13.389160 641.036000 969.430000
13.405270 739.313000 960.542000
13.421880 748.068000 973.610000
13.438480 750.023000 972.180000
13.455080 726.104000 914.584000
13.471190 731.459000 860.442000
13.487550 729.011000 845.900000
13.503910 689.554000 947.012000
13.520510 707.115000 983.950000
13.536870 711.110000 1021.460000
13.553220 724.489000 1054.240000
13.569820 735.199000 1014.332000
13.586180 733.074000 964.128000
13.602540 713.082000 892.672000
13.618900 714.442000 889.592000
13.635500 712.283000 858.748000
13.652100 720.460000 790.966000
13.668210 759.781000 902.858000
13.684570 759.492000 945.670000
13.701170 766.598000 915.464000
13.717530 776.849000 957.022000
13.734380 778.787000 1016.642000
13.750490 790.942000 1116.016000
13.766850 794.699000 1121.428000
13.783200 795.515000 1114.256000
13.799800 751.978000 1105.434000
13.816410 791.435000 1063.722000
13.832520 791.146000 1013.848000
13.848880 548.386000 723.888000
13.865480 533.511000 645.832000
13.881840 531.556000 645.986000
13.898190 545.853000 724.130000
13.914790 539.750000 725.604000
13.931150 550.069000 792.968000
13.947510 553.537000 834.790000
13.964110 529.159000 838.970000
13.996830 588.132000 775.148000
14.013430 572.050000 801.834000
14.046140 559.980000 819.940000
14.062500 549.134000 773.960000
14.095460 546.193000 802.098000
14.111820 559.419000 849.640000
14.144530 584.290000 688.204000
14.161130 543.167000 709.984000
14.194090 553.656000 883.300000
14.210450 568.378000 1193.346000
14.243410 566.066000 1259.698000
14.259770 556.954000 1223.728000
14.292720 560.541000 1260.182000
14.309080 601.290000 1167.848000
14.341800 603.687000 1221.462000
14.358400 580.431000 1213.102000
14.391110 582.913000 1200.474000
14.407710 621.469000 1167.232000
14.440430 662.881000 1180.036000
14.456790 649.655000 1208.504000
14.473390 646.221000 1169.564000
14.489500 677.739000 1062.050000
14.506350 672.996000 1039.544000
14.522710 668.576000 1008.370000
14.539060 687.004000 1049.488000
14.555420 684.556000 995.016000
14.571780 687.293000 1024.606000
14.588130 704.786000 1183.380000
14.604490 654.245000 1128.138000
14.637450 670.939000 1098.680000
14.654050 684.080000 1172.182000
14.670410 683.145000 1151.942000
14.686770 664.275000 1020.514000
14.703370 655.792000 968.572000
14.721440 652.579000 939.444000
14.736330 650.947000 997.106000
14.752440 528.479000 1022.230000
14.769040 534.055000 1060.334000
14.785400 553.520000 1110.538000
14.802000 571.370000 1075.998000
14.818360 575.348000 1088.736000
14.834720 580.567000 1203.114000
14.851320 568.514000 1139.842000
14.867430 559.283000 1091.244000
14.884030 492.643000 1060.818000
14.900390 472.039000 1003.926000
14.933350 473.263000 949.938000
14.949710 478.822000 982.058000
14.982670 523.821000 901.802000
14.999020 489.209000 1067.000000
15.015380 495.652000 1103.652000
15.031980 500.939000 1018.622000
15.048340 498.355000 1072.412000
15.064700 507.127000 1107.260000
15.081050 526.813000 1112.408000
15.097410 498.474000 1097.932000
15.114010 488.699000 1051.930000
15.130620 522.835000 990.660000
15.146730 534.565000 1045.462000
15.163330 534.973000 1056.506000
15.179690 505.138000 1252.240000
15.196040 511.275000 1251.470000
15.212650 520.421000 1287.814000
15.229000 564.179000 1285.856000
15.245360 541.569000 1308.934000
15.278320 525.419000 1312.256000
15.294680 520.557000 1298.880000
15.311280 516.035000 1273.338000
15.327640 521.730000 1244.144000
15.343990 475.575000 1186.482000
15.360350 470.611000 1175.768000
15.376710 512.142000 1245.838000
15.393310 558.722000 1272.766000
15.409670 563.193000 1284.096000
15.426270 527.323000 1249.732000
15.442630 517.004000 1188.902000
15.458980 512.346000 1177.836000
15.475340 518.534000 1254.594000
15.491700 553.367000 1296.944000
15.508300 557.940000 1307.284000
15.524900 557.294000 1314.038000
15.541020 516.018000 1247.268000
15.557620 504.900000 1202.806000
15.573970 504.135000 1141.844000
15.590330 499.919000 1168.068000
15.623050 477.955000 1129.656000
15.639650 561.119000 902.418000
15.672610 578.646000 966.020000
15.688960 595.561000 956.626000
15.721920 568.480000 990.154000
15.738280 553.911000 945.714000
15.771240 609.586000 931.788000
15.787600 559.776000 937.244000
15.820310 582.250000 996.490000
15.836670 573.053000 970.574000
15.869630 592.331000 1013.056000
15.886230 581.536000 1002.452000
15.920900 553.622000 968.770000
15.935550 569.721000 1002.320000
15.951660 574.379000 1040.578000
15.968260 586.483000 1035.276000
15.984860 586.364000 1071.312000
16.001220 595.323000 1125.608000
16.017580 626.076000 1172.996000
16.033940 601.970000 1133.704000
16.066650 603.534000 1171.918000
16.083250 614.941000 1178.166000
16.099610 612.918000 1159.224000
16.116210 559.929000 1129.876000
16.132570 560.303000 1099.032000
16.148930 555.679000 1074.546000
16.165530 584.817000 1066.648000
16.181880 563.397000 1061.258000
16.214840 508.776000 1100.154000
16.231200 518.619000 1090.584000
16.249270 521.577000 1108.646000
16.263920 507.875000 1110.296000
16.280270 517.072000 1161.820000
16.296880 522.580000 1185.778000
16.313230 534.208000 1160.346000
16.329590 540.838000 1162.700000
16.362550 544.085000 1206.018000
16.378910 552.942000 1236.598000
16.395510 546.856000 1198.802000
16.411870 563.958000 1105.940000
16.428220 594.371000 1043.570000
16.444580 588.489000 1012.506000
16.461180 599.148000 1005.994000
16.477540 602.395000 1085.744000
16.494140 608.821000 1131.394000
16.510250 610.283000 1113.002000
16.526860 608.923000 1133.352000
16.543210 612.816000 1158.014000
16.559570 635.885000 1218.470000
16.578130 642.668000 1203.576000
16.592530 640.934000 1185.316000
16.608890 637.993000 1159.356000
16.625490 644.317000 1146.002000
16.641850 641.070000 1122.176000
16.658200 653.463000 1150.644000
16.674560 622.200000 1125.498000
16.707520 577.150000 1069.574000
16.724120 575.348000 1092.520000
16.740480 575.671000 1099.054000
16.756840 574.855000 1106.996000
16.773190 584.936000 1132.274000
16.790040 587.078000 1144.462000
16.806150 566.406000 1192.994000
16.822510 547.519000 1172.006000
16.838870 543.592000 1144.682000
16.855470 559.028000 1102.992000
16.871830 531.284000 1074.898000
16.888180 523.260000 1035.958000
16.906250 522.682000 1011.406000
16.921140 554.999000 1016.444000
16.937500 557.617000 1037.036000
16.954100 679.881000 1029.314000
16.970460 680.765000 1049.026000
16.986820 683.587000 1077.516000
17.003420 693.141000 1121.054000
17.019530 684.046000 1173.414000
17.036130 685.083000 1190.794000
17.052490 685.202000 1153.900000
17.068850 683.621000 1158.784000
17.085450 686.239000 1183.116000
17.101560 661.844000 1174.844000
17.119140 660.433000 1194.754000
17.150880 661.521000 1230.570000
17.167480 689.758000 1195.084000
17.184080 688.738000 1176.604000
17.200440 692.733000 1147.322000
17.216800 694.382000 1137.620000
17.234380 692.920000 1131.900000
17.249760 645.099000 1179.904000
17.266110 692.835000 1183.688000
17.282470 694.314000 1189.628000
17.298830 626.093000 1286.274000
17.315430 630.564000 1297.604000
17.331790 628.881000 1292.698000
17.348140 647.717000 1325.610000
17.364750 639.676000 1319.010000
17.381100 643.093000 1340.306000
17.397460 605.064000 1322.464000
17.413820 613.972000 1336.676000
17.446780 588.625000 1370.006000
17.463380 576.861000 1325.852000
17.496090 557.872000 1359.512000
17.512450 539.444000 1331.484000
17.545170 562.173000 1306.404000
17.562260 553.027000 1360.326000
17.594480 573.257000 1353.242000
17.611080 566.661000 1379.928000
17.643800 562.649000 1360.150000
17.660400 560.031000 1373.284000
17.693360 574.821000 1356.388000
17.709720 576.402000 1371.744000
17.742430 573.869000 1373.856000
17.758790 583.270000 1394.954000
17.775390 577.864000 1362.130000
17.791750 573.189000 1348.974000
17.808350 570.418000 1271.182000
17.824710 561.187000 1227.380000
17.841060 562.683000 1217.392000
17.857420 608.787000 1251.052000
17.890380 585.905000 1312.212000
17.906740 571.319000 1301.388000
17.939700 570.945000 1136.212000
17.956050 546.686000 1183.666000
17.989010 585.973000 1348.578000
18.005620 552.704000 1350.294000
18.021970 557.787000 1379.950000
18.038330 541.314000 1416.294000
18.054690 561.884000 1487.838000
18.071040 572.033000 1525.898000
18.087650 574.090000 1525.106000
18.105220 571.183000 1505.768000
18.120120 568.497000 1491.952000
18.136720 558.195000 1518.044000
18.153320 577.745000 1549.020000
18.169680 575.620000 1545.082000
18.185790 561.561000 1510.806000
18.202390 571.642000 1516.262000
18.218990 576.113000 1529.044000
18.235350 584.664000 1542.486000
18.251710 605.472000 1522.774000
18.268070 601.375000 1505.306000
18.284670 579.173000 1481.854000
18.300780 557.821000 1535.160000
18.333980 551.208000 1576.586000
18.350100 531.556000 1572.340000
18.366700 528.530000 1563.122000
18.383060 537.149000 1416.448000
18.399660 517.616000 1457.456000
18.416020 517.956000 1462.318000
18.432370 544.238000 1490.478000
18.448970 566.967000 1502.644000
18.465330 574.396000 1530.430000
18.481690 602.361000 1536.656000
18.498050 567.392000 1489.510000
18.530760 652.596000 1420.518000
18.547610 660.841000 1434.532000
18.580320 637.636000 1431.892000
18.596920 646.136000 1413.104000
18.629880 648.890000 1435.830000
18.646240 649.162000 1453.584000
18.678960 663.799000 1402.654000
18.695560 650.267000 1398.804000
18.728270 665.414000 1421.970000
18.744630 641.835000 1426.766000
18.777590 547.689000 1652.398000
18.793950 593.453000 1640.672000
18.826900 581.893000 1663.046000
18.843260 561.680000 1677.632000
18.877690 561.136000 1676.202000
18.892580 590.920000 1610.532000
18.925780 568.259000 1605.032000
18.941890 560.762000 1684.628000
18.958250 554.846000 1665.026000
18.974850 574.107000 1689.182000
18.991210 553.588000 1567.456000
19.007570 548.828000 1551.792000
19.023930 565.760000 1569.898000
19.040530 559.215000 1640.254000
19.056640 561.884000 1648.482000
19.073240 541.348000 1599.708000
19.089840 562.394000 1604.482000
19.105960 559.742000 1595.792000
19.122560 548.454000 1687.532000
19.138920 579.071000 1664.784000
19.155520 576.640000 1656.930000
19.171880 594.014000 1665.730000
19.188230 551.701000 1668.216000
19.204830 554.387000 1675.960000
19.221190 595.493000 1730.850000
19.237790 609.280000 1738.704000
19.254150 611.507000 1746.030000
19.270260 606.713000 1709.972000
19.286870 625.940000 1722.512000
19.319820 620.092000 1681.592000
19.336180 624.597000 1669.206000
19.368900 640.288000 1648.064000
19.385250 637.772000 1696.926000
19.418210 706.401000 1762.684000
19.434810 708.577000 1764.950000
19.451170 709.342000 1774.344000
19.467530 707.149000 1771.638000
19.484130 711.025000 1789.854000
19.500240 713.286000 1802.548000
19.516850 696.541000 1794.276000
19.534910 693.345000 1794.826000
19.549560 692.274000 1785.168000
19.565920 673.914000 1776.984000
19.582520 679.286000 1729.596000
19.598880 676.515000 1716.198000
19.615230 682.907000 1571.504000
19.631840 657.849000 1498.596000
19.664550 648.805000 1511.400000
19.680910 643.603000 1523.500000
19.713870 628.711000 1490.852000
19.730220 628.592000 1507.286000
19.763180 673.285000 1483.570000
19.779540 668.984000 1509.838000
19.812740 611.150000 1055.098000
19.828860 628.728000 994.180000
19.861820 625.107000 989.450000
19.878170 629.289000 947.584000
19.894530 627.368000 939.708000
19.910890 616.522000 908.996000
19.927250 683.536000 1019.458000
19.943850 684.964000 1025.530000
19.960210 673.387000 1004.784000
19.976810 680.153000 1017.060000
19.993160 679.065000 996.226000
20.009770 646.272000 974.534000
20.026120 638.418000 932.118000
20.042480 636.718000 924.704000
20.058840 687.480000 1008.942000
20.075200 710.413000 986.788000
20.091800 712.674000 1016.576000
20.108150 706.996000 1081.168000
20.124760 698.190000 1062.534000
20.140870 699.278000 1074.744000
20.157470 697.867000 1127.236000
20.173830 700.672000 1180.828000
20.190190 701.522000 1198.516000
20.206790 677.212000 1134.430000
20.223140 682.941000 1123.628000
20.239750 684.284000 1136.432000
20.256100 698.054000 1189.738000
20.272220 704.055000 1226.962000
20.288820 703.086000 1209.208000
20.305180 705.109000 1135.574000
20.321780 714.612000 1140.524000
20.338130 713.558000 1128.292000
20.354740 731.442000 1066.450000
20.371090 714.340000 1142.944000
20.387450 715.360000 1154.824000
20.403810 643.756000 1171.830000
20.420170 553.027000 1306.976000
20.436770 550.630000 1296.614000
20.453130 525.929000 1280.686000
20.469730 546.091000 1154.208000
20.486080 543.779000 1142.878000
20.502440 533.511000 1159.906000
20.519040 564.026000 1194.952000
20.551760 534.956000 1145.518000
20.568120 576.028000 1164.460000
20.601070 570.775000 1185.866000
20.617430 582.233000 1179.288000
20.633790 584.528000 1196.404000
20.650150 588.234000 1225.950000
20.666750 609.671000 1254.198000
20.683110 611.473000 1259.632000
20.699710 585.582000 1249.534000
20.716060 546.652000 1190.420000
20.732420 544.493000 1184.898000
20.749020 538.016000 1142.878000
20.765380 594.541000 1166.594000
20.781740 598.723000 1190.618000
20.798100 547.672000 1216.930000
20.814700 560.320000 1204.368000
20.831050 557.685000 1186.328000
20.847660 564.859000 1195.942000
20.863770 595.544000 1109.548000
20.880370 593.674000 1103.696000
20.896730 544.459000 1155.374000
20.913090 557.481000 1182.192000
20.929690 559.708000 1187.868000
20.946040 597.635000 1117.842000
20.962400 608.583000 1122.770000
20.979000 606.662000 1116.896000
20.995360 610.827000 1104.554000
21.011720 629.068000 1162.150000
21.028080 632.604000 1186.306000
21.044680 567.273000 1180.080000
21.061040 568.514000 1158.784000
21.077390 565.845000 1140.062000
21.093990 578.935000 1158.102000
21.110350 581.706000 1234.486000
21.126710 577.422000 1212.420000
21.143070 601.562000 1132.538000
21.159420 600.967000 1120.416000
21.192380 610.623000 1179.882000
21.208740 605.455000 1119.404000
21.241460 569.823000 1041.700000
21.258060 554.438000 1069.046000
21.291020 617.831000 1031.206000
21.307370 579.054000 1033.978000
21.340090 584.681000 1015.740000
21.356690 576.334000 875.974000
21.373050 573.699000 851.620000
21.389400 563.295000 833.536000
21.406010 536.248000 789.096000
21.422360 536.673000 801.790000
21.438960 571.693000 883.850000
21.455080 600.440000 959.794000
21.471680 606.730000 997.964000
21.488040 612.612000 999.152000
21.504640 584.273000 993.168000
21.521000 582.539000 986.854000
21.537350 601.681000 966.130000
21.553960 606.951000 951.258000
21.570310 610.657000 971.696000
21.586670 604.588000 987.910000
21.603270 581.519000 976.536000
21.619630 577.201000 949.124000
21.635990 582.250000 969.056000
21.652590 589.645000 875.864000
21.668950 585.395000 845.878000
21.685550 555.679000 884.488000
21.702150 574.362000 855.360000
21.734620 569.330000 878.614000
21.751220 539.121000 927.564000
21.767580 541.841000 942.832000
21.784180 561.476000 976.470000
21.800540 596.088000 904.112000
21.816890 594.065000 896.104000
21.833250 576.181000 885.720000
21.849610 590.597000 892.144000
21.866210 592.416000 898.370000
21.882320 591.736000 919.908000
21.898680 596.054000 881.078000
21.915280 596.309000 882.904000
21.931880 595.034000 780.890000
21.948240 570.129000 739.640000
21.964840 572.492000 762.608000
21.981200 624.597000 802.428000
21.997560 594.745000 817.344000
22.014160 598.791000 847.770000
22.030520 609.246000 816.266000
22.049070 595.510000 834.592000
22.079590 617.219000 856.746000
22.095950 614.703000 853.094000
22.128910 599.165000 842.270000
22.145260 597.499000 840.488000
22.161620 596.921000 822.690000
22.178220 638.027000 763.400000
22.194580 610.521000 751.014000
22.210940 606.458000 717.134000
22.227540 565.505000 692.252000
22.243900 566.049000 682.352000
22.276610 569.976000 695.046000
22.293210 576.300000 711.238000
22.325930 590.784000 758.208000
22.342290 598.451000 769.120000
22.358640 598.978000 786.104000
22.375240 600.933000 830.104000
22.391600 612.493000 861.850000
22.408200 616.556000 894.234000
22.424560 601.205000 854.370000
22.440920 590.903000 898.766000
22.473880 610.385000 888.954000
22.490230 612.408000 895.334000
22.539550 612.238000 888.690000
22.572270 629.493000 947.980000
22.588870 676.107000 925.320000
22.621580 654.772000 904.266000
22.638180 671.925000 926.948000
22.654540 669.222000 878.724000
22.671140 637.007000 791.648000
22.687500 630.394000 732.886000
22.703860 627.096000 717.860000
22.720210 640.900000 701.514000
22.736570 663.289000 782.958000
22.753170 669.256000 848.804000
22.769530 657.849000 847.462000
22.785890 650.318000 861.828000
22.819090 687.072000 818.488000
22.835210 681.989000 880.660000
22.868160 663.629000 945.604000
22.884520 662.167000 928.378000
22.917240 660.671000 930.402000
22.933840 644.266000 879.736000
22.966800 645.796000 909.722000
22.983150 638.316000 862.114000
23.016110 615.451000 857.956000
23.032470 636.650000 897.248000
23.065190 604.843000 907.610000
23.081540 625.753000 933.834000
23.114500 612.085000 880.638000
23.131100 611.524000 885.170000
23.163820 641.427000 862.004000
23.180180 621.333000 829.840000
23.196530 617.491000 778.470000
23.213130 612.646000 703.670000
23.229490 574.447000 642.114000
23.246340 565.828000 575.454000
23.262450 578.748000 560.406000
23.279050 569.721000 565.334000
23.295170 573.920000 616.330000
23.311520 701.182000 733.370000
23.328130 723.044000 809.006000
23.344480 726.954000 874.236000
23.361080 734.366000 880.374000
23.377440 748.986000 899.976000
23.410160 733.584000 898.282000
23.426760 721.004000 891.198000
23.460940 731.204000 875.226000
23.476070 732.700000 865.920000
23.492430 732.700000 865.920000
23.508790 723.741000 856.460000
23.525390 743.376000 870.716000
23.558110 727.872000 878.944000
23.574460 728.314000 892.474000
23.607420 733.380000 887.260000
23.623780 727.974000 865.084000
23.640380 726.801000 815.210000
23.656740 730.898000 756.184000
23.673100 723.129000 656.458000
23.690190 719.899000 617.034000
23.705810 719.491000 640.552000
23.722410 735.624000 657.008000
23.738770 737.375000 693.550000
23.755370 740.078000 752.994000
23.771730 730.762000 747.890000
23.789790 731.136000 771.232000
23.804690 754.970000 815.188000
23.821040 746.997000 826.474000
23.837400 748.459000 857.142000
23.853760 740.299000 904.068000
23.870360 751.723000 844.162000
23.903080 754.477000 850.124000
23.919430 739.959000 829.994000
23.936040 739.585000 806.322000
23.952390 725.594000 891.110000
23.968750 718.420000 845.658000
23.985350 716.499000 816.288000
24.001710 723.180000 780.912000
24.018070 725.645000 741.708000
24.050780 736.882000 746.394000
24.067380 720.732000 742.984000
24.100340 734.417000 804.694000
24.118160 733.023000 868.142000
24.133060 733.533000 889.966000
24.149410 726.682000 776.050000
24.166020 726.920000 947.870000
24.182370 728.739000 976.228000
24.198730 734.689000 940.786000
24.215330 744.073000 932.712000
24.248050 713.779000 906.730000
24.264400 756.313000 929.126000
24.297360 926.636000 924.154000
24.313720 1040.026000 885.830000
24.330080 1043.783000 852.632000
24.346680 1086.453000 913.484000
24.363040 1096.840000 849.970000
24.379390 1101.090000 826.474000
24.396000 1087.184000 757.636000
24.412350 1067.311000 738.430000
24.428710 1063.384000 765.094000
24.445800 1237.464000 973.280000
24.461910 1411.816000 1036.750000
24.478030 1401.990000 1065.240000
24.839600 1479.102000 926.948000
24.855960 1137.623000 979.682000
24.890140 820.148000 1010.812000
24.905270 841.245000 1016.884000
24.938230 840.905000 1036.222000
24.954350 851.955000 1034.748000
24.987300 857.939000 994.378000
25.003660 878.679000 966.900000
25.036620 613.853000 974.204000
25.053220 591.668000 958.474000
25.069580 589.271000 937.024000
25.085940 590.818000 894.740000
25.103760 574.277000 877.558000
25.118650 570.027000 849.178000
25.135250 606.951000 746.416000
25.151610 604.877000 746.108000
25.184570 579.037000 769.384000
25.200930 622.489000 776.380000
25.217290 620.500000 749.958000
25.233890 638.656000 773.564000
25.250240 623.271000 743.446000
25.266360 622.812000 757.438000
25.283200 612.051000 865.084000
25.299800 586.143000 906.752000
25.315920 594.983000 967.428000
25.332280 618.528000 927.278000
25.348880 652.783000 887.898000
25.365230 651.338000 864.776000
25.381590 616.879000 844.448000
25.398190 591.736000 848.100000
25.414550 587.775000 819.148000
25.432370 648.822000 790.306000
25.447270 631.210000 851.334000
25.463870 629.306000 826.100000
25.480220 633.352000 774.114000
25.496580 605.778000 674.960000
25.512940 605.795000 689.326000
25.529540 601.545000 716.606000
25.545900 625.617000 811.492000
25.562500 632.995000 876.128000
25.578860 638.265000 907.676000
25.595210 636.310000 895.686000
25.611570 634.695000 872.718000
25.628170 669.800000 808.918000
25.644530 664.853000 884.092000
25.660890 663.204000 877.492000
25.677250 626.484000 903.342000
25.693850 625.430000 916.872000
25.710210 628.966000 945.538000
25.726560 633.148000 951.896000
25.742920 628.439000 956.120000
25.776120 636.191000 924.440000
25.792480 608.141000 943.712000
25.825200 601.953000 968.748000
25.841550 611.473000 960.146000
25.874510 639.132000 1004.454000
25.890870 606.067000 936.232000
25.923830 648.873000 904.640000
25.940190 617.933000 959.068000
25.956540 615.910000 927.828000
25.973140 596.037000 815.672000
25.989500 621.010000 772.200000
26.006100 617.338000 757.350000
26.022460 603.449000 872.696000
26.038570 610.096000 873.048000
26.054930 611.915000 871.684000
26.071530 602.820000 791.582000
26.088870 616.607000 736.406000
26.104490 611.116000 699.292000
26.120850 581.723000 719.994000
26.137450 614.822000 789.800000
26.153560 618.783000 823.306000
26.170170 611.269000 809.248000
26.186520 599.845000 929.434000
26.219480 634.933000 862.862000
26.235840 609.501000 826.034000
26.252440 609.433000 816.970000
26.268550 632.434000 847.616000
26.285160 611.864000 780.362000
26.301510 609.824000 763.290000
26.318120 607.614000 784.322000
26.334470 641.410000 812.284000
26.367430 625.396000 818.906000
26.383790 629.017000 771.958000
26.416750 599.403000 869.176000
26.433110 625.957000 750.640000
26.449220 627.555000 781.154000
26.465820 621.452000 922.834000
26.482180 618.681000 858.528000
26.498540 624.359000 905.124000
26.515140 622.591000 964.128000
26.531740 636.871000 986.502000
26.548100 635.341000 956.494000
26.564700 604.707000 853.512000
26.581300 617.202000 824.164000
26.597660 611.643000 778.470000
26.614010 591.396000 782.628000
26.630370 608.923000 761.662000
26.663090 616.114000 806.190000
26.679930 622.863000 751.278000
26.712400 668.423000 790.856000
26.729000 613.020000 823.570000
26.761720 608.515000 786.214000
26.778080 609.110000 811.932000
26.811040 593.606000 758.516000
26.827390 580.975000 774.114000
26.861330 591.277000 785.532000
26.876950 572.764000 727.056000
26.909670 591.158000 745.514000
26.926030 621.010000 738.386000
26.942380 620.976000 747.802000
26.958980 608.940000 878.856000
26.975340 608.753000 833.800000
26.991940 608.770000 825.066000
27.008060 590.750000 757.658000
27.024660 584.783000 697.422000
27.041020 582.539000 689.392000
27.057370 603.398000 765.842000
27.073970 628.558000 828.718000
27.090330 632.468000 852.896000
27.106690 633.216000 921.184000
27.123290 581.944000 891.176000
27.139650 581.740000 904.420000
27.156010 623.747000 930.468000
27.172360 624.308000 936.936000
27.188960 629.867000 981.310000
27.205570 684.743000 1106.182000
27.221680 672.384000 1123.056000
27.254640 669.902000 1178.760000
27.271000 645.099000 1151.700000
27.303960 698.989000 1166.836000
27.320310 623.254000 1137.686000
27.353030 619.531000 1149.500000
27.369630 700.162000 1139.160000
27.402340 679.609000 1158.828000
27.418950 671.908000 1163.910000
27.451900 604.095000 1233.166000
27.468020 624.087000 1247.070000
27.500980 616.403000 1190.068000
27.517330 625.090000 1178.936000
27.550540 624.019000 1271.710000
27.566890 619.140000 1213.564000
27.599850 619.803000 1211.848000
27.616210 606.781000 1195.920000
27.648930 613.887000 1216.204000
27.665040 610.572000 1173.854000
27.681640 606.016000 1133.440000
27.698000 575.467000 1276.352000
27.714600 599.199000 1295.140000
27.730960 590.954000 1252.108000
27.747560 549.814000 1180.872000
27.763670 525.606000 1182.764000
27.796630 565.420000 1236.708000
27.812990 572.067000 1250.128000
27.845950 559.776000 1250.810000
27.862300 560.779000 1251.470000
27.895260 568.208000 1247.928000
27.911620 546.737000 1262.690000
27.927980 551.854000 1294.480000
27.944580 571.778000 1326.996000
27.960940 579.343000 1342.594000
27.977540 584.103000 1352.912000
27.993900 570.384000 1357.488000
28.010010 548.624000 1313.884000
28.026610 538.628000 1271.754000
28.042970 535.262000 1220.670000
28.059330 504.050000 1264.142000
28.075930 507.297000 1281.126000
28.092290 533.562000 1235.168000
28.108640 549.610000 1319.758000
28.125240 552.177000 1325.126000
28.141600 522.801000 1299.100000
28.157960 570.605000 1289.266000
28.174320 568.293000 1284.096000
28.190920 514.964000 1414.710000
28.207520 528.904000 1442.364000
28.223880 532.185000 1457.654000
28.239990 534.412000 1441.924000
28.256590 548.471000 1532.410000
28.272950 553.027000 1539.120000
28.289550 565.233000 1490.456000
28.305910 533.205000 1499.916000
28.322270 527.510000 1481.238000
28.338870 533.545000 1433.520000
28.355220 531.080000 1406.086000
28.371580 525.963000 1387.518000
28.388670 613.105000 1389.850000
28.404540 664.241000 1430.726000
28.437260 663.391000 1327.282000
28.453860 657.696000 1406.680000
28.470210 660.654000 1425.138000
28.486570 646.510000 1416.470000
28.503170 669.205000 1421.310000
28.519290 672.129000 1440.560000
28.535890 670.225000 1506.670000
28.552250 669.137000 1507.594000
28.585210 660.858000 1425.512000
28.601810 668.491000 1447.732000
28.617920 668.219000 1458.424000
28.634520 681.428000 1515.734000
28.650880 692.206000 1516.020000
28.667240 694.960000 1535.424000
28.683840 671.075000 1500.730000
28.700200 693.073000 1539.758000
28.717290 691.033000 1510.960000
28.732910 721.106000 1466.960000
28.749510 685.712000 1482.976000
28.765870 682.533000 1473.274000
28.782470 656.778000 1518.132000
28.798580 699.805000 1549.680000
28.814940 704.123000 1573.198000
28.831540 715.377000 1566.488000
28.847900 690.183000 1520.442000
28.864500 688.415000 1515.954000
28.880860 579.989000 1552.100000
28.897220 603.160000 1515.074000
28.913820 605.251000 1524.028000
28.930180 622.897000 1509.090000
28.946530 569.806000 1491.336000
28.963130 567.375000 1477.982000
28.979250 593.657000 1503.436000
28.996090 591.906000 1488.432000
29.012210 584.545000 1457.720000
29.028560 546.465000 1485.902000
29.045170 568.021000 1460.646000
29.061520 567.987000 1455.454000
29.078130 569.874000 1485.814000
29.094480 607.597000 1491.864000
29.110840 610.079000 1507.880000
29.127200 562.343000 1556.654000
29.143550 587.860000 1439.834000
29.160160 590.257000 1450.350000
29.176760 544.017000 1697.674000
29.193120 565.182000 1721.412000
29.225830 580.193000 1602.370000
29.242190 583.525000 1618.166000
29.275150 580.516000 1600.478000
29.291500 575.790000 1605.824000
29.324220 581.672000 1707.728000
29.340820 567.409000 1698.928000
29.374020 612.272000 1701.194000
29.390140 599.743000 1665.400000
29.406490 599.879000 1669.096000
29.423100 585.684000 1553.794000
29.439450 574.651000 1461.086000
29.455810 576.691000 1460.272000
29.472170 599.998000 1500.488000
29.489010 604.843000 1492.876000
29.505370 600.559000 1479.280000
29.521480 579.224000 1488.212000
29.537840 562.275000 1546.776000
29.554440 564.978000 1556.214000
29.570800 588.064000 1590.050000
29.587160 580.975000 1484.208000
29.603760 578.255000 1468.852000
29.620120 650.352000 1486.166000
29.636470 679.439000 1530.540000
29.653080 676.498000 1512.214000
29.669430 641.257000 1432.244000
29.685790 648.261000 1483.790000
29.702150 651.015000 1509.794000
29.718750 692.189000 1545.918000
29.735350 662.660000 1569.876000
29.751710 666.536000 1578.962000
29.768070 699.091000 1546.050000
29.784420 699.040000 1525.480000
29.800780 694.178000 1490.522000
29.817140 655.503000 1476.486000
29.833740 690.234000 1483.790000
29.850340 691.101000 1497.694000
29.866460 559.062000 1549.372000
29.883060 608.719000 1653.278000
29.899410 613.088000 1669.580000
29.915770 621.775000 1688.698000
29.932370 613.411000 1694.858000
29.948490 615.247000 1705.044000
29.965090 601.069000 1766.952000
29.981450 596.955000 1769.724000
29.998050 599.114000 1773.024000
30.014400 580.720000 1773.464000
30.030760 619.191000 1681.394000
30.047360 615.366000 1667.182000
30.063720 518.908000 1666.698000
30.080080 514.403000 1656.820000
30.113040 522.036000 1686.256000
30.129390 532.134000 1708.542000
30.162350 537.370000 1654.950000
30.178710 540.583000 1665.532000
30.211430 521.203000 1610.026000
30.228030 528.462000 1626.020000
30.260990 508.657000 1655.324000
30.277340 516.851000 1696.684000
30.310060 526.320000 1701.810000
30.326420 526.694000 1717.826000
30.359380 505.818000 1693.670000
30.375980 514.896000 1663.134000
30.408690 574.940000 1395.680000
30.425050 592.229000 1304.050000
30.441410 592.382000 1309.528000
30.458010 511.190000 1306.404000
30.474610 502.214000 1288.540000
30.490970 500.820000 1275.076000
30.507320 513.060000 1267.640000
30.523680 522.614000 1172.930000
30.540040 514.335000 1136.762000
30.556400 514.063000 1196.404000
30.573000 517.854000 1194.798000
30.606200 512.550000 1158.894000
30.622560 511.445000 1183.270000
30.655520 500.854000 1103.850000
30.671630 504.713000 1105.654000
30.704590 535.993000 1120.790000
30.720950 567.035000 1205.732000
30.753660 757.894000 1141.756000
30.770260 760.325000 1265.132000
30.802980 744.294000 1144.792000
30.819340 752.794000 1146.156000
30.835940 753.168000 1181.664000
30.852290 755.888000 1251.074000
30.868650 754.137000 1308.626000
30.885250 757.078000 1354.364000
30.901610 729.351000 1376.650000
30.918210 752.369000 1367.058000
30.950680 759.305000 1356.586000
30.967530 736.457000 1394.184000
31.000240 741.931000 1408.924000
31.016600 825.435000 1416.118000
31.032960 826.098000 1400.960000
31.049320 822.732000 1415.656000
31.065670 812.617000 1296.834000
31.082280 812.192000 1275.384000
31.098630 830.994000 1377.376000
31.115230 853.672000 1348.116000
31.147950 848.419000 1298.638000
31.164310 829.549000 1294.744000
31.180660 828.580000 1310.496000
31.197270 894.659000 1370.424000
31.213620 908.395000 1370.468000
31.229980 911.064000 1358.434000
31.246830 864.110000 1356.938000
31.262940 867.697000 1269.466000
31.279300 867.510000 1242.032000
31.295650 876.826000 1284.096000
31.312260 908.905000 1348.534000
31.328610 907.477000 1371.458000
31.345210 899.810000 1311.134000
31.361570 877.404000 1350.910000
31.394290 884.102000 1397.440000
31.410890 871.233000 1261.348000
31.443600 868.666000 1312.784000
31.460210 876.418000 1306.404000
31.492920 891.854000 1244.672000
31.509280 892.313000 1273.184000
31.525880 892.857000 1260.820000
31.542240 900.388000 1277.474000
31.558840 892.092000 1279.564000
31.575200 892.602000 1267.640000
31.591800 809.812000 1348.952000
31.607910 764.371000 1430.594000
31.624510 765.612000 1435.302000
31.640870 812.991000 1443.354000
31.657230 807.653000 1391.060000
31.673580 806.820000 1396.230000
31.690190 807.704000 1421.574000
31.706540 789.021000 1463.176000
31.723140 789.463000 1473.648000
31.739260 815.592000 1484.098000
31.755860 758.761000 1491.292000
31.772220 758.931000 1504.250000
31.788570 684.777000 1132.648000
31.805180 693.345000 1123.848000
31.821530 693.413000 1115.840000
31.838130 706.979000 1001.176000
31.854250 649.434000 1150.908000
31.870850 647.887000 1145.078000
31.887210 690.251000 1144.858000
31.903560 697.612000 1117.204000
31.919920 701.301000 1156.364000
31.936520 676.617000 1237.214000
31.952880 663.561000 1158.784000
31.969480 662.252000 1140.084000
31.985840 699.958000 1181.136000
32.002200 687.769000 1207.910000
32.018550 685.287000 1185.162000
32.035160 694.977000 1117.666000
32.051510 670.565000 1062.996000
32.067870 669.154000 1040.820000
32.084470 654.483000 1037.190000
32.100830 594.150000 1073.600000
32.117190 592.229000 1067.176000
32.133540 571.268000 1012.110000
32.150150 596.785000 1074.414000
32.166500 601.222000 1102.244000
32.183110 564.043000 1105.676000
32.199460 590.393000 1080.816000
32.232180 576.130000 1048.608000
32.248780 542.266000 1112.562000
32.265140 545.071000 1130.954000
32.281490 578.255000 1119.316000
32.297850 585.871000 1194.952000
32.314450 585.548000 1179.486000
32.330810 530.740000 1080.970000
32.347410 479.859000 1024.738000
32.363770 467.789000 972.488000
32.380130 516.596000 965.118000
32.396730 483.021000 860.750000
32.429440 510.544000 990.990000
32.445800 468.197000 979.616000
32.478760 535.058000 962.984000
32.495120 515.933000 988.416000
32.527830 495.601000 943.250000
32.545410 487.203000 977.614000
32.560790 490.841000 998.646000
32.577390 536.690000 963.402000
32.593750 600.202000 959.706000
32.610110 604.503000 989.780000
32.626710 616.845000 1090.232000
32.643070 627.334000 977.724000
32.676030 611.983000 1050.148000
32.692140 623.475000 1048.630000
32.708740 625.209000 1067.770000
32.725100 648.397000 1075.052000
32.741460 617.627000 1104.378000
32.758060 621.350000 1129.590000
32.774410 643.365000 1156.606000
32.790770 656.421000 1159.532000
32.807370 654.908000 1132.802000
32.823730 571.489000 1121.472000
32.840090 589.067000 1149.544000
32.856450 585.276000 1137.708000
32.873290 579.836000 1169.476000
32.889650 614.431000 1243.308000
32.905760 620.449000 1278.816000
32.922360 602.344000 1233.826000
32.938720 602.973000 1295.866000
32.971440 593.963000 1219.020000
32.988040 577.762000 1198.010000
33.004390 575.297000 1179.970000
33.020750 519.333000 1203.818000
33.037350 511.836000 1192.488000
33.053960 506.362000 1169.762000
33.070070 551.208000 1125.498000
33.086430 568.769000 1117.424000
33.102780 571.115000 1135.310000
33.119380 586.126000 1688.522000
33.135740 571.030000 1727.396000
33.152340 573.104000 1730.784000
33.168700 581.026000 1756.216000
33.185060 557.124000 1643.488000
33.201420 552.228000 1628.660000
33.218020 547.196000 1674.288000
33.234380 557.379000 1647.426000
33.250730 560.048000 1658.162000
33.267330 606.288000 1656.116000
33.283690 558.161000 1614.668000
33.299800 563.125000 1630.442000
33.316410 582.029000 1615.856000
33.333010 578.680000 1665.026000
33.365720 585.004000 1641.860000
33.382320 582.114000 1663.816000
33.398680 579.581000 1652.464000
33.415040 621.282000 1751.838000
33.431640 607.070000 1734.832000
33.448000 604.962000 1731.774000
33.464360 606.849000 1724.162000
33.480710 596.258000 1767.986000
33.497310 600.389000 1777.600000
33.513670 602.004000 1699.368000
33.530030 599.165000 1759.230000
33.546630 594.864000 1746.074000
33.562990 634.593000 1737.626000
33.579350 601.647000 1756.590000
33.595700 599.641000 1750.364000
33.612300 598.383000 1746.140000
33.628660 560.235000 1677.324000
33.661620 657.577000 1697.784000
33.677980 674.203000 1751.728000
33.694340 674.526000 1747.702000
33.710690 684.386000 1755.116000
33.727050 646.714000 1696.970000
33.743650 644.657000 1692.856000
33.760010 676.906000 1716.374000
33.776610 638.996000 1691.096000
33.792970 640.951000 1699.082000
33.809330 654.857000 1752.190000
33.825680 751.995000 1728.430000
33.858640 743.529000 1637.130000
33.875000 773.126000 1705.880000
33.891600 773.177000 1693.956000
33.907960 699.737000 1760.396000
33.924320 710.549000 1682.780000
33.940920 708.934000 1678.556000
33.957280 725.696000 1673.452000
33.973880 719.712000 1706.650000
33.989990 722.330000 1718.002000
34.006590 494.836000 1641.882000
34.023190 494.955000 1619.838000
34.039310 488.325000 1603.008000
34.055660 484.007000 1682.340000
34.072270 432.514000 1615.438000
34.088620 433.466000 1619.992000
34.104980 479.349000 1577.554000
34.121580 480.811000 1646.392000
34.137940 487.696000 1662.716000
34.154300 522.444000 1693.208000
34.170650 507.093000 1635.502000
34.203860 505.393000 1595.044000
34.220210 534.633000 1298.242000
34.252930 511.411000 1174.558000
34.269290 507.331000 1161.424000
34.285890 504.254000 1148.400000
34.302250 526.966000 1150.094000
34.318850 535.415000 1162.106000
34.351560 547.842000 1166.022000
34.367920 499.324000 1215.918000
34.384280 502.486000 1228.304000
34.400630 514.811000 1055.758000
34.417240 513.910000 1116.390000
34.433840 514.488000 1122.506000
34.449950 530.434000 1161.248000
34.466550 546.516000 1195.656000
34.482910 551.072000 1212.266000
34.499510 514.743000 1220.406000
34.515630 583.933000 1069.772000
34.532230 581.757000 1056.836000
34.548580 587.248000 695.354000
34.564940 604.452000 749.518000
34.597900 591.804000 742.676000
34.614260 611.235000 760.012000
34.631100 613.054000 775.148000
34.647220 584.137000 760.254000
34.663570 568.616000 757.856000
34.696530 574.617000 757.812000
34.712890 564.230000 731.764000
34.745850 600.457000 760.628000
34.762210 638.163000 818.752000
34.794920 735.097000 750.794000
34.811520 743.019000 738.650000
34.827880 742.288000 723.008000
34.844240 776.985000 786.566000
34.860840 756.075000 786.126000
34.877200 755.684000 794.134000
34.893550 721.650000 807.158000
34.909910 720.290000 840.598000
34.926510 722.211000 870.914000
34.942870 732.071000 837.936000
34.959230 715.921000 769.450000
34.992190 719.440000 992.332000
35.008790 731.782000 1049.928000
35.024900 731.017000 1029.380000
35.041500 729.232000 986.810000
35.057860 702.865000 958.122000
35.074460 701.658000 951.280000
35.090820 683.434000 853.864000
35.107180 741.030000 982.982000
35.123540 742.917000 1003.134000
35.139890 731.986000 1045.330000
35.156740 712.640000 990.792000
35.173100 711.552000 976.800000
35.189450 730.320000 988.768000
35.206300 711.790000 970.750000
35.239010 664.819000 1000.296000
35.255370 671.058000 975.612000
35.288330 689.452000 1016.488000
35.304440 693.209000 1035.254000
35.337400 650.267000 925.078000
35.353760 711.110000 1033.780000
35.370120 710.090000 1020.844000
35.386720 686.953000 920.326000
35.402830 668.066000 920.436000
35.419190 666.723000 906.884000
35.435790 667.879000 926.024000
35.452150 683.485000 980.518000
35.485110 675.767000 914.320000
35.501460 683.604000 1003.706000
35.534420 668.542000 1018.358000
35.550780 664.122000 934.054000
35.567140 665.465000 947.342000
35.583740 678.181000 990.990000
35.600100 682.159000 1013.254000
35.632810 706.486000 963.182000
35.649170 596.904000 906.444000
35.666020 597.210000 913.638000
35.682130 576.521000 929.676000
35.698730 577.133000 966.438000
35.715090 581.502000 994.070000
35.731450 585.089000 1056.572000
35.747800 574.753000 995.060000
35.764400 569.211000 949.212000
35.780760 563.958000 958.408000
35.797360 546.448000 836.132000
35.813720 539.835000 800.888000
35.830080 542.980000 765.600000
35.846680 515.729000 527.648000
35.862790 521.373000 565.928000
35.879390 534.820000 671.726000
35.895750 537.914000 653.840000
35.928710 512.771000 612.084000
35.945070 499.919000 627.220000
35.961430 496.145000 599.500000
35.977780 513.842000 545.314000
35.994380 520.064000 497.464000
36.010740 520.472000 512.072000
36.027100 533.936000 647.922000
36.043700 558.722000 722.810000
36.060060 568.412000 790.394000
36.076420 552.806000 805.574000
36.093020 561.442000 754.402000
36.109380 555.730000 702.064000
36.125730 585.718000 583.132000
36.142090 587.860000 464.112000
36.160890 582.607000 429.396000
36.175050 612.527000 510.466000
36.191650 605.489000 510.774000
36.207760 609.195000 528.022000
36.224370 606.339000 514.140000
36.240720 578.170000 490.666000
36.257080 571.744000 435.336000
36.273680 582.284000 405.944000
36.290040 580.091000 398.860000
36.306640 580.754000 418.176000
36.323000 599.794000 399.058000
36.339360 577.354000 491.018000
36.355710 585.735000 563.420000
36.372070 616.692000 582.978000
36.388670 631.074000 611.908000
36.405030 633.012000 631.664000
36.421390 610.402000 643.346000
36.437990 618.664000 600.820000
36.454350 614.924000 564.322000
36.470700 624.291000 548.988000
36.487060 617.695000 537.504000
36.503660 615.757000 518.012000
36.519780 634.984000 540.298000
36.536380 612.510000 525.624000
36.552980 615.587000 542.564000
36.569340 631.125000 559.020000
36.590090 588.710000 543.246000
36.602290 584.647000 516.626000
36.618650 613.309000 453.156000
36.635010 619.956000 442.266000
36.651610 620.279000 445.720000
36.667970 578.867000 481.140000
36.684570 600.865000 592.328000
36.700930 602.939000 610.962000
36.717290 604.265000 603.152000
36.733890 646.340000 602.360000
36.750000 647.666000 626.824000
36.766360 524.348000 667.018000
36.782960 536.911000 731.566000
36.799070 541.059000 744.656000
36.815670 542.062000 535.612000
36.832030 539.699000 529.298000
36.848390 532.644000 485.298000
