0.098280 520.571620 346.594605 0.049300 82.334774 0.032730
0.180310 494.870193 268.374073 0.148030 61.383584 0.049410
0.377750 491.634150 207.075848 0.574830 267.999482 0.098610
1.051190 716.572268 61.382452 1.002250 60.238719 0.049310
2.102750 669.420002 98.870678 0.870590 206.083463 0.115010
3.088350 467.003198 137.572501 0.459960 101.160125 0.361940
3.910250 515.640861 226.272831 3.301790 459.516303 0.082120
7.294160 974.571427 203.078692 3.104780 537.010210 0.098660
10.497600 439.190145 161.283377 0.065590 144.025190 0.049420
10.612610 491.010305 295.663161 1.231980 120.387262 0.049320
11.893910 446.373190 407.469336 0.032920 49.056002 0.016220
11.943050 486.201595 378.830386 0.840440 97.209579 0.047020
12.830510 581.315693 358.755265 0.098810 362.484775 0.114760
13.044080 943.791359 361.325042 0.706270 203.207551 0.049360
13.799710 977.208484 160.884017 0.032780 213.280435 0.082270
13.914760 1000.506078 372.888182 1.117090 518.328256 0.131510
15.163360 483.069507 403.278572 0.542020 134.805674 0.032980
15.738360 617.867189 401.810674 0.804900 156.551155 0.049450
16.592710 466.694846 442.494663 0.542220 160.580480 0.048940
17.183870 623.360859 407.254757 1.215730 96.291239 0.098460
18.498060 532.589203 439.387438 1.873050 43.292584 0.098680
20.469790 513.451354 478.220293 0.443310 178.273448 0.065860
20.978960 509.889647 299.982427 1.708520 442.532752 0.115070
22.802550 951.581793 272.719174 0.147680 510.724073 0.377990
23.328220 493.497260 498.545742 0.969080 132.506536 0.016560
24.313860 501.095977 630.834221 5.618820 355.013045 0.098220
30.030900 759.337398 874.443807 0.262970 205.595913 0.065750
30.359620 554.339100 890.108322 1.889310 64.280608 0.082080
32.331010 618.503943 893.964402 0.919800 113.863673 0.098560
33.349370 510.324431 929.490859 0.443870 492.547649 0.131140
33.924380 987.348905 806.809003 0.098830 83.063010 0.016250
34.039460 1011.151748 727.229556 0.328950 672.907160 0.147440
34.515850 701.974639 129.556099 0.098670 619.833398 0.147810
34.762330 977.260883 684.903670 0.295680 265.249123 0.098880
35.156890 977.848996 419.655199 1.330340 0.000000 0.098880
