0.000000 624.019000 208.384000
0.016480 758.608000 209.484000
0.032710 755.497000 283.316000
0.049070 758.965000 327.800000
0.065550 743.036000 229.900000
0.081910 732.581000 336.754000
0.098510 731.833000 310.530000
0.114870 740.265000 193.666000
0.135380 772.956000 217.624000
0.147950 767.890000 173.800000
0.164310 704.701000 83.292000
0.181150 700.077000 141.702000
0.197390 704.684000 192.082000
0.213750 759.305000 221.892000
0.230220 715.088000 234.432000
0.246700 717.162000 257.180000
0.263180 743.393000 297.880000
0.279300 721.395000 387.222000
0.312260 602.565000 435.072000
0.328610 624.206000 471.988000
0.345210 618.086000 427.262000
0.361690 578.340000 367.378000
0.378050 561.459000 359.722000
0.410890 578.680000 348.788000
0.427120 577.116000 394.130000
0.443850 580.074000 407.132000
0.460080 562.020000 380.270000
0.477050 548.063000 389.224000
0.492920 540.821000 344.278000
0.509280 547.162000 217.118000
0.525880 519.724000 224.136000
0.558840 542.538000 228.756000
0.575200 524.314000 149.160000
0.591800 532.593000 209.396000
0.607910 555.747000 255.376000
0.624510 563.023000 271.744000
0.640870 566.355000 294.624000
0.657230 551.395000 301.840000
0.673580 547.009000 291.060000
0.690060 542.708000 256.938000
0.854250 837.267000 0.550000
0.870730 835.108000 30.140000
0.887210 836.502000 42.152000
0.903560 828.461000 117.238000
0.920040 811.138000 69.014000
0.936400 808.486000 19.184000
1.002200 827.407000 41.118000
1.018430 808.146000 81.202000
1.035030 807.942000 77.462000
1.051510 790.347000 86.482000
1.100710 755.412000 39.028000
1.118900 753.202000 12.892000
1.133670 755.208000 41.602000
1.150020 770.542000 42.284000
1.166380 742.492000 117.106000
1.199340 769.879000 32.164000
1.215580 777.172000 72.094000
1.232180 775.353000 43.714000
1.265010 765.697000 10.890000
1.445560 548.896000 106.018000
1.462160 524.875000 174.086000
1.478520 521.543000 152.394000
1.494870 530.927000 132.924000
1.511350 498.338000 136.488000
1.527830 502.486000 162.470000
1.544070 537.659000 170.588000
1.560670 521.407000 181.940000
1.577150 522.427000 194.216000
1.593630 559.521000 187.462000
1.609860 549.491000 221.716000
1.626460 551.990000 232.342000
1.642820 521.900000 125.730000
1.659060 509.133000 107.866000
1.675660 510.204000 120.120000
1.938720 762.229000 350.658000
1.954960 758.880000 349.888000
1.971190 639.761000 255.816000
1.987670 513.077000 259.556000
2.004270 566.576000 294.360000
2.020750 565.675000 282.084000
2.037110 529.516000 209.660000
2.053590 545.938000 169.246000
2.069950 542.470000 145.464000
2.086430 565.692000 176.462000
2.103150 560.099000 212.564000
2.119380 556.852000 189.838000
2.135740 559.079000 148.192000
2.151980 557.617000 127.028000
2.168700 555.271000 116.512000
2.184940 550.154000 77.242000
2.201420 513.740000 189.002000
2.217770 516.358000 199.496000
2.234250 520.812000 290.796000
2.250730 498.559000 212.102000
2.267090 498.508000 211.772000
2.283450 533.579000 226.116000
2.299930 540.396000 231.110000
2.316410 536.452000 205.106000
2.332760 527.680000 147.422000
2.349240 501.007000 43.318000
2.365720 498.559000 32.934000
2.382080 495.584000 103.290000
2.398560 505.461000 140.514000
2.415040 513.281000 190.190000
2.431400 615.485000 188.584000
2.447880 600.304000 152.306000
2.480590 592.263000 186.230000
2.497190 594.830000 238.260000
2.513670 594.048000 226.138000
2.530030 585.055000 190.388000
2.546390 557.498000 163.438000
2.562870 558.314000 175.362000
2.579220 618.001000 199.892000
2.595700 626.552000 223.784000
2.612180 625.430000 207.834000
2.628540 564.604000 169.092000
2.645020 538.169000 103.972000
2.661500 532.559000 71.038000
2.677730 518.500000 12.826000
2.694210 528.020000 66.814000
2.710690 535.432000 117.920000
2.727050 569.551000 202.774000
2.743530 589.407000 311.322000
2.760500 588.608000 299.464000
2.776370 559.844000 200.024000
2.792970 557.804000 159.390000
2.809200 554.557000 136.400000
2.825810 616.522000 142.450000
2.842160 630.496000 150.128000
2.858520 631.057000 162.140000
2.874880 622.642000 247.016000
2.891360 626.671000 241.406000
2.907840 628.966000 251.922000
2.924070 677.059000 212.454000
2.940670 647.717000 187.682000
2.957030 647.666000 187.352000
2.973510 658.801000 259.578000
2.990110 663.850000 220.968000
3.006350 661.011000 194.634000
3.022830 668.304000 98.780000
3.039310 614.074000 43.516000
3.055790 614.703000 55.902000
3.072020 631.397000 95.282000
3.088380 629.408000 189.838000
3.105220 635.358000 240.284000
3.121700 657.254000 256.344000
3.138060 647.105000 160.622000
3.154300 643.892000 123.882000
3.170780 591.753000 224.510000
3.187260 629.425000 203.742000
3.207760 626.722000 181.016000
3.220090 611.915000 175.516000
3.236450 585.429000 172.546000
3.269290 626.263000 157.388000
3.285640 620.381000 135.388000
3.318480 603.772000 125.004000
3.335080 631.227000 135.784000
3.351320 634.457000 171.006000
3.368040 617.729000 236.214000
3.384400 623.322000 279.224000
3.400760 625.379000 290.004000
3.417110 575.552000 257.092000
3.433720 563.227000 164.604000
3.449950 560.728000 154.110000
3.466430 592.110000 218.372000
3.483030 636.361000 285.274000
3.499270 639.115000 308.110000
3.516110 575.688000 281.446000
3.532100 592.331000 274.538000
3.564940 636.599000 304.568000
3.581420 625.906000 282.832000
3.614260 592.892000 198.154000
3.630740 576.708000 201.916000
3.663570 579.870000 172.304000
3.680180 568.990000 282.392000
3.696290 568.089000 270.094000
3.712890 552.704000 114.686000
3.729250 553.775000 132.308000
3.745730 548.199000 98.428000
3.762450 555.543000 120.164000
3.778560 560.915000 129.558000
3.794920 563.227000 140.228000
3.811520 554.863000 140.690000
3.827880 529.057000 160.930000
3.844240 529.006000 160.578000
3.860840 568.344000 149.666000
3.877200 561.493000 183.920000
3.893550 564.706000 206.668000
3.910030 558.977000 193.754000
3.926510 580.278000 454.674000
4.205810 759.696000 278.564000
4.221920 773.653000 274.692000
4.238530 674.577000 343.244000
4.255000 551.582000 147.730000
4.271360 592.246000 135.168000
4.287840 593.028000 147.906000
4.304440 588.370000 189.464000
4.321040 578.986000 243.848000
4.337160 582.199000 266.970000
4.353390 587.197000 234.476000
4.370120 594.167000 206.470000
4.403690 565.964000 287.166000
4.419310 586.296000 306.416000
4.452390 588.404000 284.064000
4.468630 635.375000 241.538000
4.484990 629.527000 192.236000
4.501340 675.393000 151.162000
4.517940 681.547000 144.276000
4.534420 681.139000 131.846000
4.550660 649.791000 125.026000
4.567260 646.374000 129.910000
4.583620 649.859000 168.520000
4.599850 652.069000 234.520000
4.616330 665.516000 279.906000
4.632930 667.454000 290.598000
4.649290 648.159000 222.574000
4.665890 649.791000 197.648000
4.682010 647.207000 174.636000
4.698490 668.202000 179.190000
4.714840 698.870000 152.262000
4.731450 701.318000 188.320000
4.747800 671.194000 161.216000
4.764280 686.290000 196.724000
4.780640 685.882000 184.316000
4.797000 690.982000 144.276000
4.813480 697.493000 154.286000
4.829960 691.016000 93.500000
4.846310 746.351000 92.510000
4.862790 698.819000 129.382000
4.879270 702.644000 162.426000
4.895630 731.969000 147.906000
4.911990 696.354000 158.620000
4.928340 699.363000 198.308000
4.944820 713.949000 238.172000
4.961300 711.025000 256.278000
4.977910 712.963000 267.036000
4.994140 728.229000 200.024000
5.010500 704.055000 226.028000
5.026980 700.111000 192.170000
5.043460 783.768000 181.852000
5.059940 765.629000 158.840000
5.076420 765.663000 159.192000
5.092770 733.312000 198.440000
5.109250 742.917000 189.640000
5.125610 744.634000 199.936000
5.141970 760.699000 188.760000
5.158810 761.311000 237.754000
5.174930 761.447000 250.140000
5.191410 774.622000 151.272000
5.207760 765.833000 179.344000
5.224240 767.550000 203.610000
5.240480 803.947000 223.080000
5.257080 774.673000 234.058000
5.273440 774.741000 221.144000
5.289920 738.242000 216.524000
5.306520 749.326000 199.012000
5.322750 747.490000 175.230000
5.339230 768.672000 172.612000
5.355590 763.895000 159.632000
5.372070 760.274000 108.746000
5.388430 784.465000 117.304000
5.404910 756.755000 75.416000
5.437740 748.918000 199.122000
5.454100 790.313000 160.094000
5.470580 793.458000 183.040000
5.487060 846.243000 185.966000
5.503540 831.181000 46.618000
5.536250 825.894000 112.970000
5.552730 831.045000 141.020000
5.569340 834.581000 214.940000
5.585690 858.143000 243.364000
5.602050 855.797000 267.410000
5.618530 857.021000 277.992000
5.635010 838.899000 194.348000
5.651250 842.129000 223.476000
5.667720 838.508000 161.920000
5.684330 798.082000 148.896000
5.700560 775.081000 87.912000
5.717160 775.132000 75.240000
5.733400 836.638000 71.434000
5.749880 785.502000 44.924000
5.766240 787.185000 72.336000
5.782710 815.762000 64.218000
5.799190 846.838000 99.154000
5.816530 845.478000 84.524000
5.832400 801.142000 193.006000
5.848880 800.666000 107.756000
5.864990 800.683000 95.260000
5.881470 853.094000 159.478000
5.897950 819.128000 153.274000
5.914430 820.522000 179.608000
5.930790 841.823000 168.850000
5.947270 846.362000 169.928000
5.963870 847.399000 193.226000
5.980220 864.705000 204.490000
5.996460 859.860000 149.754000
6.029300 861.560000 147.488000
6.049560 863.379000 120.670000
6.062130 862.478000 96.668000
6.078490 848.487000 142.472000
6.094970 834.292000 108.922000
6.111450 834.156000 121.616000
6.127810 882.640000 136.026000
6.145870 859.418000 202.840000
6.160640 860.387000 226.776000
6.177250 873.069000 261.118000
6.193480 860.200000 168.212000
6.209960 858.177000 116.666000
6.226320 957.083000 32.362000
6.242800 987.530000 139.700000
6.259280 987.530000 139.700000
6.275760 957.338000 114.004000
6.292110 948.940000 115.588000
6.308590 949.773000 130.174000
6.324950 930.648000 144.364000
6.341310 967.776000 81.884000
6.374150 965.396000 57.310000
6.390630 966.416000 83.028000
6.406980 965.651000 67.716000
6.423580 969.136000 91.256000
6.440060 990.420000 91.894000
6.456420 991.185000 79.266000
6.473750 973.420000 88.506000
6.489140 959.004000 103.532000
6.505620 958.375000 120.010000
6.522090 921.808000 95.326000
6.538450 1003.085000 141.196000
6.554810 1003.578000 176.022000
6.571290 1017.688000 156.816000
6.590090 1047.982000 178.970000
6.604370 1048.526000 154.748000
6.620610 1052.555000 150.678000
6.637080 1063.809000 43.186000
6.669920 1015.665000 146.762000
6.686280 1030.013000 161.238000
6.702760 1029.622000 184.910000
6.719480 1087.218000 134.266000
6.735720 1080.639000 99.352000
6.752200 1081.404000 74.800000
6.768550 1098.251000 92.840000
6.785160 1087.983000 91.454000
6.803830 1088.782000 67.474000
6.817870 1100.410000 12.738000
6.867190 1082.645000 50.930000
6.883540 1070.473000 75.438000
6.900020 1069.385000 88.550000
6.916380 1084.736000 105.116000
6.932740 1083.563000 155.298000
6.949220 1083.852000 165.792000
6.965700 1088.901000 175.604000
6.982060 1092.454000 142.736000
6.998540 1093.304000 118.778000
7.014890 1104.881000 75.966000
7.031370 1075.012000 111.166000
7.064330 1073.091000 140.228000
7.080690 1079.041000 104.258000
7.097290 1078.837000 90.090000
7.113400 800.445000 127.072000
7.130740 585.582000 122.914000
7.146480 589.118000 156.486000
7.162720 521.135000 137.764000
7.179440 504.322000 211.464000
7.195680 513.723000 258.500000
7.212040 553.333000 238.150000
7.228520 569.772000 235.708000
7.245000 559.827000 165.682000
7.261470 527.612000 143.902000
7.277830 510.833000 113.366000
7.294310 507.433000 91.146000
7.310670 494.547000 159.478000
7.327030 510.187000 144.672000
7.343510 518.568000 204.974000
7.360110 528.870000 254.936000
7.376340 486.506000 260.348000
7.392580 493.170000 293.502000
7.409420 505.036000 237.380000
7.425660 523.787000 307.472000
7.442140 516.494000 262.966000
7.458860 473.178000 227.392000
7.474850 498.083000 203.698000
7.491460 495.618000 193.490000
7.507690 490.943000 182.534000
7.524170 484.704000 265.254000
7.540650 487.271000 275.374000
7.557010 501.687000 221.298000
7.573490 494.717000 176.462000
7.589970 494.666000 176.132000
7.606320 510.867000 168.608000
7.622800 520.268000 202.862000
7.639160 524.807000 237.886000
7.655640 511.343000 251.416000
7.672240 531.046000 250.690000
7.688480 529.941000 238.414000
7.704830 509.439000 220.638000
7.721190 483.344000 228.492000
7.737790 479.485000 205.986000
7.754030 463.437000 159.478000
7.770630 485.656000 235.532000
7.787110 489.464000 257.730000
8.099240 612.578000 246.114000
8.115600 608.362000 218.438000
8.132320 608.974000 230.934000
8.148560 607.512000 163.724000
8.164790 583.338000 296.230000
8.181270 581.638000 270.380000
8.197750 698.207000 166.298000
8.214110 690.251000 110.066000
8.231080 685.508000 59.796000
8.247190 676.260000 7.656000
8.263550 688.653000 83.930000
8.279790 691.322000 121.748000
8.296260 662.286000 77.000000
8.312740 663.935000 151.690000
8.329220 664.377000 155.936000
8.345580 649.162000 157.190000
8.362180 648.771000 193.160000
8.378420 646.901000 182.754000
8.394900 656.319000 122.320000
8.411380 653.939000 185.548000
8.427730 656.472000 208.670000
8.444210 655.503000 267.806000
8.460820 674.424000 234.190000
8.477050 671.653000 207.702000
8.493650 657.628000 142.450000
8.509770 657.339000 109.208000
8.526250 659.770000 132.286000
8.542720 766.343000 180.840000
8.560550 757.588000 228.690000
8.575680 759.645000 255.838000
8.592160 746.589000 223.674000
8.608400 733.788000 183.502000
8.624880 733.652000 170.522000
8.641360 750.261000 241.736000
8.657840 766.241000 211.618000
8.674190 764.711000 200.772000
8.690670 756.959000 239.888000
8.707150 748.629000 214.324000
8.723390 748.204000 187.286000
8.739870 758.115000 111.628000
8.805540 746.606000 68.420000
8.822020 750.295000 118.866000
8.838500 773.721000 206.162000
8.854980 790.466000 218.856000
8.871340 792.183000 245.432000
8.887820 804.508000 197.384000
8.904300 814.572000 199.364000
8.937130 815.796000 186.868000
8.953610 821.015000 202.466000
8.986210 808.554000 194.128000
9.002810 832.371000 187.242000
9.035520 797.045000 216.788000
9.052000 823.973000 280.500000
9.068360 822.596000 241.780000
9.084840 818.091000 107.448000
9.101320 821.491000 60.434000
9.117800 820.250000 49.456000
9.134280 794.036000 181.764000
9.150630 907.885000 244.750000
9.167110 910.571000 289.608000
9.183590 978.027000 239.756000
9.200070 970.581000 242.836000
9.216310 969.697000 230.494000
9.232910 965.039000 201.322000
9.249270 974.525000 211.222000
9.265630 973.862000 251.438000
9.282100 960.687000 281.248000
9.298460 943.160000 266.068000
9.314820 943.925000 276.606000
9.331420 967.453000 274.406000
9.347780 973.573000 237.050000
9.364260 972.808000 202.928000
9.380620 561.799000 393.514000
9.396970 548.777000 408.320000
9.413570 552.211000 429.484000
9.429810 515.287000 361.834000
9.446530 497.471000 445.874000
9.462650 501.381000 466.994000
9.479250 543.796000 454.102000
9.495480 563.023000 405.042000
9.512080 559.623000 383.262000
9.528560 515.440000 354.794000
9.547120 501.585000 352.660000
9.561400 497.811000 331.100000
9.577640 535.313000 275.286000
9.594240 518.619000 337.634000
9.610470 521.203000 347.270000
9.627200 506.821000 461.538000
9.643550 539.512000 433.092000
9.659910 539.461000 432.784000
9.676270 503.438000 416.790000
9.692630 512.380000 417.010000
9.709110 509.847000 407.726000
9.725590 510.340000 357.346000
9.741940 491.555000 273.812000
9.758540 491.623000 274.164000
9.775150 514.165000 394.196000
9.791380 491.691000 412.324000
9.807740 488.920000 387.860000
9.824220 549.457000 334.818000
9.840700 491.572000 256.080000
9.856930 486.081000 234.476000
9.873540 488.614000 242.946000
9.889890 500.293000 339.328000
9.906490 508.283000 385.286000
9.922610 536.656000 413.644000
9.939090 537.880000 381.568000
9.955690 533.851000 356.884000
9.971920 579.904000 369.138000
9.988530 618.919000 290.906000
10.004880 620.942000 300.586000
10.021360 612.085000 366.564000
10.037840 643.654000 366.454000
10.054080 641.648000 356.180000
10.070560 587.180000 274.186000
10.087040 610.759000 300.916000
10.103390 612.833000 311.212000
10.119870 611.422000 358.886000
10.136470 568.531000 329.516000
10.152830 573.121000 365.750000
10.169310 634.729000 418.264000
10.185550 607.546000 437.734000
10.202030 609.807000 448.074000
10.218380 591.447000 479.600000
10.235110 623.747000 429.308000
10.251340 618.834000 397.826000
10.267820 554.948000 441.100000
10.284180 529.482000 459.096000
10.300660 532.015000 468.710000
10.317020 528.343000 389.554000
10.333500 553.486000 399.740000
10.349730 550.970000 389.818000
10.366330 528.275000 349.646000
10.382690 524.297000 431.552000
10.399290 524.348000 431.860000
10.415530 545.173000 503.272000
10.432010 537.642000 411.400000
10.464970 539.512000 486.530000
10.481450 523.362000 396.770000
10.497800 525.776000 406.450000
10.514280 555.866000 275.396000
10.530640 528.666000 258.324000
10.547000 526.116000 247.764000
10.563600 515.814000 369.094000
10.579960 516.834000 324.874000
10.596310 516.885000 325.204000
10.612670 526.711000 367.598000
10.629150 511.071000 389.818000
10.661990 533.307000 411.224000
10.678470 524.518000 331.870000
10.694820 520.370000 306.658000
10.711430 530.655000 246.158000
10.727780 519.639000 267.762000
10.744140 493.238000 23.078000
10.990840 526.779000 402.292000
11.007200 563.550000 259.644000
11.023680 593.555000 249.040000
11.039920 599.964000 296.670000
11.056400 543.337000 343.222000
11.072750 559.589000 397.342000
11.089360 557.243000 387.618000
11.105830 506.447000 376.068000
11.122190 498.355000 356.532000
11.138550 498.423000 356.862000
11.154790 527.323000 359.348000
11.171390 511.292000 444.004000
11.204220 490.773000 414.370000
11.220580 525.283000 349.338000
11.253420 532.440000 393.404000
11.269780 527.680000 373.032000
11.286380 531.233000 394.262000
11.302730 642.413000 395.670000
11.319210 652.290000 449.548000
11.352050 632.638000 361.834000
11.368530 626.977000 354.926000
11.401370 617.440000 420.376000
11.417720 663.935000 419.100000
11.434080 660.960000 393.954000
11.450680 632.842000 396.792000
11.466920 636.327000 316.668000
11.483400 633.692000 295.284000
11.499880 630.496000 314.974000
11.516240 654.500000 342.430000
11.532840 656.183000 342.100000
11.549070 648.091000 269.368000
11.565550 625.260000 211.420000
11.582030 620.891000 189.552000
11.598390 647.632000 313.324000
11.615360 627.453000 290.136000
11.631350 635.290000 347.182000
11.647830 646.578000 443.146000
11.664180 712.249000 458.238000
11.680540 710.413000 448.492000
11.697020 1122.629000 358.798000
11.713380 1112.140000 260.810000
11.731200 1111.069000 284.130000
11.746460 1096.517000 378.708000
11.762820 1142.060000 501.358000
11.779300 1142.077000 510.642000
11.795530 1103.980000 476.894000
11.811890 1094.392000 363.110000
11.828740 1095.310000 340.362000
11.844970 1111.324000 337.370000
11.861330 1102.960000 410.586000
11.877810 1101.668000 422.664000
11.894040 1139.357000 419.760000
11.910640 1093.406000 390.170000
11.926880 1091.451000 423.478000
11.943360 1087.065000 416.460000
11.959840 1078.480000 466.400000
11.976320 1079.653000 452.848000
11.992680 1064.744000 493.064000
12.009160 1068.110000 430.914000
12.025510 1069.453000 389.752000
12.041750 1088.221000 374.088000
12.058350 1069.011000 304.766000
12.074830 1068.297000 327.382000
12.091060 1109.046000 360.360000
12.107790 1103.283000 445.214000
12.124020 1102.263000 467.170000
12.140630 1154.096000 516.252000
12.156860 1176.434000 482.020000
12.173340 1178.066000 460.130000
12.189580 1162.256000 395.296000
12.206180 1187.739000 376.332000
12.239010 1158.584000 514.294000
12.255370 1161.253000 529.474000
12.288330 1143.760000 432.344000
12.304690 1145.460000 385.132000
12.337400 1096.670000 365.684000
12.354130 1135.277000 388.146000
12.370480 1134.002000 410.674000
12.386840 1135.226000 543.422000
12.403320 1130.840000 494.802000
12.436040 1163.871000 425.612000
12.452640 1119.977000 502.348000
12.468990 1121.150000 480.722000
12.485470 1142.400000 476.498000
12.501950 1171.674000 459.778000
12.518190 1176.451000 401.060000
12.534790 1130.823000 295.020000
12.551270 1142.247000 262.812000
12.567630 1142.128000 252.670000
12.583980 1130.959000 170.632000
12.600460 915.450000 342.298000
12.616820 916.963000 410.850000
12.633420 587.112000 465.212000
12.649660 580.210000 505.120000
12.666260 578.068000 481.360000
12.682860 557.430000 387.838000
12.699100 553.129000 356.246000
12.715700 548.012000 336.028000
12.732060 561.833000 348.590000
12.748540 526.915000 378.950000
12.765010 538.254000 446.644000
12.781250 571.897000 464.178000
12.797610 604.996000 536.184000
12.814210 601.069000 504.570000
12.831300 537.404000 396.154000
12.847050 521.152000 537.504000
12.863400 514.998000 509.080000
12.879880 526.133000 531.344000
12.896240 481.627000 580.998000
12.912600 485.605000 600.358000
12.929080 525.980000 496.364000
12.945680 508.844000 524.634000
12.962040 512.584000 544.478000
12.978520 537.999000 561.330000
12.995000 506.430000 639.386000
13.027710 521.951000 496.628000
13.046260 531.352000 451.682000
13.060670 525.317000 406.626000
13.076900 522.784000 363.506000
13.093510 492.490000 317.020000
13.109740 490.467000 316.426000
13.126340 504.543000 496.166000
13.142940 509.337000 413.248000
13.159180 516.307000 447.612000
13.175660 549.440000 482.042000
13.192140 540.702000 468.336000
13.208620 533.817000 427.834000
13.224850 510.034000 521.686000
13.241330 509.847000 530.112000
13.257810 514.573000 559.724000
13.274170 531.488000 536.008000
13.290770 527.629000 534.116000
13.307130 534.973000 574.552000
13.323730 550.052000 624.052000
13.340090 555.254000 589.138000
13.374270 524.246000 691.306000
13.389400 601.154000 642.994000
13.405640 600.321000 632.764000
13.422120 633.998000 611.930000
13.438600 588.336000 579.920000
13.454830 582.930000 551.012000
13.471190 551.429000 539.308000
13.487790 582.998000 524.370000
13.504150 586.177000 544.522000
13.520750 569.517000 610.962000
13.537110 566.355000 665.368000
13.553470 568.871000 674.168000
13.569950 571.744000 651.816000
13.586300 565.862000 584.342000
13.602780 559.130000 544.808000
13.619140 570.622000 500.280000
13.635620 577.031000 450.472000
13.651980 574.906000 441.166000
13.668460 572.679000 503.932000
13.684810 567.375000 494.318000
13.703250 570.639000 514.558000
13.717770 570.622000 547.316000
13.734130 494.428000 584.628000
13.750730 497.046000 593.604000
13.766970 531.046000 534.512000
13.783330 527.068000 540.540000
13.799930 523.413000 520.432000
13.816160 469.098000 444.994000
13.832760 489.175000 484.462000
13.849240 485.401000 464.860000
13.865720 480.488000 512.072000
13.882080 509.660000 522.390000
13.898560 510.816000 532.906000
13.917600 523.430000 449.394000
13.931270 506.243000 496.276000
13.947750 513.706000 536.206000
13.964110 522.614000 576.004000
13.980590 528.326000 618.354000
13.996950 528.853000 585.926000
14.243410 512.023000 594.308000
14.260250 607.937000 552.068000
14.276370 800.003000 515.768000
14.292720 798.711000 506.374000
14.309200 1134.308000 552.156000
14.325680 1108.893000 518.034000
14.341920 1111.698000 493.614000
14.358400 1112.055000 431.618000
14.374880 1114.554000 395.362000
14.391240 1113.908000 374.836000
14.407710 1154.963000 394.152000
14.424190 1109.658000 427.306000
14.440550 1107.397000 473.242000
14.457030 1085.161000 503.052000
14.473270 1067.260000 551.144000
14.489750 1067.583000 560.164000
14.506230 1085.807000 652.938000
14.522580 1072.445000 561.858000
14.539060 1072.037000 552.662000
14.555540 1077.817000 508.222000
14.571900 1077.562000 547.910000
14.588500 1076.746000 568.480000
14.604980 1057.876000 535.722000
14.621220 1063.758000 539.220000
14.637570 1064.217000 548.702000
14.654170 1036.779000 565.268000
14.670530 1082.934000 613.514000
14.687010 1083.801000 593.186000
14.703370 939.182000 468.226000
14.719730 769.335000 658.350000
14.736330 767.601000 649.726000
14.752690 483.565000 763.048000
14.768920 488.886000 705.056000
14.785520 491.606000 713.768000
14.802000 511.870000 761.178000
14.818240 531.505000 729.784000
14.834720 528.989000 720.940000
14.851320 523.549000 738.122000
14.867800 522.155000 752.444000
14.884030 517.956000 732.006000
14.900630 517.072000 739.640000
14.916870 474.062000 692.450000
14.933230 472.889000 682.968000
14.950070 466.038000 684.948000
14.966430 472.634000 706.266000
14.983030 474.504000 718.432000
14.999390 482.035000 676.258000
15.015870 464.423000 762.344000
15.032100 468.588000 780.054000
15.048340 604.486000 743.248000
15.064820 588.965000 771.364000
15.097660 596.615000 759.198000
15.114010 591.498000 754.270000
15.147090 575.926000 814.264000
15.163330 617.627000 794.992000
15.196290 588.931000 791.978000
15.212650 564.723000 739.992000
15.229740 560.830000 719.026000
15.245730 518.585000 606.078000
15.261840 544.221000 535.062000
15.278320 546.635000 543.554000
15.294800 514.556000 619.036000
15.311280 551.616000 617.166000
15.327640 553.044000 630.366000
15.344240 537.353000 640.816000
15.360720 562.360000 609.180000
15.377080 557.566000 576.488000
15.393430 513.434000 511.126000
15.409910 520.557000 363.264000
15.426270 521.509000 373.802000
15.442630 541.178000 510.642000
15.459110 532.236000 534.424000
15.475590 543.592000 597.608000
15.491940 539.444000 583.902000
15.508420 583.457000 636.504000
15.524780 575.467000 583.000000
15.541260 523.668000 478.126000
15.557740 541.637000 419.254000
15.574220 539.087000 409.794000
15.590580 635.035000 471.746000
15.607300 657.492000 589.116000
15.623410 663.102000 631.664000
15.639890 694.042000 572.572000
15.656250 678.215000 607.772000
15.672730 674.900000 565.576000
15.689210 676.957000 566.016000
15.705440 638.418000 549.274000
15.722050 636.395000 548.856000
15.738400 649.655000 641.300000
15.754760 649.536000 579.172000
15.771240 652.222000 599.324000
15.787840 677.110000 615.098000
15.804200 664.751000 654.302000
15.820560 664.292000 644.050000
15.836910 678.691000 529.936000
15.853270 675.546000 673.948000
15.869750 676.345000 686.928000
15.886230 652.443000 592.966000
15.902710 709.614000 618.156000
15.919190 711.416000 627.220000
15.935550 676.923000 609.554000
15.951900 671.517000 543.752000
15.968260 669.018000 523.512000
15.984860 671.483000 524.876000
16.001100 685.780000 578.226000
16.017460 686.273000 588.082000
16.033940 647.547000 592.504000
16.050290 552.755000 849.684000
16.066890 556.308000 867.174000
16.083370 560.677000 815.056000
16.100830 551.939000 896.368000
16.116210 544.357000 860.178000
16.132690 554.166000 729.124000
16.149050 542.963000 690.976000
16.181880 532.559000 686.576000
16.198360 522.971000 690.910000
16.214720 530.842000 730.312000
16.231080 540.362000 795.850000
16.247680 608.124000 848.914000
16.264040 607.257000 839.190000
16.280400 521.611000 788.172000
16.296880 517.939000 735.416000
16.313230 511.734000 709.390000
16.329960 483.021000 753.830000
16.346310 479.485000 784.872000
16.362670 482.324000 792.660000
16.379270 510.221000 752.158000
16.395510 502.435000 680.218000
16.411990 502.367000 679.954000
16.428340 490.076000 774.422000
16.445190 506.022000 821.502000
16.461300 507.110000 830.874000
16.477660 529.873000 757.988000
16.494020 517.174000 748.880000
16.510380 512.924000 728.420000
16.526980 626.518000 787.534000
16.543820 639.948000 761.024000
16.559940 639.183000 751.366000
16.576290 650.505000 742.610000
16.592530 616.437000 725.032000
16.609010 616.879000 727.694000
16.625490 656.251000 675.774000
16.641850 622.574000 633.292000
16.658450 619.378000 611.908000
16.674800 651.406000 774.884000
16.691160 627.249000 640.970000
16.707640 630.445000 668.448000
16.970460 870.859000 863.896000
16.987060 818.652000 893.332000
17.019780 602.327000 898.062000
17.036130 609.365000 877.030000
17.052610 607.444000 856.394000
17.069090 610.402000 823.570000
17.085450 604.010000 734.976000
17.102050 594.456000 678.084000
17.118290 577.609000 666.534000
17.134890 596.666000 655.006000
17.151120 598.468000 676.566000
17.167600 645.524000 744.656000
17.184080 611.252000 803.330000
17.200560 620.721000 859.100000
17.217040 572.067000 927.652000
17.233520 517.973000 1114.080000
17.249880 514.029000 1098.944000
17.266240 563.703000 1112.914000
17.282590 535.364000 1216.292000
17.301640 531.641000 1202.520000
17.315550 536.367000 1109.064000
17.331910 523.243000 1095.270000
17.364750 556.359000 1086.030000
17.381100 556.648000 1054.570000
17.413940 572.050000 1037.586000
17.430540 518.024000 980.166000
17.447020 521.815000 995.962000
17.463380 584.851000 1006.852000
17.479740 570.401000 1052.062000
17.496340 572.849000 1058.794000
17.512570 558.875000 1083.830000
17.529050 541.824000 1012.220000
17.545410 535.687000 989.384000
17.561890 521.560000 1069.970000
17.578250 548.794000 1062.842000
17.594850 548.845000 1063.062000
17.611330 530.553000 1073.116000
17.627690 531.267000 1084.006000
17.660400 531.369000 1054.746000
17.676880 542.538000 1055.538000
17.709840 514.182000 1067.946000
17.726200 546.278000 1042.822000
17.742550 545.326000 1034.220000
17.759160 536.367000 1001.506000
17.775510 577.915000 996.314000
17.791870 577.864000 996.072000
17.808470 663.017000 986.942000
17.824950 637.381000 1027.532000
17.841060 638.010000 1035.738000
17.857670 666.247000 1035.716000
17.874020 662.065000 1024.760000
17.890500 662.099000 1024.980000
17.906980 635.902000 974.600000
17.923340 635.851000 990.022000
17.958500 629.289000 1001.330000
17.972660 602.242000 1008.238000
17.989010 601.358000 999.284000
18.005490 659.549000 968.242000
18.021970 617.304000 977.504000
18.038330 615.077000 970.332000
18.054810 668.287000 978.384000
18.071040 657.458000 947.738000
18.087650 662.660000 979.924000
18.104130 674.849000 1100.880000
18.120360 694.841000 1039.830000
18.137210 694.433000 1031.426000
18.153320 640.628000 1042.052000
18.169800 713.915000 972.818000
18.186160 709.988000 949.454000
18.202640 690.149000 962.918000
18.219120 722.908000 984.148000
18.235600 724.710000 991.606000
18.251830 689.112000 957.022000
18.268430 682.346000 994.884000
18.286130 679.932000 979.242000
18.301270 664.445000 960.124000
18.317500 514.301000 990.022000
18.333980 510.017000 972.400000
18.350460 541.603000 913.132000
18.366820 562.428000 951.236000
18.383420 566.627000 975.040000
18.400510 519.061000 1051.028000
18.416140 563.431000 1095.886000
18.432620 569.925000 1119.932000
18.448970 496.587000 947.936000
18.465330 533.341000 993.212000
18.481930 526.082000 962.126000
18.498290 524.042000 1000.164000
18.514770 538.798000 935.132000
18.547610 507.127000 1001.000000
18.564210 526.592000 977.944000
18.580570 527.612000 986.304000
18.596920 566.287000 958.364000
18.614380 492.677000 982.828000
18.629880 500.616000 1014.112000
18.646120 544.306000 1082.994000
18.662720 502.129000 1090.584000
18.678960 504.900000 1096.986000
18.695560 496.757000 1048.542000
18.711910 524.501000 1050.676000
18.728270 518.160000 1028.104000
18.744630 496.145000 1087.438000
18.761110 514.063000 1119.888000
18.777470 509.677000 1103.234000
18.794070 527.544000 1036.420000
18.810550 496.655000 1041.260000
18.826900 500.497000 1056.000000
18.843380 545.411000 1105.280000
18.859620 536.503000 1116.456000
18.876220 539.631000 1126.070000
18.892460 525.657000 1144.198000
18.909060 508.198000 1065.174000
18.925290 504.305000 1050.192000
18.941890 541.943000 1084.908000
18.958370 564.009000 1083.720000
18.974850 564.978000 1092.080000
18.991090 514.420000 1109.108000
19.007570 493.000000 1112.672000
19.024050 491.878000 1104.686000
19.040530 541.807000 1080.178000
19.056880 650.233000 1015.146000
19.073240 648.329000 1008.326000
19.089600 604.707000 1054.394000
19.106080 604.656000 1048.058000
19.122680 607.716000 1063.326000
19.139040 650.862000 1081.828000
19.155400 613.088000 1066.802000
19.171880 612.306000 1058.706000
19.188230 611.796000 984.522000
19.204470 610.980000 1029.644000
19.221070 607.971000 1014.354000
19.237430 670.854000 973.544000
19.253910 675.988000 1029.930000
19.270510 673.200000 1012.528000
19.286990 623.339000 936.386000
19.303100 635.239000 940.082000
19.336180 668.678000 928.158000
19.352660 702.525000 920.524000
19.369260 707.676000 963.820000
19.385380 685.559000 1050.302000
19.401860 691.951000 1143.758000
19.418460 691.594000 1141.558000
19.434570 677.994000 1012.924000
19.450930 652.596000 934.032000
19.467770 649.995000 918.082000
19.484010 653.140000 1014.904000
19.500490 655.979000 989.010000
19.516720 659.039000 1007.270000
19.533080 672.724000 1105.038000
19.549680 665.533000 925.782000
19.566040 665.023000 916.520000
19.582520 569.075000 957.198000
19.599000 552.857000 976.668000
19.615360 552.806000 976.448000
19.631710 536.911000 910.756000
19.648440 537.319000 938.278000
19.681150 579.564000 1019.942000
19.697510 572.781000 915.992000
19.714110 570.520000 908.644000
19.730350 531.369000 937.354000
19.746830 555.866000 942.722000
19.763180 555.356000 940.324000
19.779540 557.736000 957.330000
19.796140 530.145000 972.136000
19.812500 529.057000 964.040000
19.828980 548.301000 944.020000
19.845580 559.113000 930.622000
19.861940 559.623000 932.998000
19.878420 520.761000 910.030000
19.894780 532.865000 985.996000
19.911250 537.370000 1009.382000
19.928710 676.617000 1045.000000
19.944090 645.235000 1065.284000
19.960690 650.131000 1087.900000
19.976930 664.139000 1074.040000
19.993410 649.927000 1074.194000
20.009770 644.402000 1043.460000
20.026370 650.012000 995.280000
20.042600 662.473000 1010.240000
20.059200 663.136000 1018.644000
20.075440 603.024000 1050.786000
20.091800 529.890000 1049.268000
20.108640 532.440000 1056.242000
20.124880 552.007000 1074.546000
20.141240 522.461000 1118.810000
20.157590 519.877000 1112.144000
20.174190 533.800000 1115.356000
20.190550 547.859000 1082.818000
20.206910 551.514000 1098.130000
20.223390 576.725000 1112.804000
20.239870 565.114000 1100.440000
20.256590 561.663000 1085.568000
20.272710 568.259000 1143.846000
20.289180 557.957000 1129.216000
20.322020 557.498000 1106.820000
20.338260 542.198000 1057.232000
20.371340 562.156000 1064.162000
20.387820 568.616000 1089.638000
20.420410 540.634000 1091.464000
20.436770 552.007000 1031.470000
20.453490 550.868000 1023.176000
20.469970 550.392000 993.938000
20.486210 554.132000 1010.394000
20.502810 550.681000 994.994000
20.519040 576.232000 992.178000
20.535400 593.062000 969.826000
20.551880 593.980000 978.384000
20.568360 615.553000 1017.852000
20.585330 596.037000 1087.394000
20.601320 598.298000 1094.610000
20.617680 608.124000 1040.094000
20.634030 583.746000 991.342000
20.650390 584.579000 999.350000
20.666630 593.946000 1137.576000
20.683230 515.814000 1167.254000
20.699580 518.568000 1173.986000
20.716060 544.918000 1107.502000
20.732540 535.857000 1143.032000
20.749020 532.185000 1128.710000
20.765500 513.706000 1060.048000
20.781740 529.193000 1040.820000
20.798340 530.349000 1049.004000
20.814700 498.032000 1071.752000
20.831180 481.491000 1094.016000
20.847780 481.542000 1094.236000
20.864010 499.069000 1041.524000
21.159420 786.998000 1080.112000
21.176150 790.143000 1032.174000
21.208740 497.471000 1026.718000
21.225340 514.182000 1059.146000
21.241820 512.941000 1050.588000
21.258420 540.311000 1106.138000
21.274780 523.430000 1005.576000
21.291260 524.671000 1013.716000
21.307620 528.751000 1074.062000
21.323970 531.726000 1183.270000
21.340580 534.276000 1190.398000
21.356810 516.681000 1140.788000
21.373410 533.375000 1047.904000
21.389770 530.740000 1041.194000
21.406130 542.198000 1058.310000
21.422490 506.447000 1116.874000
21.439090 514.437000 1146.552000
21.455570 555.322000 1117.534000
21.471920 528.751000 1152.932000
21.504760 528.836000 1170.004000
21.521240 548.029000 1151.656000
21.537600 544.323000 1136.850000
21.554080 564.893000 1179.046000
21.570430 497.862000 1067.682000
21.586910 493.850000 1052.612000
21.603270 535.415000 1052.854000
21.619750 515.576000 1103.344000
21.652710 614.567000 1094.808000
21.669070 590.410000 1003.992000
21.685910 592.671000 1010.768000
21.701900 603.262000 1057.364000
21.718510 595.459000 1042.228000
21.734620 592.246000 1026.674000
21.751340 610.844000 1061.742000
21.767580 588.319000 1044.890000
21.783940 586.109000 1038.730000
21.800540 580.448000 1090.408000
21.816890 634.066000 1051.952000
21.833250 636.055000 1058.926000
21.849730 580.261000 1123.100000
21.866090 603.806000 1042.360000
21.882690 600.746000 1027.180000
21.899050 609.144000 1038.466000
21.915770 590.512000 1027.532000
21.931880 591.192000 1035.452000
21.948490 578.306000 1013.540000
21.964600 613.751000 1056.924000
21.981200 619.718000 1087.152000
21.997680 628.711000 1132.934000
22.014650 635.171000 1149.324000
22.030640 637.296000 1156.056000
22.046880 611.558000 1065.350000
22.063230 639.523000 1105.896000
22.079830 633.811000 1075.778000
22.096310 587.843000 1017.544000
22.112790 602.701000 993.058000
22.129030 603.466000 1001.264000
22.145510 616.029000 1043.108000
22.162110 618.834000 1070.564000
22.178470 621.163000 1077.670000
22.194820 592.926000 1134.232000
22.211180 634.831000 1077.450000
22.227660 629.221000 1047.662000
22.244260 602.990000 1092.916000
22.260620 578.799000 1035.848000
22.276980 579.802000 1044.120000
22.293330 619.174000 1069.200000
22.309810 610.419000 1035.276000
22.326290 615.723000 1057.474000
22.342650 539.920000 1110.384000
22.359010 515.831000 1129.040000
22.375610 511.921000 1114.344000
22.391850 496.128000 1062.534000
22.408200 522.104000 1076.196000
22.424680 524.076000 1091.838000
22.441160 512.227000 1156.628000
22.457640 534.412000 1179.596000
22.474000 544.425000 1214.708000
22.490360 566.661000 1123.760000
22.506840 544.629000 1198.560000
22.523320 536.248000 1163.162000
22.539790 495.499000 1064.778000
22.556270 471.104000 1046.496000
22.572750 464.151000 1024.694000
22.588990 466.412000 915.970000
22.605350 516.137000 1049.818000
22.621830 519.945000 1065.020000
22.638310 499.154000 1170.906000
22.654910 577.830000 1099.824000
22.672610 576.776000 1091.486000
22.687740 547.043000 1220.296000
22.704100 546.754000 1172.754000
22.720580 544.272000 1166.638000
22.737060 533.341000 1150.358000
22.753300 532.236000 1166.770000
22.771360 535.942000 1180.894000
22.786130 556.529000 1149.368000
22.802610 527.969000 1251.052000
22.819090 526.847000 1243.726000
22.835450 624.648000 1123.628000
22.851930 591.379000 1147.762000
22.868290 589.101000 1141.602000
22.884640 613.003000 1080.992000
22.901250 593.759000 1107.458000
22.917720 599.131000 1128.468000
22.934200 623.237000 1130.976000
22.950560 581.145000 1049.400000
22.966800 578.595000 1042.514000
22.983640 595.425000 1124.200000
22.999760 565.352000 1078.748000
23.016240 567.766000 1085.502000
23.032840 618.698000 1182.478000
23.049070 564.332000 1146.178000
23.065430 564.281000 1145.958000
23.081910 567.273000 1159.862000
23.098390 554.829000 1196.074000
23.114750 551.310000 1182.236000
23.131100 549.967000 1058.442000
23.147580 596.377000 1085.150000
23.164060 594.218000 1078.660000
23.180540 591.430000 1079.518000
23.196900 552.993000 1100.352000
23.215580 556.512000 1115.114000
23.229980 567.324000 1161.820000
23.246090 605.489000 1207.338000
23.262700 608.583000 1221.132000
23.279050 577.371000 1207.228000
23.295410 584.732000 1157.970000
23.328370 606.730000 1238.028000
23.344730 629.119000 1073.578000
23.377690 618.596000 1213.168000
23.394040 637.704000 1137.752000
23.427370 655.316000 1272.084000
23.443360 618.970000 1194.754000
23.459840 615.978000 1180.696000
23.476070 675.512000 1216.952000
23.492800 598.995000 1138.060000
23.525390 617.508000 1191.344000
23.544560 623.016000 1098.526000
23.558470 622.353000 1090.342000
23.574710 614.210000 1121.582000
23.591190 611.371000 1163.448000
23.607540 612.102000 1170.906000
23.624020 657.645000 1143.186000
23.640380 637.602000 1154.670000
23.656860 643.365000 1183.886000
23.673340 506.260000 1227.204000
23.689700 546.482000 1203.312000
23.706180 545.275000 1195.590000
23.722530 515.491000 1270.918000
23.738890 530.978000 1206.172000
23.755490 524.467000 1185.734000
23.771850 511.479000 1166.594000
23.788330 537.676000 1145.342000
23.804690 540.175000 1151.788000
23.821170 533.001000 1190.442000
23.837520 527.969000 1171.280000
23.854000 525.402000 1164.372000
23.871700 521.696000 1209.714000
23.886720 498.831000 1180.586000
23.903320 498.882000 1180.784000
23.919800 494.207000 1185.712000
23.936160 525.657000 1144.220000
23.953000 524.620000 1136.784000
23.969360 497.777000 1122.968000
23.987550 492.116000 1146.508000
24.001830 489.481000 1140.436000
24.018190 530.876000 1137.840000
24.034670 512.414000 1230.878000
24.051150 520.132000 1257.784000
24.067990 559.674000 1268.454000
24.084230 560.184000 1161.710000
24.100830 559.028000 1153.548000
24.117190 545.649000 1111.770000
24.133300 495.176000 1067.836000
24.149900 487.237000 1038.136000
24.166260 497.063000 1028.148000
24.182860 495.006000 1098.130000
24.215580 481.338000 1124.530000
24.511230 820.947000 1114.256000
24.530150 589.679000 1196.096000
24.543950 588.744000 1188.088000
24.560420 591.549000 1107.348000
24.576900 584.732000 1172.424000
24.593260 582.454000 1166.374000
24.609620 552.840000 1193.346000
24.626220 569.738000 1247.818000
24.642580 576.487000 1274.504000
24.659060 562.717000 1280.884000
24.675540 602.599000 1254.352000
24.691890 601.647000 1246.916000
24.708250 689.163000 1170.444000
24.724850 669.664000 1197.306000
24.741090 665.091000 1177.132000
24.757810 642.787000 1155.242000
24.774170 679.116000 1153.966000
24.790410 681.581000 1168.354000
24.806880 673.591000 1262.074000
24.823240 668.780000 1235.300000
24.839720 668.780000 1235.300000
24.856080 692.393000 1231.120000
24.872680 669.783000 1216.776000
24.888920 669.256000 1209.164000
24.905520 697.731000 1118.722000
24.921880 665.907000 1090.518000
24.938350 663.901000 1083.874000
24.954830 666.298000 1172.028000
24.971070 645.796000 1169.718000
24.987670 648.550000 1183.908000
25.004030 685.219000 1150.468000
25.020630 687.429000 1159.994000
25.053340 639.421000 1176.472000
25.069700 580.703000 1297.450000
25.086180 584.035000 1310.408000
25.102540 521.152000 1323.014000
25.119020 514.216000 1404.194000
25.135620 517.004000 1409.980000
25.151980 525.385000 1433.894000
25.168090 502.911000 1344.728000
25.184690 496.145000 1326.336000
25.201170 492.031000 1283.018000
25.217530 486.013000 1363.054000
25.234130 490.195000 1375.484000
25.250490 524.994000 1291.928000
25.266850 528.802000 1345.256000
25.283330 532.695000 1358.104000
25.299800 563.261000 1292.808000
25.316160 569.585000 1364.066000
25.332640 564.893000 1344.134000
25.348880 554.982000 1353.352000
25.365480 547.893000 1279.344000
25.381710 540.753000 1253.340000
25.694090 581.060000 1283.876000
25.710450 530.247000 1173.964000
25.726810 531.284000 1182.060000
25.743530 559.215000 1290.344000
25.759890 569.211000 1299.056000
25.776250 569.262000 1299.254000
25.792850 546.465000 1276.176000
25.809080 558.807000 1255.474000
25.825440 557.770000 1248.126000
25.841920 548.301000 1256.266000
25.858280 578.952000 1158.872000
25.874760 577.660000 1159.400000
25.891110 567.290000 1182.632000
25.907710 547.621000 1304.358000
25.924070 555.917000 1328.184000
25.940310 569.942000 1267.816000
25.956910 529.975000 1295.690000
25.973270 526.558000 1283.920000
25.989750 542.334000 1184.172000
26.006350 526.694000 1355.288000
26.022580 522.903000 1342.880000
26.038940 529.499000 1336.698000
26.055420 493.663000 1271.556000
26.088260 526.252000 1275.494000
26.104740 522.733000 1337.952000
26.121220 526.524000 1350.382000
26.137570 550.647000 1272.480000
26.154050 524.994000 1240.360000
26.170410 522.291000 1234.024000
26.186890 531.250000 1266.716000
26.203370 531.726000 1261.150000
26.219970 530.672000 1254.462000
26.236330 524.450000 1318.328000
26.252690 499.851000 1275.890000
26.269040 499.800000 1275.692000
26.285280 516.426000 1318.944000
26.301880 528.972000 1366.530000
26.318360 533.851000 1385.384000
26.334720 530.689000 1351.790000
26.351070 540.583000 1337.732000
26.367680 540.651000 1337.908000
26.383910 558.722000 1379.290000
26.400390 548.097000 1346.378000
26.433230 517.055000 1384.812000
26.449710 523.209000 1343.760000
26.466060 521.849000 1336.434000
26.482540 520.030000 1194.644000
26.499020 503.438000 1201.178000
26.515380 496.876000 1181.642000
26.531980 489.141000 1245.112000
26.548220 497.369000 1314.302000
26.565310 499.953000 1319.956000
26.581300 518.177000 1327.128000
26.597780 497.709000 1317.250000
26.614140 498.933000 1323.872000
26.630490 528.479000 1289.310000
26.646970 512.023000 1324.356000
26.663330 516.052000 1337.402000
26.679930 701.828000 1431.760000
26.696410 686.324000 1287.198000
26.712770 681.020000 1258.444000
26.729130 658.325000 1344.662000
26.745360 618.239000 1292.764000
26.778320 633.012000 1297.824000
26.794560 626.586000 1347.236000
26.811040 629.340000 1355.002000
26.827510 604.979000 1247.334000
26.843870 646.935000 1322.354000
26.860230 647.547000 1329.064000
26.876710 633.063000 1298.418000
26.893190 640.254000 1334.916000
26.909420 646.017000 1360.832000
26.925780 654.075000 1396.890000
26.942630 617.508000 1309.044000
26.958980 616.743000 1301.652000
26.975220 528.088000 1210.440000
26.991820 531.471000 1311.662000
27.008300 525.062000 1292.478000
27.024660 539.274000 1232.990000
27.041020 535.296000 1212.178000
27.057500 534.327000 1204.852000
27.074100 504.118000 1231.582000
27.090450 486.268000 1274.658000
27.106930 483.395000 1269.026000
27.123290 527.799000 1181.422000
27.139650 528.122000 1249.710000
27.156130 534.344000 1269.026000
27.172490 548.624000 1286.054000
27.188840 562.666000 1253.494000
27.205320 560.133000 1247.422000
27.221800 578.918000 1315.468000
27.238280 257.176000 714.868000
27.517460 795.872000 1243.594000
27.534060 738.786000 1276.506000
27.550290 745.229000 1299.430000
27.566770 525.963000 1354.386000
27.583250 546.414000 1348.754000
27.599850 550.239000 1361.910000
27.616210 533.953000 1350.536000
27.632570 529.414000 1382.392000
27.649050 520.863000 1351.416000
27.665410 503.710000 1294.282000
27.681640 513.247000 1247.092000
27.698240 505.529000 1220.538000
27.714840 537.149000 1245.904000
27.731080 563.720000 1347.874000
27.747560 567.069000 1359.930000
27.764040 666.842000 1296.262000
27.780400 709.937000 1245.992000
27.796880 710.379000 1253.450000
27.813480 739.432000 1316.920000
27.829710 709.053000 1242.978000
27.846070 708.747000 1235.740000
27.862430 671.755000 1196.756000
27.879030 727.328000 1279.234000
27.895390 725.611000 1273.338000
27.911870 686.749000 1277.540000
27.928100 722.942000 1332.518000
27.944700 722.636000 1330.626000
27.961180 597.057000 1269.378000
27.977540 666.145000 1223.156000
27.993900 665.618000 1216.050000
28.010380 650.658000 1195.238000
28.026730 641.750000 1236.686000
28.043330 644.878000 1251.800000
28.059810 668.814000 1395.284000
28.076170 660.246000 1436.842000
28.092530 663.527000 1454.508000
28.109010 635.817000 1286.120000
28.125240 620.942000 1323.388000
28.141850 623.288000 1329.196000
28.158330 644.402000 1293.028000
28.174560 644.538000 1303.676000
28.191160 642.430000 1297.340000
28.207520 682.074000 1379.422000
28.223880 597.635000 1312.696000
28.240360 600.933000 1326.028000
28.256840 632.740000 1234.728000
28.273190 638.027000 1387.012000
28.289670 637.194000 1379.950000
28.306150 647.853000 1414.578000
28.322510 629.204000 1309.484000
28.338870 624.036000 1290.256000
28.355350 760.087000 1260.006000
28.371830 733.669000 1228.018000
28.388310 733.703000 1228.216000
28.404420 770.797000 1230.812000
28.421140 770.593000 1258.136000
28.453860 765.374000 1250.106000
28.470340 786.760000 1342.242000
28.486940 786.675000 1335.620000
28.503170 756.381000 1268.102000
28.519410 749.581000 1293.138000
28.536250 749.921000 1299.936000
28.552490 694.433000 1320.946000
28.568970 693.396000 1378.102000
28.585450 695.844000 1390.796000
28.601930 724.676000 1342.550000
28.618290 698.785000 1292.918000
28.634640 696.099000 1272.326000
28.651000 680.051000 1192.422000
28.667600 664.547000 1209.406000
28.684330 664.972000 1216.732000
28.700560 699.482000 1266.848000
28.717160 694.807000 1299.364000
28.733520 697.238000 1312.762000
28.749880 675.580000 1274.680000
28.766360 673.761000 1345.388000
28.803220 780.130000 1341.406000
28.815670 772.378000 1393.876000
28.848510 805.528000 1359.622000
28.864870 731.867000 1338.634000
28.881350 731.408000 1331.242000
28.897710 774.027000 1289.442000
28.914180 752.250000 1295.866000
28.930540 750.805000 1290.234000
28.946780 805.086000 1399.310000
28.963260 764.235000 1287.264000
28.979740 764.252000 1287.462000
28.996220 778.090000 1240.646000
29.012570 749.989000 1253.406000
29.029300 750.176000 1260.446000
29.045290 812.090000 1363.736000
29.061770 807.704000 1360.106000
29.078130 809.047000 1358.368000
29.094600 782.969000 1408.044000
29.110960 774.197000 1260.622000
29.127560 771.188000 1242.824000
29.144040 1004.802000 1246.036000
29.160400 1109.607000 1319.230000
29.176880 1108.451000 1332.408000
29.193360 1099.883000 1295.294000
29.209720 1112.225000 1263.064000
29.226320 1113.585000 1247.070000
29.242680 1075.607000 1295.712000
29.259030 1099.424000 1400.058000
29.275390 1100.631000 1386.000000
29.292360 1129.395000 1250.040000
29.308350 1066.971000 1157.948000
29.324950 1067.209000 1166.330000
29.341430 1082.645000 1208.460000
29.357540 1081.727000 1247.510000
29.374020 1080.622000 1256.662000
29.390380 741.914000 1238.622000
29.406980 747.320000 1284.998000
29.423340 751.111000 1311.288000
29.439580 754.919000 1305.150000
29.456180 749.258000 1338.524000
29.488890 739.092000 1251.140000
29.505620 770.389000 1296.130000
29.522460 770.202000 1288.936000
29.538450 734.876000 1274.878000
29.554810 727.702000 1298.638000
29.571290 725.730000 1292.742000
29.587650 768.077000 1203.642000
29.603880 778.430000 1338.766000
29.620240 776.543000 1324.158000
29.636840 742.067000 1317.492000
29.653320 740.877000 1209.802000
29.669680 744.685000 1241.746000
29.686400 643.943000 1427.426000
29.702510 665.108000 1414.182000
29.719240 670.310000 1434.312000
29.735600 614.465000 1367.542000
29.752080 614.856000 1334.058000
29.771610 605.285000 1290.718000
29.784670 602.514000 1337.864000
29.801150 624.988000 1357.928000
29.817500 625.532000 1364.484000
29.834110 659.838000 1405.096000
29.850340 664.819000 1285.526000
29.867070 667.505000 1299.034000
29.883300 642.243000 1314.434000
29.899780 670.225000 1391.830000
29.916140 669.698000 1385.032000
30.195310 855.236000 1235.564000
30.212770 852.771000 1222.892000
30.228150 633.947000 1293.028000
30.244510 628.456000 1264.824000
30.260990 629.136000 1271.776000
30.277340 595.561000 1346.510000
30.293950 611.065000 1364.858000
30.310180 617.355000 1390.202000
30.326780 608.430000 1391.434000
30.343260 604.690000 1394.778000
30.359620 601.426000 1382.238000
30.375980 602.650000 1303.258000
30.392460 577.201000 1338.392000
30.408940 573.818000 1325.654000
30.425050 643.586000 1331.726000
30.441770 598.553000 1337.380000
30.474610 601.766000 1251.360000
30.490970 602.361000 1309.704000
30.507450 604.707000 1315.666000
30.523930 580.380000 1313.554000
30.540410 565.913000 1272.238000
30.556640 563.567000 1266.012000
30.573240 628.898000 1313.686000
30.589480 575.416000 1271.116000
30.605960 576.385000 1277.716000
30.622440 593.368000 1195.612000
30.638920 580.057000 1324.224000
30.655400 585.531000 1342.264000
30.671750 598.162000 1327.370000
30.688110 595.119000 1322.860000
30.704590 595.527000 1324.444000
30.721190 620.500000 1317.030000
30.737430 630.496000 1281.214000
30.770390 636.021000 1339.910000
30.786500 630.292000 1445.730000
30.803100 627.249000 1433.608000
30.819700 598.655000 1373.702000
30.835940 603.415000 1229.162000
30.852540 600.270000 1215.456000
30.870120 599.726000 1301.828000
30.885250 593.419000 1278.860000
30.918330 568.412000 1252.680000
30.934690 595.357000 1330.956000
30.951050 598.553000 1343.628000
30.967290 652.290000 1341.626000
30.984130 657.849000 1366.134000
31.016720 646.255000 1371.722000
31.033080 642.787000 1399.288000
31.049680 639.098000 1380.698000
31.066040 627.742000 1254.616000
31.083620 631.737000 1325.390000
31.099000 629.493000 1319.472000
31.115360 651.729000 1250.502000
31.131840 633.811000 1296.768000
31.148320 636.684000 1309.792000
31.164920 656.659000 1316.612000
31.181400 653.395000 1294.722000
31.197630 656.098000 1307.768000
31.214110 670.225000 1396.340000
31.230470 658.733000 1460.316000
31.263180 666.808000 1365.892000
31.279660 676.362000 1264.054000
31.312500 685.457000 1322.618000
31.329220 709.070000 1367.300000
31.345340 706.384000 1352.384000
31.361690 693.226000 1338.216000
31.378300 679.779000 1200.518000
31.394650 677.365000 1186.900000
31.411010 672.350000 1255.298000
31.427490 693.634000 1280.466000
31.443730 696.371000 1295.712000
31.460450 700.774000 1242.714000
31.476560 699.176000 1258.004000
31.509770 715.666000 1280.048000
31.526000 719.933000 1417.130000
31.542360 719.236000 1403.930000
31.805180 668.627000 1174.250000
31.821660 673.047000 1199.066000
31.838130 673.540000 1206.722000
31.854490 734.213000 1363.648000
31.870970 662.048000 1259.588000
31.887330 664.666000 1272.986000
31.903810 678.606000 1307.394000
31.920290 674.033000 1357.664000
31.936770 676.566000 1370.160000
31.953130 737.766000 1416.668000
31.969600 708.220000 1326.270000
32.002440 717.366000 1340.548000
32.018680 709.342000 1368.774000
32.051760 714.697000 1272.304000
32.069820 738.157000 1431.298000
32.084720 737.919000 1424.500000
32.101200 703.086000 1290.762000
32.117550 712.419000 1248.170000
32.133910 710.600000 1242.406000
32.150270 696.779000 1395.878000
32.166990 700.689000 1325.588000
32.183590 702.508000 1331.198000
32.199830 682.975000 1245.948000
32.216310 687.820000 1316.898000
32.232910 682.992000 1291.334000
32.249270 697.153000 1147.784000
32.265630 673.574000 1313.730000
32.281980 676.022000 1326.160000
32.298580 693.447000 1223.904000
32.314580 802.876000 1267.288000
32.347530 798.133000 1318.262000
32.363890 727.294000 1247.928000
32.380370 725.509000 1242.494000
32.396730 778.804000 1307.900000
32.413330 777.852000 1349.700000
32.429440 781.133000 1374.846000
32.446170 742.033000 1373.702000
32.462400 780.793000 1350.294000
32.478880 780.521000 1343.342000
32.495610 803.182000 1295.096000
32.514160 772.378000 1243.682000
32.528440 768.961000 1224.212000
32.544560 798.456000 1321.496000
32.561040 785.468000 1323.498000
32.577390 787.066000 1336.412000
32.593750 790.925000 1352.934000
32.610350 771.018000 1351.790000
32.626830 772.667000 1357.158000
32.643310 780.045000 1378.542000
32.659550 754.205000 1290.388000
32.676030 750.244000 1269.026000
32.692630 747.966000 1327.700000
32.708860 758.829000 1279.872000
32.725340 758.863000 1280.070000
32.741940 572.390000 1276.616000
32.758300 482.562000 1365.342000
32.774660 486.047000 1372.822000
32.791020 490.739000 1333.662000
32.807620 522.903000 1371.634000
32.823850 519.095000 1359.490000
32.841190 518.075000 1375.308000
32.856690 506.481000 1352.560000
32.873290 513.621000 1374.934000
32.889650 507.943000 1386.682000
32.906010 541.841000 1406.702000
32.922360 548.811000 1429.340000
32.938840 491.691000 1445.730000
32.955320 522.733000 1403.292000
32.971800 515.338000 1380.258000
32.988160 506.906000 1359.908000
33.004640 547.366000 1356.102000
33.021000 545.326000 1352.186000
33.037600 516.800000 1356.806000
33.053830 605.710000 1328.492000
33.070680 608.906000 1341.582000
33.086790 594.796000 1282.028000
33.103270 562.258000 1267.838000
33.119510 558.773000 1254.484000
33.135990 612.663000 1365.826000
33.152590 593.810000 1323.740000
33.168950 593.810000 1323.740000
33.185420 606.322000 1282.358000
33.201780 595.238000 1284.492000
33.234500 590.053000 1293.358000
33.250980 543.116000 1185.910000
33.267460 545.581000 1192.202000
33.283940 595.102000 1319.450000
33.300420 567.443000 1222.364000
33.316770 567.392000 1222.166000
33.333250 554.370000 1294.128000
33.349610 532.559000 1273.822000
33.366210 529.941000 1268.212000
33.382570 541.671000 1309.682000
33.399050 494.020000 1191.652000
33.415410 498.100000 1205.644000
33.431760 538.254000 1273.756000
33.448120 524.773000 1299.034000
33.464600 527.544000 1305.106000
33.481200 517.939000 1351.306000
33.497680 536.384000 1276.418000
33.514040 530.043000 1257.036000
33.530520 534.242000 1363.670000
33.547000 518.398000 1313.686000
33.563600 517.072000 1306.822000
33.842410 743.818000 1339.074000
33.858890 747.116000 1350.360000
33.875490 504.934000 1557.248000
33.891850 497.930000 1487.618000
33.908330 503.098000 1505.108000
33.924560 493.238000 1491.182000
33.941040 553.333000 1551.946000
33.957400 553.384000 1552.122000
33.973880 647.275000 1583.890000
33.990360 670.395000 1496.242000
34.023320 666.009000 1531.574000
34.039550 691.016000 1636.844000
34.072390 672.129000 1491.952000
34.088870 677.025000 1469.864000
34.105350 674.458000 1458.270000
34.121830 664.360000 1554.036000
34.138430 675.920000 1476.794000
34.154540 678.470000 1488.212000
34.170900 644.895000 1479.500000
34.187500 562.020000 1533.686000
34.220210 549.253000 1562.638000
34.236820 589.747000 1568.028000
34.253300 588.506000 1561.714000
34.269530 577.677000 1490.852000
34.286130 608.651000 1603.976000
34.302370 605.438000 1593.570000
34.318850 581.298000 1563.188000
34.335450 547.774000 1423.466000
34.351680 550.103000 1435.588000
34.368290 533.800000 1418.230000
34.384640 572.458000 1324.466000
34.401000 581.740000 1356.300000
34.417480 582.420000 1444.432000
34.433960 560.133000 1423.576000
34.450320 553.163000 1400.256000
34.466800 595.765000 1375.022000
34.483280 532.389000 1382.106000
34.499630 528.598000 1369.852000
34.515990 546.635000 1280.114000
34.532350 575.348000 1424.632000
34.548950 576.334000 1430.616000
34.565310 502.333000 1427.184000
34.581790 507.076000 1427.470000
34.598140 513.587000 1444.256000
34.614500 547.485000 1507.792000
34.630980 561.595000 1446.632000
34.647460 562.037000 1448.084000
34.663940 561.408000 1419.506000
34.680300 532.508000 1446.280000
34.696780 527.221000 1427.668000
34.713130 573.342000 1389.982000
34.729490 524.943000 1476.420000
34.745970 517.344000 1453.914000
34.762570 495.839000 1318.702000
34.778930 498.950000 1384.526000
34.795290 502.843000 1396.230000
34.811770 489.634000 1336.896000
34.828250 527.731000 1404.172000
34.844600 533.324000 1428.020000
34.860960 543.660000 1307.658000
34.877440 533.970000 1481.392000
34.893920 536.350000 1486.188000
34.910280 603.483000 1409.870000
34.926760 672.299000 1356.982000
34.943240 667.386000 1332.980000
34.959720 640.662000 1225.422000
34.975950 641.036000 1280.312000
34.992550 640.526000 1272.942000
35.008910 692.937000 1390.334000
35.025390 665.584000 1306.448000
35.041870 663.000000 1293.578000
35.058230 636.497000 1302.378000
35.074710 663.408000 1320.902000
35.090940 663.850000 1327.678000
35.107420 799.221000 1342.044000
35.124020 782.017000 1323.498000
35.140500 781.779000 1314.346000
35.156860 765.323000 1301.520000
35.173340 777.512000 1261.722000
35.189700 777.648000 1268.872000
35.205810 772.905000 1370.094000
35.222530 778.872000 1396.912000
35.238890 780.470000 1402.522000
35.255370 763.980000 1290.168000
35.271610 774.044000 1329.130000
35.288210 772.463000 1323.146000
35.304570 769.386000 1299.518000
35.321040 804.049000 1419.858000
35.337400 807.194000 1446.170000
35.353880 781.048000 1482.910000
35.370480 742.475000 1363.560000
35.386840 740.503000 1350.932000
35.403080 749.751000 1335.070000
35.419560 746.912000 1374.208000
35.452510 699.890000 1348.820000
35.468870 737.630000 1333.574000
35.485470 739.313000 1339.448000
35.501830 781.983000 1376.386000
35.518070 797.538000 1432.244000
35.534550 796.025000 1426.876000
35.551030 804.695000 1237.962000
35.567380 777.393000 1396.846000
35.583980 778.974000 1402.962000
35.600460 762.926000 1260.776000
35.616700 745.586000 1362.064000
35.633300 743.903000 1356.124000
35.649660 729.079000 1287.242000
35.666020 747.354000 1246.498000
35.684200 747.133000 1238.952000
35.698970 794.189000 1415.810000
35.715450 765.034000 1253.186000
35.731810 763.266000 1239.766000
35.748170 788.426000 1250.392000
35.764530 747.201000 1318.086000
35.781010 749.343000 1337.776000
35.797610 539.937000 1352.494000
35.813840 521.356000 1407.890000
35.830320 524.059000 1413.368000
35.846800 494.938000 1407.252000
35.863160 514.794000 1409.650000
35.879640 508.028000 1392.490000
35.896000 513.213000 1379.268000
35.912480 543.830000 1399.662000
35.928830 551.089000 1423.576000
35.945310 511.275000 1432.420000
35.961790 550.919000 1549.746000
35.978270 553.503000 1554.850000
35.994510 522.699000 1491.578000
36.012330 540.362000 1624.304000
36.027710 534.055000 1609.520000
36.043950 531.930000 1568.138000
36.060180 509.898000 1499.894000
36.076780 509.949000 1500.070000
36.093140 503.880000 1452.528000
36.109620 536.350000 1546.490000
36.142580 507.195000 1563.584000
36.158810 529.516000 1451.516000
36.175290 528.411000 1445.070000
36.191650 528.802000 1497.958000
36.208250 545.275000 1574.848000
36.224610 542.708000 1570.140000
36.240840 511.411000 1479.830000
36.257570 533.953000 1494.086000
36.273930 537.710000 1505.284000
36.290280 517.140000 1573.418000
36.306640 508.606000 1562.858000
36.340450 513.808000 1553.552000
36.356080 556.563000 1612.490000
36.372680 557.345000 1616.846000
36.388920 540.617000 934.934000
36.651860 817.802000 1501.808000
36.669560 820.709000 1512.412000
36.684810 674.152000 1509.200000
36.701050 711.858000 1588.510000
36.717530 711.450000 1582.900000
36.733760 635.562000 1500.136000
36.750370 663.544000 1619.904000
36.766720 658.427000 1600.500000
36.783330 633.692000 1523.654000
36.799680 655.690000 1613.832000
36.832640 655.333000 1614.404000
36.849000 646.578000 1504.646000
36.881960 659.498000 1558.986000
36.900150 619.701000 1496.594000
36.914670 622.727000 1507.814000
36.931030 618.222000 1494.702000
36.947630 607.070000 1513.952000
36.963990 610.300000 1525.304000
36.980220 621.469000 1579.226000
36.996580 631.006000 1598.344000
37.012940 624.376000 1575.222000
37.029540 625.498000 1502.490000
37.045900 576.929000 1439.966000
37.062380 577.779000 1445.510000
37.078740 594.524000 1554.916000
37.095340 573.886000 1515.756000
37.111940 580.159000 1533.576000
37.128540 588.353000 1521.212000
37.144780 662.303000 1621.532000
37.161380 659.889000 1612.468000
37.177610 636.701000 1547.546000
37.194210 604.469000 1539.318000
37.210210 607.733000 1550.428000
37.226930 577.439000 1583.736000
37.243040 521.900000 1705.000000
37.259640 516.511000 1690.106000
37.276000 498.253000 1517.054000
37.292360 477.326000 1562.264000
37.308840 468.843000 1541.408000
37.326900 470.288000 1474.858000
37.342160 491.045000 1499.256000
37.358400 497.488000 1520.838000
37.374880 525.742000 1515.712000
37.391110 509.830000 1557.292000
37.407590 516.528000 1573.220000
37.424190 567.035000 1764.576000
37.441280 525.317000 1599.356000
37.457030 517.888000 1579.798000
37.473270 531.845000 1630.244000
37.489620 531.777000 1609.872000
37.506100 530.655000 1604.174000
37.522460 509.303000 1574.650000
37.539060 503.727000 1501.962000
37.555420 499.732000 1490.984000
37.571780 506.005000 1476.772000
37.588130 651.525000 1511.356000
37.604610 654.806000 1528.208000
37.620850 696.303000 1466.784000
37.637210 639.472000 1508.166000
37.653810 642.413000 1519.606000
37.670410 681.479000 1604.834000
37.686650 631.414000 1491.754000
37.703000 628.473000 1480.402000
37.719480 656.659000 1620.608000
37.735840 668.661000 1432.860000
37.752440 668.202000 1426.172000
37.769040 643.501000 1416.646000
37.785160 641.767000 1368.378000
37.801640 639.676000 1362.856000
37.818120 676.430000 1493.822000
37.834470 715.938000 1571.482000
37.850950 720.324000 1592.514000
37.867310 725.407000 1491.072000
37.884030 713.184000 1591.964000
37.900150 713.490000 1596.386000
37.916630 696.813000 1526.602000
37.932980 738.565000 1542.596000
37.949460 739.721000 1540.286000
37.965940 624.495000 1610.884000
37.982420 549.015000 1518.264000
37.998780 550.069000 1524.270000
38.015260 525.334000 1578.214000
38.031620 572.645000 1636.206000
38.048100 572.696000 1636.360000
38.064450 552.874000 1514.304000
38.080930 573.631000 1502.600000
38.097410 567.120000 1481.546000
38.113770 557.617000 1571.680000
38.130130 513.179000 1503.546000
38.146610 514.097000 1508.914000
38.162960 584.749000 1534.676000
38.179440 550.562000 1509.772000
38.195920 552.857000 1514.150000
38.212400 592.212000 1612.402000
38.228760 560.133000 1609.190000
38.245120 559.453000 1604.636000
38.261840 552.143000 1526.096000
38.278200 577.660000 1567.808000
38.294680 577.609000 1567.654000
38.311040 533.375000 1534.082000
38.327150 543.337000 1584.704000
38.343870 539.648000 1574.364000
38.360350 562.105000 1556.522000
38.376590 557.532000 1617.066000
38.392820 554.047000 1607.254000
38.409550 526.745000 1504.558000
38.425900 513.383000 1485.704000
38.442260 514.488000 1491.490000
38.458860 542.708000 1644.830000
38.475100 501.126000 1535.798000
38.491700 510.204000 1562.088000
38.508060 751.723000 1775.048000
38.524540 785.196000 1791.856000
38.541020 786.335000 1795.178000
38.557370 850.850000 1952.368000
38.573730 761.430000 1755.688000
38.590210 757.894000 1738.550000
38.606570 744.362000 1797.378000
38.622920 768.757000 1826.990000
38.655880 792.999000 1857.218000
38.672120 795.430000 1831.368000
38.705320 839.239000 1776.522000
38.721560 822.936000 1820.874000
38.754520 862.189000 1825.494000
38.771120 844.645000 1817.024000
38.787350 844.713000 1812.206000
38.803830 887.706000 1736.812000
38.820310 848.929000 1722.886000
38.836670 847.603000 1718.948000
38.853030 807.347000 1758.570000
38.869630 793.985000 1864.522000
38.885860 795.549000 1872.464000
38.902340 582.845000 1968.340000
38.918820 547.978000 1794.628000
38.935300 551.684000 1803.098000
38.951900 565.879000 1790.074000
38.968020 579.768000 1908.434000
38.984500 578.476000 1904.122000
39.000980 489.957000 1844.282000
39.017460 507.076000 1858.626000
39.033810 502.979000 1850.728000
39.050290 514.522000 1824.966000
39.066650 550.511000 1815.264000
39.083010 554.166000 1823.448000
39.099490 537.642000 1897.764000
39.115840 526.065000 1784.442000
39.148800 550.256000 1798.434000
39.165160 534.990000 1830.246000
39.182980 536.180000 1834.382000
39.198000 474.555000 1794.232000
39.214360 541.093000 1805.650000
39.231080 541.144000 1805.782000
39.247440 535.585000 1870.924000
39.263790 532.491000 1855.612000
39.296630 546.618000 1805.122000
39.312990 486.421000 1707.508000
39.329590 484.806000 1702.074000
39.345950 600.100000 1742.026000
39.362180 621.911000 1817.728000
39.378780 616.607000 1805.628000
39.395260 592.569000 1851.542000
39.411620 634.457000 1730.168000
39.428220 639.506000 1742.994000
39.444460 603.262000 1832.204000
39.460820 617.576000 1917.168000
39.477420 618.970000 1924.604000
39.493770 715.139000 1455.498000
39.789430 844.237000 1733.512000
39.805910 828.631000 1896.422000
39.822140 825.656000 1889.272000
39.839110 583.117000 1855.216000
39.855220 555.458000 1944.558000
39.871830 550.562000 1933.514000
39.888060 576.623000 1923.174000
39.904540 553.605000 1825.956000
39.920900 549.168000 1813.900000
39.937380 509.558000 1735.316000
39.953740 485.639000 1790.976000
39.970340 482.715000 1787.016000
39.986570 561.646000 1812.426000
40.003170 541.909000 1876.930000
40.019410 549.406000 1892.308000
40.035890 539.512000 1823.822000
40.052250 507.943000 1845.140000
40.085080 606.764000 1924.318000
40.101680 723.673000 1895.806000
40.117920 721.123000 1884.036000
40.134400 746.776000 1821.798000
40.151000 759.679000 1922.558000
40.167360 759.798000 1926.452000
40.183840 693.821000 1874.994000
40.200320 773.347000 1918.444000
40.216670 776.917000 1933.646000
40.233030 718.114000 2005.322000
40.249510 702.712000 1875.830000
40.265870 696.830000 1853.984000
40.282350 702.967000 1918.488000
40.298830 702.593000 1913.384000
40.315190 696.014000 1894.772000
40.331540 701.760000 1711.534000
40.348140 739.330000 1878.822000
40.364380 743.512000 1894.926000
40.380860 744.736000 1850.376000
40.397340 705.840000 1765.346000
40.413940 710.838000 1784.244000
40.430180 773.670000 1992.760000
40.446660 742.696000 1852.378000
40.479370 711.909000 1715.890000
40.495850 762.246000 1758.966000
40.528810 757.265000 1845.008000
40.545040 815.303000 2002.682000
40.578000 832.286000 1736.174000
40.594480 784.941000 1835.966000
40.610840 783.037000 1823.272000
40.627320 816.816000 1822.810000
40.643680 824.738000 1797.884000
40.660160 823.463000 1789.392000
40.676640 813.042000 1902.736000
40.692990 799.595000 1847.208000
40.726070 820.131000 1905.200000
40.775150 528.938000 1932.656000
40.791630 513.859000 1907.246000
40.807980 515.236000 1911.294000
40.824340 554.965000 2002.154000
40.841190 504.628000 1908.610000
40.857420 503.353000 1904.892000
40.873900 533.256000 1810.248000
40.890260 540.770000 1774.828000
40.906740 542.062000 1779.690000
40.923220 510.306000 1869.054000
40.939580 513.196000 1817.486000
40.956050 519.860000 1829.432000
40.972410 523.056000 1872.134000
40.988890 563.227000 1870.616000
41.005250 562.683000 1869.450000
41.021610 581.621000 1882.782000
41.038210 545.938000 1857.944000
41.054570 543.320000 1854.556000
41.071040 516.103000 1855.832000
41.087400 513.349000 1883.948000
41.104000 517.446000 1891.736000
41.120480 505.257000 1875.742000
41.136720 569.279000 1893.012000
41.154170 571.931000 1896.312000
41.169560 532.780000 1908.412000
41.186160 546.635000 1893.980000
41.202510 535.619000 1871.738000
41.218870 544.595000 1859.506000
41.235230 517.650000 1792.252000
41.251590 518.874000 1797.268000
41.268190 534.633000 1982.926000
41.284550 573.648000 1980.836000
41.301030 579.564000 1990.802000
41.317500 543.728000 1898.182000
41.333980 550.749000 1830.774000
41.350340 548.335000 1827.562000
41.366700 557.158000 1958.660000
41.383300 552.075000 1894.354000
41.399540 557.957000 1904.166000
41.416020 574.889000 1842.170000
41.432370 598.332000 1864.346000
41.449100 592.399000 1852.532000
41.465330 559.674000 1840.916000
41.481690 569.993000 1725.790000
41.498410 561.765000 1702.184000
41.514770 590.954000 1977.118000
41.531010 602.990000 1874.708000
41.547610 603.755000 1878.624000
41.564090 577.864000 1899.436000
41.580320 535.483000 1768.052000
41.596680 547.638000 1795.882000
41.613040 587.707000 1879.306000
41.629520 594.592000 1881.616000
41.645870 593.640000 1877.216000
41.662350 576.861000 1848.000000
41.678960 588.557000 1874.136000
41.695310 581.672000 1858.318000
41.711910 599.318000 1800.392000
41.728390 567.919000 1794.188000
41.744750 564.485000 1785.938000
41.761110 590.835000 1851.850000
41.777470 524.484000 1940.840000
41.793820 529.448000 1951.488000
41.811280 513.332000 1915.672000
41.826780 519.571000 1874.840000
41.843260 527.680000 1890.658000
41.859740 529.771000 1980.506000
41.876100 545.598000 1973.818000
41.892460 540.328000 1962.312000
41.911740 554.013000 1957.912000
41.925290 523.736000 1917.916000
41.941770 517.157000 1907.642000
41.958130 539.563000 1859.572000
41.974370 574.311000 1920.182000
41.991090 516.749000 1763.278000
42.253780 843.472000 1770.076000
42.270260 855.151000 1790.976000
42.286500 857.684000 1798.588000
42.303100 524.739000 1900.316000
42.319580 559.062000 1935.516000
42.352420 655.537000 1969.594000
42.368650 626.076000 1907.026000
42.385130 625.192000 1903.110000
42.401490 629.884000 1864.236000
42.418090 611.847000 1933.206000
42.434570 609.314000 1929.400000
42.451050 680.068000 1841.488000
42.467410 634.202000 1922.734000
42.483760 630.003000 1910.194000
42.500240 660.926000 1891.934000
42.516600 684.794000 1851.146000
42.533200 684.760000 1851.036000
42.549680 647.496000 1866.986000
42.566410 645.728000 1857.746000
42.582280 649.009000 1866.810000
42.598880 690.064000 1887.622000
42.615480 773.381000 1850.508000
42.631960 773.347000 1854.622000
42.648320 828.393000 1927.464000
42.664670 823.310000 1910.678000
42.681400 825.962000 1926.078000
42.697630 794.648000 2001.274000
42.713870 823.157000 1938.904000
42.746700 832.422000 1961.168000
42.763310 824.126000 1914.022000
42.779660 822.732000 1902.032000
42.799070 795.124000 1971.310000
42.812380 780.266000 2019.402000
42.828740 776.900000 2009.876000
42.845090 833.714000 1955.536000
42.861690 858.296000 1760.682000
42.878170 859.571000 1764.862000
42.895390 915.875000 1751.838000
42.911010 905.879000 1742.598000
42.927250 905.369000 1747.746000
42.943850 802.417000 1271.842000
42.960080 713.116000 636.306000
42.976560 717.179000 664.598000
42.993040 682.737000 458.942000
43.009520 621.503000 399.454000
43.026000 619.344000 389.444000
43.042360 650.947000 371.360000
43.058590 650.726000 349.514000
43.075320 653.395000 371.976000
43.091670 652.256000 404.558000
43.108030 698.037000 384.450000
43.140990 649.944000 431.002000
43.157230 546.295000 493.790000
43.173710 545.156000 482.064000
43.190190 533.103000 357.390000
43.206670 547.621000 387.398000
43.223510 541.705000 355.806000
43.239380 530.179000 402.050000
43.255980 549.202000 429.088000
43.272460 552.619000 450.076000
43.288700 522.529000 416.812000
43.305180 537.931000 400.708000
43.338750 517.157000 402.204000
43.354370 511.989000 338.910000
43.370850 508.283000 317.218000
43.387330 523.056000 334.312000
43.403690 517.718000 363.880000
43.420170 516.647000 352.286000
43.436520 522.784000 318.362000
43.453000 536.826000 295.768000
43.469480 537.761000 307.560000
43.485840 556.971000 382.998000
43.502320 557.158000 449.438000
43.518800 563.975000 491.546000
43.535160 562.836000 730.708000
43.551640 544.442000 780.890000
43.584350 540.906000 754.226000
43.600950 571.268000 737.968000
43.617190 567.868000 719.290000
43.633670 559.368000 714.824000
43.650150 540.294000 628.826000
43.666630 536.741000 609.708000
43.682980 546.244000 663.718000
43.699460 536.435000 640.860000
43.715820 535.466000 630.762000
43.732420 549.814000 632.764000
43.748660 554.863000 643.038000
43.765140 552.551000 634.216000
43.781490 539.427000 471.548000
43.798220 560.150000 465.850000
43.814450 566.729000 506.506000
43.830690 522.155000 640.618000
43.847290 564.876000 668.118000
43.863770 568.293000 687.258000
43.880130 552.755000 636.174000
43.896480 561.663000 661.276000
43.929570 558.807000 632.148000
43.945920 540.804000 622.666000
43.978760 561.068000 586.872000
43.996090 533.460000 593.868000
44.011470 529.771000 573.892000
44.028080 518.891000 630.234000
44.044430 538.509000 630.036000
44.077270 527.782000 647.240000
44.093870 516.936000 642.620000
44.110110 520.761000 661.958000
44.126590 521.390000 654.588000
44.143070 539.682000 716.100000
44.175900 506.617000 644.754000
44.192260 493.867000 678.194000
44.208620 490.960000 668.008000
44.225100 507.450000 562.430000
44.241580 528.921000 518.034000
44.258060 531.148000 526.416000
44.274410 557.821000 525.140000
44.290890 569.653000 580.338000
44.307370 566.661000 562.540000
44.323730 529.193000 526.438000
44.340330 546.125000 469.876000
44.356690 542.657000 449.328000
44.373050 532.933000 435.754000
44.389530 539.257000 466.730000
44.405880 542.742000 487.124000
44.422240 596.411000 602.558000
44.438600 561.068000 570.108000
44.455200 556.053000 535.656000
44.471680 580.431000 480.612000
44.488040 556.682000 394.812000
44.504390 551.055000 365.530000
44.520750 553.163000 490.468000
44.537230 568.565000 531.498000
44.553590 575.535000 573.804000
44.570190 546.941000 493.988000
44.586430 583.916000 430.804000
44.603030 580.295000 406.538000
44.619260 545.513000 412.940000
44.635740 564.893000 355.718000
44.652220 562.785000 330.484000
44.931520 714.340000 483.406000
44.948000 721.633000 523.886000
44.964360 521.917000 559.702000
44.980960 531.658000 624.756000
44.997310 534.922000 636.966000
45.013790 538.220000 607.156000
45.030150 515.389000 553.234000
45.046510 508.045000 514.338000
45.062870 498.491000 547.162000
45.079350 516.766000 780.824000
45.096070 520.370000 797.742000
45.112430 516.035000 713.328000
45.129150 495.839000 727.540000
45.145140 499.698000 745.382000
45.161620 512.040000 770.462000
45.177980 536.996000 831.380000
45.194580 534.531000 823.768000
45.210940 531.658000 781.176000
45.227540 519.231000 803.528000
45.243770 519.282000 803.792000
45.260500 530.060000 714.098000
45.276860 546.193000 787.864000
45.312130 536.044000 794.090000
45.326050 529.958000 789.470000
45.342410 528.836000 780.032000
45.358760 519.010000 721.578000
45.375240 479.383000 661.584000
45.391600 480.488000 671.198000
45.408200 512.652000 806.036000
45.425900 517.378000 802.956000
45.441040 525.028000 838.464000
45.457400 617.270000 352.902000
45.473750 669.494000 403.546000
45.490230 666.961000 381.634000
45.506710 617.661000 346.368000
45.522950 604.894000 344.894000
45.539550 601.936000 323.114000
45.555910 594.932000 265.276000
45.572390 624.461000 247.390000
45.588620 627.232000 269.896000
45.605470 598.893000 362.758000
45.621700 610.657000 369.710000
45.654420 636.939000 250.690000
45.671020 625.940000 280.984000
45.687260 628.371000 300.410000
45.703740 618.069000 365.024000
45.720340 605.149000 472.142000
45.736570 608.260000 493.702000
45.753050 594.847000 426.316000
45.769530 591.855000 434.082000
45.785890 585.888000 393.492000
45.802250 588.030000 385.462000
45.818600 583.355000 347.028000
45.835080 582.454000 335.082000
45.853270 547.723000 330.638000
45.868040 564.247000 351.868000
45.884400 565.063000 363.396000
45.900880 571.302000 364.980000
45.917240 544.952000 377.124000
45.933590 545.003000 377.454000
45.950320 542.470000 470.492000
45.966670 538.492000 390.280000
45.983150 534.990000 368.984000
45.999390 495.839000 400.972000
46.015630 519.945000 421.894000
46.032230 523.583000 442.684000
46.048580 538.118000 351.164000
46.065190 547.825000 446.072000
46.081540 551.327000 467.258000
46.097900 542.572000 427.196000
46.114380 556.767000 539.506000
46.130740 555.781000 528.220000
46.147090 562.547000 472.648000
46.163570 794.699000 413.644000
46.180420 791.724000 370.304000
46.196780 1108.315000 332.420000
46.213010 1104.014000 329.626000
46.229490 1102.909000 342.276000
46.245970 1114.044000 297.286000
46.262450 1128.290000 336.644000
46.278690 1128.477000 333.212000
46.295170 1118.617000 277.882000
46.311520 1108.009000 249.920000
46.328000 1110.321000 214.390000
46.344600 1089.700000 161.282000
46.360720 1088.663000 264.176000
46.377320 1086.487000 302.544000
46.393550 1104.099000 328.658000
46.410160 1089.802000 364.430000
46.426510 1090.992000 348.568000
46.442990 1001.912000 317.020000
46.459470 721.395000 194.062000
46.475710 717.689000 161.920000
46.492310 602.225000 284.922000
46.508670 609.994000 317.130000
46.525020 618.358000 373.186000
46.541630 628.541000 391.160000
46.557980 614.873000 386.100000
46.574460 618.205000 416.108000
46.590940 612.748000 411.906000
46.607300 612.986000 463.936000
46.623660 616.080000 485.804000
46.640010 619.106000 457.468000
46.656620 622.421000 522.192000
46.673100 616.046000 471.482000
46.689450 632.604000 310.530000
46.705930 593.334000 389.796000
46.722290 588.115000 359.260000
46.738650 606.458000 296.010000
46.755000 588.676000 277.200000
46.771730 591.719000 299.420000
46.788090 661.385000 382.008000
46.804320 869.822000 408.452000
46.820800 868.819000 383.548000
46.837280 1093.253000 244.948000
46.853640 1119.790000 284.240000
46.870000 1119.790000 284.240000
46.886470 1098.081000 252.340000
46.902830 1136.994000 350.724000
46.919430 1135.651000 385.968000
46.935910 1075.930000 334.246000
46.952270 1109.233000 339.284000
46.968630 1108.094000 351.846000
46.985110 1121.337000 377.168000
47.001460 1102.892000 371.888000
47.018070 1101.855000 394.790000
47.034550 1096.874000 396.220000
47.050900 1088.136000 410.168000
47.083740 1102.382000 436.876000
47.100100 1098.914000 435.380000
47.132930 693.107000 389.884000
47.149410 561.782000 461.582000
47.182370 540.838000 425.854000
47.198610 551.514000 486.266000
47.231570 543.524000 437.008000
47.247920 551.497000 452.056000
47.281010 526.626000 490.732000
47.297240 530.179000 420.376000
47.330200 527.799000 404.382000
47.346440 510.204000 423.632000
47.362920 513.536000 442.288000
47.379390 546.261000 482.328000
47.395870 552.228000 447.788000
47.428710 549.610000 495.660000
47.445190 538.832000 464.090000
47.461550 532.049000 424.204000
47.477910 988.261000 650.562000
47.494380 1109.726000 726.330000
47.510860 1109.352000 708.664000
47.527340 1137.164000 812.174000
47.543700 1142.842000 775.148000
47.576780 1166.931000 698.698000
47.593260 1163.429000 703.868000
47.625980 1147.721000 629.420000
47.642580 1181.092000 662.574000
47.658940 1084.838000 570.372000
47.675170 1166.149000 613.998000
47.691890 1170.263000 543.136000
47.709350 1171.997000 519.926000
