0.000000 50.741422 26.794875
0.016360 84.917897 43.827219
0.033690 90.530654 45.490115
0.049070 65.887038 32.410738
0.065610 33.925612 17.986053
0.082030 11.285771 10.616433
0.098510 -0.134017 9.210760
0.114690 -3.728620 9.530856
0.131350 -3.793464 8.058334
0.147890 -3.203854 4.572295
0.164120 -2.975242 0.813969
0.180790 -2.079542 -2.464619
0.197140 0.287036 -4.739899
0.230160 2.368539 -5.267046
0.246580 2.365134 -4.026664
0.279480 1.267632 -1.477370
0.295960 0.996086 1.226447
0.312320 1.513162 3.041767
0.328670 1.644140 3.478496
0.344910 0.614794 1.756859
0.361570 -2.284070 -4.212153
0.377870 -6.801276 -15.858002
0.394470 -10.744150 -29.230690
0.411070 -11.551151 -35.944865
0.430540 -9.367501 -31.317579
0.443850 -6.345288 -20.010847
0.460080 -3.452801 -10.257012
0.476560 -1.278735 -5.520628
0.492740 -0.624490 -4.035230
0.509340 -0.950405 -2.444410
0.525760 -0.523900 0.413277
0.541990 1.312664 3.233783
0.558900 2.705688 4.831842
0.575010 1.519172 4.532768
0.591550 -1.987180 1.884753
0.624630 -5.706664 -2.293335
0.640930 -7.350467 -6.200697
0.656980 -5.909414 -8.461782
0.673650 -2.948218 -8.394597
0.690000 -0.871866 -5.902399
0.722720 -0.106718 -1.718673
0.739140 0.504206 2.728826
0.755620 1.713698 6.165690
0.772030 3.185252 7.749220
0.788450 4.350862 7.222193
0.804870 4.563001 5.171008
0.821350 2.594629 2.292290
0.837890 -1.074578 -1.163610
0.855650 -3.774616 -4.338261
0.870730 -3.860903 -5.332016
0.887020 -1.197976 -4.003210
0.919920 3.418358 -2.856169
0.936340 7.845128 -3.114669
0.952760 8.858902 -2.630418
0.969240 5.125988 0.578300
0.985600 -0.705068 5.322585
1.001830 -4.878661 9.194090
1.018430 -5.686819 11.177242
1.034730 -3.229492 10.858961
1.051330 1.802733 6.930920
1.067690 6.772635 -0.608558
1.084110 8.483725 -8.335643
1.100590 6.959087 -12.059729
1.116940 4.957112 -11.361514
1.133300 4.291157 -9.045557
1.166080 3.990749 -6.854053
1.183840 2.878570 -4.519873
1.199100 1.197862 -1.619525
1.215580 -0.715619 1.083338
1.231990 -2.544615 2.824736
1.248470 -2.212355 3.552877
1.265200 2.364482 2.932846
1.281620 10.218592 0.814668
1.298100 18.334246 -1.846428
1.314210 23.090508 -3.097744
1.330630 22.461710 -1.965147
1.346980 17.386119 0.100290
1.363460 11.168485 0.933867
1.380070 6.751091 0.426197
1.396240 3.561622 0.289124
1.412720 0.315542 1.067934
1.429080 -2.078828 1.838118
1.445680 -2.405566 2.076273
1.461910 -1.743652 2.126591
1.478450 -1.497269 1.758483
1.494930 -0.527095 0.118126
1.511290 2.102315 -1.808219
1.528020 4.904604 -2.175231
1.544250 5.812774 -1.196121
1.560610 4.638256 -0.114598
1.577030 3.263907 0.878905
1.593690 2.963680 2.221190
1.609920 2.785396 3.138644
1.626340 1.434218 2.705622
1.642880 -0.858836 2.216304
1.659120 -2.413480 3.262941
1.675660 -2.251704 5.043200
1.692020 -1.366931 5.092166
1.708500 -0.615362 2.451260
1.724850 0.073390 -1.384564
1.741270 1.253599 -4.291617
1.757750 3.406199 -4.857943
1.774110 5.802536 -3.509710
1.806950 6.928582 -1.941224
1.823550 6.145926 -1.191628
1.839970 4.586536 -0.484274
1.856450 3.342613 1.407016
1.872800 2.160700 3.921711
1.889160 0.675201 5.177105
1.905640 -0.715725 3.899570
1.922000 -1.248014 1.214818
1.955080 -0.504052 -0.013326
1.971440 0.746767 1.363155
1.987790 -0.001492 3.488664
2.004150 -4.378540 4.373641
2.020630 -9.787000 3.863228
2.037110 -11.644983 2.034463
2.053470 -9.186894 -1.956997
2.069950 -5.315639 -7.091487
2.086240 -2.352970 -9.652435
2.102720 -1.334793 -7.914350
2.119080 -2.150371 -3.975380
2.135620 -3.296169 -0.311776
2.151920 -3.069524 2.059936
2.168460 -1.850228 2.523858
2.201290 -1.551010 1.432275
2.217770 -2.205792 0.312004
2.234310 -2.064227 0.134680
2.250610 -0.631306 -0.157082
2.266970 0.605328 -1.777536
2.299930 0.278010 -3.321109
2.316280 -1.543861 -2.828191
2.332760 -3.694187 -0.098519
2.349120 -5.021704 3.344218
2.365600 -5.119661 5.078379
2.382020 -3.614018 3.658694
2.398560 -0.484730 0.232093
2.414860 2.693281 -2.685695
2.431340 3.630196 -3.704590
2.447750 1.772233 -3.534050
2.464290 -1.124348 -3.944469
2.496950 -2.988198 -4.446340
2.529850 -3.244787 -2.937846
2.546260 -2.473258 0.253964
2.562740 -1.497568 2.173352
2.579100 -1.323866 0.462895
2.595640 -2.490698 -2.951517
2.612000 -3.766445 -4.541579
2.644840 -2.860140 -3.348146
2.661250 0.150377 -0.025999
2.694090 2.623372 3.802745
2.710630 2.166613 5.778088
2.727050 -0.867420 4.091696
2.743350 -2.865073 -0.148830
2.759890 -1.467598 -3.479675
2.776250 0.944620 -3.297996
2.792910 -0.127147 0.246192
2.809270 -6.205484 4.887464
2.825620 -14.651287 8.934646
2.842160 -21.411394 11.752881
2.858520 -23.465688 13.049770
2.874880 -19.908307 12.655952
2.891360 -13.099663 10.736899
2.907780 -6.981825 7.690343
2.924130 -2.935287 3.607171
2.940610 -0.674669 -0.598165
2.957030 -0.086286 -3.708743
2.973390 -0.426863 -5.558707
2.989870 -0.136902 -5.913553
3.006410 1.209343 -4.285696
3.022770 1.925356 -1.101663
3.039180 1.251071 2.503352
3.055790 0.378980 5.486736
3.088560 0.241812 6.384026
3.104920 0.647085 4.072966
3.121220 0.700690 0.209454
3.137760 -0.428753 -1.207218
3.155880 -2.393370 0.484549
3.170650 -3.748658 1.072233
3.187070 -3.446000 -1.401258
3.203490 -2.431408 -4.380930
3.219910 -2.719755 -5.082920
3.236270 -4.091648 -3.417156
3.252750 -4.214480 -1.509165
3.269100 -2.032272 -0.941376
3.285640 0.310060 -1.378746
3.302000 0.571654 -1.738664
3.318420 -0.275648 -1.292892
3.334840 -0.428020 0.112003
3.351260 0.457051 1.994096
3.367740 1.726062 3.295419
3.384280 2.898666 2.400867
3.400630 3.488007 -0.657575
3.417050 2.635965 -2.740608
3.433350 0.987334 -0.955126
3.450010 0.146845 3.634441
3.466430 0.329811 6.897712
3.482850 0.674768 5.997680
3.499150 0.567663 1.526557
3.515690 0.150673 -4.317172
3.532040 -0.186046 -9.078462
3.548400 -0.289430 -10.394611
3.581300 -0.278209 -7.665423
3.597720 -0.305465 -2.945042
3.614140 -0.200904 0.773841
3.630620 0.334839 2.152824
3.647030 0.998028 2.584317
3.663390 1.120576 3.817544
3.679870 0.959783 4.947629
3.696230 1.190852 4.360320
3.712770 1.646121 2.595236
3.729130 1.537801 1.476051
3.745670 0.603656 1.326241
3.762020 0.171989 0.748503
3.778500 1.062415 -0.083358
3.794800 1.709706 0.117059
3.827760 0.930683 1.255286
3.844120 -0.734891 2.679551
3.860780 -1.545499 4.076637
3.877010 0.042613 4.594169
3.893490 3.056269 3.615496
3.909850 5.276152 1.953502
3.926390 5.248319 0.306826
3.942750 3.466264 -0.952974
3.959110 1.663642 -0.795122
3.975650 -0.047075 1.787029
3.992000 -1.935221 5.862998
4.008360 -2.615126 8.214510
4.024960 -1.245796 7.081411
4.041440 1.001168 4.141913
4.074160 2.601740 1.914316
4.090640 3.130405 1.217465
4.106990 2.616656 0.623841
4.123350 0.911439 -1.244881
4.139890 -1.044753 -3.160762
4.172910 -1.597575 -3.443632
4.189090 -0.829120 -2.568997
4.221980 0.063747 -1.671495
4.238340 0.343218 -0.942879
4.254880 -0.031321 -0.161684
4.271240 -0.551849 -0.136879
4.287780 -1.076295 -1.698742
4.304200 -1.168811 -3.948852
4.320560 -0.008270 -5.162377
4.336980 2.098431 -4.189028
4.369870 4.008415 -1.533649
4.386230 4.377585 1.404007
4.402890 3.004191 4.060010
4.419130 1.361141 6.471974
4.435610 0.434074 7.597939
4.452030 0.245679 5.112604
4.468630 0.364474 -1.340944
4.485050 0.553682 -8.798481
4.501220 1.039383 -13.350105
4.517760 1.220893 -12.191515
4.534120 0.508824 -5.971279
4.550540 -0.322304 1.432160
4.567020 0.036756 6.487054
4.583370 1.495298 8.355142
4.599980 1.757879 8.362854
4.616210 -0.831691 7.304030
4.632750 -4.706500 4.911265
4.649110 -7.553914 1.215165
4.665650 -9.774558 -3.256166
4.683350 -12.011077 -6.995796
4.698550 -11.835775 -7.786862
4.714840 -6.921259 -4.945013
4.731260 0.387905 -0.866775
4.747740 4.697761 0.847552
4.764160 4.006578 -0.639481
4.780580 1.051713 -2.588983
4.797000 -0.980714 -1.671220
4.813420 -0.828840 2.726659
4.829900 0.765288 8.089240
4.846250 2.328653 11.530988
4.862790 3.217237 11.876099
4.879090 3.491529 9.496949
4.895510 3.269392 5.305978
4.911990 2.709800 0.634595
4.928340 2.119488 -3.197776
4.944890 1.462017 -5.908870
4.961300 0.135996 -7.851912
4.977720 -1.648258 -8.825688
4.994080 -2.756993 -7.757618
5.010500 -2.970620 -4.576939
5.026980 -3.008687 -1.142462
5.043330 -3.079058 0.585717
5.060000 -2.246688 0.061507
5.076290 -0.670746 -1.423173
5.092900 -0.269197 -2.007889
5.109130 -0.909983 -0.933722
5.127010 -0.917388 1.039316
5.142030 0.040850 2.325046
5.158390 0.832106 2.295484
5.174870 0.229017 1.832414
5.207890 -0.526882 2.044810
5.224120 0.875671 2.577141
5.257020 4.366176 2.019195
5.273440 7.363932 0.367532
5.306210 7.440473 -0.924120
5.322750 5.616496 -1.115231
5.339110 4.291074 -1.582532
5.355530 2.462883 -4.261828
5.372010 -1.251814 -7.784398
5.388370 -4.324864 -7.732151
5.404850 -3.358305 -1.953328
5.421450 0.604700 5.879339
5.437740 2.890847 9.396839
5.454100 2.245855 6.741253
5.470580 0.961277 1.274177
5.487060 0.170162 -3.297029
5.503360 0.047264 -4.961632
5.519840 -0.116089 -4.102981
5.536250 -1.797223 -2.777005
5.552920 -5.063692 -2.534197
5.569150 -7.459423 -3.081693
5.585450 -6.064478 -2.535098
5.602110 -2.175820 0.089176
5.618350 0.280358 3.723566
5.634890 0.225110 6.346081
5.651250 -1.094573 5.949055
5.667790 -2.187683 2.146598
5.684140 -2.252129 -2.777523
5.700500 -1.856313 -5.158712
5.716980 -1.979191 -3.498455
5.733340 -2.262095 -0.015109
5.750060 -1.051032 2.050190
5.766240 1.930220 1.676322
5.782710 4.787772 0.700076
5.799190 5.913992 0.669508
5.815490 5.206647 1.794570
5.832030 3.511019 4.024233
5.848390 2.029769 6.075645
5.864870 1.641585 5.747725
5.881230 2.238013 2.385971
5.897640 2.670323 -1.239204
5.914060 1.910086 -2.052357
5.930480 0.149129 -0.730991
5.947020 -1.549893 -0.185715
5.963320 -2.099285 -1.827717
5.979860 -1.167358 -4.348322
5.996280 0.324557 -5.587024
6.012630 1.169461 -4.205430
6.029170 1.182803 -0.132789
6.045470 1.072916 5.127259
6.061950 0.968624 8.846329
6.078610 0.276614 8.860604
6.094730 -0.375618 5.500983
6.111210 -0.044027 1.044511
6.127620 0.156328 -2.623318
6.144100 -1.798161 -5.196093
6.160460 -5.827076 -6.579379
6.177120 -8.861333 -5.802875
6.193360 -7.917924 -2.662379
6.209840 -3.536538 0.946130
6.226440 1.098170 2.380059
6.242680 3.193866 1.133363
6.259090 2.390776 -0.733891
6.275510 0.737250 -1.047471
6.291990 0.140314 0.499735
6.308350 0.720915 2.151507
6.324890 1.486823 2.304671
6.341250 1.479759 1.023156
6.357850 0.383131 -0.326470
6.374080 -2.020542 0.496277
6.390320 -4.970273 4.048904
6.406980 -6.608392 7.514123
6.439880 -5.824076 8.166537
6.456420 -3.100765 6.612381
6.489140 -0.984337 5.254144
6.505680 -1.043150 4.231258
6.521970 -2.420717 1.479892
6.538330 -3.537536 -2.486832
6.554870 -3.140369 -4.391068
6.571230 -1.588578 -2.438403
6.587590 0.554456 1.745259
6.604250 3.020712 4.669067
6.620480 5.271368 3.748416
6.637020 7.008279 -0.728847
6.653380 8.212369 -5.330305
6.669860 8.558915 -5.947377
6.686460 7.143465 -1.435312
6.702640 3.819753 4.782114
6.719120 -0.441255 7.687256
6.735530 -4.196070 5.487609
6.751830 -5.868407 0.777391
6.768370 -4.935566 -2.559048
6.784910 -2.758442 -2.947633
6.801270 -0.974993 -1.718781
6.834170 0.189885 -0.684582
6.850520 1.266776 0.034412
6.883540 2.009817 0.974483
6.900020 1.342727 1.583805
6.916200 -0.729560 0.835929
6.932740 -2.429995 -0.957825
6.949100 -2.310935 -2.206378
6.965580 -0.775883 -1.823198
6.982060 0.400849 -0.647333
6.998350 -0.413553 -0.460086
7.031310 -2.614491 -1.320345
7.047670 -3.958747 -1.630944
7.080510 -3.676168 0.092232
7.096980 -1.987124 3.487546
7.113340 1.883151 5.751930
7.129880 8.065070 4.622319
7.146240 13.862374 1.315778
7.179140 15.541779 -1.675598
7.195920 13.362308 -3.505168
7.228580 10.412020 -4.905187
7.244750 7.290771 -5.987822
7.277650 2.874209 -5.151737
7.294130 -2.693176 -2.346685
7.327030 -7.455170 0.536493
7.343440 -9.191140 2.120631
7.376220 -6.326360 2.120902
7.392640 0.580107 1.616750
7.425540 7.184843 1.527798
7.442020 9.222122 1.718018
7.458370 6.997015 1.835419
7.474730 4.356182 1.612173
7.491460 3.713616 0.909473
7.507750 3.732321 -0.472854
7.526000 2.730901 -1.958430
7.540530 0.831235 -2.201115
7.557010 -1.165642 -0.776949
7.573430 -2.719513 1.032269
7.589720 -3.038889 1.329057
7.606200 -1.036355 -0.400138
7.622680 2.361989 -2.635050
7.639100 4.757804 -3.399012
7.655460 5.107122 -1.798388
7.672000 4.204590 1.521712
7.688420 3.371616 3.972197
7.721440 2.794465 2.757884
7.737610 2.160308 -1.882046
7.754150 1.183579 -5.940943
7.770570 -0.328933 -6.018534
7.786990 -1.137023 -3.490822
7.819760 0.033731 -1.397976
7.836430 1.930468 -0.179670
7.869260 1.882593 1.689477
7.885560 -0.188412 3.854024
7.901980 -1.877054 4.176165
7.918330 -2.789722 3.287662
7.934750 -4.954368 3.202816
7.951290 -9.809720 2.972044
7.969360 -14.984973 0.155633
7.984070 -16.027892 -3.997172
8.016970 -11.811910 -4.891408
8.033390 -5.289031 -1.545972
8.049930 -1.025323 1.907044
8.066220 -0.442841 2.465509
8.082640 -1.004631 1.349046
8.115480 -0.777041 0.999988
8.131960 -0.085425 1.048168
8.148440 -0.552241 -0.812273
8.164790 -2.755154 -3.898399
8.182620 -5.138206 -5.265581
8.197750 -5.842149 -3.722808
8.214110 -4.464587 -0.850771
8.230470 -2.058597 1.247839
8.247010 0.064064 2.335013
8.263370 0.848002 2.397725
8.279910 0.091924 1.050250
8.297610 -1.134641 -0.583314
8.312620 -1.437580 -0.371852
8.329100 -0.519805 1.868120
8.345520 0.482680 3.805590
8.362000 0.563338 4.023370
8.378360 -0.023459 3.060689
8.394710 -0.677239 1.700677
8.411500 -1.647196 0.336455
8.427730 -2.845559 -0.695985
8.444090 -2.900105 -0.986649
8.460450 -0.561252 -1.302858
8.476990 3.856622 -2.333817
8.510860 7.962007 -2.713235
8.526250 9.720356 -1.593338
8.558960 8.922894 0.207171
8.575500 6.585825 2.570443
8.608460 4.326308 5.407517
8.625920 2.472405 7.107208
8.657650 0.991324 6.121743
8.674130 -0.102006 3.041695
8.690490 -1.284923 0.185745
8.706970 -2.129474 -1.477574
8.723330 -2.130752 -2.488112
8.739930 -1.525982 -2.721534
8.756290 -1.037917 -1.758180
8.772640 -0.943202 -0.117456
8.789120 -0.620272 0.401100
8.805660 -0.306745 -1.288559
8.821900 -0.944560 -4.335898
8.839360 -2.634834 -6.822765
8.854740 -4.522715 -6.580203
8.871220 -5.424623 -2.990060
8.887760 -4.842152 2.208351
8.904170 -3.722992 5.321458
8.920530 -3.336659 3.819525
8.936890 -3.579211 -0.612413
8.953370 -3.542026 -4.342871
8.969790 -2.740936 -5.161145
8.986270 -1.408158 -3.380426
9.002620 -0.243295 -0.621145
9.019100 -0.048209 1.091116
9.035520 -0.982916 0.174439
9.051880 -1.939322 -2.657427
9.068360 -1.520148 -5.161871
9.084900 0.579608 -5.078471
9.101380 3.188700 -1.092804
9.117610 4.412083 5.245737
9.134160 3.704314 9.656903
9.150630 3.182891 8.449357
9.168090 4.327843 2.473865
9.183410 5.110960 -3.332691
9.199830 3.080948 -5.136723
9.216310 -0.437899 -3.120989
9.232600 -1.578201 0.220040
9.249150 0.172007 2.617517
9.265500 1.821843 2.993144
9.281980 1.945675 1.730652
9.298400 1.945617 0.323489
9.314700 2.983430 -0.257485
9.331240 3.828670 -0.361931
9.347600 3.087084 -0.629522
9.364070 1.350909 -0.796712
9.380550 0.020830 0.173731
9.396850 -0.534063 2.405393
9.413450 -0.881294 4.519071
9.429810 -1.646182 4.705661
9.446290 -2.803366 2.146717
9.462650 -3.346312 -1.833291
9.495480 -2.742718 -5.048870
9.512020 -0.793649 -6.064750
9.528380 3.827548 -4.015074
9.544800 11.263453 0.993787
9.561100 18.531765 6.716397
9.577640 21.224762 9.131443
9.594120 17.445573 5.918962
9.610470 10.018789 -0.568870
9.626830 3.227092 -5.484110
9.643430 -0.071282 -5.897350
9.659730 0.215624 -2.744454
9.676210 0.953790 0.558845
9.692630 -0.681479 1.245545
9.708980 -3.900852 -0.660012
9.725460 -5.808736 -2.826785
9.742070 -5.246972 -3.341875
9.758420 -3.546812 -1.681516
9.774720 -2.323577 2.037590
9.791260 -2.039491 6.614932
9.807620 -2.225540 9.067080
9.824220 -1.319861 5.854117
9.840580 2.602973 -2.238476
9.856990 8.318507 -9.749074
9.889770 11.360681 -12.666949
9.906250 9.473958 -10.348871
9.922670 5.382609 -4.474117
9.940120 2.611409 1.706231
9.955570 1.252788 5.259946
9.988340 -0.370521 4.914717
10.004760 -2.553776 2.388341
10.021300 -4.677633 0.713933
10.037660 -6.361900 0.996542
10.054320 -7.225131 2.806753
10.070560 -6.876890 4.627432
10.086910 -5.213058 4.623921
10.103330 -2.933093 2.285433
10.119750 -1.446363 -1.488908
10.136350 -1.431901 -4.696690
10.152590 -1.607768 -5.248621
10.185550 -0.580594 -3.003887
10.202030 0.920305 -0.054612
10.234860 1.258774 1.652292
10.251400 0.520843 1.972263
10.267640 0.237878 1.823585
10.284000 0.392137 1.701962
10.300480 0.141876 1.649862
10.316830 -0.070677 2.007293
10.333370 0.165723 2.976628
10.349790 0.569431 3.758534
10.366270 1.008137 2.783669
10.382690 1.762439 -0.333156
10.399050 2.706291 -4.370918
10.415530 2.935970 -6.985460
10.431880 2.212248 -5.359318
10.448300 1.423733 0.128823
10.464780 1.215040 5.053074
10.481260 1.403319 5.004587
10.497620 0.998829 0.137597
10.514040 -0.983216 -5.044829
10.530520 -3.583923 -7.354150
10.546880 -4.395017 -6.819881
10.563420 -2.436531 -4.168629
10.579770 0.321225 -0.032134
10.596370 1.381858 3.846529
10.629090 0.543127 4.725793
10.645510 -0.770476 2.117026
10.678410 -1.265632 -0.869978
10.694760 -1.143355 -0.358543
10.711240 -1.301304 4.703657
10.727660 -1.520210 11.190870
10.743960 -0.965929 14.581662
10.760500 0.310703 12.345911
10.776860 1.059319 5.902072
10.793400 0.241692 -0.704032
10.809750 -1.796130 -5.130160
10.826290 -3.900568 -7.505178
10.842590 -4.938824 -7.747415
10.859010 -4.153837 -5.135198
10.875490 -1.875139 -0.626701
10.891910 0.681946 3.711796
10.908390 2.904728 6.903120
10.924740 4.776230 8.777280
10.941220 5.706225 9.243967
10.957580 4.770251 8.174477
10.974000 2.345388 5.825151
10.990480 0.185687 2.920209
11.006900 -0.369919 -0.246908
11.023440 0.238428 -3.379544
11.039730 1.240480 -6.004524
11.056270 2.977406 -8.161979
11.072630 4.960577 -9.303135
11.088990 5.244919 -9.058604
11.105470 2.763545 -8.220639
11.121890 -0.249766 -7.398683
11.138370 -1.206638 -6.127423
11.154790 -0.694756 -3.502878
11.171260 -0.376915 -0.395499
11.187680 -0.851230 1.442121
11.220580 -0.911642 1.521404
11.236940 -0.740471 1.422218
11.253360 -3.033600 3.963510
11.269710 -8.180537 9.213277
11.286250 -13.211459 13.310025
11.302670 -14.190702 11.735252
11.318970 -10.119489 4.839331
11.335510 -4.099052 -1.720478
11.351870 0.816283 -3.858368
11.368350 3.481441 -2.609754
11.384770 3.777499 -0.825145
11.401310 2.260736 0.818838
11.417600 0.262326 2.947436
11.434020 -0.715110 4.802065
11.450560 -1.127237 4.578757
11.466860 -3.539454 2.124031
11.483460 -8.621207 -0.833833
11.499820 -13.479404 -2.853875
11.516110 -15.031560 -3.411120
11.532590 -13.039043 -2.737218
11.549010 -9.618785 -1.466341
11.565550 -6.471602 0.015613
11.581910 -3.673265 1.691283
11.614750 -0.751793 3.434068
11.631100 2.402381 4.518145
11.647640 5.021836 4.260468
11.664000 5.755498 3.018677
11.680480 4.579251 1.445067
11.696900 3.133449 -0.455641
11.713380 2.878679 -2.807919
11.729740 3.822066 -5.085447
11.746280 4.782966 -5.856650
11.762630 5.066692 -3.901142
11.779050 4.851638 0.104035
11.795470 3.774971 3.819420
11.811890 1.440447 5.179544
11.828370 -1.601098 3.992977
11.844790 -4.078932 1.525101
11.861270 -4.234560 -0.924935
11.877620 -1.640637 -2.502222
11.894170 1.584857 -3.217002
11.910520 2.393612 -4.142936
11.926880 0.400621 -5.470220
11.943420 -1.637674 -5.446906
11.959780 -2.098365 -2.979437
11.976140 -1.987007 0.674436
11.992680 -1.974001 3.721126
12.008970 -0.546654 5.889359
12.025570 3.391596 7.280244
12.041870 8.392232 6.615527
12.058410 11.757830 3.067804
12.074770 11.902070 -1.920151
12.091190 9.294015 -6.115491
12.107670 5.624018 -8.382895
12.124020 2.680816 -8.646163
12.140500 0.873243 -7.108927
12.156860 -0.450911 -4.072924
12.173280 -1.314417 -0.806696
12.189820 -1.303986 1.081566
12.206300 -0.837769 2.094346
12.222660 -0.801413 4.139149
12.239070 -1.256269 7.545675
12.255490 -1.338288 9.947691
12.271910 -0.420442 9.142872
12.288330 1.094929 5.327127
12.304810 2.012230 0.438315
12.321170 1.559252 -2.798413
12.353940 0.560819 -3.372940
12.370480 0.319149 -2.104102
12.386840 0.831993 -0.445258
12.403500 0.999404 0.061857
12.419740 0.180920 -0.839466
12.436160 -1.171303 -2.242529
12.453980 -2.052142 -2.432945
12.469180 -2.159384 -0.624342
12.485530 -2.381912 1.559075
12.502010 -3.428729 2.615461
12.518370 -4.402228 2.934784
12.534730 -3.580761 2.955162
12.551150 -1.430216 1.810685
12.567630 -0.186056 -1.073979
12.583980 -0.443382 -4.122749
12.600400 -0.584428 -4.672585
12.616880 -0.120530 -2.545246
12.633420 -1.333414 -0.351250
12.649780 -5.114605 0.237868
12.666200 -8.885889 -0.458102
12.682620 -9.925009 -1.835935
12.699040 -8.954475 -3.555351
12.715520 -7.880010 -5.120867
12.732060 -5.753365 -5.483504
12.748350 -1.851457 -3.876455
12.764710 1.726383 -0.848660
12.797610 2.551948 2.382438
12.814030 0.953852 4.188335
12.846860 -0.086369 4.052877
12.863220 1.140026 2.998094
12.879580 3.385100 1.534524
12.896120 3.941010 0.059733
12.912600 1.619453 -0.908949
12.928830 -1.753528 -1.317254
12.945310 -3.932468 -1.843751
12.961730 -4.331476 -3.276200
12.978450 -3.233738 -4.793496
12.994690 -0.788828 -4.938880
13.011110 1.964796 -3.159604
13.027590 3.291054 0.604304
13.043820 3.014715 5.885514
13.060360 3.095125 10.986297
13.076840 5.764092 13.491600
13.093320 10.344562 12.722446
13.109800 13.381932 9.513509
13.126100 12.129035 4.226320
13.142580 7.213542 -2.127771
13.159000 1.895328 -7.128695
13.175540 -1.367664 -8.474154
13.191710 -2.124690 -6.150297
13.208070 -1.128023 -1.980569
13.224730 0.618187 2.449477
13.240970 2.321015 5.495300
13.257570 3.156973 6.140823
13.273860 2.721106 5.002798
13.290470 1.584430 2.713781
13.306820 0.987266 -0.484991
13.324340 1.195701 -3.498545
13.339660 0.364278 -4.554764
13.356080 -2.359461 -2.957426
13.372620 -4.484077 -0.356089
13.388980 -3.633113 0.859454
13.405460 -0.218857 -0.262147
13.421810 4.082114 -4.004675
13.438230 7.885055 -10.115613
13.454710 10.037549 -16.518018
13.470950 9.792755 -19.411033
13.487790 8.083908 -15.289013
13.503970 6.616160 -5.497230
13.520320 5.191369 3.908439
13.536870 2.580272 8.324189
13.553220 -0.618232 7.433158
13.569700 -2.482066 3.908321
13.586000 -2.292356 0.473831
13.602600 -0.748707 -1.672599
13.635560 0.778595 -2.029559
13.653080 1.055680 -1.207399
13.684690 -0.021423 -0.694499
13.700990 -1.854797 -1.398208
13.717590 -3.690251 -3.026095
13.734010 -4.713223 -3.674018
13.750490 -4.494330 -2.237570
13.783200 -3.389468 -0.661649
13.799740 -2.275029 -0.800994
13.816160 -1.295918 -1.407856
13.832580 0.359001 -0.244085
13.848820 2.445947 2.201510
13.865360 3.366545 3.342679
13.881960 2.639586 2.394071
13.898250 1.173658 0.687079
13.914730 -0.522649 -0.634089
13.930970 -2.322568 -1.047499
13.947570 -3.579231 -0.490184
13.963930 -3.296765 0.600177
13.980470 -1.382964 1.591948
13.996890 0.701807 1.888183
14.013060 1.274554 1.408177
14.029600 0.227358 0.747961
14.045960 -1.169524 0.786444
14.062500 -1.817062 2.018949
14.079040 -1.533010 3.186960
14.095520 -1.020467 2.865761
14.111880 -1.167512 2.249112
14.128230 -2.132441 3.527550
14.144710 -3.188563 6.284119
14.161190 -3.054160 7.579767
14.177670 -0.961369 6.388855
14.194030 1.826801 4.576906
14.210570 3.022308 3.528379
14.226870 1.782326 2.517310
14.243410 -0.802955 0.430186
14.276120 -2.520621 -2.303291
14.292660 -1.831130 -4.364162
14.325620 1.051082 -4.436646
14.341920 4.678512 -2.407368
14.374760 7.219238 0.026250
14.391110 7.672402 1.569281
14.407650 5.931580 2.668877
14.424010 2.379995 4.167934
14.440490 -1.668069 5.467330
14.456910 -4.048472 4.825852
14.473450 -3.333816 1.965383
14.489750 -0.605129 -0.868716
14.506100 1.727367 -0.889441
14.522640 2.658203 2.083321
14.539000 2.505155 5.048014
14.555360 1.472768 4.750031
14.571840 -0.263973 1.070545
14.588200 -1.938828 -2.370431
14.604740 -2.435479 -2.482089
14.620970 -1.765536 -0.688467
14.637570 -0.810248 -0.061898
14.653870 0.837218 -1.752773
14.670230 3.943096 -5.549172
14.686890 7.551439 -10.603362
14.703250 9.592513 -14.724461
14.719730 8.848419 -13.815875
14.735960 6.211947 -7.456146
14.752810 3.095850 -1.774966
14.768980 -0.312523 -1.419095
14.785220 -3.524819 -3.885919
14.818120 -4.879971 -3.338910
14.834780 -3.811636 1.728336
14.851140 -1.718700 6.942407
14.867610 0.246434 7.667994
14.883970 2.190949 3.631071
14.900390 3.971323 -2.019790
14.916870 4.297973 -6.403881
14.933290 2.578877 -7.986763
14.949710 -0.188213 -6.395331
14.965940 -2.869612 -3.097445
14.982600 -4.462790 -0.178932
15.015380 -3.864367 1.745796
15.031920 -1.574090 3.646480
15.048280 -0.840884 7.094322
15.064700 -4.097952 11.999059
15.081120 -9.409084 15.553219
15.113950 -12.514388 14.182289
15.130370 -11.335700 7.740174
15.146850 -7.636376 1.083298
15.163090 -4.488814 -2.285511
15.179690 -3.394380 -3.487653
15.196110 -3.778535 -3.790012
15.212590 -3.951148 -2.475586
15.228940 -3.030271 0.593807
15.245360 -1.426477 3.349213
15.261840 0.583501 4.375064
15.278200 2.728178 4.146773
15.294740 3.636072 2.676103
15.311160 1.640899 -0.439668
15.327450 -2.757250 -4.227875
15.343810 -6.689546 -6.594639
15.360350 -7.695011 -6.630230
15.376890 -5.840299 -5.287054
15.393250 -3.032676 -3.226094
15.409730 -1.059362 -0.146092
15.425960 -0.271292 3.840443
15.442440 0.252072 7.054319
15.458980 0.855978 6.846340
15.475220 1.334130 3.198957
15.491820 2.148467 -0.600052
15.508610 3.685538 -1.999710
15.524600 4.957019 -1.227058
15.541080 4.325267 0.187232
15.557430 2.184312 1.975454
15.574220 0.984973 3.682411
15.590330 2.263899 2.965652
15.606870 4.643485 -0.378463
15.623350 5.486595 -4.064484
15.655940 3.566838 -5.318994
15.672420 0.169664 -2.281565
15.705200 -1.948704 2.510952
16.000980 -2.006951 4.241196
16.017460 -1.290963 0.812349
16.050350 -1.268859 -4.384203
16.066830 -2.359699 -6.021337
16.099610 -3.549448 -4.225322
16.115970 -3.855437 -2.365810
16.148800 -2.702077 -1.014081
16.165280 -0.081199 1.065270
16.181820 3.036142 3.498381
16.198120 4.723115 3.961401
16.214600 4.135518 2.334610
16.230960 2.582232 1.728822
16.247440 1.209682 2.446169
16.264040 -0.440787 1.891003
16.280400 -2.879792 0.167706
16.296750 -3.906952 0.771409
16.313110 -1.480849 4.753723
16.329710 2.438691 7.663261
16.346130 4.164823 6.135443
16.362490 2.930849 1.643992
16.378850 1.726044 -2.693146
16.395390 2.300512 -4.937093
16.411870 3.638088 -4.822877
16.428100 4.596799 -2.926486
16.444580 4.794406 -1.142202
16.460940 4.152404 -0.622509
16.477480 2.629079 -0.436959
16.493960 1.422777 -0.864663
16.510380 1.771697 -2.863570
16.526860 2.462769 -5.299374
16.543210 1.419061 -5.227069
16.559570 -1.332047 -1.533494
16.575930 -3.607027 3.242219
16.592470 -3.599621 6.573318
16.609010 -1.800633 7.176416
16.625240 -0.304239 3.985925
16.641850 -0.599374 -1.905147
16.658200 -1.974720 -6.589847
16.674680 -2.308007 -6.569443
16.691160 -0.844337 -2.533808
16.707520 1.145236 1.647787
16.724000 2.081446 3.432343
16.740420 1.338057 2.936865
16.756710 -0.312986 1.267186
16.773250 -1.617659 -0.833796
16.789610 -2.416097 -2.425777
16.806090 -3.375579 -2.661291
16.838990 -4.309553 -1.965996
16.855350 -4.227888 -1.979222
16.888240 -2.826018 -3.288697
16.904790 -1.416044 -2.984717
16.937500 -0.694593 0.907950
16.954040 1.033901 5.930924
17.282410 4.145515 7.637366
17.298890 4.619237 4.107410
17.331790 -1.764238 -1.146230
17.348140 -12.072970 -3.822106
17.381160 -18.761775 -3.106970
17.397340 -18.573394 -1.563392
17.430360 -13.960655 -1.415721
17.446840 -8.648261 -1.702514
17.479680 -3.985879 -0.970910
17.496150 -0.104665 0.804733
17.528990 2.347517 2.553523
17.545410 3.124976 3.715771
17.561950 2.326747 4.023289
17.578310 1.331184 3.122358
17.594600 1.951379 1.711070
17.611080 3.717838 0.565401
17.627500 5.240181 -0.179375
17.643980 5.660769 -0.970617
17.660400 4.262720 -2.353616
17.676880 0.919979 -4.043917
17.693240 -2.748073 -5.410617
17.709780 -4.015174 -6.143311
17.726140 -2.026936 -6.063048
17.742490 1.076901 -5.117602
17.758910 2.447864 -3.892125
17.775390 1.485949 -3.554378
17.791870 -0.359832 -3.652385
17.808230 -1.549631 -1.812901
17.824650 -0.765739 2.134829
17.841130 1.338594 6.158418
17.857540 1.390798 10.011759
17.874020 -2.627420 14.441204
17.890560 -8.546939 17.815240
17.906860 -12.197306 16.974917
17.923220 -12.034397 12.490033
17.939820 -9.440687 7.800604
17.956180 -5.324762 3.576226
17.972530 -0.828830 -0.914792
17.989010 1.892628 -4.533618
18.005370 2.334627 -5.127369
18.021910 2.349991 -2.523689
18.038450 3.396815 1.047343
18.071110 4.641732 2.833915
18.087520 4.432285 0.839729
18.120360 2.828395 -3.753911
18.136900 1.549274 -7.252454
18.169800 1.313577 -7.713353
18.186100 1.468823 -5.917931
18.202580 1.390919 -3.284512
18.218990 0.998010 -0.835349
18.235350 0.362710 0.468442
18.251890 -0.810340 0.082771
18.268250 -2.297373 -1.076029
18.284610 -3.354669 -1.981084
18.301150 -3.568422 -2.751903
18.317500 -2.871590 -3.293864
18.334050 -1.779929 -3.270378
18.350400 -1.318608 -2.251218
18.366940 -2.043307 0.929276
18.383240 -3.241188 5.975978
18.399600 -3.447294 9.604072
18.416140 -2.136824 8.875071
18.432560 -0.067241 4.298947
18.449160 1.487202 -1.057552
18.465390 0.750907 -4.578971
18.481930 -2.182017 -5.457051
18.514770 -4.093564 -3.906938
18.531130 -2.250041 -1.039253
18.547490 2.926015 1.875000
18.564030 8.626972 3.849573
18.581850 12.303125 4.264905
18.596920 12.714920 3.370493
18.613220 9.735304 1.593823
18.629580 5.079761 -1.097058
18.646120 1.256039 -4.821926
18.662540 -0.225616 -8.238244
18.678890 0.016979 -8.667202
18.695560 -0.585069 -4.487756
18.711910 -3.430929 2.997559
18.728210 -6.741785 9.446367
18.744630 -7.672025 10.806933
18.761170 -6.009269 7.528292
18.777530 -3.913816 3.542498
18.794010 -2.191411 1.398427
18.810360 -0.008744 0.390948
18.827030 2.685584 -0.914739
18.843260 4.212565 -2.454742
18.859680 2.696021 -3.235451
18.876160 -1.133021 -3.154622
18.892460 -4.107142 -2.999564
18.908870 -3.977355 -2.543373
18.925350 -1.708524 -0.883479
18.941890 -0.008687 1.872487
18.958250 0.106861 4.132591
18.974610 -0.042388 4.308501
18.991090 0.542534 2.618352
19.007510 0.460721 0.377050
19.023990 -1.335662 -1.411225
19.040340 -3.482241 -2.125478
19.056760 -4.808334 -1.219436
19.073240 -5.479389 1.176070
19.089600 -5.210378 4.102779
19.106140 -2.038116 6.525323
19.122620 3.499736 7.294756
19.139160 6.720256 5.502552
19.155330 4.930308 1.635028
19.171750 1.278245 -2.312859
19.188230 0.598997 -4.788695
19.204590 2.039938 -6.369640
19.221130 2.314343 -7.778250
19.237610 2.147270 -8.456052
19.253970 3.536462 -8.177382
19.270390 5.493713 -6.977775
19.286740 4.496420 -4.048885
19.303280 0.919237 0.775973
19.319640 -1.020316 4.820417
19.352480 -0.809639 6.357655
19.368960 -1.212161 8.936311
19.401860 -3.033991 15.311715
19.418400 -4.432300 21.657137
19.434630 -4.077655 22.338341
19.452580 -2.697198 17.927742
19.467470 -1.494222 13.088857
19.484130 -0.920208 8.827827
19.500370 -1.079354 4.372918
19.516780 -1.940367 0.239897
19.533330 -2.756124 -3.926243
19.549680 -2.624706 -9.249865
19.566100 -1.101319 -14.083462
19.582520 1.804379 -14.197313
19.599180 4.432837 -9.395463
19.615300 5.193617 -3.743638
19.631960 4.480208 0.085146
19.648250 2.655180 1.388403
19.666500 0.262695 0.451195
19.681150 -1.496356 -1.519837
19.697510 -2.144464 -2.518806
19.713990 -1.966956 -1.071775
19.730530 -1.337903 1.840416
19.746770 0.013623 3.668447
19.763310 1.854273 3.160413
19.779910 2.210906 1.290646
19.796140 -0.070007 -0.149721
19.812560 -3.210856 0.103372
19.845580 -4.601015 1.703063
19.861820 -3.268722 3.452007
19.894710 -0.399969 4.232040
19.911320 1.996157 2.474556
19.927550 3.081191 -2.187275
19.944030 2.746814 -7.342591
19.960450 1.394785 -9.642183
19.976810 0.282110 -7.213022
19.993350 -0.077517 -1.719489
20.009770 -0.083017 3.079039
20.026310 -0.154158 5.354534
20.042540 -0.554670 5.305500
20.058900 -1.410727 3.740261
20.075500 -2.209718 1.543071
20.091920 -1.235787 -0.493786
20.110900 2.150503 -1.245786
20.124820 5.077737 0.217027
20.141170 3.192258 3.131385
20.157530 -2.718677 5.220605
20.174010 -5.327362 4.893082
20.190610 -0.210035 2.942076
20.206850 8.786600 1.048944
20.223390 14.741620 -0.649692
20.239810 14.858597 -2.577426
20.256160 11.147559 -4.497635
20.272520 5.872114 -6.117836
20.289120 1.285032 -7.347096
20.305540 -0.860257 -7.705582
20.324400 -1.659978 -5.740009
20.338380 -2.577735 -1.082074
20.354800 -3.268425 3.605130
20.387700 -3.062355 5.171089
20.404050 -2.164162 3.243132
20.420590 -0.848074 0.289134
20.436770 1.148723 -1.574679
20.453550 3.455035 -1.731535
20.469850 4.548237 0.561010
20.486330 3.463424 4.936131
20.502500 1.126100 8.665782
20.519040 -0.700972 8.674580
20.535400 -1.656152 4.958543
20.551880 -1.111996 0.222269
20.568420 3.981501 -3.879358
20.584780 13.939185 -6.999327
20.601140 23.347642 -8.547452
20.617490 25.494807 -7.538811
20.634030 19.114825 -3.696337
20.653080 9.578484 1.543596
20.666990 1.959942 6.100683
20.683290 -2.022863 8.372281
20.699770 -2.952300 7.978861
20.716060 -2.824376 5.494698
20.732540 -2.569010 1.397418
20.749080 -2.108059 -3.335834
20.765500 -1.500600 -7.149771
20.781920 -0.250747 -8.725633
20.798340 1.691400 -7.583157
20.814640 2.767351 -4.285377
20.831120 1.273913 -0.256125
20.847660 -1.837782 2.672429
20.864010 -3.298541 3.218792
20.880490 -1.946085 1.512236
20.896730 0.181248 -0.810428
20.913210 0.754017 -2.030300
20.929750 -0.377848 -1.660559
20.946230 -2.616137 -0.660529
20.962520 -5.533463 -0.369312
20.979980 -6.191172 -0.847357
20.995540 -2.367312 -1.185387
21.011780 3.166645 -0.536614
21.028260 5.128050 1.347519
21.044680 2.060799 3.861432
21.061040 -1.926046 5.550088
21.077510 -3.320540 4.671778
21.093870 -2.393167 1.606145
21.126710 -1.366640 -0.998972
21.143250 -1.667575 -1.536117
21.176090 -2.726841 -1.012819
21.192380 -3.185429 -1.188361
21.225400 -2.799663 -1.679479
21.241700 -2.625326 -1.308019
21.258300 -2.775873 -0.640250
21.274660 -2.259881 -0.545888
21.291080 -0.877572 -0.884549
21.307430 0.562753 -0.841634
21.323910 1.488571 0.346599
21.340390 1.662377 2.438443
21.356810 0.611996 4.284988
21.373230 -1.678189 4.845843
21.389470 -3.964994 3.947759
21.406190 -4.300665 2.068560
21.422610 -2.030338 -0.395913
21.438840 1.069074 -2.920172
21.455380 2.696054 -4.543593
21.471740 2.593504 -4.448065
21.488280 1.994026 -2.535535
21.504640 0.804781 0.471205
21.521000 -2.073056 2.917724
21.537540 -6.912239 4.138858
21.553830 -13.291509 5.329837
21.570370 -19.557943 6.245288
21.586730 -22.674085 5.201259
21.603210 -19.982100 1.950116
21.619630 -12.918933 -1.481755
21.636230 -6.221854 -3.060755
21.652530 -1.646836 -2.995723
21.668820 2.633870 -2.014701
21.685360 6.574998 -0.178295
21.701600 6.661059 2.664461
21.718200 1.531905 6.350965
21.734800 -4.980363 9.206336
21.751100 -7.502304 8.680374
21.767640 -4.265779 4.596984
21.783810 1.293265 0.114530
21.800350 4.559487 -2.124925
21.816710 4.321255 -2.492718
21.833250 2.983514 -1.618155
21.865970 2.736328 1.088731
21.882510 2.813930 4.999599
21.898740 1.422970 7.260687
21.915340 -1.186389 5.677161
21.931760 -3.385486 1.746595
21.948240 -4.285098 -1.035685
21.964600 -4.000645 -0.586279
21.981140 -2.883863 2.061313
21.997500 -0.958233 3.632508
22.013920 1.496828 2.413618
22.030400 3.112226 -0.525340
22.046630 2.500369 -3.525346
22.063230 0.462295 -5.921629
22.079530 -1.100736 -7.241593
22.096010 -1.614429 -5.703293
22.112550 -1.459081 -0.393780
22.128910 -0.861959 5.656952
22.145390 0.105203 7.928384
22.161800 0.690000 6.003867
22.178280 0.373668 3.344775
22.194640 -0.059051 2.129836
22.211180 0.057502 1.261183
22.227480 0.220625 -0.577733
22.243710 -0.031289 -2.532488
22.260380 0.244515 -3.645499
22.276790 1.985665 -4.140150
22.293270 4.286635 -4.239026
22.309570 4.977859 -3.704000
22.325870 3.632258 -2.345648
22.342470 2.378082 -0.559250
22.359010 2.460805 0.581978
22.375310 3.154161 0.646872
22.391780 3.130573 0.301012
22.408260 1.607350 -0.274549
22.424620 -0.560139 -1.373752
22.441040 -1.167632 -2.501407
22.457460 1.494444 -2.496435
22.473880 5.827835 -1.241159
22.490360 7.293899 -0.121102
22.506710 3.856283 -0.297072
22.523320 -1.463725 -1.114343
22.539670 -4.555562 -0.612100
22.556030 -4.459170 2.008113
22.572510 -2.880084 5.051353
22.588870 -1.155758 5.911024
22.605410 0.598206 4.043922
22.621830 1.961574 1.557781
22.638310 1.902348 0.673614
22.654600 0.496455 1.454536
22.671140 -0.794870 2.235507
22.687500 0.095260 1.854694
22.704040 4.310486 0.558569
22.720400 10.075137 -1.223284
22.753230 13.598675 -3.272257
22.769650 12.874066 -4.731191
22.802550 9.360434 -4.538767
22.818910 5.327082 -2.618086
22.851750 2.385397 0.022629
22.868230 0.812178 2.280845
22.884640 -0.206952 3.538253
22.901000 -0.851509 3.793068
22.917480 -0.591248 3.837176
22.933840 1.131389 4.424096
22.950440 2.989018 5.288117
22.966740 3.043160 4.968283
22.983090 0.598575 1.741587
22.999630 -4.909612 -4.023686
23.015990 -11.762683 -9.259489
23.032350 -15.869086 -10.511344
23.048710 -15.424386 -7.194680
23.065430 -12.286886 -1.733270
23.081730 -8.520102 2.782629
23.098270 -3.941499 3.675672
23.114440 1.179034 1.049804
23.130980 4.118048 -1.830014
23.147460 2.818499 -2.411763
23.163880 -1.072614 -1.094616
23.180300 -3.608774 0.672257
23.196780 -2.489823 2.886470
23.213260 0.408897 5.736713
23.229680 0.893376 7.716384
23.246030 -2.118265 7.369579
23.262330 -5.575491 5.308206
23.278870 -6.328788 2.946441
23.295350 -4.090419 0.887140
23.311710 -0.895843 -0.982074
23.328250 1.097190 -2.836650
23.344670 0.288283 -4.215845
23.360960 -3.107574 -4.374933
23.377560 -6.063907 -2.977163
23.393920 -5.126190 -0.489896
23.410220 -0.373279 1.757082
23.426700 4.347052 2.278612
23.443240 5.722784 0.536637
23.459590 3.469127 -2.365230
23.476010 -0.143509 -4.457165
23.492490 -1.438190 -4.261414
23.508910 0.788922 -1.979191
23.525390 3.268591 1.169140
23.541750 2.262321 4.650000
23.558110 -1.255366 7.384641
23.574650 -2.328265 7.423005
23.591000 0.631083 4.706507
23.608090 3.922458 2.003397
23.623840 3.881597 2.152963
23.640260 0.963149 4.210654
23.656740 -1.948306 5.108823
23.673160 -3.653899 4.063857
23.689510 -4.541646 2.586498
23.705930 -4.922914 1.526004
23.722470 -4.967105 -0.039922
23.738890 -5.210006 -2.433012
23.755190 -5.132928 -4.515617
23.787960 -2.837242 -4.855510
23.804500 2.116046 -3.679101
23.820860 6.989884 -3.228663
23.837520 7.779864 -4.910047
23.853820 3.798800 -8.055438
23.870300 -1.329339 -10.151047
23.886600 -3.287999 -8.680502
23.902950 -0.955162 -4.117949
23.919490 2.856980 1.023251
23.935970 5.315968 4.607092
23.952450 5.889998 5.575070
23.985410 4.522452 3.909997
24.001770 1.275335 0.947602
24.017940 -2.802620 -0.398534
24.034610 -5.031410 0.944400
24.051030 -2.656859 2.140437
24.083860 3.312214 0.467231
24.100280 8.947952 -2.807193
24.132930 11.458410 -4.450453
24.149600 10.720173 -3.510721
24.165950 7.328053 -0.976037
24.182500 1.614327 1.775414
24.198730 -4.110374 3.098662
24.231570 -6.411832 2.182069
24.248110 -4.714288 -0.031498
24.264590 -1.769056 -1.799717
24.280820 0.020707 -2.340120
24.297550 0.661071 -1.885187
24.313900 0.971497 -0.773496
24.330080 1.246357 0.600103
24.346560 1.334875 1.853118
24.362980 0.846001 3.069638
24.379580 -0.510319 4.479774
24.395810 -2.011813 5.224454
24.412350 -1.893570 3.847717
24.428710 0.578301 0.869798
24.445370 3.571354 -1.648420
24.461790 4.042133 -2.754968
24.477970 1.409386 -3.224689
24.494450 -2.412789 -3.190218
24.510860 -6.559217 -0.760235
24.527470 -10.796080 4.182033
24.544070 -13.787823 8.708413
24.560420 -13.783283 9.831073
24.576780 -11.025616 6.752790
24.593260 -6.972673 1.593579
24.609680 -2.094542 -3.026235
24.625980 1.574494 -6.042238
24.642880 1.641312 -6.548473
24.675350 -0.802987 -2.703073
24.691960 -2.025952 4.806548
24.708310 0.103866 10.800836
24.724850 3.735186 10.883875
24.741150 6.072182 6.296214
24.757690 5.387118 1.808510
24.773860 1.675705 0.207382
24.790530 -2.310566 0.960968
24.806880 -3.305486 1.871971
24.823240 -1.362430 0.987053
24.839840 0.458931 -0.952377
24.872560 0.193544 -1.804344
24.888850 -1.004154 -1.122259
24.921940 -0.948683 -0.365286
24.938290 0.676327 -0.320761
24.954650 2.239951 -0.498380
24.971010 2.177262 -0.898452
24.987490 0.511661 -1.517974
25.003910 -1.603774 -1.720752
25.020450 -2.871015 -0.684635
25.036930 -2.846190 1.442056
25.053280 -2.061732 3.179500
25.069640 -0.904372 3.500414
25.086120 0.649406 2.453967
25.102480 2.898139 0.826396
25.118840 5.420255 -0.069562
25.135310 7.046769 0.629076
25.151860 7.089638 2.519094
25.168330 5.606937 3.828634
25.184630 3.504599 3.223448
25.201050 1.247821 1.251150
25.217650 -1.789775 -0.837948
25.233890 -5.249955 -2.288575
25.250430 -7.283002 -2.921640
25.266910 -7.004142 -2.692741
25.283330 -5.077510 -1.788053
25.299620 -0.727195 -0.923472
25.316160 7.793142 -1.158300
25.332520 18.145994 -2.296180
25.348940 23.765438 -2.557117
25.365420 20.825747 -1.179435
25.381900 12.726607 0.433004
25.398320 5.646892 0.287828
25.414790 2.444029 -1.628883
25.430970 2.053871 -3.526333
25.447510 1.975532 -4.374580
25.463990 0.675012 -3.868195
25.480290 -1.749077 -1.348074
25.513180 -4.216452 3.038804
25.529790 -5.476335 7.036155
25.546140 -5.100550 7.552158
25.562680 -4.130143 4.268016
25.579040 -3.084594 0.004918
25.595520 -0.695280 -2.894363
25.611940 2.890115 -3.886161
25.628300 5.393221 -3.451990
25.644650 5.625763 -2.267164
25.661070 4.274409 -0.739260
25.677550 2.236004 0.765498
25.710330 0.362372 1.978775
25.726870 -0.566462 2.905217
25.759640 -0.624823 3.622969
25.776000 -1.674306 4.101506
25.792600 -5.441022 3.989068
25.808960 -9.979224 3.088279
25.825380 -12.348369 1.673177
25.841860 -11.770442 -0.298613
25.858460 -9.454376 -2.698077
25.874820 -7.257654 -4.829860
25.891170 -5.448983 -6.224045
25.909360 -3.670761 -6.821606
25.923890 -2.122693 -6.598832
25.940370 -0.873659 -4.919407
25.956730 0.022926 -1.416183
25.973270 0.256342 2.628663
25.989690 -0.406894 5.154457
26.005980 -1.501416 4.979877
26.022640 -2.221744 2.660717
26.039000 -2.113164 -0.204455
26.055420 -1.146490 -2.326084
26.071900 0.295502 -3.064385
26.088130 1.799441 -2.491486
26.104800 3.121704 -1.541195
26.121030 3.803119 -1.102669
26.137510 2.788591 -0.925904
26.153930 -0.417338 -0.148411
26.170290 -4.416536 1.182481
26.186950 -7.127457 1.746739
26.203310 -7.791344 0.347516
26.219670 -7.084450 -2.054070
26.236210 -5.449763 -2.230586
26.252810 -2.816396 1.743533
26.269040 0.268789 7.437112
26.285280 2.886815 9.662630
26.301760 4.482078 5.980273
26.318300 5.052810 -0.714930
26.334590 4.779238 -5.957301
26.351010 3.811999 -7.554239
26.367610 2.125634 -5.947723
26.384030 -0.300664 -2.952862
26.400390 -2.280688 -1.138188
26.416750 -2.672743 -1.580662
26.433290 -1.305392 -2.199930
26.449770 1.849423 -0.941046
26.466000 6.385509 1.868644
26.482360 10.812371 4.516772
26.498840 11.829613 5.769127
26.515140 8.267403 5.283462
26.531800 3.358762 3.124575
26.548220 0.099177 0.906730
26.566350 -1.105092 0.282809
26.580990 -1.284370 0.452141
26.597350 -0.923674 0.055451
26.613830 -0.367390 -0.939133
26.630250 -0.533993 -1.912963
26.646790 -0.746880 -2.656651
26.663150 0.331141 -3.253690
26.679570 1.996321 -3.396731
26.695860 2.082971 -2.691759
26.712400 0.348965 -1.178695
26.728820 -0.843086 0.555296
26.745240 0.201087 1.588798
26.761720 3.903518 1.338274
26.794310 9.036779 0.142914
26.810970 12.499787 -0.979645
26.843930 11.979315 -1.603291
26.860290 8.183607 -1.927040
26.876710 4.590631 -1.613871
26.893130 3.223052 -0.041460
26.909610 2.969869 2.319167
26.926030 2.799874 4.081532
26.942260 0.834842 4.428718
26.958740 -6.459522 3.486344
26.991700 -18.416493 2.134253
27.008180 -28.011260 1.184470
27.024600 -27.988700 1.216807
27.041020 -18.492911 2.052620
27.057310 -6.791620 2.315134
27.090330 0.892412 1.712918
27.106690 3.252872 0.805488
27.139470 1.991801 -0.665220
27.155820 -0.188259 -2.788048
27.172420 -1.406296 -4.844169
27.188840 -1.352241 -5.804669
27.205260 -0.634689 -5.498490
27.221800 -0.022133 -4.711829
27.238100 0.679328 -3.631358
27.254580 1.777205 -1.879844
27.271000 3.262532 0.589398
27.287230 5.867726 3.089219
27.303890 9.489225 4.735728
27.320130 12.504984 5.689132
27.336790 13.002387 6.286105
27.353090 10.406452 5.842682
27.386050 5.848870 3.598516
27.402340 1.201654 0.615610
27.418880 -1.027960 -0.760728
27.435240 -0.159724 -0.084563
27.451970 1.778391 1.264176
27.484680 2.846907 1.814317
27.501400 2.942295 0.466123
27.533940 1.816709 -1.921860
27.550420 -2.809707 -2.848177
27.583190 -10.421190 -1.010338
27.599790 -16.406967 1.923307
27.632450 -17.245366 3.284408
27.651490 -13.467087 2.940179
27.681760 -8.521549 2.637088
27.698300 -4.758653 3.214933
27.731020 -2.225082 4.016277
27.747560 1.208916 4.090369
27.780460 8.115147 3.128931
27.796940 17.888932 1.256702
27.813170 27.162810 -0.899937
27.829830 32.147758 -2.087217
27.846010 31.103098 -1.710795
27.878970 24.256883 -0.476699
27.895260 14.047795 0.240062
27.911930 5.176867 0.143951
27.928160 0.145193 0.852867
27.944580 -1.527049 2.581743
27.961000 -1.148234 2.593666
27.977420 0.152660 -1.253191
27.993900 1.369894 -6.778838
28.010380 1.789456 -9.242884
28.026730 1.296654 -7.025516
28.043090 -0.571623 -2.445285
28.076050 -3.313404 1.672062
28.092530 -5.034634 3.936381
28.109070 -4.478862 4.195654
28.125240 -2.666614 3.120662
28.141910 -1.893303 1.752328
28.174500 -2.872537 0.606334
28.190980 -4.237467 -0.314347
28.207520 -4.027168 -0.967350
28.224000 -1.753529 -1.035550
28.240230 1.101661 -0.399309
28.273250 3.063383 1.135672
28.289550 3.263463 2.138524
28.308290 -1.065673 -2.760919
28.322510 -11.846934 -17.598577
28.339050 -24.640809 -37.754118
28.371770 -31.067311 -51.257216
28.388180 -26.545924 -49.654077
28.421140 -15.626324 -35.766740
28.437740 -6.559204 -19.177076
28.470340 -2.859151 -7.511633
28.486940 -2.289607 -2.296752
28.519530 -0.331737 -0.705557
28.536130 3.512852 0.740048
28.552550 6.373360 1.806183
28.569090 7.511303 -0.445269
28.585390 8.400272 -7.834428
28.601620 11.309743 -21.508867
28.618160 16.013760 -37.837846
28.766360 19.308772 -47.767235
28.782410 18.334846 -44.598332
28.798890 12.531128 -30.961574
28.815310 5.220327 -16.819934
28.831790 0.691856 -7.892741
28.881160 0.645249 -2.497878
28.897400 4.035537 2.016127
28.913940 7.353974 5.631939
28.930300 8.120158 7.098774
28.963260 7.218633 6.178338
28.979740 6.365209 3.929240
28.996150 5.713818 1.662223
29.012630 4.593329 -0.423359
29.029050 2.382766 -2.383010
29.045410 -2.742411 -3.584567
29.209530 -11.507305 -3.442358
29.258790 -20.003967 -2.515983
29.275270 -22.336437 -1.967371
29.341250 -17.585254 -1.382646
29.357540 -10.549121 0.574427
29.373900 -5.065731 3.742873
29.390260 -1.993221 5.981360
29.406860 -1.243450 5.442803
29.423280 -2.459591 2.598019
29.439580 -4.281169 -1.011033
29.620610 -4.081581 -3.983608
29.718870 -0.772511 -5.213456
29.735350 3.715345 -4.564760
29.751830 6.657668 -3.172448
29.768190 7.333779 -2.004144
29.850400 6.808171 -0.297357
29.866640 5.200333 2.686864
29.883300 2.047527 5.533194
29.899720 -1.235106 6.092867
29.916020 -2.474533 3.698432
29.932560 -1.351322 -0.442561
29.948970 0.827958 -4.488382
29.998110 2.901739 -6.621844
30.047360 4.199359 -5.247730
30.146060 3.824327 -0.505534
30.162410 2.056795 5.455415
30.179020 0.921488 9.497859
30.195430 1.084234 8.914366
30.211670 1.324580 3.693992
30.228150 1.121009 -3.330661
30.244570 1.203660 -8.418205
30.261050 1.690445 -9.453343
30.294070 1.443541 -7.680564
30.606140 0.226802 -5.249043
30.622560 -2.118899 0.182420
30.836180 -6.595750 12.848260
30.852540 -12.835132 31.084718
30.868900 -18.906411 49.131451
30.885250 -22.266349 61.638787
30.901790 -21.319815 65.617264
30.918330 -15.587126 60.396108
30.934630 -6.178749 47.665848
30.951230 2.971192 32.821397
30.967530 8.085337 20.130288
30.983890 8.419457 10.767591
31.000430 6.095752 5.186094
31.016780 3.597166 1.920430
31.033330 1.482156 -1.465256
31.049620 -1.081688 -5.707353
31.066100 -4.292393 -9.504801
31.082580 -6.178978 -10.732579
31.098750 -4.912406 -8.531889
31.115300 -1.345697 -4.141117
31.131840 1.961961 -0.254360
31.148130 3.205196 1.432897
31.164670 2.829039 2.043401
31.181150 2.216266 2.795733
31.197390 1.705728 3.526699
31.213870 0.335714 4.818954
31.230410 -2.318920 8.150571
31.246640 -5.094166 12.576427
31.263310 -6.560940 13.765928
31.279910 -6.661371 8.857447
31.296080 -6.055878 1.146087
31.312500 -4.584506 -2.761110
31.328800 -2.371284 -0.378416
31.345460 -0.320477 4.500278
31.361820 0.363768 6.101607
31.378230 -0.598112 2.717216
31.394650 -1.422121 -1.943771
31.427430 -1.009642 -2.774201
31.443910 -0.136455 -0.984207
31.460270 0.891279 -6.379161
31.476680 3.965113 -23.114779
31.493290 9.331161 -41.663004
31.509640 12.137834 -49.351749
31.526120 8.752190 -43.713267
31.542420 2.256900 -32.122321
31.558780 -1.649189 -20.011129
31.575440 -1.868754 -10.188162
31.591740 -1.067151 -4.269111
31.608340 -0.262245 -0.010645
31.624690 1.242816 4.494196
31.641170 3.470025 8.279818
31.657470 4.663417 9.317989
31.673890 2.918022 7.444373
31.690310 -1.053600 4.194672
31.706730 -4.005177 0.385150
31.723330 -2.886675 -2.445195
31.739690 1.049549 -2.691001
31.756040 2.949095 -1.007023
31.772520 1.099258 0.865229
31.788940 -1.699481 1.348804
31.807920 -2.504157 -0.130625
31.821840 -1.255125 -2.142074
31.838130 0.251177 -2.514541
31.854490 1.555670 -0.710332
31.871030 3.036123 2.313024
31.887570 4.421234 5.462618
31.920410 5.391237 7.357682
31.936580 5.317929 6.530861
31.953370 3.718507 3.149234
31.969540 1.223815 -0.444765
31.986080 -1.107508 -2.084743
32.002560 -2.129331 -2.304981
32.018740 -1.232908 -3.225850
32.035400 0.828268 -5.348264
32.051760 2.215711 -7.066820
32.068180 1.107512 -6.684246
32.084530 -1.875405 -3.903189
32.101010 -3.912570 0.387363
32.117370 -3.551641 5.118956
32.133910 -2.163890 8.806636
32.150390 -1.916257 10.043222
32.166690 -2.943528 8.929085
32.183110 -3.649956 6.634759
32.199650 -3.358123 4.376459
32.216000 -2.967317 2.745434
32.232600 -3.063208 1.250481
32.265320 -2.968814 -0.987357
32.281800 -2.080195 -3.658808
32.298160 -0.915600 -4.808551
32.314450 0.299049 -2.811052
32.330990 1.929555 0.951811
32.363770 4.180581 3.323260
32.380250 7.782000 3.393868
32.413210 12.327672 2.897472
32.429690 15.442424 3.458371
32.464600 14.725786 4.505774
32.478940 10.235161 4.100030
32.495420 4.817357 1.755156
32.511660 1.103859 -0.564447
32.528140 -0.218597 -0.517823
32.544490 -0.106887 2.214540
32.560910 -0.088245 5.561160
32.577510 -0.434294 6.594056
32.593870 -0.199633 3.132614
32.610410 0.296766 -5.001622
32.626830 -0.313609 -14.639849
32.643190 -2.027218 -20.852766
32.659550 -3.220401 -20.464685
32.675960 -2.593937 -14.544714
32.709050 -0.427445 -7.775662
32.725400 1.887506 -3.348321
32.741820 2.522436 -0.729097
32.758300 0.229084 1.384791
32.774540 -3.928998 2.847898
32.807500 -6.779702 2.597009
32.823730 -6.662840 1.205185
32.856690 -5.102592 0.225689
32.873290 -3.942147 -0.390999
32.889710 -2.761618 -1.200036
32.908020 -0.793415 -2.142373
32.922360 1.416544 -2.449188
32.938780 2.963604 -0.586517
32.955260 2.548614 3.627962
32.971620 0.232271 7.423832
32.988400 -1.765816 7.318491
33.004700 -1.742363 3.015953
33.021000 28.063089 16.560490
33.037600 -59.219617 -42.849580
33.053890 -135.232766 -91.107148
