0.000000 64.367838 65.438882
0.016600 28.485958 23.053729
0.032710 -13.228214 -19.179098
0.049190 0.403307 0.635112
0.065550 1.403390 4.131487
0.082030 0.962539 -1.951729
0.098630 -0.671355 -10.141986
0.114990 -1.709546 -9.630177
0.131230 -0.896209 -7.196494
0.147830 0.076896 0.258487
0.164180 0.510077 6.247316
0.180660 0.019337 9.012751
0.197140 -0.559726 7.906196
0.213500 -1.092587 2.181096
0.229860 0.983302 -4.548764
0.246340 1.448208 -6.844787
0.262940 3.701460 -3.299016
0.279300 -7.052368 -6.423106
0.295650 -16.987411 -7.689973
0.312010 -15.906067 -6.293105
0.328610 -7.708518 7.436096
0.345090 2.702905 12.049819
0.361570 0.712034 2.278068
0.377810 1.687003 -3.112459
0.410520 1.170994 -10.319401
0.427370 0.507224 -10.848738
0.460210 -0.094580 -6.675431
0.476680 -2.504253 -1.895721
0.509280 -1.895472 -0.421428
0.525760 -1.712400 -1.863879
0.558720 -0.031739 0.238489
0.575200 0.914147 0.692564
0.591550 -0.097080 -4.375240
0.607670 0.626311 -0.616321
0.624390 1.950968 -16.440412
0.640750 -0.815782 -23.348122
0.657100 -3.495548 -17.315593
0.673830 -3.050856 0.404849
0.690060 -0.667259 14.351884
0.706420 2.399588 4.142071
0.722780 0.768025 1.519809
0.739380 -0.091995 3.551415
0.755740 -0.188186 2.256114
0.772220 0.275943 -1.750273
0.805050 1.312850 -4.250466
0.821530 1.073843 -4.839330
0.837770 -2.276574 5.704719
0.854370 -4.895134 8.000680
0.870730 -2.820946 3.458703
0.887210 -0.873835 -3.537359
0.903690 -0.959855 -8.025375
0.919920 -0.803465 -4.774091
0.936400 0.581521 -4.434081
0.952880 2.129168 -2.204530
0.969360 0.136220 1.533610
1.002320 -1.631605 5.176927
1.018550 -0.355819 2.662077
1.034910 1.071992 -1.346101
1.051640 1.433928 -1.676425
1.067870 1.578482 0.415195
1.084350 1.070806 0.426637
1.100830 0.407644 -4.519517
1.117310 0.390736 -4.414449
1.134030 -0.498354 -6.368269
1.150270 -0.362204 -6.904961
1.166750 -1.700365 -5.561721
1.183110 0.798733 3.406498
1.199580 4.280069 12.382912
1.215820 2.736126 11.266354
1.232300 1.013812 -2.635006
1.248540 -1.071795 -15.934998
1.265010 2.239737 -7.604757
1.281620 3.965552 8.065991
1.297850 2.555851 19.024082
1.314330 2.187404 12.272051
1.330690 0.618598 -2.083650
1.347410 0.368391 -7.137763
1.363530 1.356990 -8.342863
1.379880 0.571153 -3.489614
1.396480 -0.046485 1.110500
1.412840 -1.128520 11.171707
1.429440 -1.046596 10.912805
1.445800 0.539217 3.483600
1.462280 0.901661 0.238398
1.478520 2.429645 -3.054550
1.511600 -1.575629 11.848752
1.528810 -3.588956 15.224572
1.544310 -3.142230 12.637881
1.560670 -0.594092 -3.820430
1.577150 0.117561 -17.303620
1.593510 -2.846173 -11.783059
1.609990 -2.029601 -6.581641
1.626460 -1.470427 -0.259181
1.642940 -0.900093 1.671801
1.659420 -0.692952 3.734610
1.675780 0.170953 9.981808
1.692140 0.798210 19.075005
1.708740 1.253101 10.608463
1.725100 0.192395 -10.092487
1.741460 -3.321008 -15.579484
1.757810 -3.674821 3.135801
1.790770 -2.249469 17.673187
1.807130 2.813601 0.972912
1.823730 1.797346 -9.920062
1.840090 -2.482741 -2.297188
1.856450 -1.065495 -1.999785
1.872800 0.213511 -2.291411
1.889280 2.969780 -3.989184
1.905640 -1.094056 5.100996
1.922000 -1.443236 9.548909
1.938600 2.400252 4.308229
1.954960 -0.128550 -0.196484
1.971440 -1.405410 -4.776541
1.987920 -1.740353 -3.922008
2.004270 -0.461925 -2.100156
2.020750 -0.182253 1.548763
2.037110 -2.909551 -0.372622
2.053590 0.269728 -2.784182
2.069950 1.325082 -5.737731
2.086550 -0.743589 -9.060916
2.102780 -1.299516 -10.460258
2.119380 -0.926167 -3.146403
2.135860 1.413094 7.754992
2.152220 0.051641 8.427221
2.168700 0.900940 6.650718
2.185060 1.870739 0.121575
2.201540 2.815550 2.439692
2.217900 2.377666 11.447406
2.234250 0.371795 15.741211
2.250610 1.341664 12.032253
2.267090 1.287100 3.373029
2.286010 1.516163 -0.600290
2.300420 0.906350 -1.151318
2.316530 -2.331492 -1.021188
2.332760 -4.126632 -2.788442
2.349240 -2.982450 0.238599
2.365600 0.252440 -0.147861
2.382080 2.903802 -5.659533
2.398800 0.204246 1.818967
2.414920 -2.410337 4.873841
2.431270 -3.025149 2.183016
2.447750 -0.873369 -1.211274
2.464230 2.551303 0.681176
2.480470 4.198555 9.137670
2.497070 0.285887 8.687404
2.513670 -3.863218 -4.719619
2.529910 -4.624461 -18.555251
2.546390 -1.001707 -11.614346
2.562740 -1.000676 -1.769850
2.579220 1.546828 3.933999
2.595580 3.947388 0.067286
2.628540 4.980886 -0.443399
2.644900 -0.668798 6.920901
2.661380 -6.981433 8.742917
2.677860 -5.506639 10.492410
2.694210 3.260610 12.108402
2.710690 12.771218 5.705249
2.727050 11.527785 -3.441996
2.743530 6.209346 -7.622579
2.759890 -3.359908 -5.717332
2.776370 -4.424369 -13.380250
2.792970 -3.107539 18.698332
2.809200 -0.443267 47.100426
2.825560 1.580389 48.264639
2.842040 0.506617 22.344344
2.858520 -0.220941 -10.606854
2.874880 -0.000000 -0.000000
2.891480 -0.000000 -0.000000
2.907710 -0.000000 -0.000000
2.924190 -0.000000 -0.000000
2.940670 -0.000000 -0.000000
2.957030 -0.000000 -0.000000
2.973630 -0.000000 -0.000000
2.989870 -0.000000 -0.000000
3.006350 -0.000000 -0.000000
3.022830 0.137039 10.648274
3.039060 -0.972963 -20.605100
3.056270 1.512914 -53.952298
3.072020 0.842181 -51.462228
3.088500 0.059565 -19.555660
3.121340 -2.601319 16.416888
3.137700 2.678398 -6.428828
3.154300 8.985629 -20.366118
3.170780 7.898467 -17.149956
3.187010 0.024365 5.939258
3.203490 -4.522593 19.418667
3.219850 0.568625 16.244231
3.236330 1.066286 6.343940
3.252810 4.079907 1.007350
3.269170 0.422672 8.358675
3.285640 1.189215 1.989548
3.318730 1.277735 -8.675285
3.335080 0.087447 -6.706195
3.367680 1.288527 6.206865
3.384280 -0.106092 2.924475
3.400760 0.123720 -5.322905
3.416990 2.048571 -15.864334
3.433590 1.430792 -7.970173
3.466430 3.129927 7.191614
3.482910 4.377149 9.488168
3.515630 3.551412 10.416498
3.532100 0.534527 -7.095557
3.548460 -3.839926 -13.854104
3.564940 -3.381886 -6.330066
3.581420 -0.698997 2.040218
3.614140 3.097383 3.183510
3.630740 4.506886 -1.583073
3.663570 -1.117785 -3.631588
3.679930 -7.155040 -2.422199
3.712770 -8.157753 4.473637
3.729130 -2.903958 8.029378
3.745730 2.908365 10.307428
3.762210 2.574694 8.197856
3.778690 -0.616522 4.946848
3.794920 -1.324418 2.469963
3.811280 -0.162026 -2.849330
3.827760 1.409803 -4.067455
3.860600 1.524680 -0.630944
3.877080 -0.373137 2.105018
3.909910 -0.852379 0.144881
3.926270 0.291212 -5.287023
3.959110 -1.543000 -9.206928
3.975590 -3.111565 -10.205688
4.008540 -2.396170 -10.059347
4.024900 -2.504281 -5.539476
4.041500 -0.332358 -1.968180
4.057860 -1.943567 -3.442490
4.074220 0.593470 -0.402966
4.090700 3.841819 5.266714
4.107060 3.734865 12.683139
4.123540 3.273012 11.652987
4.140010 1.029392 4.810595
4.156250 -4.000666 1.701340
4.172850 -8.709915 3.925737
4.205570 -9.531786 5.407555
4.222050 -3.899250 4.527085
4.238530 0.743815 0.485350
4.254880 0.289560 1.731354
4.271480 -0.067263 4.012819
4.287720 1.056046 2.700976
4.304080 0.229925 1.526590
4.320800 -0.773647 0.700387
4.353520 -0.124115 0.055788
4.369870 0.720792 -5.313399
4.386230 -3.266881 -13.041511
4.402830 -7.635493 -15.073756
4.419190 -5.532671 -8.143915
4.435670 -2.883618 0.981778
4.452030 -2.042187 4.774512
4.468750 0.234233 7.433902
4.484990 4.719732 9.902825
4.501220 2.522446 6.344378
4.517820 -3.217233 -0.752373
4.550660 -4.105176 -1.830153
4.567020 -0.583060 -5.730712
4.599980 3.760784 -2.404761
4.616210 2.607195 -0.466815
4.649170 1.097558 2.619889
4.665770 -0.646749 8.580582
4.698490 -2.064010 -1.032229
4.714970 -0.381668 -1.442999
4.747800 1.760565 3.259606
4.764160 0.439086 8.187547
4.797000 0.933668 7.125681
4.813600 2.830396 -1.107100
4.846310 1.255743 -2.233046
4.862790 0.153679 1.755483
4.895630 -2.782668 2.100759
4.911990 0.101967 -3.939629
4.928340 2.635727 -6.351416
4.944950 0.820203 -8.122784
4.961430 3.544081 -4.438632
4.977910 4.757855 4.053161
4.994260 4.848946 8.402800
5.010620 1.662751 7.117437
5.026980 -3.447552 2.079537
5.043580 0.162916 -1.806171
5.059940 -0.373843 0.397866
5.092650 0.919613 2.193051
5.109010 -1.397429 1.740220
5.142090 -1.884172 -3.530778
5.158330 1.614147 -4.902484
5.191280 1.930431 -1.128651
5.207760 6.086659 -1.073741
5.242310 5.661334 -4.039104
5.257080 3.242008 -8.084672
5.273560 -0.263923 -4.897933
5.289920 -2.201642 -2.244105
5.306270 0.203624 -6.445206
5.322750 0.602482 -10.390890
5.339110 -0.890417 -8.326759
5.355710 0.503424 -0.655457
5.372190 -0.336172 12.328825
5.388430 -0.977596 17.015135
5.404910 -2.159607 12.978723
5.421260 -1.721736 -1.514581
5.437740 -0.577481 -12.731724
5.454100 1.731962 -10.458924
5.470580 2.608480 -5.283751
5.487060 1.481458 0.972529
5.503420 -0.411853 2.208954
5.519900 -0.949869 5.636593
5.536500 2.024079 9.020958
5.552730 0.093196 4.057493
5.569090 -1.459607 -2.460110
5.585690 -2.051198 -8.290019
5.602050 -0.290944 -3.229153
5.618410 1.832531 4.258180
5.635010 2.081892 5.511874
5.651250 -0.329985 -3.552256
5.667970 -1.568100 -4.926686
5.684080 1.939428 -1.748811
5.700680 3.638675 -2.380175
5.733520 2.621390 -3.336178
5.749880 -1.545769 -5.183910
5.766480 -0.454411 4.306711
5.782840 3.195593 4.987117
5.799190 1.513875 -0.376644
5.815550 -2.516104 -4.859181
5.831910 -5.329345 -1.593346
5.848390 -0.451092 8.120243
5.881350 3.780164 15.031186
5.897710 5.300530 8.836085
5.914430 5.463516 -0.711775
5.930660 4.017023 -0.787488
5.947020 1.018615 1.767218
5.979860 -1.087304 0.587147
5.996220 -0.086472 -1.879654
6.029300 1.847080 -0.283438
6.045410 0.790145 1.476341
6.062010 -1.956025 -1.588027
6.078490 -0.121940 -6.860086
6.094850 -3.905762 -5.700478
6.111210 -6.999005 -4.907657
6.127810 -7.681299 -5.097742
6.144170 -2.027892 -4.651255
6.160640 3.268026 -3.208882
6.177120 1.921956 0.186137
6.193600 -1.577083 5.802640
6.209960 -1.385494 9.310716
6.227050 2.742341 10.368644
6.243040 0.707557 6.768142
6.259160 0.621536 -0.604056
6.275630 -1.841924 3.780015
6.291990 0.563384 -4.343434
6.324950 3.493839 -12.068207
6.341310 -0.231775 -14.706578
6.374150 1.544780 -5.111360
6.390500 1.931914 9.778474
6.423220 3.630130 6.726722
6.439700 2.808093 3.782702
6.456300 -1.570671 3.086045
6.472900 -0.818804 1.548946
6.489140 -1.277156 1.743327
6.505740 -1.321000 0.750838
6.522220 1.805101 -0.314732
6.538570 -7.001646 -2.893675
6.555050 -13.685617 -6.657261
6.571410 -13.547425 -1.720478
6.587770 -4.639659 -0.924546
6.604130 4.220830 10.246176
6.620480 -0.324406 15.621615
6.637080 -0.007656 5.675399
6.653440 -0.274135 -1.649262
6.669920 -0.579119 -7.188214
6.686400 -0.812095 1.081582
6.702640 -0.690226 -6.949416
6.719120 0.068972 -16.420927
6.735600 0.955434 -13.387891
6.751950 0.331454 7.261129
6.768430 -0.623669 24.178020
6.784790 -0.459425 22.461887
6.801270 -0.020368 1.854026
6.817750 0.908469 -21.994896
6.834230 -1.416229 -16.255161
6.850590 -2.028005 -2.926450
6.866940 -0.347373 6.260093
6.883420 0.852605 2.202501
6.916260 -1.626619 -3.493324
6.932620 3.341136 -7.336055
6.965580 8.633303 -8.415815
6.981930 10.896757 -5.779243
6.998540 7.079487 7.093309
7.014890 0.086345 14.118833
7.031250 1.830173 9.438943
7.047610 -0.104524 3.217144
7.064090 -1.577903 -2.190327
7.080440 0.403138 -0.468753
7.096920 5.216403 -2.053178
7.113530 9.333942 -2.839715
7.129880 5.865366 -1.091088
7.162720 -0.079763 0.355202
7.179200 -1.940516 -2.524453
7.195560 -1.764958 -8.519968
7.211910 1.561984 -2.319909
7.228390 1.989416 -0.861464
7.261110 3.726673 -1.965730
7.277590 -1.766173 -4.631715
7.310550 -15.938510 2.867664
7.326900 -21.424198 9.490892
7.359860 -16.348930 3.779759
7.376340 -2.865750 1.768516
7.392700 3.584436 1.924255
7.409060 1.987594 5.860293
7.425540 0.392375 -2.108692
7.441890 -1.389180 -4.910216
7.458500 -1.644233 -2.334825
7.474980 -1.634854 1.320858
7.491210 0.633260 -4.609012
7.507690 2.069773 -15.158477
7.524170 1.756766 -8.403294
7.540770 -1.121853 -0.424718
7.557250 -4.222384 5.867988
7.573730 -0.799284 -0.778970
7.589970 2.603678 -0.748169
7.606450 3.551370 5.291592
7.622800 0.581379 7.632449
7.639160 -2.859747 1.561339
7.655520 -3.032579 -7.595672
7.672120 -1.340167 -10.150468
7.688350 0.066895 -5.468315
7.704960 0.371484 3.802133
7.721560 -2.024997 6.563161
7.737790 -2.414673 5.876707
7.754150 -0.697994 2.497181
7.770630 1.112291 3.751463
7.787110 0.071698 2.440460
7.803470 -1.083278 1.631495
7.819950 0.547014 2.153440
7.852660 1.870683 2.685091
7.869260 0.791953 0.054417
7.885620 -2.407243 -7.200351
7.902220 -2.162262 -10.753487
7.918460 -1.011665 -8.383589
7.934940 0.737106 -0.972254
7.951290 -1.741016 0.156964
7.967650 2.920738 -9.935672
8.000610 5.479180 -39.916229
8.016970 10.586596 47.726880
8.033330 14.185549 84.329433
8.049800 12.240309 75.472065
8.066280 5.477867 -43.248624
8.082640 -6.529611 -132.181489
8.099370 -7.821445 -74.597957
8.115720 -4.796656 -35.375467
8.132200 -0.381131 27.243720
8.148320 -0.075681 13.983261
8.164790 -1.011072 5.878919
8.181270 1.822573 4.450916
8.197750 3.387635 7.076291
8.214360 3.246245 4.171720
8.230470 0.837972 -2.260008
8.247070 -0.650379 -18.827777
8.263550 2.554410 -12.653710
8.296390 3.167838 0.089075
8.312740 0.929388 5.229919
8.329350 0.380905 7.607206
8.345580 1.663824 2.414632
8.362180 0.299136 5.698267
8.378540 -0.924557 2.743402
8.394650 -0.942552 -2.071458
8.411250 -1.392330 0.528599
8.427730 1.359137 3.019911
8.444090 3.697689 1.973627
8.460570 2.089293 -0.592521
8.477050 -3.020474 -3.073579
8.493410 -6.861981 -5.859927
8.509770 -4.193103 -12.046364
8.526250 -1.112262 -9.958777
8.542850 -2.035364 -0.628660
8.559080 -0.694152 2.337164
8.591920 1.882590 -1.737460
8.608400 1.099239 -2.365899
8.625000 -1.320505 2.372096
8.642820 -3.553827 3.843828
8.657840 -1.437389 -1.406642
8.674070 1.912069 -4.800121
8.690550 5.470352 -2.878777
8.706910 -3.803230 11.148237
8.723510 -11.208542 19.246799
8.739750 -10.899144 13.841035
8.756470 -3.919406 0.876252
8.772710 2.367595 -12.113483
8.789180 -1.473760 -8.005817
8.805420 -2.372044 -7.194666
8.822020 -1.257353 3.135710
8.838380 0.762856 15.912771
8.854740 1.552676 12.649726
8.871340 1.648979 2.264011
8.887820 -0.525473 -4.267777
8.904300 -0.302032 0.826404
8.936890 -0.640210 3.083194
8.953370 -0.092942 -3.810834
8.986210 0.108309 -6.473155
9.002810 2.501908 -1.048954
9.019170 6.464482 5.733381
9.035520 7.623275 5.595172
9.051880 3.923220 0.173305
9.068360 -1.863112 -2.325063
9.084840 -2.956248 -2.445670
9.101320 -1.237211 2.357180
9.117800 0.824087 0.973845
9.134160 0.907650 -0.771384
9.150510 0.263217 3.095861
9.166990 4.617455 5.708009
9.183350 7.763081 6.086277
9.199950 7.052495 -0.540645
9.216310 2.072725 -0.869671
9.232670 -2.693568 -0.710898
9.249150 0.120033 -3.081786
9.265500 0.691511 -8.556618
9.282100 0.286876 -8.664537
9.298460 -0.228696 -8.670953
9.314940 -1.102827 -5.023419
9.331300 -0.463281 1.759066
9.347660 -1.726214 3.689588
9.364010 0.513792 2.058004
9.380490 1.011806 -4.261781
9.396970 6.658316 -3.798404
9.413570 11.092891 2.517123
9.429930 9.664910 9.566237
9.446290 5.529380 8.828371
9.462650 -2.466045 3.142821
9.479130 -2.195131 -1.061676
9.495610 -2.537573 -5.117813
9.511960 -1.361948 -6.125778
9.528440 -0.136884 -6.175699
9.544800 1.491430 3.646083
9.561280 2.190003 5.297624
9.577760 1.589725 -1.371400
9.594240 -2.062978 -9.535492
9.612300 -1.718699 -5.014682
9.626950 3.690739 8.432339
9.643430 -1.569202 7.111442
9.659790 -6.512506 8.517007
9.676270 -8.925316 5.504800
9.692630 -2.550921 1.120590
9.709110 2.945245 -9.646263
9.726930 0.270463 -18.226502
9.742070 -0.427574 -6.884635
9.758670 -1.404548 1.940688
9.774900 -1.786075 4.553151
9.791260 0.764155 5.363046
9.807620 0.985110 10.295145
9.823970 -1.846755 8.018904
9.840450 5.177305 1.726711
9.873410 11.528562 -2.339870
9.889890 11.859259 -5.157442
9.906130 5.451694 -6.235636
9.922730 -0.388872 -11.785636
9.941280 2.980868 -4.124084
9.955810 1.667002 3.484111
9.971920 -0.498565 8.304258
9.988400 -1.774704 9.386775
10.004880 -0.820061 4.278616
10.021240 0.180276 -2.529187
10.037720 -0.009308 -6.033871
10.070560 0.125330 -2.676664
10.087040 -2.085508 5.908220
10.103520 0.356964 9.473582
10.119750 -0.350791 4.766158
10.136470 1.955079 -1.217397
10.169070 3.379273 -8.058826
10.185550 1.661861 -1.386334
10.202030 2.478715 2.909815
10.218260 1.468689 -0.177619
10.234860 0.803804 -1.147369
10.251340 5.564819 -5.751440
10.268310 -15.388457 0.371672
10.284180 -30.472927 4.921111
10.317020 -28.682814 10.939017
10.333370 -12.264942 5.254321
10.349730 5.857385 -6.731091
10.366210 -1.902520 -3.547961
10.382570 0.366215 7.443444
10.415650 -0.656990 7.742306
10.431880 -2.247209 -3.674233
10.464720 -3.390205 -3.897568
10.481200 -1.057288 -0.900709
10.514160 1.836204 4.803448
10.530520 -1.264218 4.190821
10.563480 -1.845894 -0.450547
10.579830 -1.361199 -6.196190
10.612790 0.476644 -2.438687
10.629030 0.869287 1.860406
10.661870 -0.838565 0.604494
10.678340 -0.507224 -8.916183
10.694820 4.589375 -4.720497
10.711180 8.738433 7.903838
10.727910 5.630895 5.776337
10.744140 0.583103 1.653009
10.760500 -2.004530 -1.832786
10.777100 1.370988 3.531729
10.793580 1.489439 3.102880
10.809940 -1.414958 -1.903654
10.826170 0.044974 -4.800157
10.842770 0.990068 -7.947890
10.859010 1.369547 -10.422238
10.875490 -0.263965 -10.993909
10.891970 -0.547169 -5.851190
10.908450 -0.309716 1.610675
10.926150 4.407504 9.076179
10.941280 7.411743 12.542741
10.957760 6.271043 12.563907
10.974000 2.931614 3.085936
10.990480 -1.156812 -8.521266
11.006960 0.233089 -11.999150
11.023320 0.588922 -8.325206
11.041140 1.355973 2.404907
11.056150 2.116399 3.353251
11.072750 0.352952 1.481313
11.105710 -2.720264 -3.727170
11.121950 0.687556 -9.283810
11.154790 4.768068 -8.933804
11.171140 4.073565 0.215220
11.187740 1.009349 13.073973
11.203980 -1.212083 16.773771
11.220700 0.241818 9.273994
11.236940 0.122152 2.947361
11.253420 -0.906689 2.831069
11.269780 -1.508465 -0.274426
11.286130 0.245052 -4.784785
11.302860 0.653459 -7.974432
11.319090 4.394382 -5.287991
11.335570 6.089145 -4.490161
11.351930 3.567062 -3.678803
11.368410 2.444406 -4.286604
11.384890 -0.094990 -0.334912
11.401250 0.277949 0.524907
11.417720 -0.809892 -2.620602
11.450680 -1.245008 -7.130689
11.466920 -0.704958 -2.600659
11.483400 0.761669 4.689514
11.499880 1.836486 3.011448
11.516360 1.417600 1.851467
11.532590 0.333347 -0.508748
11.549190 -1.133944 6.011205
11.565550 0.982455 4.535987
11.582640 0.864993 1.659096
11.598630 -0.309843 2.509592
11.614870 -0.857097 -5.413825
11.631350 -2.958155 -10.951173
11.647580 -3.782706 -13.093824
11.663940 -2.072866 5.106863
11.680540 3.823033 10.140085
11.698970 6.842771 0.698815
11.713260 4.133242 -11.900171
11.729860 3.944647 -6.228909
11.746090 5.808782 11.330805
11.762570 4.949020 12.360666
11.779170 0.226789 4.554705
11.795410 -2.908195 -6.823912
11.811890 -1.654940 4.284466
11.828250 -0.579783 5.638439
11.844730 -0.006031 0.352424
11.860960 0.636579 -11.322507
11.877690 7.215198 -14.427429
11.894040 -14.829419 0.902629
11.910520 -34.674592 11.851385
11.943120 -35.239088 18.558103
11.959960 -14.750422 10.023375
11.976200 7.620718 -0.138630
11.992680 -0.216718 -3.299620
12.009030 -0.793450 -5.001301
12.041870 0.065723 2.210325
12.058230 2.414278 5.083667
12.091060 1.936533 1.706549
12.107670 -0.978613 2.526318
12.140500 2.413896 -1.174313
12.156860 4.179586 3.363213
12.189940 5.531541 -0.588555
12.206420 3.003199 -5.067947
12.239140 -2.040463 -0.296599
12.255620 -0.020495 0.355732
12.288450 1.535994 3.001961
12.304930 1.204145 -0.711081
12.321410 0.184160 -1.733109
12.337890 -0.597581 -1.101306
12.355960 0.990238 -2.227142
12.370480 0.487096 -6.144917
12.386960 -2.558732 -6.412285
12.403320 -0.755596 -3.118436
12.419800 7.518780 -1.696386
12.436160 12.485622 -2.988837
12.452640 8.638925 -1.083739
12.469240 2.337792 9.521125
12.485720 -0.216153 6.543602
12.502080 2.327791 4.194441
12.534670 1.690195 1.972238
12.551150 -1.490385 3.734701
12.567630 -1.230488 -0.442961
12.584230 -0.363376 -14.372722
12.600590 -0.437871 -11.377233
12.616940 -0.414198 -1.149673
12.633180 -1.227295 6.597105
12.649780 0.397248 -0.221654
12.682620 2.403967 -6.692467
12.699100 0.319307 0.460893
12.715450 -1.604909 8.000900
12.731810 1.510682 3.840062
12.748290 -7.958256 16.894006
12.765010 -16.892158 20.124796
12.781130 -17.911024 15.098213
12.797610 -9.710137 1.262419
12.814210 3.092694 -7.370346
12.830440 0.899966 2.484385
12.846800 3.412071 -3.363030
12.863400 1.769252 -11.399716
12.879760 -2.064786 -12.818548
12.896120 -2.409984 -5.740674
12.912720 -1.769732 5.850312
12.929080 0.716611 14.221924
12.945430 0.897875 10.897780
12.962160 3.155437 5.313472
12.978270 2.476738 -0.999691
12.994750 -0.971240 -4.232077
13.027710 -3.420404 -2.597643
13.044070 -3.282179 1.205954
13.076900 1.578581 3.323017
13.093260 3.874164 -0.333943
13.126100 3.185014 -5.261304
13.142820 1.824862 -5.512349
13.159060 -2.964144 -3.389754
13.175420 -5.286772 -2.648021
13.191770 -2.758359 -9.907157
13.208250 1.373954 -9.287941
13.224730 3.040008 -6.285355
13.241210 -0.286975 -2.097469
13.274050 -2.491060 1.244268
13.290410 -0.377374 -0.905846
13.306880 0.723984 4.888610
13.323240 0.459185 4.617092
13.339840 1.103293 6.350063
13.356320 2.395153 1.887989
13.372680 0.456883 11.245864
13.389040 -2.033401 17.093604
13.421880 -2.688879 12.022510
13.438230 -1.902110 4.492501
13.454830 -0.657894 -8.726850
13.471190 -1.477051 -6.560547
13.487550 1.143450 -1.103390
13.504030 2.168279 6.666273
13.520390 0.749592 11.098116
13.537110 -0.244261 2.775317
13.553710 -1.036355 1.366007
13.569820 -0.669321 2.319598
13.586180 -0.473494 -11.437937
13.602540 -0.727445 53.888813
13.619260 7.715622 44.290216
13.635500 16.815986 5.527448
13.832640 4.553159 -49.066206
13.849120 -11.220831 -53.897308
13.865480 -18.199210 15.606444
13.881960 -4.718786 11.398144
13.898440 5.876369 23.840129
13.914790 1.313697 18.107914
13.931150 -0.921238 10.486049
13.947750 -0.938258 -1.239387
13.964110 1.492574 -3.509264
13.980470 1.650801 -0.203265
14.013310 0.658035 -0.848577
14.029910 -1.611619 -2.618500
14.062500 -2.619003 -2.648880
14.079220 1.760071 -0.725832
14.112060 6.499271 -0.362532
14.128540 3.808526 -4.007225
14.144900 -1.251350 -5.156491
14.161380 -4.358462 -5.826476
14.177610 -0.522648 -2.445304
14.194090 1.251661 2.476251
14.210450 -0.433817 6.403603
14.227050 0.207862 1.779520
14.243410 -0.190488 -2.171902
14.259890 -0.802787 -2.991195
14.276370 -0.660436 -4.710590
14.292720 -0.151376 -6.036284
14.309200 0.188440 -11.578501
14.326660 -0.428450 -5.436107
14.358640 -0.101304 0.254849
14.374880 1.138831 3.200309
14.407470 -0.884273 0.391322
14.423950 -0.572043 -2.507965
14.457030 2.479436 -1.084617
14.473390 6.124499 1.559530
14.506100 6.224389 6.153435
14.522580 2.252633 3.830904
14.539060 0.726216 2.708671
14.555540 0.307781 -0.264373
14.572020 0.829101 2.115200
14.588380 0.201124 3.189195
14.604610 -0.764692 -1.437241
14.621340 -0.686652 -3.879655
14.637700 1.537280 -7.491865
14.655150 -4.600604 0.998814
14.686890 -9.258022 3.249407
14.703370 -8.867532 0.789645
14.719730 -2.365589 -0.039830
14.736210 4.441248 3.694103
14.752440 2.491710 16.642807
14.769170 2.120495 15.304430
14.785520 -0.241648 5.761403
14.801880 -0.488099 0.593509
14.818240 0.476149 2.044898
14.851320 -0.981848 2.300003
14.870000 -1.679361 -0.016744
14.900390 -2.028712 -4.575762
14.917110 0.435342 -2.099717
14.933470 1.684927 -3.229683
14.949710 -1.504849 -6.571076
14.966310 2.538986 -4.668511
14.982540 6.641479 -2.693280
14.999020 7.918961 3.100358
15.015630 4.404919 -1.062042
15.031980 -0.813352 2.624568
15.048220 -0.944049 5.117758
15.064820 -0.400186 9.030884
15.097660 0.725580 9.911617
15.114140 0.603231 0.474438
15.130740 -2.145425 -7.218904
15.147090 -4.218062 -14.515751
15.163450 -2.995035 -14.639807
15.179810 -0.887366 -13.174835
15.196290 1.680322 -4.524197
15.212520 1.887534 4.874535
15.245360 -0.507676 4.744826
15.261960 -0.607751 -10.914633
15.294680 0.664688 -18.925363
15.311160 2.916656 -11.766937
15.327510 -1.905500 -2.421779
15.343990 -7.193460 0.596817
15.360350 -2.751763 -1.912044
15.393310 3.213885 -2.144428
15.409670 5.493333 -2.617787
15.426150 1.493591 -1.766414
15.442500 0.817660 1.339594
15.459110 -3.106607 8.240172
15.475460 -6.755254 7.272389
15.491820 -7.104686 2.971215
15.508300 -0.476488 3.857939
15.524780 5.913729 5.379003
15.541140 4.034114 7.768043
15.557500 0.166659 -1.788312
15.573970 -2.904283 -4.201113
15.590450 -1.492843 0.404520
15.606810 -0.286636 2.303201
15.623290 -0.090145 -2.293294
15.639650 -1.633738 -9.537996
15.656130 -2.201699 -12.971302
15.672490 -1.852617 -9.591791
15.688960 -0.846772 -1.025867
15.705320 0.017232 5.179560
15.721680 0.858368 5.534029
15.738280 0.620858 1.467366
15.754640 0.868255 4.753948
15.771120 -0.186971 8.518086
15.787600 -0.542310 1.957395
15.804200 -0.678177 -3.824360
15.836910 1.494128 1.170858
15.853390 1.023996 4.189322
15.886350 -1.713049 -4.245732
15.902590 -0.185219 -5.051843
15.919190 0.246521 17.418115
15.935550 1.203311 29.248940
15.951900 -2.474534 21.807679
15.968380 -0.850049 10.688908
15.984740 1.860033 6.077339
16.001340 0.017006 3.803961
16.034180 0.696568 0.756505
16.050660 -0.733066 5.335499
16.083370 1.580883 5.444351
16.099730 1.005690 -12.296892
16.132570 0.749762 -15.556361
16.149050 1.541037 -6.512710
16.181880 -0.797419 2.078806
16.198610 -0.750228 4.933815
16.231570 0.043688 1.072096
16.247680 0.362882 4.542385
16.264160 -0.372600 -1.352590
16.280760 -0.150571 -6.504010
16.296880 -2.481992 -4.568012
16.313480 -3.806733 0.040251
16.329830 -3.425574 4.720405
16.346440 -0.721809 1.236444
16.362670 2.312310 -1.314076
16.379150 0.644645 -0.144150
16.395390 2.847967 5.421886
16.411870 6.618809 10.160740
16.428470 6.832389 6.804701
16.444820 1.399845 -0.038533
16.477660 -5.083460 -7.943942
16.494140 -2.425111 -7.336804
16.510500 -0.713631 -9.144104
16.526860 -2.190328 -11.999132
16.543460 -2.090126 -6.419268
16.559810 -2.307197 5.818196
16.576290 0.409339 21.719801
16.592650 -1.596152 9.883376
16.609250 -3.657391 -3.223743
16.626460 -3.580636 -7.517968
16.642090 -3.381900 -5.149435
16.658570 -0.665493 2.552548
16.674800 -0.783153 -2.224199
16.691280 0.105414 -7.419864
16.707760 1.542590 -21.411475
16.724000 0.452674 -14.686180
16.740480 -3.620525 0.592174
16.773320 -7.363154 10.955029
16.789670 1.123167 6.887925
16.806270 8.448411 6.734180
16.822510 7.719973 12.135144
16.838870 -4.814679 -0.873126
16.871830 -3.183757 -8.484050
16.888310 7.295878 -2.380760
16.921020 10.050766 4.006183
16.937500 4.509442 1.740914
16.970340 -4.814298 -3.307151
16.986820 2.115396 2.902577
17.003300 1.147264 7.920472
17.019650 -2.025802 -1.564300
17.036130 -2.848970 -2.865397
17.054080 -2.004530 -5.647323
17.069090 0.045440 -7.837047
17.085450 0.993486 -4.017389
17.101810 2.774433 6.166248
17.118410 4.312260 18.547830
17.134640 2.385534 17.685653
17.151000 -1.396977 6.707127
17.167720 -0.328191 1.551139
17.184080 1.710493 -4.065353
17.216800 3.065772 0.606962
17.233280 1.777699 0.830517
17.266240 -0.652103 0.079332
17.282710 -2.196727 0.411703
17.315430 -2.081539 -2.613345
17.331790 -3.419938 -3.141943
17.348140 -3.060405 -4.953172
17.364620 -1.497801 -1.856183
17.382450 -2.347806 2.790233
17.397710 4.526943 5.789754
17.413940 8.279508 6.087264
17.430420 10.106700 5.885207
17.446780 6.724377 2.625848
17.463130 0.260166 -2.683610
17.479610 -0.593725 -4.430004
17.512570 -2.612026 -2.438852
17.528810 -1.704588 -4.551506
17.545530 -0.337839 -6.099968
17.561770 0.147026 -9.771985
17.578130 0.393406 0.264994
17.594600 -0.258287 8.089553
17.611330 -0.724690 8.390626
17.627560 -1.374999 2.534799
17.643920 -1.728361 -5.154243
17.660400 -1.756879 -5.439233
17.676760 0.070723 -1.765683
17.693240 1.892096 4.094015
17.709590 2.280162 5.958031
17.725950 1.661847 7.427304
17.742310 -7.323944 7.729420
17.758910 -12.627742 7.856203
17.775760 -11.813071 -1.250117
17.791870 -2.518717 -8.410112
17.808350 5.157121 -8.584512
17.828000 1.967184 -4.809717
17.841310 0.621692 8.532325
17.857910 -2.350179 13.765472
17.874270 9.008115 19.013846
17.890750 6.529625 5.663171
18.071040 -3.439261 -6.124499
18.103880 -10.945388 -3.967249
18.120610 -7.691413 -0.293565
18.136840 6.185716 4.894094
18.153200 3.955184 0.472098
18.169800 2.043387 -0.194692
18.186160 -0.996100 0.777763
18.202760 1.323472 1.637271
18.218870 1.782233 4.337457
18.251830 1.087685 7.536521
18.268310 1.854368 -3.432747
18.284670 -0.589304 -5.950866
18.301150 -1.305547 -3.491880
18.317500 -2.772427 -10.018677
18.333860 -4.460796 24.923855
18.350590 12.540383 27.609179
18.368650 8.671722 6.849046
18.596920 -2.750237 -24.163325
18.613160 -12.306595 -39.889750
18.629640 -13.093128 -6.829542
18.646240 0.225037 -4.248383
18.662720 -1.212196 -8.302394
18.678960 2.847232 -1.738703
18.697510 4.563385 5.874240
18.712040 4.628161 11.572853
18.728150 3.022395 13.774465
18.744630 2.049037 5.407793
18.761110 -0.032586 -1.424885
18.777590 -2.596474 -9.195522
18.793950 -2.667974 -11.686291
18.810420 -0.790611 -7.580190
18.826780 -0.106685 -3.287903
18.843380 -0.044366 0.943903
18.859740 -1.054464 2.335684
18.876100 0.330818 4.426988
18.892460 2.972407 8.924628
18.908810 2.553549 0.340506
18.925660 1.514849 -6.329792
18.941890 0.748378 -9.665419
18.958370 -0.484991 1.163455
18.974610 -3.883755 8.279819
18.991090 -2.103291 9.741258
19.007690 -1.845738 7.512758
19.040410 -2.273199 -0.431061
19.056760 -2.208577 -2.351002
19.089600 -1.300321 -3.676025
19.105960 2.828687 3.611810
19.122440 3.389584 0.581207
19.138920 3.935297 -2.012708
19.155520 1.107093 -1.867845
19.171750 -2.626094 2.176947
19.188230 -3.196808 6.058731
19.204830 0.133084 6.799345
19.221070 1.112121 14.013877
19.237550 -1.576928 16.834309
19.253910 -1.802883 6.820896
19.270260 -1.513253 -3.256517
19.286870 -0.026738 -6.747505
19.303220 -4.328080 -0.967995
19.319700 -2.233338 -1.087212
19.336060 3.229083 -6.808813
19.352660 2.096793 4.532423
19.369020 -0.073322 9.777834
19.385380 -4.035625 11.014143
19.401730 3.081888 -2.340802
19.418210 3.450363 -5.865228
19.434690 -2.543435 2.613327
19.451050 -3.429811 0.760837
19.467530 -1.902336 -0.404958
19.483890 1.609429 -5.379277
19.500240 0.949389 -5.535418
19.516720 2.631574 1.528345
19.533080 4.306440 10.212159
19.549680 3.870845 4.343745
19.565800 1.725211 -0.280404
19.582520 0.487322 -4.442544
19.598750 -0.970180 -5.980789
19.615360 -1.149114 -6.452591
19.631840 -0.099736 -12.876601
19.648190 0.774636 -0.265652
19.664670 0.408350 8.798485
19.681030 -0.012585 10.079966
19.697510 0.632992 5.434992
19.713870 0.327443 -0.580000
19.730100 -0.081670 -1.772537
19.746830 -0.938880 4.827229
19.779790 0.898341 7.727372
19.797120 2.010632 -1.188004
19.828980 0.229868 1.352005
19.845460 -1.174200 -9.124783
19.878050 -1.832433 -16.086306
19.894650 0.598781 -19.413604
19.911010 -1.229979 -17.547177
19.927490 -4.743490 -10.847093
19.943850 -3.170126 -7.888356
19.960330 -0.094001 -2.258491
19.976810 3.224323 3.754973
19.993160 1.584400 4.852546
20.009640 -0.746838 6.790900
20.025880 -1.268766 11.588371
20.042480 0.246168 3.929082
20.058960 1.559173 -3.410190
20.075440 1.084888 -9.707003
20.091670 -2.136527 -3.944857
20.108150 -0.589967 5.639645
20.124880 3.801789 9.460969
20.140990 2.505326 5.477199
20.157470 -0.113974 1.364929
20.173950 -2.423854 5.799697
20.190310 0.243160 2.406315
20.206790 0.661665 -2.561852
20.223140 -1.247550 -7.332125
20.239870 -2.611432 -5.670628
20.256100 -3.373566 -2.521638
20.272460 -1.294742 -0.704025
20.288940 0.768689 0.994774
20.321780 0.523213 -0.026889
20.338990 4.214460 1.865560
20.354610 6.966221 3.909157
20.371090 7.328012 5.425140
20.387570 1.527788 -1.109769
20.403930 -2.987111 -4.425252
20.420290 0.009238 -2.259642
20.436770 -0.316340 -5.408999
20.453370 -0.121827 -3.683647
20.469730 -0.181462 -1.626852
20.486080 0.291354 9.343381
20.502560 -1.694080 12.435152
20.518920 -3.540155 6.587289
20.535280 -2.089166 3.499100
20.551760 0.033278 4.977008
20.568240 -0.437009 4.905683
20.584590 -1.419365 2.789703
20.617550 -0.656594 2.579620
20.633910 0.594939 -0.451863
20.666750 1.257734 -1.912282
20.683230 4.419255 -7.278640
20.716060 6.004523 -3.478207
20.732420 3.038116 0.815327
20.765260 0.099100 -0.269893
20.781740 -0.658727 -1.334750
20.814450 1.116119 0.482060
20.831050 1.641973 1.687393
20.863890 0.474694 1.708286
20.880250 0.951974 -5.995796
20.913210 -1.286775 -4.624166
20.929570 -2.732327 1.959241
20.962400 -2.546119 -3.003094
20.978760 -2.157248 -5.333141
21.011720 -0.955137 -4.866785
21.028200 0.214048 6.543620
21.061160 2.362891 11.125772
21.077510 0.792687 0.273092
21.093870 -1.503182 -3.074639
21.110470 -2.906020 -1.970922
21.126830 -1.121331 -4.699933
21.143190 0.519753 -7.283155
21.159670 0.919882 -12.145764
21.176030 -1.029364 -2.333984
21.192380 -3.722888 31.381516
21.208860 -3.656882 50.360333
21.225340 -2.223183 34.357129
21.242070 0.331963 -3.167497
21.258420 0.810019 -23.726389
21.274900 -1.347908 -11.056111
21.291020 -2.426538 -1.049466
21.307500 -2.443106 -1.677686
21.323730 -0.072136 0.034804
21.340330 1.319036 4.717609
21.356810 0.134214 8.594437
21.373170 0.994475 7.251971
21.389530 2.295897 2.313164
21.406010 3.259579 -1.608536
21.422360 0.231507 -3.449820
21.438960 -2.306717 -1.894844
21.455320 -2.315446 0.704390
21.471800 -2.106229 -4.335209
21.488160 3.648153 -0.677429
21.504640 7.422831 4.655204
21.521000 5.599947 7.409664
21.538940 0.003785 2.575306
21.554080 -4.329563 -6.121958
21.570310 -0.677287 -1.226573
21.586790 1.221547 0.730128
21.603030 0.385383 0.007367
21.619510 -0.728306 -3.442673
21.635990 -1.482193 -4.972512
21.652830 -1.112884 -3.059577
21.668950 -0.299899 -2.362024
21.685180 0.386640 -2.834834
21.701780 2.593098 -2.623143
21.718260 -3.467751 3.903564
21.734500 -8.326953 7.076638
21.750980 -7.753999 4.866712
21.767580 -2.408359 3.404999
21.784180 2.602830 3.517599
21.800290 4.271072 4.994757
21.816770 8.291656 2.479395
22.096070 7.869723 1.917894
22.112550 3.891411 -6.055057
22.128910 -0.634037 -6.323083
22.145260 0.010622 -1.894387
22.161870 -0.502195 3.973427
22.178220 0.290986 1.491787
22.195680 1.432883 -7.419955
22.211060 2.761636 -6.254335
22.243900 1.436117 1.781622
22.260250 4.453070 0.265122
22.293210 7.400825 -8.532654
22.309570 7.027183 -4.954342
22.326170 2.615077 -0.986366
22.342410 -2.089448 5.397136
22.358760 -2.532842 0.386807
22.375240 -2.807739 0.672603
22.391850 -1.425439 5.919170
22.409060 0.248711 4.609122
22.424800 1.556984 3.510598
22.441040 -0.328135 2.021866
22.457400 0.767079 1.545930
22.473750 3.637828 1.693717
22.490230 5.442837 5.079938
22.506840 4.045654 4.545967
22.523070 0.481813 -1.649664
22.539430 -1.765707 -6.377080
22.556030 -1.158098 -4.775115
22.588870 -1.097897 0.193541
22.605350 0.089778 0.503264
22.638060 3.629918 1.062554
22.654540 -8.332419 4.642628
22.687380 -13.217394 6.881272
22.704100 -12.977534 3.152362
22.736570 -3.510846 3.116937
22.753170 3.811380 4.469469
22.785890 -1.934852 4.582471
22.802370 1.087728 2.794510
22.835330 1.053079 0.887951
22.851560 0.605293 -0.712123
22.884520 -1.096909 -6.370956
22.901000 0.015170 -6.169941
22.934080 -0.759466 -2.703717
22.950320 -1.875118 0.924253
22.983150 -3.547274 2.976973
22.999760 -3.111466 1.528820
23.032470 -3.086084 -1.732817
23.048950 -0.859611 -5.582962
23.065190 4.580080 -6.670203
23.081670 7.543979 -5.985523
23.098140 0.018080 -7.147177
23.114500 -9.913292 -3.942791
23.130980 -5.736364 -8.233884
23.147580 2.725844 -5.215917
23.180300 10.128847 3.083413
23.196660 -1.876770 4.497473
23.213130 -11.810444 2.793212
23.229490 -10.072462 -3.578121
23.246090 -1.393743 4.323839
23.262570 4.161167 6.016798
23.278930 -1.733615 -1.259129
23.295170 -1.683246 0.227503
23.311650 0.713602 3.192174
23.328130 3.705542 5.032888
23.344480 1.364434 -0.533571
23.361210 -0.407997 -2.141284
23.377440 -0.049691 3.781898
23.394530 -1.899370 -12.527441
23.410280 -2.108051 10.942253
23.426510 12.905273 -13.756460
23.443120 10.770216 -46.772580
23.673100 -0.768449 -58.444623
23.689700 -9.264717 -41.338400
23.706050 -7.251470 10.533684
23.722410 4.367460 0.474310
23.738890 1.586194 -0.456323
23.755490 2.788727 6.077540
23.771730 4.292528 9.982046
23.788210 2.120777 4.986550
23.804570 -0.969856 -0.441169
23.820920 -1.032217 -2.510634
23.837400 -0.976791 -4.041499
23.853760 -2.967816 -4.653266
23.870240 -3.099799 -1.696788
23.886720 -1.096739 -0.466760
23.919560 1.359998 -1.923414
23.936040 2.535200 -1.769430
23.952390 1.931321 1.896379
23.968750 2.466441 4.715543
23.985350 2.127628 3.587133
24.001590 -0.754169 1.339576
24.018190 -2.585202 0.301114
24.034420 -1.703360 0.839894
24.051030 -0.182649 -4.501476
24.067380 0.271734 -8.068843
24.083860 1.414633 -2.515460
24.100460 3.502484 7.357514
24.116700 4.225943 16.015240
24.133180 3.883515 7.971251
24.149780 -0.762432 -3.202009
24.166020 1.791937 -6.650352
24.182370 4.697006 -3.135710
24.215330 5.232025 1.752759
24.231690 2.033330 3.984084
24.248170 -1.285956 1.605739
24.264530 1.752316 -1.998414
24.281010 2.657282 -2.815879
24.297360 -0.145458 -10.070132
24.313720 -3.869433 -11.779951
24.330080 -2.155581 -8.182483
24.346560 -0.239671 7.478339
24.363160 1.714801 19.216750
24.379520 3.900804 -10.953458
24.412350 6.082280 -27.085042
24.428830 2.223239 -60.825690
24.445310 -0.823889 -51.672918
24.461670 0.085696 -37.242533
24.478270 -0.499385 36.267495
24.494510 0.447716 66.770550
24.510990 0.011907 30.008973
24.527470 2.121611 -40.815891
24.543820 1.301747 -86.031053
24.773800 -1.955234 -39.131058
24.790280 1.845498 -17.154178
24.823120 -0.536943 20.320807
24.839600 -10.952832 17.234858
24.855960 -16.157420 20.828947
24.872560 -11.490312 5.604385
24.888790 -1.838181 -7.454137
24.905270 1.907280 -10.160119
24.921630 -0.589515 4.791073
24.938110 -0.498834 16.175194
24.954590 0.327203 12.008289
24.970950 0.103154 4.859217
24.987430 -0.638204 -4.509336
25.003780 -1.697950 -1.772848
25.020140 -0.807519 -7.056879
25.036620 0.688630 -17.985962
25.053220 -0.268824 -14.776475
25.069460 -2.015138 19.355699
25.102420 -3.282009 39.626280
25.118770 -0.005212 47.374535
25.135130 2.908718 38.087665
25.151730 2.815819 23.752069
25.168090 -0.927919 13.254932
25.184570 -4.479017 -9.862666
25.200930 -4.810781 -9.351533
25.217410 -0.449114 -12.292852
25.233760 3.829671 -10.582525
25.250240 4.035300 -2.953028
25.266720 0.838636 3.842731
25.283330 -0.330847 11.562489
25.299560 3.027465 10.260854
25.315920 1.611590 11.312837
25.332400 -0.719069 10.072728
25.348750 -2.540059 8.070470
25.365230 -0.219317 8.653789
25.381710 1.191941 5.594734
25.397950 1.523296 1.249422
25.414550 2.156993 -2.603492
25.447750 1.719109 -3.760603
25.464110 1.506261 -1.253334
25.480590 -0.156433 3.678913
25.496950 -0.802942 3.460038
25.513060 -1.570755 -0.665017
25.529790 -3.200452 -12.367155
25.545900 -3.740487 -19.691464
25.562380 -1.981987 -11.563074
25.578980 1.497956 2.598155
25.595340 3.948150 14.664337
25.611690 2.673370 12.344691
25.628050 -3.274523 3.690630
25.644530 -1.083674 1.624933
25.660890 1.893975 3.161977
25.940310 3.866721 4.543280
25.956670 1.033940 -3.265529
25.973020 -4.388223 -11.353197
25.989500 -2.332537 -10.837442
26.005860 -4.142098 -8.193305
26.023680 3.086592 2.803778
26.038820 8.865724 9.813862
26.055300 9.042127 10.441668
26.071780 3.771703 3.761242
26.088130 -3.482003 -5.765552
26.104490 0.309546 -5.354564
26.120970 2.095974 -3.143241
26.137330 2.255331 0.207159
26.153810 0.782857 2.294172
26.170170 -0.445216 2.660652
26.186650 0.721569 4.283076
26.203000 0.655224 0.021259
26.235840 0.074819 -5.727020
26.252440 -0.043279 -5.567297
26.268680 0.181985 2.019672
26.285280 1.756074 9.243048
26.301640 -3.892950 3.844760
26.317990 -6.210844 -0.326083
26.334590 -3.704751 1.004188
26.350830 -1.232479 3.316912
26.367430 1.503832 1.393444
26.383790 -1.334630 -0.735301
26.400270 1.217281 -1.786631
26.416630 2.543972 3.732471
26.432980 0.197381 5.243774
26.449460 -0.649165 2.527414
26.482420 -1.235601 -3.297718
26.498780 3.103499 -9.547739
26.515260 -2.765958 40.162101
26.531490 -0.892762 109.988391
26.942380 -27.986988 -10.338886
26.958980 -45.695498 -150.211116
