0.000000 51.051886 5.851437
0.017840 88.726090 12.550955
0.032820 99.489169 16.334141
0.049210 77.260760 13.778207
0.065610 41.062432 7.755351
0.082310 10.045637 3.977961
0.098460 -7.448023 4.399113
0.114970 -11.528765 6.396548
0.131350 -8.342454 6.224355
0.147890 -3.756582 3.365595
0.164260 -0.310981 0.569550
0.180630 1.839783 -0.634313
0.197070 3.121365 -1.319135
0.213500 4.087570 -2.133519
0.229970 4.416487 -2.559498
0.246510 0.770230 -3.412401
0.262850 -9.561004 -7.118428
0.279240 -22.025179 -12.693172
0.295730 -26.932323 -14.360186
0.312100 -19.847096 -9.293591
0.328450 -7.297398 -1.846427
0.344960 0.856561 2.293499
0.361390 2.679164 2.920995
0.377850 2.155685 2.651204
0.394240 0.453736 1.784451
0.410610 -3.932733 0.122196
0.427000 -9.964311 -0.779260
0.443500 -12.821630 0.458085
0.459990 -8.854210 2.379869
0.476360 -0.444734 2.803335
0.492740 6.303283 2.009997
0.509230 7.158673 0.945516
0.525570 3.152506 -0.833857
0.542130 -1.247182 -3.710070
0.558460 -3.377321 -6.493836
0.607730 -3.799485 -7.468741
0.624240 -3.924225 -6.047975
0.657100 -3.221994 -3.470838
0.673460 -0.963467 -1.523375
0.706250 0.949110 -0.714317
0.755600 1.150151 -0.696110
0.772140 0.842733 -0.306756
0.805010 1.851728 1.126003
0.903490 3.584585 1.869856
0.919980 4.313925 1.107152
0.936310 4.627106 0.531014
0.952740 5.492466 0.952006
0.969240 6.609678 0.873391
1.002090 6.881138 -0.623552
1.051360 5.457506 -1.065034
1.100630 2.131668 1.022058
1.117310 -2.246043 2.659218
1.133440 -4.933697 1.531192
1.150180 -3.691835 -0.224641
1.166350 0.566149 0.286736
1.182690 4.644534 3.002604
1.199260 6.444271 6.766579
1.215580 6.304161 10.015112
1.232060 5.417604 10.100181
1.248470 4.385030 5.214771
1.264850 3.268326 -2.352898
1.281220 1.909787 -6.708478
1.297870 -0.263550 -5.024905
1.314190 -2.818814 -0.290245
1.330720 -3.140571 2.846181
1.347110 0.584620 2.353033
1.363450 7.053294 -0.626252
1.379990 12.701182 -4.472443
1.396360 14.076959 -8.291905
1.412720 11.796826 -10.696083
1.462080 8.338385 -9.386966
1.478490 4.532233 -3.936979
1.494890 0.701773 1.928562
1.511320 -2.050198 3.993121
1.527730 -1.353372 2.855923
1.609880 2.707323 2.702088
1.626360 6.969851 5.539280
1.642700 8.667662 8.718339
1.659190 7.135065 8.401264
1.692150 4.110045 4.907029
1.708680 0.843416 1.892882
1.741470 -3.097634 1.222880
1.757870 -7.394158 0.795574
1.774200 -8.993592 -2.838275
1.790560 -5.641691 -8.908650
1.872700 -0.293473 -12.375234
1.889240 2.757282 -10.005115
1.905590 2.724404 -4.057502
1.921970 1.247729 0.367563
1.938480 -0.792012 1.501640
1.954850 -3.098045 1.713826
1.971310 -3.941460 3.187403
1.987700 -1.828137 5.777378
2.004230 2.045589 7.920196
2.020720 4.858131 8.341726
2.037340 5.118701 6.549551
2.053500 3.180276 2.705618
2.069840 -0.405824 -2.181292
2.086440 -4.735616 -6.674234
2.102910 -7.898200 -9.747192
2.119190 -7.933316 -10.665466
2.135600 -4.952497 -8.915296
2.152130 -1.337746 -4.886769
2.168500 0.943332 0.011515
2.184860 1.804480 4.117850
2.204120 1.816287 6.755824
2.218150 0.915399 7.996680
2.234680 -1.089684 6.965925
2.250950 -2.898415 3.011837
2.267410 -1.838342 -1.369363
2.349550 2.402771 -2.276457
2.365950 7.081212 0.719940
2.382520 9.580488 3.266966
2.398910 10.042263 1.448482
2.415190 11.047936 -3.688365
2.435240 13.266607 -8.133384
2.529980 14.877321 -8.079612
2.546480 13.892204 -2.535190
2.562790 9.919548 6.019545
2.579390 4.898961 13.197875
2.596070 0.792088 14.910009
2.612430 -1.920218 9.741198
2.628810 -3.816603 -0.373048
2.677750 -5.031358 -10.106689
2.694520 -4.784367 -13.174792
2.710750 -3.367844 -7.666371
2.727010 -2.568478 1.969125
2.743580 -2.988666 9.590227
2.776470 -3.699881 12.326598
2.792890 -2.713556 9.597134
2.809250 2.726659 1.809591
2.891630 11.938613 -7.180419
2.907900 19.423342 -11.550111
2.924270 19.779055 -9.617739
2.940640 12.492617 -4.643917
2.973620 1.360951 0.124743
2.990040 -11.104887 5.099529
3.006500 -25.741989 11.383345
3.022740 -40.650204 15.882663
3.039260 -49.408160 14.167721
3.055790 -46.491508 5.350351
3.072070 -33.219657 -6.260095
3.088710 -17.967648 -13.809320
3.104970 -7.127423 -13.488775
3.121520 -0.905914 -5.630390
3.137920 2.662513 5.330463
3.154330 4.475900 12.726507
3.170750 4.361076 13.807444
3.187090 2.747039 11.233674
3.203800 1.018813 8.410417
3.220000 0.316732 5.782795
3.236530 0.370030 2.268829
3.252840 0.090020 -2.040518
3.269130 -0.750967 -6.060518
3.285750 -1.530038 -7.935479
3.318630 -1.940028 -6.075310
3.334870 -2.253238 -1.969890
3.351470 -2.704689 0.659329
3.367920 -2.966503 0.502890
3.384200 -2.857285 -0.911104
3.401490 -2.576420 -2.533058
3.417140 -1.924293 -4.190399
3.433580 -0.940445 -5.174256
3.450000 0.242399 -4.068127
3.466380 2.243773 -0.308624
3.482830 5.554640 4.598069
3.499270 9.625278 7.615810
3.518070 12.415233 6.357570
3.532140 12.239831 1.505572
3.548770 9.444854 -3.779048
3.565190 5.375161 -6.972862
3.581680 1.605865 -7.885039
3.597870 -0.817015 -7.008469
3.614110 -1.695290 -4.159094
3.630740 -1.552193 -0.127404
3.647030 -0.304371 2.831741
3.663530 3.672783 3.148989
3.679840 9.553053 1.458189
3.696520 12.489093 -0.374133
3.712830 9.326880 -1.675651
3.729140 2.746644 -2.135868
3.745770 -1.915138 -0.327300
3.762070 -2.894047 3.865054
3.778440 -1.694120 8.476250
3.794860 0.564016 11.186396
3.811370 2.677897 10.769161
3.827710 3.512711 7.566370
3.860690 2.888697 3.102176
3.877080 1.571090 -0.446247
3.909990 -0.057654 -2.112559
3.926380 -2.972341 -1.879517
3.959270 -6.931686 0.697310
3.975780 -10.238917 4.563624
3.992130 -11.996110 5.492665
4.008530 -12.746824 -0.231889
4.025010 -12.448876 -9.011958
4.041440 -9.090694 -12.754751
4.059710 -2.809003 -9.482895
4.074280 2.579048 -4.730734
4.090700 4.203044 -3.535161
4.107030 3.151070 -4.626647
4.123490 2.315215 -4.379707
4.140000 2.541029 -2.339333
4.156340 2.443172 0.288710
4.175200 1.068592 3.335599
4.189290 -0.567006 7.033291
4.205640 -0.361554 9.918149
4.222000 1.965483 9.770725
4.238600 4.004005 5.899741
4.254880 3.857878 0.492644
4.271390 2.348282 -2.796956
4.287860 1.246602 -2.152468
4.304150 0.259051 0.493929
4.320630 -1.816426 1.008121
4.353640 -4.118360 -1.830580
4.369960 -4.626889 -5.101519
4.386220 -2.704011 -5.372009
4.402890 0.071136 -2.801510
4.419270 1.953289 -0.154316
4.435760 2.576992 1.336944
4.452010 2.218774 1.925725
4.468630 1.135396 1.973434
4.485020 -0.746082 1.328732
4.502820 -2.923682 0.091014
4.517870 -4.463087 -0.859586
4.534260 -5.131369 -0.963326
4.550630 -4.907039 -0.192546
4.567140 -3.845140 0.764803
4.583500 -2.265368 0.941212
4.599850 -1.080035 -0.004317
4.616350 -0.937949 -1.957235
4.632890 -1.337761 -3.736745
4.649060 -2.330291 -3.340380
4.665760 -3.991323 -1.192823
4.682080 -4.806150 -0.805506
4.698560 -3.413873 -4.636779
4.714900 -1.084359 -10.599356
4.731340 -0.060015 -13.405233
4.747850 0.592852 -9.879114
4.764310 3.033089 -1.645366
4.780730 6.550211 7.207035
4.797300 8.761618 13.568539
4.813600 8.927411 17.077662
4.831440 8.148875 18.056714
4.846270 6.763877 15.876715
4.862820 4.606904 11.316899
4.895710 1.845903 6.771883
4.912110 -1.333503 3.793415
4.944980 -4.112163 1.591356
4.961200 -5.650215 -0.750480
4.994290 -5.911187 -1.881121
5.010740 -6.354667 -1.283203
5.026950 -8.403016 -0.903080
5.043580 -10.611370 -3.316123
5.060030 -10.561882 -8.799070
5.076370 -7.667396 -14.316951
5.093050 -3.934592 -16.320795
5.109280 -1.670216 -12.716079
5.142000 -0.697895 -4.421503
5.158430 0.148398 4.137177
5.175200 1.768972 7.896846
5.191240 4.540043 6.082260
5.207750 7.704710 2.706728
5.224240 9.861698 1.679034
5.240590 10.325311 3.817978
5.256990 9.240916 7.144666
5.273470 7.042231 9.133408
5.289870 4.990420 8.495670
5.306300 4.150288 5.244985
5.322860 3.987893 0.565604
5.339100 3.127721 -3.367216
5.355700 1.325862 -4.681858
5.372100 -0.017086 -3.099698
5.388700 -0.064595 -0.156301
5.404920 0.744289 2.465547
5.421250 1.778968 4.734501
5.437730 2.090965 6.227786
5.454410 1.443908 5.622639
5.470760 0.799017 2.897249
5.487320 0.245903 -0.001546
5.503740 -0.646662 -1.753258
5.520160 -1.257493 -3.704955
5.536240 -0.589007 -6.285171
5.552730 1.061491 -7.910508
5.569090 2.005011 -7.853705
5.585740 1.449635 -6.737744
5.602100 0.392042 -5.440020
5.634810 -0.384135 -4.085912
5.651230 -2.220361 -1.500840
5.684190 -6.882867 3.774831
5.700710 -12.885766 11.235388
5.716980 -15.731030 17.161315
5.733490 -12.679344 18.038658
5.749850 -6.047213 14.764125
5.766330 -0.190030 10.319032
5.782760 2.955802 6.505127
5.799260 3.946000 3.995311
5.832150 3.970610 2.909603
5.848510 3.287411 2.073615
5.864870 1.071835 -0.743079
5.881390 -2.296973 -5.794051
5.897870 -4.413640 -9.849027
5.930710 -3.427250 -8.753426
5.947100 -0.337475 -2.518738
5.963460 2.603018 3.704946
5.979900 4.866188 5.354752
5.996370 6.677723 2.681041
6.012920 7.338246 -1.339079
6.029210 6.337247 -4.489646
6.045850 4.895467 -5.891579
6.078540 5.023851 -5.517760
6.095200 6.715856 -4.000031
6.111310 8.146498 -2.741794
6.127730 7.851138 -2.966759
6.144290 6.112840 -3.998826
6.160490 4.276291 -4.060335
6.177260 2.509342 -2.615870
6.193480 0.393009 -0.879082
6.209980 -1.503058 -0.009111
6.226380 -2.342132 0.247018
6.243410 -1.278172 0.080671
6.259280 2.671173 -0.969003
6.275620 8.661867 -1.877958
6.292240 13.259021 -1.445892
6.308690 12.933105 -0.929214
6.325270 8.094809 -2.429905
6.341540 2.340022 -5.521628
6.357990 -2.210183 -7.102980
6.374190 -4.850242 -5.324175
6.390490 -5.073888 -1.252652
6.407100 -2.591615 2.697354
6.423480 2.223426 4.567282
6.440020 6.831285 4.430877
6.456340 8.102511 4.221053
6.473420 5.873511 5.631314
6.489270 3.048778 7.415910
6.505840 2.407184 6.386046
6.521970 3.530193 1.733387
6.538360 4.499212 -3.760226
6.554860 5.058183 -6.312401
6.573790 5.604016 -4.610326
6.587840 5.057083 -0.566742
6.604250 1.059933 3.002916
6.620560 -6.249146 4.433376
6.637130 -12.139455 3.718942
6.653640 -11.483403 0.916176
6.670100 -5.032886 -4.508975
6.686650 0.781017 -11.078031
6.702970 1.180448 -14.535216
6.719440 -1.947487 -11.433969
6.735500 -3.911843 -3.392082
6.751950 -3.392418 3.885615
6.768650 -2.264664 6.714709
6.784870 -2.135293 5.730395
6.803740 -3.128844 3.566973
6.818020 -5.323955 2.714511
6.834240 -8.116387 3.509448
6.867600 -8.549384 4.215310
6.883790 -4.693910 3.338804
6.917480 0.523118 1.153286
6.933040 2.811985 -0.504201
6.949370 1.533466 -0.515757
6.965910 -0.563167 0.352367
6.982410 -1.469525 1.215885
6.998750 -2.005438 1.827649
7.015150 -2.458372 2.402555
7.031480 -2.791924 3.297515
7.047740 -5.381434 3.767923
7.064220 -11.561985 2.466051
7.080640 -18.164296 -0.339190
7.097140 -19.980984 -2.240882
7.113460 -15.937738 -1.042472
7.129960 -9.844492 2.615481
7.146330 -4.486673 5.315157
7.162630 -0.203965 4.264855
7.179230 3.008322 -0.117859
7.195600 5.089597 -5.037594
7.212020 5.947346 -6.826416
7.230940 5.601251 -4.372472
7.244900 4.343688 -0.624347
7.261370 2.892652 0.896585
7.277690 2.347303 0.082879
7.294130 3.046463 0.182012
7.310470 3.539207 1.938163
7.327120 2.315198 2.451744
7.343440 -0.141540 0.000072
7.360050 -1.905196 -3.786981
7.376330 -1.461519 -5.635223
7.392780 1.020182 -3.832806
7.409090 4.151893 1.146690
7.425490 6.409219 6.957894
7.441970 6.727848 10.194120
7.458450 5.261690 9.015771
7.474960 2.975164 4.344447
7.491390 0.379721 -1.577169
7.507640 -2.115957 -6.186118
7.524230 -4.788293 -7.745287
7.559800 -8.726792 -7.076932
7.573460 -13.405127 -6.339726
7.606350 -16.314776 -6.393276
7.622730 -15.046623 -6.344625
7.655490 -9.974176 -6.316870
7.672060 -3.112853 -6.307580
7.688490 4.845029 -2.947156
7.705000 12.509261 5.660607
7.721360 16.726225 15.347322
7.737590 14.950935 19.710486
7.754120 7.793193 17.158243
7.770610 0.421854 11.312383
7.787090 -0.376782 5.166097
7.803500 7.325188 -0.605196
7.819850 17.415328 -5.264941
7.836230 20.864620 -7.210841
7.852620 15.249532 -5.334135
7.869060 6.402189 -0.667079
7.887050 0.269777 3.948272
7.902110 -1.991525 6.034314
7.918490 -1.942488 4.919267
7.951220 -1.150523 1.715167
7.967610 -0.898660 -2.141682
8.000560 -1.821066 -5.397687
8.017150 -2.591716 -6.631023
8.049850 -0.919038 -5.247076
8.066210 2.889298 -2.843846
8.082750 5.430164 -2.902162
8.099240 4.465521 -6.726213
8.115570 1.546363 -10.960531
8.132110 0.059476 -10.719101
8.148360 1.364108 -4.668675
8.164720 4.124857 3.381691
8.181210 6.386098 8.150203
8.197710 6.494497 7.307222
8.216690 4.152553 2.405013
8.247070 0.633991 -3.547446
8.263490 -2.116279 -8.292533
8.279800 -2.601811 -10.915339
8.296260 -1.172136 -11.877572
8.312730 0.564982 -11.289785
8.331560 1.493560 -7.345208
8.345600 1.990971 0.456624
8.362000 2.421464 8.886021
8.378360 1.390514 13.100415
8.641390 -1.952943 10.703037
8.658050 -5.882153 4.642901
8.674270 -7.964988 0.243656
8.690830 -7.820818 0.479670
8.707080 -6.747365 3.691851
8.723460 -5.314399 5.163512
8.739850 -3.501720 2.845409
8.756230 -1.707961 -0.971038
8.772690 -0.213694 -3.271668
8.789150 0.972224 -2.789271
8.805600 1.780587 -0.183341
8.822080 2.206413 3.130779
8.838350 2.432290 5.749850
8.854720 2.475577 6.457740
8.872670 1.993281 4.775306
8.887760 0.680223 1.366904
8.904100 -1.143019 -1.208782
8.936840 -2.427047 0.252073
8.953380 -2.304634 5.753819
8.969880 -0.648463 11.500075
8.986300 1.923930 13.524937
9.002750 4.009794 11.231410
9.019240 4.106426 6.870340
9.035490 1.888214 2.471431
9.051860 -1.151720 -0.960165
9.068440 -2.759688 -2.830894
9.084810 -2.160287 -3.013840
9.101320 -0.361340 -1.733229
9.134250 1.832923 1.003693
9.150420 3.787686 4.128618
9.166990 4.113076 4.863940
9.183440 1.947810 1.336367
9.199800 -1.850018 -4.218300
9.232600 -5.624781 -6.202637
9.249100 -8.037360 -2.702784
9.265470 -7.900294 2.060059
9.281850 -5.160477 3.426426
9.298480 -2.261024 0.849409
9.331590 -1.804006 -2.474874
9.347700 -3.078681 -3.936934
9.364240 -3.337597 -3.072450
9.380600 -1.951897 -0.285713
9.396990 -0.232297 2.999177
9.413350 1.460782 5.313789
9.429810 2.857694 6.198393
9.446350 2.517256 5.736637
9.479060 -0.226717 4.118636
9.495560 -3.693386 1.799253
9.511860 -5.417807 -0.352498
9.529050 -4.633206 -2.200393
9.544880 -2.048304 -3.770492
9.577740 1.124015 -3.541500
9.594240 3.855187 -0.274434
9.610470 6.328931 3.284687
9.626830 9.034746 1.615281
9.643450 10.890786 -5.366443
9.659770 9.814036 -11.303119
9.676360 6.021187 -12.634201
9.692750 2.474948 -10.778409
9.709230 1.272040 -7.913776
9.725460 1.418454 -4.756101
9.742190 0.555904 -1.448740
9.775050 -2.065934 0.356142
9.791240 -4.641590 1.059118
9.807690 -4.564990 3.152364
9.824010 -1.703033 6.094183
9.840480 1.577442 7.723687
9.856920 3.113383 6.754188
9.873490 2.538243 3.906112
9.889690 0.902175 1.593018
9.906370 -0.816758 0.923546
9.922580 -1.899304 1.046126
9.938980 -1.955688 1.075853
9.955580 -1.281445 1.128811
9.972050 -0.473363 1.542269
9.988450 0.021529 1.853359
10.005050 0.361641 1.420837
10.021240 1.090078 0.883017
10.037580 2.183469 1.321850
10.054120 2.434914 2.232438
10.070420 0.477952 1.798427
10.086960 -3.228095 -0.637585
10.103500 -6.237905 -4.034985
10.119860 -6.238840 -7.085413
10.136310 -3.387747 -8.692084
10.152600 -0.007577 -8.088631
10.169100 1.910233 -5.182458
10.185420 1.472433 -1.162400
10.201830 -0.901110 1.917817
10.218310 -2.690498 3.108161
10.234710 -1.541737 3.143615
10.251080 1.329827 2.475210
10.267580 1.611639 0.700269
10.283950 -2.441536 -1.712308
10.300420 -6.797081 -3.523839
10.316830 -6.683197 -4.037814
10.333370 -2.369941 -3.929239
10.349720 1.705965 -4.732456
10.366210 2.828466 -6.306035
10.382550 2.262883 -6.662911
10.415510 1.875994 -4.139369
10.431790 1.593354 0.256558
10.448330 0.237297 2.534484
10.464680 -2.461907 -0.022512
10.481220 -4.821075 -4.996262
10.497530 -4.407809 -7.185492
10.514250 -0.993549 -4.823027
10.530640 2.978976 -0.850389
10.547040 5.394740 1.484194
10.563540 6.677399 2.273531
10.579900 7.786915 3.167040
10.596390 7.568958 3.944312
10.612580 5.135209 3.952191
10.629040 2.075251 3.833792
10.661820 0.199010 4.013831
10.678330 -0.401705 3.634325
10.711110 -0.622362 2.299237
10.727520 -0.854184 1.294107
10.760440 -0.827918 1.671926
10.776700 0.280683 2.695784
10.809690 3.429816 2.933140
10.826070 7.872189 1.821810
10.842560 10.931556 -0.305965
10.858950 10.481833 -2.455923
10.875410 7.326144 -3.846296
10.891780 4.108238 -5.035353
10.908360 1.952455 -6.173758
10.924580 0.127787 -6.369573
10.957550 -2.092904 -5.541668
10.973940 -4.758161 -4.029426
11.006840 -6.719663 -1.672426
11.023450 -6.383813 1.522177
11.056050 -3.757038 4.381486
11.072530 -0.644322 5.623143
11.105640 0.670791 5.191270
11.121830 0.323454 3.097145
11.154570 1.416634 -0.472218
11.171050 4.719759 -3.864533
11.187700 7.132682 -4.439453
11.204100 6.669191 -0.908315
11.220440 4.849393 4.703354
11.236820 2.684477 8.347867
11.253190 -2.490948 7.551328
11.269870 -11.170094 3.274171
11.286090 -18.436825 -1.179461
11.302720 -20.618609 -2.732463
11.319180 -18.581366 -1.703041
11.351820 -13.753012 -1.672152
11.368330 -6.538917 -3.954174
11.384640 0.754196 -3.989952
11.401030 4.279437 2.020502
11.417680 3.350350 9.488327
11.433940 1.208372 11.043580
11.450450 0.416042 7.106258
11.466690 0.930922 3.171944
11.483320 1.627330 1.463697
11.501530 1.472477 2.102685
11.516170 0.947765 4.724458
11.532530 1.449445 6.552684
11.548970 2.793551 4.256885
11.565580 3.352629 -1.152616
11.581850 2.052171 -4.217560
11.598450 0.338289 -1.788984
11.614690 -0.663656 2.976104
11.631180 -3.765535 4.674781
11.647580 -10.883371 1.337635
11.663960 -18.319005 -4.166416
11.680450 -20.142939 -7.941636
11.696810 -15.635854 -10.006287
11.713270 -9.507265 -11.668137
11.729660 -5.109053 -11.454225
11.746170 -2.297246 -8.095421
11.762450 -0.681665 -3.205612
11.779070 -0.934095 0.681433
11.795430 -1.822781 3.078263
11.811780 -1.554759 5.392823
11.829280 -0.364070 9.032371
11.844710 1.308153 13.956270
11.861080 3.277532 17.372134
11.877560 5.079705 15.504088
11.893940 5.483609 8.497602
11.910570 3.800865 1.351041
11.926820 1.407279 -1.926943
11.943190 -0.143364 -2.623773
11.959700 -0.406164 -3.588184
11.976090 0.204487 -5.000848
11.992580 0.543515 -5.663399
12.008900 0.064468 -5.247822
12.025410 -0.693596 -4.533650
12.041760 -1.642613 -3.595450
12.058180 -2.631865 -2.245639
12.074710 -2.419314 -1.584697
12.091060 -0.110300 -1.934714
12.107590 2.850569 -2.486612
12.124070 3.544883 -2.807412
12.140460 1.254470 -3.180221
12.158140 -1.616724 -3.912211
12.173200 -2.658194 -3.685149
12.189700 -2.042744 -1.491371
12.206090 -0.830046 1.436871
12.239070 1.107401 3.788659
12.255450 3.647054 4.994288
12.271840 5.589922 4.814531
12.288190 6.467943 3.430051
12.304690 6.727986 1.678257
12.321060 5.929986 1.575127
12.337550 3.368754 4.470666
12.353960 0.593217 8.661612
12.370410 0.236407 10.740256
12.386760 1.279648 8.752407
12.403340 1.024458 3.364301
12.419680 -0.279807 -3.368736
12.436080 -1.193146 -9.225240
12.452580 -1.368504 -12.180730
12.468930 -1.263540 -10.594395
12.485550 -0.581879 -4.709764
12.501800 0.752440 2.125816
12.518310 1.594580 5.563531
12.534680 1.954662 3.538308
12.551060 3.257903 -1.698634
12.567570 5.779875 -5.454185
12.583950 7.125562 -5.353236
12.600400 5.523294 -2.514185
12.616930 2.651786 0.743008
12.633180 1.353807 2.675334
12.649690 1.993745 2.950332
12.666030 2.168542 2.710652
12.682590 1.016968 3.193722
12.698900 0.096836 4.344139
12.715410 0.837301 5.334226
12.731830 3.408761 5.587162
12.748200 6.290239 4.942395
12.764710 6.682670 3.670306
12.781050 2.693332 2.402444
12.797580 -3.723704 0.838981
12.830340 -8.090800 -2.424582
12.846820 -8.149577 -6.873402
12.863220 -6.213798 -9.299037
12.879650 -6.277407 -8.110086
12.896260 -8.790803 -5.464387
12.912580 -10.280417 -3.344854
12.928920 -7.606230 -0.341188
12.945310 -2.440832 4.479156
12.961820 -0.236138 8.120484
12.978320 -3.002365 7.721324
12.994640 -7.269025 4.322872
13.027510 -8.859017 1.322437
13.043930 -7.065757 -0.007999
13.060350 -4.056636 -1.853157
13.076830 -1.265093 -6.105521
13.093200 0.801552 -10.763049
13.109700 1.415384 -11.231244
13.126020 0.631556 -6.113944
13.142650 -0.781196 0.224643
13.158950 -2.670085 1.485786
13.175310 -5.138999 -3.711858
13.191800 -6.746979 -10.303819
13.208160 -5.074103 -12.700127
13.224640 -0.630830 -9.737288
13.241270 3.114072 -5.000273
13.257570 3.999608 -2.571916
13.273940 2.951341 -3.207083
13.290310 1.667662 -4.964802
13.306780 0.141290 -5.146304
13.323170 -1.752436 -3.669523
13.339690 -2.838758 -3.158388
13.372730 -1.995340 -3.868871
13.388930 -0.044916 -3.767669
13.405290 0.460357 -1.985954
13.422000 -1.788029 0.245690
13.438190 -4.950141 1.113920
13.454680 -3.731986 -1.109719
13.471020 6.062150 -7.778146
13.569670 20.703536 -16.139003
13.586210 30.561676 -19.875355
13.619280 28.987287 -16.107142
13.635770 18.928304 -8.681507
13.668730 9.052590 -2.471336
13.684950 3.741133 0.885271
13.701340 1.188087 1.509289
13.783160 -1.284391 0.412727
13.799960 -3.625092 -1.076995
13.816280 -3.230734 -1.594661
13.865300 1.845158 -0.880309
13.881790 9.376269 -0.167816
13.898190 14.780627 -0.528664
13.914810 15.685852 -1.652494
13.964220 13.808153 -1.730921
13.980410 11.692380 0.347121
13.996960 8.379679 2.978706
14.013310 3.061465 3.775564
14.029850 -1.158848 2.677577
14.062470 -1.333851 1.676250
14.079150 1.156124 1.957065
14.095630 2.421504 2.505596
14.111890 1.087430 1.934528
14.128330 -1.116910 0.485474
14.161070 -2.029566 -1.325282
14.177440 -1.685149 -2.536018
14.193940 -4.204498 1.770676
14.210300 -13.115640 15.456033
14.226820 -25.221079 32.802613
14.243330 -32.249650 42.314494
14.259810 -28.803748 39.008237
14.276260 -17.713114 28.339170
14.292500 -5.923051 16.537896
14.309040 1.394005 5.727403
14.325350 2.877381 -2.614015
14.341920 1.128697 -6.880238
14.358310 -0.281366 -7.148306
14.374860 -0.227555 -5.981843
14.407640 0.126246 -4.365465
14.424130 -0.549132 -0.451858
14.456910 -1.913356 5.905506
14.473190 -2.894832 11.345742
14.489690 -3.058439 11.505968
14.505940 -2.424599 6.284957
14.522430 -1.671993 0.573949
14.555480 -0.962363 -0.981076
14.571810 -0.358234 1.949281
14.588130 -0.404367 5.479573
14.604680 -0.677912 6.001006
14.621060 -0.317593 3.984019
14.637390 0.479977 2.484080
14.653950 -0.105667 2.826481
14.671400 -2.955640 3.581467
14.686800 -6.556777 2.811553
14.703170 -8.841869 0.398927
14.719590 -8.650608 -1.414272
14.752370 -6.801329 -0.950133
14.768940 -4.803833 0.617163
14.785260 -3.199437 0.542556
14.801930 -1.047812 -1.515564
14.818160 2.335512 -2.949534
14.851040 4.606963 -1.907176
14.867420 3.940163 1.239898
14.900300 2.944628 4.439312
14.916780 4.508365 6.057177
14.933300 7.490328 5.288599
14.949540 8.591079 1.354713
14.966250 6.675967 -4.752727
14.982420 3.347998 -10.329008
15.000140 -0.341524 -13.161629
15.015300 -3.661115 -13.064241
15.031830 -4.987010 -11.258047
15.048160 -3.894704 -8.234253
15.064740 -1.925157 -4.636881
15.081070 -0.737059 -2.276688
15.097400 -0.292833 -1.888484
15.113890 0.099779 -2.067441
15.130290 0.228856 -1.628487
15.146790 0.059527 -1.994790
15.163410 -0.417660 -4.679725
15.179790 -1.442246 -7.350190
15.196060 -1.974478 -5.691250
15.212390 -0.982288 0.777289
15.229080 0.157875 6.602193
15.245320 -0.869142 6.882831
15.261810 -2.988884 3.458475
15.294680 -2.526685 0.702727
15.311050 1.376417 -0.176358
15.327410 5.625768 -1.239827
15.344040 6.624966 -4.011377
15.360310 3.606309 -6.754774
15.376800 -0.801081 -6.788104
15.393050 -2.069112 -2.631086
15.409550 1.552949 3.798932
15.425920 6.245003 7.788858
15.442400 7.350332 7.647541
15.458940 4.267121 5.842591
15.475280 -0.327202 4.266348
15.491680 -3.870449 1.588675
15.508180 -5.242542 -2.898699
15.524510 -4.141403 -5.944000
15.541200 -1.304714 -4.357239
15.557430 1.764744 0.705372
15.573940 4.644990 4.796726
15.590260 7.768991 4.236148
15.606670 10.541069 0.061300
15.623140 10.942798 -3.253535
15.639540 7.604985 -3.580190
15.657260 2.335136 -2.607339
15.672450 -1.673467 -2.339074
15.688780 -3.313128 -1.746026
15.705320 -3.185770 1.134575
15.721690 -2.059377 4.743298
15.738130 -0.612214 5.705742
15.754550 0.266510 3.547603
15.771210 -0.311304 1.301285
15.787410 -1.423878 1.249732
15.803910 -1.005827 1.673195
15.836670 0.964509 -0.104978
15.853130 2.386583 -2.657096
15.886150 2.122235 -2.395420
15.902530 2.367459 0.402857
15.935300 5.994168 1.558534
15.951660 11.354786 -0.670615
15.968190 13.663038 -2.763093
15.984530 11.479060 -1.305875
16.001250 7.365253 2.199017
16.017520 3.527988 3.827257
16.034070 0.430379 3.016467
16.050310 -1.830487 1.972700
16.066650 -2.588398 0.891260
16.083150 -1.598367 -1.187476
16.099530 0.524036 -3.520878
16.116040 3.443514 -4.159830
16.132570 6.438401 -2.657312
16.148940 8.091684 -0.866134
16.165310 7.676950 0.582199
16.181640 5.768793 3.491269
16.198140 3.655021 7.845062
16.214550 2.103241 10.009566
16.231030 0.933677 6.952409
16.247450 0.315027 0.372477
16.263920 1.739564 -5.384703
16.280300 5.284368 -8.181663
16.296690 8.102300 -8.315729
16.329510 7.833567 -6.754876
16.346050 4.823991 -4.098692
16.362290 1.282167 -0.119712
16.378800 -0.710885 4.827160
16.395290 -0.956737 8.531669
16.411680 -2.792139 7.644082
16.428130 -10.915739 1.254599
16.444500 -24.026145 -6.486544
16.461030 -34.039220 -9.360843
16.477290 -34.593088 -4.843237
16.493770 -26.937159 3.017920
16.510250 -16.054320 7.540550
16.526630 -5.387810 6.989869
16.543170 2.400550 4.585355
16.559540 5.227161 2.789889
16.576070 3.710913 1.878110
16.592440 0.581389 1.441194
16.608800 -1.510751 1.609039
16.625310 -1.024195 2.316257
16.641650 0.941132 2.510639
16.658190 0.900227 1.052053
16.674560 -3.104086 -2.052206
16.691060 -8.296641 -5.291701
16.707430 -9.527614 -7.393731
16.723820 -5.922910 -8.719350
16.740300 -1.515227 -9.264411
16.756670 0.451487 -7.887336
16.773180 0.257385 -5.586380
16.789510 -0.394160 -4.284930
16.806060 -0.109656 -3.315610
16.822300 2.461287 -0.913857
16.838760 7.093340 2.618777
16.855180 11.293160 5.208417
16.871670 12.170008 6.292781
16.888290 8.992950 6.378590
16.921050 3.796531 5.147212
16.937620 -1.013086 3.048326
16.953770 -3.995304 1.728278
16.970280 -5.030592 1.454265
16.986790 -4.603707 1.184925
17.003160 -2.590496 0.280647
17.019520 0.964982 -1.386979
17.036270 3.892618 -2.546629
17.052550 2.312944 -0.749056
17.068910 -4.262668 4.866895
17.085310 -11.338857 11.002131
17.101760 -13.881835 12.665728
17.118130 -11.026523 8.963551
17.134520 -6.336927 3.420520
17.167420 -2.835912 -0.372162
17.183810 -1.002493 -1.539334
17.200410 -0.078385 -0.904000
17.216640 0.755676 0.634124
17.233150 1.434413 1.978862
17.266070 1.385626 2.257595
17.282380 0.727935 1.476852
17.298770 1.371135 0.319530
17.315290 5.027922 -1.075912
17.331820 10.146311 -3.037242
17.348180 13.075623 -4.734949
17.364550 12.139519 -4.283567
17.380910 9.092855 -0.989099
17.397400 6.130821 3.312719
17.413990 4.049406 6.073083
17.430330 2.504795 6.472878
17.463270 0.141246 5.712432
17.479740 -3.838891 4.633000
17.495880 -8.387602 2.683513
17.512440 -11.154536 -0.256684
17.528810 -10.922231 -3.265096
17.545320 -8.740425 -5.304166
17.561660 -6.135349 -5.938133
17.578160 -3.715798 -4.843130
17.594540 -1.651952 -2.221191
17.610930 -1.046441 -0.423444
17.627400 -2.567183 -0.859897
17.643780 -3.922299 -1.865352
17.660190 -1.581722 -2.641039
17.676670 4.224379 -3.713012
17.693180 8.864056 -4.319284
17.709550 8.882772 -2.421773
17.725880 5.595458 2.013998
17.742420 2.665761 6.023383
17.758770 1.539426 7.428071
17.775250 0.782362 5.856469
17.808230 -0.655222 2.284641
17.824540 -1.857013 -0.842451
17.840870 -1.571058 -1.472544
17.857440 -0.588115 -0.103895
17.873790 0.179663 0.316764
17.890290 1.835892 -0.456027
17.906570 4.305077 2.524459
17.923170 5.247626 11.050401
17.939510 2.749331 18.798751
17.955930 -1.840131 17.995266
17.972410 -5.485838 8.853218
17.988770 -7.224347 -0.483340
18.005280 -7.268969 -4.571049
18.021670 -6.118463 -4.498051
18.038130 -4.647195 -3.245658
18.054570 -3.378522 -2.595785
18.071030 -2.273615 -2.196142
18.087390 -1.281093 -1.314047
18.103810 -1.201532 -1.143234
18.120320 -2.294980 -2.384880
18.136660 -2.986837 -2.828177
18.153120 -1.676472 -0.212106
18.169480 1.090825 4.577835
18.186080 3.168472 8.177136
18.202410 3.284152 8.230113
18.218770 2.060067 5.259104
18.235410 1.071223 1.142144
18.251690 0.971266 -2.287048
18.268040 0.947697 -3.480821
18.300900 0.402301 -1.852214
18.317400 -0.109484 2.122324
18.333790 0.396037 6.967214
18.350490 1.861511 10.143858
18.366680 3.095093 10.384255
18.383190 3.424002 8.703428
18.399660 3.307544 6.400945
18.416080 3.354661 4.232035
18.432370 3.436747 2.353067
18.448910 2.977762 0.836574
18.465290 1.672697 -0.230329
18.481540 -0.113816 -1.242768
18.498020 -2.259379 -2.169166
18.514560 -4.627846 -2.202026
18.547640 -5.420576 -0.676080
18.563750 -2.994096 1.569495
18.580460 2.276221 2.500662
18.596650 7.907115 1.781461
18.613240 10.970026 0.752727
18.629680 10.595830 -0.227563
18.645900 7.660489 -1.510539
18.662510 4.046263 -2.212395
18.695280 1.256298 -1.009855
18.711640 0.135634 1.184078
18.728030 0.853549 1.917881
18.744510 1.022488 0.608240
18.760860 -0.842610 -1.385435
18.777400 -1.705748 -2.858386
18.793790 1.891408 -2.983201
18.810300 8.260477 -1.676422
18.828370 11.350057 -0.008039
18.843030 8.592517 0.870429
18.859540 3.314862 0.536571
18.875890 -1.027971 -0.795757
18.892430 -3.314658 -2.691320
18.908780 -4.166690 -4.183881
18.925380 -4.976894 -3.712346
18.941880 -5.888439 -0.794801
18.958020 -5.813717 2.846349
18.974530 -4.110378 4.795619
18.990920 -1.709884 4.455835
19.007400 -0.204285 2.795623
19.023790 0.255655 0.566575
19.042050 0.643245 -1.667767
19.056670 1.199432 -3.262478
19.073070 0.825464 -4.051077
19.089520 -1.294219 -4.697382
19.105900 -4.169704 -5.327569
19.122410 -5.923643 -4.675395
19.138790 -5.561905 -2.143125
19.157200 -3.495944 1.281307
19.171770 -0.830628 4.118254
19.188030 1.265562 5.295626
19.204530 1.852985 4.443060
19.220900 0.616782 2.130823
19.237400 -1.653692 0.338526
19.253780 -3.286850 0.513025
19.270320 -3.176778 1.727707
19.286880 -2.024154 2.204943
19.303040 -1.597912 1.445030
19.319560 -2.784106 0.594758
19.335920 -4.475668 0.635138
19.352280 -5.131630 1.179345
19.368650 -4.349734 1.554859
19.385160 -2.263476 1.856969
19.401660 -0.083672 2.213106
19.418030 -0.071296 1.750973
19.434510 -3.127862 -0.340973
19.450880 -6.419673 -3.069505
19.467530 -5.048722 -4.019838
19.483730 0.862505 -1.881484
19.500290 5.663961 3.105236
19.533000 5.891323 10.509145
19.549500 3.660900 17.689051
19.566040 2.677981 20.063910
19.582430 2.841075 16.116869
19.598830 1.995866 9.020225
19.615110 0.047712 2.866009
19.631880 -1.613251 -1.301150
19.648010 -2.113299 -4.296213
19.664670 -2.073113 -6.422510
19.681030 -2.637494 -8.020773
19.698490 -3.844119 -9.220720
19.713810 -4.446956 -8.831522
19.730300 -3.569481 -5.789596
19.746540 -1.294270 -1.033602
19.763050 1.521865 3.330461
19.779530 3.250284 5.247213
19.795900 3.116795 4.040862
19.828770 1.774607 1.263734
19.845180 0.273216 -0.827103
19.861660 -1.440099 -1.225891
19.877990 -3.966426 -0.664248
19.894550 -5.769378 -0.424865
19.910920 -3.902058 -1.227749
19.927630 2.135254 -2.803989
19.943770 8.935531 -3.871745
19.960280 12.685384 -3.116524
19.976530 12.433627 -0.496821
19.993030 9.377444 2.898357
20.026370 5.158894 5.809470
20.042390 1.095792 7.240079
20.058780 -1.569369 6.989273
20.075380 -2.043275 5.522448
20.108050 -0.772748 3.272597
20.124570 1.053315 0.692022
20.140900 2.161365 -1.512288
20.157300 2.164129 -2.804638
20.173830 1.963686 -3.420831
20.190160 2.326554 -3.873527
20.206650 2.666462 -4.083133
20.223020 2.044350 -3.838868
20.239520 0.847774 -3.336131
20.272370 0.084927 -2.789321
20.288790 -0.015586 -2.149180
20.305130 0.490433 -1.323834
20.321640 2.145557 -0.432430
20.338150 5.110331 0.106924
20.355480 7.853517 -0.261837
20.371120 8.321632 -1.517175
20.387390 6.305248 -2.680829
20.403780 3.408446 -2.659937
20.420180 0.969670 -1.713585
20.436650 -0.374448 -0.839396
20.453050 -0.151936 0.214221
20.470230 1.457620 2.454257
20.485900 3.116707 5.038919
20.502290 3.392677 4.913381
20.518780 2.626464 0.853796
20.535130 2.023867 -4.442608
20.551650 1.841237 -7.258327
20.568160 1.804111 -6.260535
20.584560 1.924751 -2.998966
20.601100 2.262919 0.454284
20.617260 2.386555 2.877383
20.633740 1.651111 3.672727
20.666660 0.083873 2.725423
20.683230 -3.197992 0.644439
20.699720 -10.681160 -0.852398
20.715880 -21.043191 -0.288470
20.732450 -28.365854 2.139054
20.748760 -27.892430 4.875454
20.765150 -20.556901 5.841903
20.781660 -12.065974 4.408589
20.799610 -6.178535 1.471001
20.814560 -2.633084 -2.056927
20.830900 -0.200129 -4.819370
20.847290 1.576276 -4.951126
20.863940 2.151168 -1.446977
20.880140 1.483620 3.699727
20.896650 0.459717 6.255747
20.913020 -0.192664 4.474411
20.929530 0.960012 2.248501
20.962300 5.241143 1.883387
20.978880 10.913698 -4.258687
21.011610 13.714251 -22.688176
21.028030 11.268989 -45.432721
21.060900 5.881724 -56.087527
21.077160 1.736825 -47.594731
21.110140 0.234528 -29.169901
21.126600 -0.468596 -13.174142
21.159480 -2.391147 -5.165943
21.175890 -4.681620 -4.245360
21.192470 -4.823610 -5.511032
21.208910 -3.661748 -5.324324
21.225140 -3.526357 -4.075369
21.241780 -3.503736 -3.586765
21.258010 -1.385658 -3.778967
21.274510 2.376504 -3.473963
21.290880 4.714086 -3.392697
21.307300 4.475876 -5.716724
21.323780 2.741530 -10.029274
21.340260 -0.270578 -11.931762
21.356750 -3.811919 -8.233324
21.373120 -6.246813 -1.301977
21.389420 -5.676635 3.266907
21.405910 -0.734406 2.756860
21.422290 7.682357 -1.855177
21.438770 16.947431 -9.622295
21.488040 22.674708 -18.087635
21.619350 21.707517 -22.959543
21.635890 14.570767 -21.219891
21.652150 4.924734 -13.385146
21.668730 -1.873773 -4.266855
21.750900 -3.880150 1.672077
21.767270 -3.169347 3.359881
21.898790 -1.999922 2.121096
21.915150 -0.699689 0.683903
21.947970 1.712195 0.070622
21.964370 4.938653 -0.740584
22.046520 6.732679 -1.107545
22.095920 5.471876 -0.043520
22.112490 0.958048 4.711339
22.128780 -6.780520 21.291307
22.145360 -16.002252 51.976812
22.161670 -23.012956 83.930023
22.178020 -24.288284 99.731438
22.210880 -19.411807 93.199813
22.227480 -11.923870 74.131981
22.243770 -4.856911 49.203250
22.588750 1.011276 14.417302
22.605150 5.097840 -27.167530
22.638020 7.286289 -59.585112
22.654390 7.544348 -66.880010
22.687270 5.587369 -49.454326
22.703770 2.103924 -24.238612
22.720120 -1.162415 -6.954145
22.736540 -2.440134 -1.362208
22.753020 -1.910038 -2.431601
22.769410 -1.164443 -3.568579
22.786120 -0.587579 -2.887354
22.802290 0.061918 -2.913409
22.818760 0.612749 -5.463783
22.835280 1.222492 -8.732636
22.851650 2.180230 -9.835908
22.868000 3.118952 -8.503132
22.884350 3.114958 -6.630370
22.900890 1.563017 -5.365220
22.917140 -0.962755 -3.423207
22.933790 -2.632644 0.477273
22.950150 -2.029030 5.186155
22.966480 0.161485 7.600647
22.982970 1.478520 4.947358
22.999420 0.717565 -1.528906
23.015900 -1.085447 -6.637681
23.032290 -3.763795 -6.177330
23.048780 -7.213845 -1.433524
23.065170 -9.353416 2.101457
23.081540 -8.171689 1.585928
23.097990 -4.526621 -0.906642
23.114560 -1.173193 -2.212693
23.130890 0.863067 -0.778105
23.147260 2.256011 1.386361
23.163640 3.410567 -0.188894
23.377290 4.000029 -6.861193
23.393660 3.641590 -14.190624
23.426500 2.406636 -15.773002
23.443080 1.102093 -10.712881
23.459410 1.063335 -4.419598
23.475910 2.598070 -1.398721
23.492250 3.845069 -1.417051
23.508640 1.839775 -1.530729
23.525770 -3.562091 -0.184043
23.541490 -8.572348 1.606948
23.558010 -9.474927 2.385913
23.574370 -6.541765 1.998464
23.590900 -3.040497 1.398644
23.623670 -0.550437 0.928107
23.640630 1.748781 -0.167655
23.672990 3.892671 -2.009214
23.689420 4.472283 -2.962375
23.722290 3.203972 -1.170429
23.738780 2.003960 2.452565
23.755140 2.663843 4.354999
23.771530 4.295525 2.593067
23.788040 4.697903 -1.268905
23.804400 3.002351 -4.746312
23.820890 0.066820 -6.987320
23.837270 -2.711731 -8.620264
23.853590 -4.802940 -10.338913
23.870090 -5.865997 -11.933979
23.886700 -5.661361 -11.979680
23.903020 -4.948010 -8.660257
23.919390 -4.944657 -2.536145
23.935760 -5.593912 2.921592
23.952290 -4.784137 4.570505
23.969710 -1.323540 2.122891
23.985140 2.664100 -1.563014
24.017900 4.019139 -2.774044
24.034390 1.985243 -0.233898
24.050890 -0.443958 3.573695
24.067260 1.016520 5.039989
24.083800 6.336576 3.370222
24.100170 10.834986 0.295556
24.116520 11.089408 -3.026320
24.132890 7.838123 -6.081383
24.149350 3.639355 -7.184882
24.165760 -0.283812 -4.819889
24.182220 -3.228131 0.112648
24.198750 -3.754129 4.810264
24.215120 -1.982155 7.474845
24.231510 0.456796 7.624391
24.248050 2.982908 5.155840
24.264400 5.484473 2.081505
24.280780 6.892574 0.937990
24.313640 5.890188 1.951470
24.330030 2.847269 2.966944
24.363010 0.277982 2.050172
24.379270 -0.256797 -0.303584
24.395780 0.113596 -3.633932
24.412280 -0.429682 -8.260968
24.428650 -2.089905 -13.025598
24.445160 -3.343394 -14.972664
24.461530 -3.051517 -11.823533
24.477970 -1.767007 -4.872951
24.494380 -0.747679 1.371931
24.510860 -0.295780 3.173178
24.527400 0.116580 1.333369
24.543670 0.344492 -0.545385
24.560130 -0.414436 -0.538212
24.576490 -2.187246 0.809288
24.593020 -4.185277 1.608501
24.609380 -6.000339 -0.307405
24.626720 -7.520838 -4.950434
24.642360 -8.075893 -9.275219
24.658630 -7.069693 -10.362868
24.675140 -5.285840 -8.783748
24.691510 -3.843467 -7.569334
24.708020 -2.526391 -7.680590
24.724270 -0.409310 -6.476283
24.740740 2.742397 -1.375209
24.757260 5.696905 6.880197
24.773770 7.393190 14.384802
24.790020 8.176892 16.708322
24.806590 7.920080 13.108497
24.823040 5.618254 7.840879
24.855740 1.327927 5.141773
24.872220 -2.367416 4.730764
24.905110 -3.437374 3.782810
24.921520 -2.673449 0.974627
24.954730 -0.131018 -1.932328
24.970780 5.020393 -2.820515
25.003780 11.158326 -1.871759
25.020130 14.260485 0.235016
25.036530 12.450295 2.743051
25.052900 8.428133 4.529024
25.069340 5.062474 5.353863
25.085780 2.401567 5.424387
25.102250 0.006468 4.728007
25.118610 -1.529334 3.080026
25.151500 -2.033851 0.532897
25.167850 -1.929166 -2.031116
25.184420 -0.976718 -3.419451
25.200760 1.226395 -3.601076
25.217220 3.825656 -3.653905
25.233630 5.232518 -4.337392
25.250150 5.469240 -5.567603
25.266530 5.361709 -6.464397
25.282870 4.403389 -6.300897
25.299380 2.378898 -4.983798
25.315780 0.512302 -2.450952
25.332400 0.157767 0.336261
25.348630 0.835957 1.630448
25.365130 0.840645 1.019886
25.397860 -0.877626 -0.694015
25.414380 -5.075745 -2.338310
25.447280 -10.908671 -3.171581
25.463590 -15.497055 -3.663981
25.496480 -15.975105 -4.438626
25.513050 -12.311072 -5.080287
25.545790 -7.361857 -4.583588
25.562270 -3.108573 -3.166868
25.595150 0.056119 -2.323715
25.611470 1.735815 -2.758062
25.644530 1.320065 -3.436776
25.660900 -0.422369 -2.488611
25.693630 -1.511538 0.542396
25.710140 -1.222167 4.516574
25.726610 -0.728918 7.997129
25.742980 -1.106248 10.127112
25.759380 -1.768473 10.997837
25.792210 -1.980506 10.041424
25.808760 -1.375705 6.908196
25.824980 0.339702 3.191821
25.841510 2.212338 0.580104
25.857890 3.151053 -0.457967
25.874510 3.205568 -0.384878
25.890780 2.741348 -0.285443
25.907260 2.220091 -1.792826
25.923630 1.873456 -5.803862
25.939990 1.508383 -10.306779
25.956530 1.001553 -11.428745
25.972870 0.544974 -6.709491
25.989490 1.202800 2.218612
26.005770 3.028009 10.173007
26.022260 3.809865 12.340180
26.038640 2.705136 8.370418
26.055130 1.168824 2.654334
26.087890 0.425357 -0.695066
26.104400 0.258571 -0.821304
26.120710 -0.314230 0.429282
26.137270 -1.453643 0.728111
26.153590 -2.165434 -0.313484
26.186480 -1.257925 -2.266705
26.202900 1.177614 -3.559258
26.219390 4.870835 0.349274
26.235900 10.417097 12.029564
26.252210 16.466108 28.061743
26.268620 18.543767 41.630238
26.284970 13.141802 46.461928
26.301530 3.381547 41.696075
26.318020 -3.297671 30.259664
26.334350 -3.521113 16.026107
26.350710 -0.553369 3.911653
26.367250 0.288130 -3.054590
26.383730 -2.486922 -3.712985
26.399980 -5.446430 0.588550
26.416380 -4.007611 5.005874
26.432880 1.550924 5.261060
26.449340 5.459219 1.742380
26.482220 4.088884 -1.369145
26.498810 -0.349222 -1.362760
26.515140 -3.200699 0.405165
26.531510 -2.331696 1.128193
26.547880 0.481671 -0.101083
26.564410 2.463767 -1.914110
26.580870 1.852553 -2.703060
26.600250 -0.704582 -2.178196
26.613850 -2.341717 -0.938536
26.630340 -1.639424 0.450767
26.646710 0.472483 1.297557
26.663120 2.826736 0.765341
26.679750 4.244432 -1.143539
26.696110 3.869184 -3.008126
26.712520 1.869348 -3.290660
26.728810 -0.526525 -2.149738
26.745180 -1.915312 -0.973785
26.761780 -1.790566 -0.612840
26.778260 -0.257553 -1.231519
26.794530 1.750971 -2.492296
26.810900 2.486774 -3.531696
26.827260 0.823611 -3.731876
26.843720 -1.956262 -3.043485
26.860000 -2.250262 -1.710313
26.876510 2.022777 0.188556
26.892870 8.366657 2.221280
26.909390 11.931014 3.295665
26.925750 10.483563 2.793301
26.942280 5.781741 1.306704
26.958650 0.805745 0.734150
26.975220 -1.945535 2.665823
26.991500 -1.646056 5.800230
27.008040 -0.877075 6.226794
27.024370 -3.694942 1.405425
27.041090 -10.554849 -6.181680
27.057100 -17.540610 -10.581159
27.073680 -20.593578 -8.227155
27.090120 -19.342187 -1.893530
27.106480 -15.681617 2.678182
27.122920 -10.424824 3.567290
27.139360 -4.168517 2.460212
27.156070 1.486052 0.705816
27.172270 3.938387 -0.895418
27.188770 2.166421 -1.642358
27.205140 -0.851330 -1.597278
27.221650 -1.326295 -2.217641
27.237920 1.167365 -3.878887
27.254380 3.503237 -4.195428
27.270890 2.910045 -2.114088
27.287260 -0.014463 1.241269
27.303760 -2.771668 4.943198
27.320010 -3.725510 7.027495
27.336500 -3.681706 5.659847
27.352890 -5.125057 1.326352
27.369370 -8.897320 -4.134773
27.385740 -12.621545 -7.778078
27.402150 -12.673633 -7.304190
27.418810 -7.934001 -3.784237
27.435000 -1.886087 -0.431128
27.451640 1.127605 0.955518
27.469600 0.750838 1.941175
27.484510 0.119433 4.044780
27.500900 1.656626 5.324854
27.517260 3.729519 4.188129
27.533680 3.303542 1.252131
27.550160 0.848433 -2.611965
27.566500 -0.229729 -5.533923
27.582990 1.284443 -6.155857
27.599430 2.456836 -5.950730
27.615890 0.895281 -7.111797
27.632140 -1.988690 -8.860646
27.648620 -3.278153 -7.558879
27.664960 -2.304945 -2.406125
27.681820 -0.739853 3.158809
27.697880 0.214737 7.275925
27.714250 0.580466 11.327333
27.730910 0.436266 15.910534
27.747150 -0.566355 18.883694
27.763780 -2.436293 17.879703
27.780030 -3.962365 13.472971
27.796490 -3.051826 8.161482
27.813050 0.849070 3.982534
27.829270 5.077876 1.528127
27.845760 5.755004 -0.722663
27.862140 1.965065 -3.989227
27.878630 -2.866080 -6.676533
27.911620 -4.753872 -6.308138
27.927990 -3.225299 -3.014794
27.944470 -0.828560 0.600795
27.960850 0.285134 3.128065
27.977290 -0.067098 4.863684
27.993710 -0.518821 3.453159
28.010130 0.639736 -4.516044
28.026490 3.619911 -17.853999
28.042970 6.608135 -32.203925
28.059370 7.886384 -42.751263
28.075780 7.404331 -46.462837
28.108640 5.266298 -41.869593
28.126590 1.682033 -29.047387
28.158040 -2.080550 -12.716374
28.174270 -4.161842 0.484219
28.190750 -3.624216 5.820310
28.207110 -1.882396 3.102682
28.223630 -0.371401 -3.237662
28.240020 1.039151 -8.484887
28.256480 2.720269 -9.631062
28.272890 3.993638 -6.037130
28.289260 2.987761 0.380654
28.305740 -0.596707 6.185408
28.321950 -4.266467 8.341702
28.338590 -4.940345 5.784481
28.355010 -1.635020 -1.265061
28.371510 2.582113 -9.948174
28.387860 2.725901 -14.357719
28.404250 -2.383246 -10.681876
28.420760 -8.211007 -1.258007
28.437120 -9.040204 7.348032
28.453990 -4.283783 9.948042
28.470120 1.770141 6.549364
28.486740 6.069920 1.730686
28.503140 8.583750 0.889413
28.519560 9.489185 4.593145
28.536100 7.501233 8.007629
28.552470 1.940454 7.314789
28.571490 -3.485153 4.938157
28.585220 -3.047341 6.308229
28.601670 2.806439 10.337387
28.618060 7.774026 10.940504
28.634550 7.884884 6.771302
28.650910 5.340308 3.078986
28.667560 4.038104 3.505823
28.683910 3.878372 4.020043
28.699980 3.058882 1.003052
28.716510 1.325869 -2.680788
28.749270 -0.896901 -3.225784
28.765870 -2.183850 -0.744323
28.782290 -0.109594 2.356286
28.798900 5.175154 4.642696
28.815140 10.166301 5.917007
28.831530 11.337429 6.464334
28.848160 8.449954 6.892631
28.864440 4.001887 7.030198
28.897230 -0.788133 5.868294
28.913650 -4.917901 2.868719
28.930070 -5.903973 -1.570302
28.946560 -3.167067 -5.616615
28.963030 0.201815 -7.300831
28.995990 0.619414 -6.461562
29.012250 -1.566636 -4.938781
29.028730 -3.065186 -3.718402
29.045140 -2.496696 -0.692960
29.061430 -1.120890 4.137889
29.078230 -0.468071 6.746697
29.094410 -1.121253 5.117615
29.111470 -2.562693 1.563906
29.127300 -3.832088 -0.727625
29.143750 -4.496975 -1.418624
29.160160 -4.107694 -2.069458
29.176570 -1.435857 -2.578040
29.192900 3.719471 -1.045172
29.209400 8.522755 3.109211
29.225880 8.320960 7.266916
29.242230 1.776143 7.503425
29.258730 -6.712413 3.469702
29.275180 -11.613997 -0.849360
29.291430 -11.384179 -2.711300
29.307860 -8.138051 -2.946432
29.324230 -3.673585 -3.185293
29.340910 29.630763 12.299052
29.357240 -52.687517 -36.994069
29.373760 -127.102889 -78.431640
