0.000000 493.391000 351.780000
0.016720 531.335000 628.408000
0.032710 530.162000 732.512000
0.049070 529.023000 724.878000
0.065310 541.739000 655.512000
0.081910 516.154000 637.516000
0.098270 510.357000 597.630000
0.114620 531.097000 531.388000
0.131100 532.372000 535.018000
0.147340 532.287000 532.972000
0.164310 487.917000 575.322000
0.180660 542.249000 584.034000
0.197140 548.692000 634.172000
0.213500 512.992000 674.850000
0.229980 551.072000 683.958000
0.263060 546.159000 727.386000
0.279420 515.797000 641.828000
0.312260 543.558000 668.272000
0.328610 537.999000 672.012000
0.361570 525.980000 644.798000
0.377810 510.476000 591.866000
0.394290 508.215000 575.960000
0.411010 469.166000 466.532000
0.427370 496.757000 554.202000
0.443730 499.103000 570.262000
0.460080 481.134000 564.256000
0.476560 485.095000 562.122000
0.494140 487.560000 578.490000
0.509400 501.653000 594.572000
0.525760 472.923000 530.244000
0.542240 468.877000 505.098000
0.558720 489.107000 545.556000
0.575070 471.954000 524.304000
0.593510 466.888000 491.392000
0.607790 479.927000 524.062000
0.624630 464.814000 459.976000
0.640750 468.741000 484.352000
0.657230 489.345000 534.380000
0.673710 508.181000 548.086000
0.690060 512.856000 581.460000
0.706420 501.653000 497.750000
0.722780 512.652000 527.802000
0.755740 475.014000 489.610000
0.772220 468.333000 540.474000
0.788700 462.570000 506.066000
0.805180 511.955000 359.986000
0.822270 451.639000 303.622000
0.838010 449.038000 283.910000
0.854250 484.959000 370.216000
0.870480 484.092000 414.612000
0.886960 490.501000 461.450000
0.903320 476.680000 389.642000
0.919680 513.859000 292.138000
0.936160 509.354000 254.650000
0.952510 474.215000 269.412000
0.969120 514.386000 258.346000
0.985600 512.278000 240.438000
1.001710 499.273000 250.624000
1.018310 487.866000 245.520000
1.051150 496.961000 246.378000
1.067630 496.281000 271.414000
1.083980 498.525000 289.102000
1.100460 455.787000 279.070000
1.116820 500.956000 328.812000
1.133420 501.738000 335.940000
1.149780 525.266000 316.800000
1.166260 489.770000 335.126000
1.182500 483.667000 287.518000
1.198970 563.125000 140.690000
1.215450 560.830000 233.926000
1.231810 559.164000 217.426000
1.248290 570.078000 200.222000
1.264650 562.428000 241.538000
1.281010 564.417000 261.360000
1.297610 533.630000 219.340000
1.314090 554.047000 232.672000
1.330570 557.974000 270.930000
1.346800 557.957000 291.764000
1.363280 564.570000 355.036000
1.379760 566.423000 372.548000
1.396240 600.321000 321.904000
1.412600 644.572000 326.854000
1.429200 643.246000 308.924000
1.445560 661.504000 320.804000
1.462040 666.043000 242.748000
1.478270 662.932000 193.402000
1.494750 667.641000 153.384000
1.511230 658.648000 170.918000
1.527470 657.339000 148.632000
1.544070 667.913000 104.236000
1.560420 664.445000 178.750000
1.576780 667.029000 219.252000
1.593380 648.482000 337.546000
1.609620 662.354000 285.802000
1.626340 662.983000 297.308000
1.642460 692.546000 228.514000
1.658940 711.620000 307.516000
1.675420 711.688000 309.188000
1.691770 691.016000 286.022000
1.708500 724.659000 243.386000
1.741210 724.812000 271.986000
1.757450 701.981000 268.884000
1.774050 703.307000 295.768000
1.790410 710.668000 357.984000
1.806880 720.171000 370.920000
1.823240 721.922000 407.594000
1.839840 734.502000 477.774000
1.856200 759.424000 473.044000
1.889040 773.449000 474.474000
1.905520 764.677000 412.478000
1.938350 795.311000 447.084000
1.954710 781.541000 424.182000
1.987430 820.488000 388.718000
2.004270 775.999000 502.260000
2.036870 703.290000 493.614000
2.053340 746.640000 488.092000
2.529660 1037.306000 92.818000
2.545900 978.197000 216.634000
2.562620 975.239000 286.572000
2.578860 1005.210000 202.972000
2.595340 998.903000 269.104000
2.611820 997.883000 289.058000
2.628420 999.719000 304.282000
2.644780 980.373000 366.454000
2.661010 982.209000 327.514000
2.677610 1012.248000 270.512000
2.694090 936.394000 261.338000
2.710450 937.006000 240.416000
2.726680 572.186000 276.232000
2.743290 552.228000 157.454000
2.759770 556.223000 197.164000
2.776000 559.589000 275.176000
2.792600 524.365000 360.844000
2.809080 527.799000 389.774000
2.825320 565.896000 315.678000
2.841920 566.848000 321.530000
2.858280 563.771000 291.940000
2.874630 509.728000 260.634000
2.891110 517.327000 213.818000
2.907710 516.137000 202.796000
2.924070 559.317000 267.190000
2.940550 543.014000 227.898000
2.956910 543.949000 239.206000
2.973270 524.416000 305.800000
2.989870 518.262000 206.646000
3.005980 518.177000 204.534000
3.022710 536.418000 276.012000
3.039060 497.641000 275.264000
3.055300 501.534000 306.944000
3.071900 491.589000 306.856000
3.088380 479.740000 319.308000
3.104740 477.190000 300.366000
3.121090 494.836000 258.016000
3.137450 485.809000 232.100000
3.154050 487.169000 241.692000
3.170410 514.862000 314.138000
3.186770 500.021000 309.628000
3.203250 501.160000 319.440000
3.221440 478.465000 316.646000
3.236210 470.764000 281.688000
3.252560 465.664000 244.134000
3.268920 570.673000 239.470000
3.285400 574.702000 191.554000
3.301760 577.235000 217.404000
3.318480 610.368000 262.504000
3.334590 593.045000 310.970000
3.351200 596.564000 349.140000
3.367680 627.623000 373.472000
3.383910 603.262000 346.742000
3.400390 600.780000 320.716000
3.416750 619.140000 293.106000
3.433230 616.165000 286.682000
3.449830 615.927000 283.624000
3.466060 612.578000 235.774000
3.482540 622.047000 297.550000
3.498900 622.863000 307.120000
3.515380 623.492000 378.224000
3.531740 604.588000 310.926000
3.548340 603.211000 295.460000
3.564820 593.504000 276.606000
3.581180 604.962000 243.144000
3.613890 624.529000 329.252000
3.630370 552.738000 359.018000
3.663330 504.169000 432.124000
3.679690 491.912000 508.068000
3.712520 536.469000 527.956000
3.728880 494.326000 509.190000
3.745480 495.363000 517.330000
3.761720 512.227000 496.144000
3.778320 519.401000 498.278000
3.794680 518.279000 489.522000
3.811040 505.750000 467.302000
3.827510 510.646000 475.332000
3.843990 516.086000 515.768000
3.860600 503.999000 576.972000
3.877200 518.126000 520.630000
3.893070 515.678000 502.370000
3.909670 494.377000 454.168000
3.926030 499.647000 439.230000
3.942630 496.349000 414.546000
3.958980 460.989000 371.932000
3.975590 509.847000 451.484000
3.991940 513.400000 477.488000
4.008180 506.022000 462.616000
4.024780 502.656000 434.874000
4.041140 501.585000 427.812000
4.057500 511.037000 442.244000
4.074100 492.966000 388.476000
4.090330 495.261000 405.680000
4.106810 511.768000 504.592000
4.123290 500.633000 501.886000
4.139650 498.168000 484.484000
4.156130 498.202000 471.724000
4.172610 498.508000 450.252000
4.188960 496.451000 435.160000
4.205440 484.925000 588.038000
4.221800 508.793000 637.142000
4.254760 494.802000 594.110000
4.271000 451.010000 549.384000
4.287600 454.614000 570.856000
4.304080 475.167000 566.170000
4.320560 490.314000 710.160000
4.336790 494.105000 733.568000
4.353390 515.916000 697.466000
4.369750 516.239000 704.044000
4.385990 512.006000 675.686000
4.402590 484.687000 637.054000
4.418950 511.632000 569.448000
4.451900 522.427000 696.806000
4.468140 476.153000 618.398000
4.501100 500.106000 567.864000
4.517580 492.813000 557.458000
4.550420 486.693000 516.384000
4.566770 484.313000 532.246000
4.599610 466.361000 651.002000
4.616090 463.845000 597.608000
4.632450 466.174000 611.908000
4.648930 438.923000 622.754000
4.665280 442.952000 604.626000
4.681880 445.468000 619.190000
4.698120 471.240000 637.912000
4.714600 468.877000 638.550000
4.731080 466.497000 624.118000
4.747440 458.439000 626.098000
4.763920 454.546000 569.602000
4.780400 452.132000 554.994000
4.797000 480.658000 599.544000
4.813230 476.918000 542.300000
4.846070 481.253000 523.072000
4.862550 484.687000 533.434000
4.895390 481.440000 496.782000
4.911870 476.442000 563.288000
4.944700 484.619000 598.510000
4.961180 486.285000 732.644000
4.993900 480.352000 720.148000
5.010250 461.516000 699.226000
5.026730 457.402000 676.104000
5.043090 475.405000 631.334000
5.059690 475.966000 590.546000
5.078000 472.243000 566.456000
5.092650 454.852000 581.262000
5.109010 445.808000 543.554000
5.125370 451.214000 576.092000
5.141850 485.724000 609.796000
5.158200 494.207000 625.592000
5.174800 498.797000 655.512000
5.191160 489.073000 680.614000
5.207640 497.284000 698.038000
5.223880 493.493000 674.212000
5.240360 477.972000 641.322000
5.256960 473.042000 586.190000
5.273190 468.248000 555.896000
5.289790 483.701000 913.418000
5.306030 491.878000 865.524000
5.322510 495.431000 885.918000
5.338870 515.304000 908.314000
5.355220 489.124000 908.710000
5.371830 491.742000 922.922000
5.388180 497.199000 985.424000
5.404660 521.390000 990.000000
5.421260 521.390000 990.000000
5.437870 544.170000 967.120000
5.454350 527.544000 958.892000
5.487180 545.768000 949.410000
5.503420 525.436000 954.316000
5.536380 488.325000 970.244000
5.552610 519.214000 982.652000
5.569090 516.885000 969.474000
5.585450 479.757000 1256.354000
5.602050 485.061000 1201.310000
5.634770 466.599000 1230.680000
5.651120 483.667000 1264.494000
5.667850 487.254000 1279.168000
5.684080 497.216000 1304.336000
5.700440 497.029000 1294.040000
5.717040 495.635000 1288.276000
5.733280 478.193000 1229.602000
5.749760 491.555000 1267.816000
5.766240 491.980000 1269.598000
5.782840 488.087000 1235.586000
5.799070 503.914000 1224.124000
5.831910 469.744000 1251.206000
5.848750 463.828000 1245.706000
5.881100 510.034000 1282.424000
5.897950 507.637000 1287.616000
5.930420 504.866000 1325.192000
5.946780 498.100000 1317.690000
5.979740 473.909000 1319.120000
5.996340 489.634000 1314.390000
6.012450 493.238000 1328.448000
6.029050 489.022000 1327.084000
6.045410 505.121000 1522.818000
6.064820 505.155000 1522.642000
6.078370 523.838000 1584.792000
6.094970 502.877000 1551.638000
6.111210 499.120000 1539.252000
6.127440 498.338000 1446.808000
6.144040 525.861000 1434.818000
6.160520 530.485000 1453.452000
6.176760 478.958000 1505.812000
6.193360 496.196000 1549.460000
6.209840 491.130000 1532.718000
6.226200 483.293000 1571.218000
6.242550 469.676000 1522.796000
6.258910 467.228000 1515.140000
6.275390 481.287000 1480.864000
6.291870 484.126000 1509.112000
6.308230 485.418000 1513.820000
6.324830 489.685000 1419.154000
6.341060 468.282000 1475.320000
6.357420 470.509000 1481.634000
6.374020 494.921000 1557.006000
6.390380 485.418000 1605.780000
6.406980 485.435000 1605.956000
6.423460 458.116000 1561.296000
6.439820 465.477000 1501.346000
6.456180 456.093000 1472.108000
6.472530 486.727000 1633.434000
6.489010 456.195000 1603.624000
6.506100 461.975000 1619.684000
6.521970 459.680000 1561.780000
6.538210 453.339000 1560.262000
6.554810 456.263000 1568.710000
6.571170 491.555000 1673.980000
6.587400 498.491000 1652.266000
6.604000 495.873000 1644.456000
6.620360 493.527000 1572.032000
6.636840 497.590000 1529.176000
6.669800 563.941000 1779.822000
6.686280 687.225000 1729.574000
6.702510 688.415000 1736.790000
6.719120 698.581000 1735.866000
6.735600 703.188000 1730.520000
6.768430 688.925000 1808.708000
6.784910 685.338000 1805.320000
6.817500 668.678000 1768.492000
6.833980 702.831000 1801.228000
6.866940 688.976000 1748.780000
6.883300 671.721000 1781.032000
6.899660 669.766000 1770.714000
6.916260 721.820000 1671.560000
6.932370 925.310000 1561.670000
6.948970 926.517000 1544.554000
6.965450 998.053000 1451.912000
6.982060 991.321000 1472.218000
6.998290 990.794000 1476.772000
7.014890 1009.477000 1478.312000
7.031250 1005.176000 1507.792000
7.049560 1002.813000 1525.854000
7.064090 980.339000 1542.684000
7.080320 1014.067000 1558.568000
7.096920 1012.809000 1567.302000
7.113400 971.346000 1536.546000
7.129880 993.786000 1477.146000
7.146240 994.908000 1467.686000
7.162480 1019.031000 1391.368000
7.179200 962.897000 1399.706000
7.195430 963.747000 1389.850000
7.211910 1004.428000 1412.026000
7.228150 1015.835000 1475.078000
7.261110 1029.010000 1451.626000
7.277590 1006.128000 1450.856000
7.293950 1004.972000 1460.250000
7.310420 983.093000 1462.318000
7.326780 988.788000 1499.520000
7.343260 987.734000 1508.738000
7.359620 971.788000 1507.550000
7.377200 995.010000 1445.972000
7.392580 996.132000 1436.248000
7.409180 989.468000 1344.706000
7.425290 991.100000 1269.576000
7.458250 983.246000 1172.512000
7.474730 1004.258000 1269.510000
7.507570 943.024000 1302.158000
7.524050 973.148000 1354.518000
7.540280 974.559000 1339.294000
7.556760 943.823000 1223.926000
7.573240 999.991000 1203.598000
7.589720 1000.620000 1197.482000
7.606200 971.669000 1200.760000
7.622440 1003.748000 1270.852000
7.639280 1001.453000 1292.720000
7.655400 989.893000 1276.374000
7.672000 949.093000 1215.236000
7.688350 949.943000 1202.080000
7.705930 997.322000 1466.190000
7.951050 993.582000 901.142000
7.967410 1002.813000 901.230000
7.983890 1001.623000 916.410000
8.000240 981.852000 928.136000
8.016720 994.568000 960.894000
8.033080 993.395000 975.942000
8.049440 966.688000 1002.012000
8.066040 986.255000 1003.002000
8.082400 985.694000 1008.810000
8.098880 990.590000 995.500000
8.115110 994.381000 1042.030000
8.131710 994.024000 1048.454000
8.148190 981.104000 1042.206000
8.164550 987.615000 1091.728000
8.180910 988.533000 1080.288000
8.197390 988.499000 1012.000000
8.213870 971.907000 966.306000
8.246580 963.526000 1021.130000
8.263180 968.405000 1035.078000
8.279540 967.555000 1047.750000
8.296020 826.183000 1001.770000
8.312380 676.787000 1049.576000
8.328860 677.994000 1062.226000
8.345210 545.649000 1040.468000
8.361690 503.727000 1049.840000
8.378300 501.245000 1037.190000
8.394530 534.123000 924.418000
8.410890 513.893000 946.748000
8.427490 511.598000 933.614000
8.443850 508.011000 968.308000
8.460210 519.622000 943.602000
8.493160 473.246000 995.170000
8.509400 501.789000 1025.046000
8.542360 535.024000 1005.070000
8.558960 550.188000 1010.306000
8.591670 555.594000 893.904000
8.608150 562.394000 907.280000
8.624510 564.349000 920.656000
8.640990 498.287000 973.280000
8.657350 488.053000 994.092000
8.673830 490.603000 1007.050000
8.690310 453.237000 963.028000
8.706790 494.870000 983.730000
8.739500 495.516000 987.624000
8.755980 485.350000 1031.294000
8.788820 479.332000 1006.324000
8.805300 461.618000 991.034000
8.821660 458.864000 977.988000
8.838010 495.516000 928.466000
8.854740 502.469000 943.382000
8.870970 501.279000 936.518000
8.887330 456.297000 875.930000
8.904540 485.894000 922.922000
8.920290 487.118000 929.258000
8.936650 503.676000 861.058000
8.953130 495.754000 917.576000
8.969480 497.012000 924.528000
8.986210 464.236000 971.234000
9.002320 495.261000 970.310000
9.018920 493.884000 963.336000
9.035280 496.281000 920.810000
9.051640 486.846000 937.156000
9.068240 486.965000 937.794000
9.084470 538.050000 909.480000
9.100950 544.935000 956.560000
9.117310 542.844000 943.470000
9.133910 599.182000 940.808000
9.150270 599.862000 954.492000
9.183110 537.557000 872.652000
9.199460 551.667000 854.018000
9.216060 552.738000 861.036000
9.232670 555.883000 845.658000
9.248900 555.339000 862.928000
9.265260 554.370000 855.668000
9.281620 521.033000 860.794000
9.298100 493.187000 615.384000
9.314450 493.289000 616.110000
9.330930 459.816000 524.172000
9.347410 489.889000 516.692000
9.363770 492.269000 533.038000
9.380250 511.870000 503.338000
9.396610 512.499000 519.288000
9.413090 514.777000 536.030000
9.429320 518.211000 593.714000
9.445920 496.434000 528.792000
9.462400 494.020000 512.006000
9.478760 472.957000 521.422000
9.495240 480.471000 536.426000
9.528080 491.810000 580.536000
9.544560 510.187000 614.196000
9.560910 511.207000 621.962000
9.577390 614.295000 544.060000
9.593870 812.124000 574.068000
9.610230 811.886000 565.070000
9.626590 984.096000 580.580000
9.643190 967.878000 573.342000
9.659420 967.028000 590.810000
9.676030 951.269000 596.046000
9.692380 961.962000 558.514000
9.708740 961.265000 573.496000
9.725220 987.326000 626.252000
9.741580 960.636000 698.786000
9.758060 961.435000 682.572000
9.775630 985.082000 524.502000
9.791020 975.375000 532.906000
9.807370 976.123000 517.968000
9.823730 967.436000 536.426000
9.840450 1009.919000 505.736000
9.856570 1008.457000 530.046000
9.873170 973.743000 548.020000
9.889400 950.878000 563.354000
9.906010 951.864000 537.064000
9.922360 978.214000 569.448000
9.938720 985.626000 452.518000
9.955200 986.391000 438.020000
9.971800 985.830000 498.894000
9.988160 992.256000 476.454000
10.004520 991.321000 493.614000
10.021000 975.409000 538.296000
10.037350 986.272000 588.566000
10.053710 985.320000 605.198000
10.070190 628.133000 597.102000
10.086550 512.652000 561.264000
10.119630 515.678000 567.732000
10.135990 493.952000 590.062000
10.168700 475.915000 543.158000
10.185300 492.252000 560.978000
10.218140 516.409000 534.072000
10.234500 481.100000 518.122000
10.267330 488.869000 544.742000
10.283690 517.038000 523.292000
10.300170 513.621000 498.102000
10.316650 478.890000 491.172000
10.333250 463.573000 451.088000
10.349490 462.247000 442.442000
10.365970 493.476000 481.954000
10.382320 503.336000 515.108000
10.398930 508.130000 549.054000
10.415280 472.583000 580.316000
10.431640 476.816000 558.734000
10.448360 479.060000 573.320000
10.464480 487.611000 578.270000
10.480960 510.204000 594.550000
10.513790 501.024000 610.654000
10.530150 491.062000 576.972000
10.546630 488.869000 562.386000
10.563110 470.186000 569.426000
10.579590 503.047000 557.040000
10.612300 495.431000 543.158000
10.628780 481.219000 574.464000
10.661740 517.803000 570.416000
10.678100 484.109000 521.048000
10.710820 540.889000 557.876000
10.727420 517.106000 583.682000
10.761840 522.818000 586.982000
10.776860 516.188000 630.168000
10.809450 511.054000 564.102000
10.825930 506.991000 518.672000
10.842410 503.302000 493.350000
10.858760 506.243000 510.664000
10.875240 521.084000 469.788000
10.891600 516.715000 435.974000
10.908080 513.434000 448.690000
10.924560 591.889000 441.848000
10.940920 594.337000 466.642000
10.957400 980.764000 705.496000
10.973750 969.153000 665.236000
10.990230 968.286000 681.802000
11.006590 973.352000 736.384000
11.023070 953.343000 763.246000
11.039310 954.074000 748.286000
11.056030 950.487000 712.844000
11.072390 974.151000 730.730000
11.088620 973.284000 745.844000
11.105220 974.559000 696.828000
11.121580 958.001000 720.324000
11.138060 957.236000 735.856000
11.154540 976.225000 777.832000
11.170780 963.526000 756.338000
11.187380 964.342000 740.960000
11.203740 961.673000 760.914000
11.220210 965.855000 738.980000
11.236570 966.671000 723.822000
11.253050 968.014000 704.814000
11.269410 977.942000 679.888000
11.302370 982.702000 601.216000
11.318730 1000.348000 693.132000
11.335210 998.903000 715.528000
11.351680 964.189000 734.030000
11.368040 958.375000 734.932000
11.384520 958.001000 742.302000
11.400880 978.843000 750.970000
11.417360 974.253000 707.146000
11.433840 975.052000 692.736000
11.450200 983.501000 659.670000
11.466670 982.430000 566.566000
11.499510 972.400000 388.432000
11.515990 948.991000 366.344000
11.548950 950.011000 380.534000
11.565430 941.749000 426.074000
11.598390 973.046000 395.186000
11.614990 979.319000 421.256000
11.631350 980.186000 403.524000
11.651000 980.832000 426.932000
11.664060 981.002000 428.318000
11.696660 981.750000 395.582000
11.713130 958.953000 385.132000
11.729490 958.239000 402.974000
11.746340 963.900000 368.368000
11.762820 962.982000 429.880000
11.778810 962.608000 437.734000
11.795410 974.049000 424.776000
11.811770 950.725000 448.316000
11.828130 950.096000 464.750000
11.844600 979.897000 491.084000
11.860960 960.075000 509.058000
11.877440 959.293000 526.878000
11.893920 1029.945000 536.800000
11.910400 1041.182000 529.672000
11.926640 1039.975000 545.424000
11.942990 1026.749000 563.574000
11.959470 1012.469000 588.236000
11.992430 1024.369000 547.118000
12.008790 1027.939000 539.066000
12.025390 1029.724000 515.438000
12.041630 1023.213000 502.634000
12.057980 1029.418000 713.042000
12.074580 1030.608000 698.280000
12.288090 995.690000 1727.264000
12.304570 1011.279000 1668.172000
12.337400 1009.698000 1580.920000
12.353880 1016.277000 1553.046000
12.386960 981.733000 1559.844000
12.403080 995.350000 1514.788000
12.419680 997.118000 1501.038000
12.436040 1019.354000 1551.176000
12.452640 1017.909000 1512.808000
12.468870 1018.504000 1507.660000
12.485230 973.675000 1440.538000
12.501710 979.557000 1467.400000
12.518070 977.534000 1486.540000
12.534670 1000.042000 1532.982000
12.550900 1009.936000 1528.736000
12.567380 1011.177000 1519.672000
12.583740 961.197000 1405.404000
12.600460 972.247000 1395.526000
12.632930 972.774000 1464.738000
12.649660 817.666000 1572.802000
12.666020 817.598000 1568.468000
12.682370 527.204000 1505.372000
12.698850 508.674000 1381.534000
12.715450 507.348000 1376.298000
12.731690 478.465000 1423.466000
12.748170 515.899000 1452.396000
12.764530 521.696000 1474.946000
12.781010 511.292000 1471.030000
12.797360 528.632000 1483.900000
12.813720 524.943000 1469.666000
12.830200 512.584000 1452.726000
12.846680 513.808000 1427.888000
12.863040 510.527000 1415.392000
12.879640 503.846000 1446.720000
12.896000 472.821000 1361.426000
12.912350 471.410000 1356.256000
12.928710 459.595000 1370.204000
12.945310 471.427000 1421.882000
12.961790 474.215000 1431.540000
12.978030 464.321000 1471.514000
12.994630 457.147000 1426.238000
13.010990 458.558000 1430.506000
13.027590 466.820000 1436.600000
13.043820 480.199000 1430.022000
13.060180 478.754000 1425.138000
13.076780 475.779000 1425.116000
13.093020 479.332000 1380.962000
13.109500 480.726000 1386.242000
13.125980 458.014000 1416.712000
13.142330 449.038000 1415.040000
13.158810 448.902000 1414.600000
13.175290 462.281000 1398.826000
13.191650 561.306000 1405.580000
13.224490 576.793000 1379.290000
13.240970 592.093000 1395.218000
13.257570 590.274000 1385.626000
13.273930 568.089000 1390.862000
13.290160 621.095000 1410.948000
13.323120 597.431000 1349.876000
13.339600 615.434000 1800.326000
13.355960 618.596000 1811.920000
13.618900 570.350000 1614.690000
13.635250 502.010000 1631.300000
13.651730 499.324000 1622.566000
13.667970 525.589000 1498.112000
13.684570 473.297000 1486.276000
13.701050 471.784000 1481.546000
13.717410 484.347000 1405.624000
13.733760 517.667000 1384.152000
13.750370 522.546000 1404.150000
13.766720 469.642000 1379.246000
13.783080 472.600000 1388.178000
13.799560 471.155000 1383.162000
13.816040 496.417000 1389.630000
13.832520 521.407000 1396.318000
13.848750 518.925000 1386.176000
13.865230 462.927000 1476.376000
13.881710 461.703000 1484.802000
13.898070 458.949000 1475.980000
13.914790 465.698000 1472.680000
13.930910 470.322000 1405.514000
13.947390 471.767000 1410.464000
13.963870 480.454000 1472.108000
13.980470 467.806000 1469.336000
13.996700 472.090000 1483.372000
14.013180 449.888000 1427.514000
14.029540 456.229000 1427.448000
14.046020 452.812000 1417.152000
14.062380 476.714000 1380.786000
14.078740 449.633000 1407.758000
14.095210 455.311000 1426.612000
14.111570 455.617000 1528.494000
14.127930 448.868000 1471.712000
14.144650 449.055000 1472.856000
14.161010 556.444000 1483.702000
14.177250 549.423000 1406.306000
14.193850 546.227000 1391.852000
14.210080 561.068000 1501.060000
14.226560 551.140000 1451.692000
14.243160 552.296000 1456.488000
14.259520 550.868000 1456.730000
14.276000 530.315000 1464.672000
14.292360 529.142000 1459.568000
14.309080 510.017000 1272.656000
14.325320 495.091000 1190.486000
14.341800 497.726000 1202.366000
14.358030 521.968000 1293.182000
14.374630 494.411000 1326.468000
14.390990 493.153000 1321.100000
14.407350 512.635000 1284.668000
14.423710 481.763000 1257.828000
14.440060 477.785000 1241.460000
14.456790 497.046000 1299.100000
14.473020 498.814000 1266.518000
14.489620 497.607000 1261.700000
14.505980 473.858000 1209.032000
14.522580 482.273000 1181.180000
14.538820 483.548000 1186.152000
14.555180 503.744000 1142.812000
14.571660 480.165000 1174.052000
14.589110 485.520000 1197.350000
14.604610 478.533000 1218.448000
14.620970 497.760000 1224.168000
14.653810 498.950000 1187.076000
14.670290 489.073000 1244.562000
14.686650 485.112000 1227.776000
14.705440 494.598000 1166.902000
14.719600 450.891000 1144.418000
14.736210 449.480000 1137.950000
14.752810 493.510000 1218.272000
14.769170 496.944000 1235.762000
14.785400 498.236000 1241.856000
14.801880 478.499000 1232.066000
14.818240 467.109000 1160.390000
14.834590 461.720000 1137.444000
14.851200 493.595000 1089.726000
14.867310 493.374000 1088.098000
14.883790 497.012000 1105.324000
14.900270 473.501000 1134.144000
14.916630 462.757000 1193.984000
14.933110 468.367000 1216.952000
14.949580 491.147000 1239.678000
14.965820 502.520000 1262.602000
14.982420 501.160000 1257.322000
14.998780 518.449000 1221.924000
15.015140 518.687000 1230.614000
15.031740 517.412000 1224.498000
15.048100 454.580000 1213.960000
15.064330 462.094000 1224.498000
15.081180 462.230000 1225.026000
15.097290 463.063000 1179.244000
15.113770 498.610000 1052.722000
15.130250 496.162000 1040.402000
15.146730 486.999000 878.130000
15.163090 489.498000 872.894000
15.179320 491.963000 886.490000
15.195800 503.081000 912.494000
15.212280 504.645000 928.730000
15.229000 505.835000 935.330000
15.245240 508.266000 862.334000
15.261720 507.773000 861.806000
15.278200 504.203000 840.378000
15.294430 503.523000 834.086000
15.310910 500.922000 817.146000
15.327390 498.372000 801.856000
15.343870 495.533000 851.532000
15.362300 513.825000 860.068000
15.393070 470.985000 834.240000
15.409420 477.071000 888.448000
15.426270 482.494000 917.048000
15.442260 486.897000 991.430000
15.458860 509.337000 1051.380000
15.491820 479.332000 1019.502000
15.508180 471.070000 980.782000
15.541020 511.530000 915.684000
15.557620 520.336000 944.746000
15.590090 501.007000 892.056000
15.606690 488.767000 922.218000
15.623050 482.137000 887.018000
15.639530 458.864000 887.040000
15.655880 467.262000 868.824000
15.672240 468.571000 874.874000
15.689940 465.256000 915.112000
15.705200 482.681000 936.584000
15.721680 490.739000 978.472000
15.738280 514.148000 987.756000
15.754390 522.784000 970.992000
15.771000 519.248000 950.906000
15.787350 489.753000 981.178000
15.803830 465.630000 921.448000
15.820070 461.805000 901.186000
15.836790 465.885000 866.866000
15.853150 476.476000 908.358000
15.869260 481.678000 935.308000
15.886230 434.707000 1014.750000
15.902340 496.009000 794.992000
15.918820 498.457000 809.534000
15.935420 510.000000 777.128000
15.951780 532.542000 788.854000
15.984380 523.413000 729.762000
16.000850 519.571000 722.766000
16.033940 505.563000 742.192000
16.050170 505.121000 727.276000
16.083010 484.449000 711.326000
16.099490 516.715000 733.414000
16.132320 505.325000 721.028000
16.148680 479.417000 711.524000
16.181520 481.015000 759.066000
16.198120 538.441000 717.794000
16.214480 536.282000 702.482000
16.230830 504.390000 723.668000
16.247440 546.397000 624.580000
16.263790 545.326000 616.858000
16.280150 505.954000 727.056000
16.296630 492.082000 675.708000
16.313110 493.221000 682.396000
16.329350 544.884000 683.760000
16.348510 529.397000 707.168000
16.362430 528.394000 700.436000
16.378780 509.082000 679.052000
16.395260 497.879000 641.762000
16.411500 493.170000 610.676000
16.428100 526.847000 626.472000
16.444340 503.710000 574.772000
16.460940 508.215000 604.978000
16.477290 558.569000 654.016000
16.493770 550.358000 658.636000
16.510130 554.421000 689.018000
16.526610 504.050000 649.616000
16.543090 539.240000 666.248000
16.559450 537.166000 651.222000
16.576050 540.107000 626.054000
16.592410 515.151000 582.670000
16.608890 512.941000 567.380000
16.625370 494.955000 580.712000
16.641720 526.099000 632.764000
16.657960 523.889000 617.276000
16.675050 486.812000 589.226000
16.691040 526.473000 588.786000
16.707280 528.530000 603.570000
16.723880 468.146000 679.954000
16.740230 531.080000 716.584000
16.773070 473.348000 614.900000
16.789430 488.155000 667.172000
16.822510 510.323000 659.032000
16.838990 505.070000 693.902000
16.855220 509.796000 723.668000
16.871580 464.117000 752.158000
16.888060 431.341000 685.410000
16.921140 445.298000 719.004000
16.937380 492.949000 721.688000
16.970090 482.749000 748.726000
16.986690 480.335000 777.524000
17.019650 443.020000 757.724000
17.035890 457.963000 723.404000
17.068730 474.623000 763.202000
17.085210 488.206000 782.122000
17.118040 481.168000 764.280000
17.134400 484.993000 775.720000
17.167240 457.079000 702.768000
17.183840 436.441000 757.020000
17.200070 440.368000 776.974000
17.216550 448.732000 820.402000
17.233280 471.257000 844.294000
17.249510 472.532000 851.400000
17.265870 510.884000 761.750000
17.282230 482.239000 711.436000
17.298710 477.615000 684.640000
17.315060 507.297000 736.098000
17.331540 540.107000 765.732000
17.348140 541.960000 778.272000
17.364500 554.965000 792.132000
17.380980 528.445000 621.082000
17.397460 526.218000 605.374000
17.413700 505.240000 671.748000
17.430180 513.434000 670.362000
17.463010 532.967000 762.476000
17.479490 483.310000 630.630000
17.495970 485.860000 646.118000
17.512450 527.119000 698.082000
17.529050 543.864000 718.542000
17.545410 542.028000 705.562000
17.561520 569.364000 601.458000
17.578130 516.188000 628.738000
17.594480 518.177000 642.246000
17.610840 535.041000 597.102000
17.627320 543.677000 725.010000
17.660280 534.701000 812.790000
17.676640 524.637000 783.794000
17.692990 522.665000 771.298000
17.709470 490.569000 759.528000
17.725830 475.371000 770.726000
17.758670 499.511000 603.504000
17.775270 480.301000 676.522000
17.807980 491.334000 759.308000
17.824340 515.967000 590.040000
17.857420 541.263000 694.364000
17.876220 545.292000 743.930000
17.906620 518.330000 692.032000
17.923220 565.029000 749.936000
17.955930 561.561000 787.314000
17.972290 548.879000 682.374000
18.005370 483.973000 496.628000
18.021850 491.249000 582.186000
18.038090 493.425000 596.618000
18.054570 502.282000 584.430000
18.070920 503.931000 576.312000
18.087400 501.500000 559.548000
18.103760 481.967000 500.434000
18.120240 502.826000 515.108000
18.152950 490.977000 565.928000
18.169560 506.396000 604.164000
18.185910 508.793000 620.576000
18.204590 491.487000 583.506000
18.218630 477.292000 563.442000
18.235110 475.031000 548.790000
18.251590 511.853000 580.888000
18.268190 512.244000 621.236000
18.284300 514.301000 635.404000
18.300900 515.814000 587.620000
18.317260 483.174000 556.732000
18.333740 481.882000 547.228000
18.350100 502.231000 556.138000
18.366580 496.196000 572.792000
18.383180 495.125000 566.148000
18.399290 474.572000 526.416000
18.415770 473.042000 522.610000
18.432250 473.246000 523.886000
18.448730 484.194000 519.882000
18.465210 475.116000 536.646000
18.481570 478.703000 558.712000
18.498170 483.344000 574.266000
18.514530 495.057000 603.834000
18.532590 498.389000 626.846000
18.547360 507.960000 619.630000
18.563600 470.305000 655.138000
18.580080 465.392000 625.504000
18.596800 481.168000 1074.238000
18.843140 518.551000 481.272000
18.860350 513.111000 473.814000
18.875850 514.352000 481.404000
18.892210 510.799000 556.974000
18.908570 757.401000 642.862000
18.925290 757.350000 641.608000
18.941650 933.929000 513.854000
18.958130 985.031000 581.548000
18.990840 968.966000 628.386000
19.007450 959.038000 599.192000
19.023680 959.735000 583.308000
19.040160 984.878000 546.656000
19.056520 987.598000 483.406000
19.073000 990.284000 432.630000
19.089480 1007.488000 413.952000
19.105830 981.937000 412.698000
19.122310 981.495000 421.036000
19.138670 994.704000 447.788000
19.155150 1016.889000 499.004000
19.171510 1014.628000 533.390000
19.189820 939.165000 502.986000
19.204590 960.381000 530.596000
19.220830 958.953000 562.056000
19.237300 993.072000 566.104000
19.253780 987.734000 595.892000
19.270140 986.782000 612.172000
19.286500 949.280000 614.878000
19.303100 985.065000 567.886000
19.319460 987.700000 520.278000
19.335820 959.684000 510.708000
19.352540 952.646000 443.410000
19.385130 1005.312000 734.646000
19.401610 966.348000 709.852000
19.418090 965.532000 725.494000
19.434450 984.181000 736.802000
19.450680 981.308000 750.970000
19.467290 981.801000 743.160000
19.483640 974.032000 722.964000
19.500240 979.455000 686.466000
19.518310 982.328000 636.548000
19.532960 973.981000 621.346000
19.549440 958.256000 597.234000
19.565800 957.508000 612.106000
19.582400 965.430000 631.400000
19.598750 959.140000 694.100000
19.615110 956.267000 751.542000
19.631590 1007.097000 852.962000
19.648070 991.797000 850.806000
19.664430 993.327000 829.928000
19.680660 993.888000 743.842000
19.697390 988.805000 733.282000
19.713620 990.267000 709.434000
19.730220 991.372000 689.876000
19.746580 1003.425000 689.304000
19.762940 1002.320000 705.430000
19.779420 1013.013000 718.564000
19.795780 1007.964000 730.598000
19.828490 969.833000 725.692000
19.847530 962.676000 720.170000
19.877930 1008.797000 819.786000
19.894530 961.843000 984.412000
19.910890 961.010000 997.810000
19.927250 983.161000 1033.406000
19.943600 1009.409000 1097.250000
19.960210 1007.794000 1113.904000
19.976560 979.047000 1068.188000
19.992800 979.404000 1078.726000
20.009520 978.877000 1084.842000
20.025760 987.598000 1136.454000
20.042110 991.474000 1109.020000
20.058590 993.412000 1086.008000
20.075070 962.200000 1021.240000
20.091430 967.045000 1007.666000
20.107910 968.439000 987.910000
20.124270 981.155000 933.614000
20.140870 990.216000 910.602000
20.157230 990.760000 902.946000
20.173710 984.232000 921.404000
20.190060 970.632000 982.586000
20.206420 969.731000 996.468000
20.223020 997.849000 1284.514000
20.239500 988.907000 1263.328000
20.272340 982.821000 1333.618000
20.288700 998.665000 1378.542000
20.305180 997.526000 1388.728000
20.321410 982.974000 1308.296000
20.337890 992.086000 1301.696000
20.370850 978.401000 1328.844000
20.387210 997.781000 1253.120000
20.403560 998.903000 1241.812000
20.420290 960.415000 1261.282000
20.436650 970.326000 1233.210000
20.453000 972.247000 1209.230000
20.469480 975.426000 1268.234000
20.485720 974.627000 1266.496000
20.502320 976.140000 1249.314000
20.518680 970.887000 1241.394000
20.534910 992.392000 1387.562000
20.551390 991.899000 1393.216000
20.567990 1015.682000 1347.082000
20.584470 1017.348000 1403.930000
20.600710 1013.455000 1434.422000
20.617310 992.817000 1444.388000
20.633790 977.143000 1409.826000
20.650270 976.174000 1419.770000
20.666870 1034.297000 1522.510000
20.683230 1010.939000 1458.292000
20.699710 1013.591000 1437.634000
20.715940 972.621000 1411.212000
20.732420 1018.827000 1512.302000
20.748900 1019.609000 1508.188000
20.765140 990.131000 1441.726000
20.781490 974.236000 1494.416000
20.797850 973.794000 1499.872000
20.814330 990.267000 1507.418000
20.830810 977.840000 1536.722000
20.847290 978.894000 1527.240000
20.863650 913.257000 1579.776000
20.880130 774.962000 1728.188000
20.912840 731.374000 1756.216000
20.929320 775.795000 1770.670000
20.945680 776.866000 1785.036000
20.962280 763.096000 1829.894000
20.978640 754.868000 1847.890000
21.011470 722.483000 1860.650000
21.027830 769.505000 1841.202000
21.060910 751.859000 1837.682000
21.077510 729.827000 1838.496000
21.093630 730.694000 1844.854000
21.109990 724.761000 1826.858000
21.126590 715.139000 1826.462000
21.142820 713.609000 1816.760000
21.159420 733.533000 1834.382000
21.175660 755.089000 1847.362000
21.192380 754.783000 1844.106000
21.208620 767.822000 1863.048000
21.225100 759.577000 1811.744000
21.241580 760.869000 1825.032000
21.260500 742.067000 1621.620000
21.274410 749.309000 1672.924000
21.290890 748.578000 1665.180000
21.307370 751.060000 1673.452000
21.323730 742.254000 1673.210000
21.339970 741.506000 1665.642000
21.356810 741.081000 1682.692000
21.373050 730.252000 1678.336000
21.389400 730.745000 1681.922000
21.405880 730.626000 1681.460000
21.422360 740.435000 1691.272000
21.438600 740.775000 1694.858000
21.455080 503.608000 1785.894000
21.471560 492.660000 1788.336000
21.487920 492.779000 1788.644000
21.504520 497.675000 1783.144000
21.520750 491.334000 1838.914000
21.537350 488.682000 1832.732000
21.553710 517.361000 1785.784000
21.570070 497.607000 1739.760000
21.603030 511.343000 1765.346000
21.619380 494.938000 1841.400000
21.635620 499.834000 1852.884000
21.652340 501.228000 1784.354000
21.668580 518.092000 1858.736000
21.685060 520.642000 1864.984000
21.704100 539.104000 1880.538000
21.717900 519.078000 1858.164000
21.734250 520.251000 1860.848000
21.750610 527.918000 1890.988000
21.767210 544.034000 1912.702000
21.783570 543.864000 1912.768000
21.800050 544.289000 1847.604000
21.816410 502.979000 1791.372000
21.832890 494.105000 1769.130000
21.849370 501.721000 1708.124000
21.865720 466.463000 1738.484000
21.882080 466.599000 1738.814000
21.898440 503.489000 1601.974000
21.914920 502.401000 1601.226000
21.947750 480.131000 1630.178000
21.964230 451.231000 1556.060000
21.980710 454.087000 1564.354000
21.997070 480.284000 1570.492000
22.013430 514.862000 1551.374000
22.029910 517.344000 1559.954000
22.046630 495.567000 1538.548000
22.062870 471.767000 1572.494000
22.079350 467.483000 1559.756000
22.095700 447.015000 1457.434000
22.112060 470.543000 1411.058000
22.128780 465.069000 1392.006000
22.144900 457.198000 1404.920000
22.161500 452.829000 1393.458000
22.177860 457.096000 1407.516000
22.194340 459.425000 1437.040000
22.210690 533.528000 1524.314000
22.227050 538.220000 1542.068000
22.244020 486.319000 1553.618000
22.259890 510.340000 1574.408000
22.276370 506.583000 1562.000000
22.292970 480.862000 1472.438000
22.309200 463.590000 1432.772000
22.325560 462.196000 1427.602000
22.342040 443.598000 1480.688000
22.358520 467.840000 1432.926000
22.375120 472.056000 1447.270000
22.391480 502.333000 1525.436000
22.407840 518.840000 1519.892000
22.424320 515.134000 1506.318000
22.440670 511.309000 1531.794000
22.457030 493.357000 1504.756000
22.473630 496.026000 1513.842000
22.490110 461.244000 1499.806000
22.506470 510.374000 1530.276000
22.522830 512.856000 1539.010000
22.539180 532.865000 1712.744000
22.555660 496.230000 1613.040000
22.572020 494.938000 1609.256000
22.588750 504.798000 1531.948000
22.604860 501.109000 1578.324000
22.621580 499.630000 1573.726000
22.637820 466.871000 1616.758000
22.654420 466.837000 1664.322000
22.670530 469.795000 1672.286000
22.688600 487.696000 1589.852000
22.703610 500.191000 1546.996000
22.736450 494.020000 1585.452000
22.752810 501.381000 1574.958000
22.785770 521.271000 1696.530000
22.802250 505.869000 1617.396000
22.834720 526.711000 1667.952000
22.851440 489.141000 1643.730000
22.884160 549.491000 1605.956000
22.901730 534.021000 1654.862000
22.933590 538.016000 1645.842000
22.949950 544.799000 1631.520000
22.966310 541.586000 1619.772000
22.982790 527.238000 1637.724000
22.999270 524.161000 1600.698000
23.015630 522.801000 1596.210000
23.032100 521.611000 1583.164000
23.048460 556.257000 1600.786000
23.064940 560.609000 1617.330000
23.081420 571.642000 1640.628000
23.097780 568.973000 1650.572000
23.377200 515.151000 1487.728000
23.393680 494.700000 1299.144000
23.410030 490.722000 1283.392000
23.426390 489.787000 1253.120000
23.442750 502.418000 1213.476000
23.459350 501.194000 1207.470000
23.475830 470.747000 1217.304000
23.492070 480.811000 1155.264000
23.508540 486.149000 1178.870000
23.524780 476.799000 948.992000
23.541500 476.153000 905.850000
23.574100 514.607000 957.066000
23.590700 502.282000 946.792000
23.607060 503.438000 952.974000
23.623660 501.432000 883.344000
23.639890 506.515000 909.832000
23.672850 513.995000 893.816000
23.689210 494.207000 854.238000
23.705930 490.688000 833.646000
23.722050 498.083000 935.660000
23.738530 489.923000 955.636000
23.754880 491.266000 962.500000
23.771480 494.173000 703.626000
23.787720 473.008000 716.122000
23.804200 471.733000 708.356000
23.820560 478.346000 692.604000
23.837040 509.813000 663.894000
23.853760 509.932000 664.620000
23.869870 531.930000 547.866000
23.886470 521.798000 582.076000
23.902950 520.557000 573.650000
23.919190 466.429000 535.810000
23.935550 521.203000 560.670000
23.952030 522.359000 568.150000
23.968510 498.508000 539.418000
23.984990 518.143000 502.942000
24.002440 516.851000 495.462000
24.017700 480.828000 489.236000
24.034180 506.260000 496.804000
24.050660 501.704000 463.430000
24.067020 466.191000 494.648000
24.083740 510.969000 526.768000
24.116330 486.999000 515.988000
24.133060 492.966000 461.450000
24.149170 495.227000 477.686000
24.165650 507.637000 418.044000
24.182010 509.150000 455.972000
24.198610 513.366000 487.388000
24.214970 516.103000 392.722000
24.231200 518.194000 417.230000
24.247680 519.435000 426.118000
24.264160 513.519000 449.328000
24.280640 538.662000 470.536000
24.296880 539.019000 473.396000
24.313600 536.197000 446.248000
24.329960 519.367000 500.610000
24.362790 503.387000 434.808000
24.379150 529.210000 439.780000
24.395870 529.210000 439.780000
24.412230 531.386000 445.192000
24.428710 516.086000 436.832000
24.445070 513.825000 419.298000
24.461300 473.892000 419.540000
24.477910 490.909000 432.344000
24.494140 493.000000 447.458000
24.510860 508.997000 457.226000
24.527100 512.941000 457.798000
24.543580 515.270000 475.420000
24.560180 484.500000 438.042000
24.576290 470.713000 396.132000
24.592770 468.435000 380.292000
24.609250 489.532000 489.632000
24.625730 496.485000 449.570000
24.658570 512.516000 478.808000
24.674930 511.683000 496.210000
24.691280 512.465000 502.502000
24.707760 506.039000 301.048000
24.724240 512.108000 283.932000
24.740720 512.040000 282.414000
24.757080 513.808000 297.308000
24.773560 519.299000 273.108000
24.789920 520.591000 285.186000
24.806270 535.959000 292.534000
24.822750 514.233000 286.308000
24.839230 513.264000 277.332000
24.855590 511.989000 320.342000
24.872070 515.185000 337.150000
24.888670 516.154000 345.994000
24.904910 518.942000 324.258000
24.921260 516.273000 285.736000
24.937740 514.199000 268.202000
24.954100 497.114000 244.596000
24.970950 471.699000 197.450000
25.003540 471.036000 225.324000
25.020020 468.673000 214.148000
25.036380 469.999000 222.970000
25.052860 494.139000 239.646000
25.069210 483.837000 249.128000
25.085690 484.942000 258.324000
25.102050 485.503000 270.710000
25.118770 475.745000 270.842000
25.134890 473.416000 253.264000
25.151250 447.797000 243.760000
25.167850 452.608000 235.202000
25.184200 454.002000 243.716000
25.202270 474.062000 309.188000
25.217160 483.395000 318.824000
25.233400 486.710000 344.498000
25.250000 497.607000 330.066000
25.266360 486.506000 317.746000
25.282710 484.194000 300.102000
25.299190 521.118000 696.036000
25.315670 467.942000 566.830000
25.332030 462.961000 535.612000
25.348630 480.233000 547.690000
25.364870 448.273000 540.716000
25.381350 449.616000 548.262000
25.397830 488.325000 581.504000
25.414180 496.502000 623.062000
25.430660 500.106000 646.800000
25.447270 502.299000 655.006000
25.463380 507.603000 638.308000
25.479860 505.410000 623.414000
25.496460 513.893000 611.820000
25.512820 489.634000 598.202000
25.545650 474.045000 649.396000
25.562010 472.362000 645.634000
25.594850 496.281000 614.372000
25.611330 458.643000 614.416000
25.627810 455.957000 598.356000
25.644290 468.350000 616.682000
25.660640 614.652000 562.342000
25.677250 613.105000 546.106000
25.693480 613.717000 530.090000
25.709960 594.677000 527.032000
25.726320 596.360000 543.400000
25.742800 611.252000 524.524000
25.759160 608.481000 552.772000
25.775760 610.912000 576.664000
25.792110 609.535000 568.084000
25.808470 632.825000 609.400000
25.824830 634.814000 631.862000
25.841310 610.504000 598.796000
25.858890 604.962000 607.420000
25.874150 601.596000 575.058000
25.890630 637.823000 630.168000
25.907100 636.718000 592.482000
25.923340 635.477000 578.270000
25.940060 888.046000 501.974000
25.956300 993.480000 554.290000
25.972900 992.494000 571.230000
25.989140 1006.859000 579.436000
26.005740 1010.089000 579.128000
26.038450 1002.864000 596.332000
26.054930 991.848000 614.086000
26.071410 992.851000 597.520000
26.087770 997.390000 578.776000
26.104130 996.115000 566.170000
26.120730 997.101000 549.604000
26.137080 990.216000 514.734000
26.153560 947.308000 516.846000
26.169920 946.985000 524.150000
26.186280 953.496000 552.398000
26.202760 934.490000 567.424000
26.219120 933.742000 592.064000
26.235720 940.712000 592.174000
26.251950 987.360000 602.800000
26.268430 987.275000 604.076000
26.284910 963.033000 528.484000
26.301510 954.448000 528.330000
26.317750 953.819000 543.554000
26.334230 956.573000 565.180000
26.350710 955.655000 631.598000
26.383420 953.666000 669.812000
26.399900 968.337000 575.454000
26.416260 969.918000 543.466000
26.432980 959.293000 544.280000
26.449220 909.840000 506.220000
26.465450 910.248000 489.236000
26.482060 572.322000 487.190000
26.498410 474.368000 565.356000
26.531370 467.194000 550.902000
26.547850 488.869000 534.226000
26.564210 487.492000 525.910000
26.580570 501.789000 523.842000
26.596920 482.868000 527.956000
26.613400 481.610000 519.420000
26.629880 488.291000 541.508000
26.646240 471.495000 557.568000
26.662840 476.612000 589.952000
26.679080 476.459000 609.554000
26.695430 453.390000 556.754000
26.712040 456.093000 573.144000
26.728390 440.453000 589.556000
26.744870 437.733000 586.102000
26.777830 447.610000 608.872000
26.794190 448.579000 590.920000
26.810550 449.922000 598.268000
26.827030 458.031000 633.930000
26.844120 487.458000 620.356000
26.859860 488.699000 628.012000
26.876340 451.588000 644.292000
26.892820 463.148000 626.934000
26.909060 460.649000 611.996000
26.925660 457.844000 644.116000
26.942020 492.660000 630.454000
26.974850 462.128000 602.096000
26.991330 461.261000 603.218000
27.024170 472.481000 579.458000
27.040530 480.879000 600.666000
27.073360 483.514000 585.794000
27.089970 458.643000 573.914000
27.122800 465.545000 591.778000
27.139160 440.436000 585.948000
27.172240 461.091000 628.122000
27.188480 447.457000 616.198000
27.221310 449.446000 632.016000
27.237670 456.178000 610.280000
27.270510 450.840000 597.828000
27.287230 448.698000 565.224000
27.319950 458.898000 546.546000
27.336300 470.458000 547.734000
27.352660 467.857000 531.124000
27.369140 500.701000 517.264000
27.385500 468.469000 993.278000
27.402100 465.817000 980.540000
27.664920 511.360000 627.308000
27.681270 489.328000 409.706000
27.697630 491.674000 426.844000
27.714110 500.871000 431.200000
27.730590 509.337000 476.432000
27.746830 511.649000 493.526000
27.763430 505.223000 502.084000
27.779910 485.486000 513.260000
27.796140 483.004000 496.364000
27.812620 484.483000 493.086000
27.829100 455.957000 474.298000
27.861940 511.836000 477.686000
27.878660 492.133000 504.966000
27.894900 493.102000 513.304000
27.911130 514.471000 540.914000
27.927730 504.526000 507.518000
27.944210 499.817000 473.506000
27.960450 516.256000 505.186000
27.977050 515.984000 488.752000
27.993410 513.859000 472.604000
28.009890 532.882000 477.818000
28.026250 508.878000 492.910000
28.042600 514.267000 531.058000
28.059330 512.601000 559.416000
28.075560 520.098000 636.042000
28.092040 528.003000 689.964000
28.108400 562.258000 690.998000
28.124880 562.564000 706.574000
28.141240 560.677000 691.702000
28.157590 532.355000 674.256000
28.174190 602.174000 585.596000
28.190670 599.097000 554.818000
28.207030 593.810000 591.140000
28.223390 589.900000 611.402000
28.239870 592.654000 636.108000
28.256350 596.241000 626.098000
28.272580 608.328000 599.654000
28.289180 604.180000 559.306000
28.305790 618.698000 611.160000
28.322020 581.961000 535.920000
28.338500 581.145000 527.208000
28.354980 574.651000 547.096000
28.371220 579.020000 590.942000
28.387820 581.672000 615.758000
28.404170 591.158000 665.698000
28.420530 561.952000 649.814000
28.437010 560.898000 641.476000
28.453370 594.643000 644.688000
28.469850 614.023000 615.604000
28.486330 615.706000 632.368000
28.502690 558.348000 660.748000
28.519040 532.627000 640.684000
28.552000 519.214000 636.900000
28.568240 499.800000 661.056000
28.584960 501.942000 674.938000
28.601440 505.648000 672.606000
28.617680 511.496000 691.966000
28.634160 513.604000 705.936000
28.650510 492.252000 700.788000
28.666990 490.773000 756.602000
28.701170 506.889000 697.400000
28.716310 512.805000 689.348000
28.732670 510.680000 675.246000
28.749150 476.391000 629.904000
28.765500 501.296000 598.400000
28.782100 499.171000 583.968000
28.798580 472.889000 612.898000
28.814820 498.848000 624.954000
28.847780 454.971000 641.916000
28.864260 480.114000 659.362000
28.880620 476.102000 635.910000
28.896970 484.211000 593.164000
28.913450 475.932000 553.586000
28.929810 474.657000 544.786000
28.946290 447.967000 504.482000
28.962650 462.519000 540.804000
28.979130 467.857000 574.222000
28.995480 489.787000 580.536000
29.012210 507.484000 610.434000
29.045040 490.110000 704.066000
29.061520 498.967000 709.544000
29.094120 518.160000 635.800000
29.110600 497.131000 671.132000
29.127200 494.717000 655.490000
29.143430 498.729000 680.878000
29.159790 489.260000 690.954000
29.176270 487.815000 683.276000
29.192630 494.054000 653.510000
29.209110 504.628000 649.924000
29.225590 505.699000 657.030000
29.242070 497.913000 664.378000
29.258420 515.967000 693.110000
29.274780 518.381000 709.148000
29.291380 506.600000 724.152000
29.307740 479.587000 743.248000
29.340580 491.912000 722.128000
29.357060 507.076000 694.606000
29.389770 532.763000 771.232000
29.406250 514.488000 726.088000
29.439210 503.829000 697.840000
29.455440 525.929000 709.170000
29.472050 526.643000 714.868000
29.488530 505.767000 713.636000
29.504880 486.880000 715.462000
29.521240 483.140000 691.988000
29.537600 484.602000 684.266000
29.554080 495.907000 659.802000
29.570560 496.298000 662.332000
29.587160 514.862000 659.208000
29.603390 513.060000 645.282000
29.636230 514.998000 636.460000
29.652710 518.993000 605.044000
29.669310 520.931000 618.970000
29.687010 519.843000 692.340000
29.702150 517.939000 726.022000
29.718380 520.268000 741.444000
29.734740 478.805000 824.472000
29.751220 484.313000 772.728000
29.767700 482.052000 759.550000
29.784060 464.066000 750.112000
29.800540 491.164000 763.488000
29.833500 464.746000 827.662000
29.849850 473.909000 664.686000
29.882570 491.419000 703.472000
29.899050 485.928000 719.202000
29.932010 466.072000 740.322000
29.948360 452.982000 749.430000
29.981320 453.458000 811.932000
29.997800 443.904000 782.188000
30.030520 440.793000 753.236000
30.047000 454.937000 720.412000
30.079830 471.240000 721.446000
30.096310 471.920000 708.928000
30.129150 450.874000 761.882000
30.145510 447.610000 775.390000
30.178470 465.120000 810.722000
30.194820 477.156000 664.444000
30.227660 471.359000 714.560000
30.244140 468.401000 716.452000
30.276980 463.607000 724.042000
30.293330 487.339000 721.006000
30.326290 512.125000 968.286000
30.342650 506.260000 923.120000
30.359130 506.260000 923.120000
30.375490 508.810000 936.804000
30.392090 516.443000 914.892000
30.424800 492.167000 952.908000
30.441280 505.427000 945.736000
30.474240 534.514000 949.828000
30.490600 510.816000 906.224000
30.523440 474.385000 886.578000
30.539920 456.280000 877.492000
30.572750 486.047000 944.812000
30.589110 510.901000 939.268000
30.605470 513.009000 951.214000
30.621950 480.658000 957.022000
30.638430 495.091000 953.150000
30.671260 492.473000 919.358000
30.687620 487.679000 941.336000
30.704100 485.401000 929.346000
30.720700 509.099000 1006.500000
30.736940 533.409000 986.612000
30.753420 531.165000 973.456000
30.769780 497.913000 935.066000
30.786500 462.604000 990.154000
30.818970 546.941000 770.682000
30.835570 468.996000 435.644000
30.851930 471.546000 453.002000
30.868410 506.362000 528.792000
30.884770 499.001000 454.278000
30.901370 501.126000 469.634000
30.917600 497.726000 561.066000
30.934080 503.591000 549.230000
30.966920 472.005000 520.762000
30.983400 474.113000 517.616000
30.999760 471.835000 502.634000
31.016240 490.654000 522.104000
31.032710 497.301000 531.036000
31.065670 498.338000 492.250000
31.082150 465.494000 504.284000
31.098510 466.854000 512.094000
31.114990 498.559000 554.378000
31.131230 501.296000 564.146000
31.147710 502.418000 572.220000
31.164060 487.526000 525.888000
31.180540 475.779000 531.212000
31.196900 473.399000 515.548000
31.213380 492.422000 521.818000
31.229740 506.260000 543.576000
31.246220 507.399000 551.056000
31.262700 505.631000 581.526000
31.279170 489.753000 602.580000
31.295410 488.427000 593.824000
31.311890 480.947000 565.400000
31.328370 481.304000 467.126000
31.344850 479.026000 451.374000
31.361450 474.674000 574.310000
31.377690 492.677000 565.026000
31.394290 495.108000 581.372000
31.410520 494.802000 593.076000
31.426880 498.729000 628.298000
31.459720 489.413000 613.536000
31.476320 491.453000 626.362000
31.509030 485.180000 593.384000
31.525510 484.194000 581.790000
31.558350 459.391000 598.048000
31.574710 455.022000 558.888000
31.607540 450.160000 583.374000
31.624150 450.568000 587.906000
31.656860 484.313000 564.960000
31.673580 502.860000 574.838000
31.706420 558.042000 789.426000
31.722660 783.411000 1461.900000
31.755490 1020.272000 1237.588000
31.771970 999.090000 724.834000
31.804810 944.265000 525.954000
31.821290 908.055000 515.130000
31.854130 957.678000 550.110000
31.870480 957.780000 566.698000
31.887080 767.754000 714.626000
31.903440 947.257000 557.568000
31.919680 955.213000 568.722000
31.952880 969.085000 565.752000
31.968990 942.395000 542.740000
32.001950 941.069000 596.728000
32.018430 957.423000 602.734000
32.067630 963.016000 559.372000
32.100460 945.965000 544.368000
32.116820 946.849000 551.320000
32.149780 944.741000 533.104000
32.166140 919.666000 526.944000
32.198970 941.664000 708.598000
32.215580 976.565000 792.242000
32.248410 977.381000 866.844000
32.264770 985.456000 863.676000
32.297610 985.643000 868.296000
32.313960 1001.215000 855.536000
32.346920 968.626000 799.172000
32.363400 962.982000 787.512000
32.396120 978.571000 757.856000
32.412720 977.806000 752.950000
32.445430 973.488000 741.686000
32.461910 967.810000 727.100000
32.478520 967.810000 727.100000
32.494750 951.031000 752.488000
32.511110 980.101000 772.508000
32.544070 962.693000 850.256000
32.560910 976.633000 797.434000
32.577390 977.551000 782.364000
32.593870 956.454000 754.952000
32.610110 954.754000 710.600000
32.626710 955.298000 702.680000
32.642940 938.094000 710.710000
32.659300 944.537000 716.342000
32.675660 944.571000 715.616000
32.692020 949.960000 693.682000
32.708620 966.229000 762.322000
32.724980 967.045000 747.494000
32.741210 969.357000 714.252000
32.757810 981.648000 674.124000
32.774170 981.104000 682.132000
32.790530 978.622000 710.116000
32.807010 973.760000 732.292000
32.823610 971.975000 763.554000
32.839720 944.248000 819.060000
32.856320 964.223000 806.168000
32.872800 964.648000 798.556000
32.889160 984.674000 748.792000
32.905880 983.144000 769.736000
32.921880 983.059000 768.504000
32.938720 987.768000 784.190000
32.954960 1000.467000 812.438000
32.971310 998.767000 835.186000
32.987790 978.163000 827.068000
33.004150 978.673000 839.102000
33.020510 980.475000 810.458000
33.036990 991.678000 810.678000
33.053470 990.505000 728.948000
33.069820 991.474000 713.702000
33.086300 1006.196000 765.138000
33.102780 998.631000 759.330000
33.119140 997.577000 774.202000
33.135500 988.567000 809.116000
33.152100 988.261000 818.554000
33.168330 987.275000 833.316000
33.185420 992.970000 812.658000
33.201290 1033.753000 843.986000
33.217770 1033.226000 850.696000
33.234130 1045.279000 856.328000
33.250490 1043.953000 869.990000
33.267090 1042.627000 883.652000
33.283450 1042.440000 782.342000
33.299800 1012.197000 795.366000
33.333010 800.428000 952.996000
33.349120 749.836000 1015.762000
33.365720 749.445000 1009.646000
33.381960 766.717000 1073.886000
33.401000 753.491000 1043.064000
33.414920 752.862000 1031.030000
33.431150 746.028000 1018.556000
33.447750 741.608000 1006.346000
33.464110 740.435000 986.326000
33.480590 749.275000 961.048000
33.497070 721.956000 926.552000
33.513310 721.616000 919.556000
33.529910 751.689000 914.914000
33.546260 756.772000 934.120000
33.562740 758.064000 961.708000
33.579220 542.691000 1255.672000
33.595700 573.784000 1175.020000
33.628420 531.692000 1244.716000
33.644780 522.665000 1179.354000
33.677860 515.508000 1195.854000
33.694210 504.900000 1190.464000
33.710570 502.401000 1178.936000
33.726930 501.483000 1187.252000
33.743410 519.384000 1241.020000
33.759890 517.055000 1230.174000
33.776250 497.947000 1113.332000
33.792720 499.783000 1131.944000
33.809080 496.995000 1118.678000
33.825680 486.268000 1086.470000
33.842160 461.652000 1227.226000
33.858400 464.287000 1237.764000
33.875120 462.774000 1193.126000
33.891240 491.946000 1236.664000
33.907590 497.437000 1260.116000
33.924070 477.343000 1265.638000
33.940670 496.757000 1315.358000
33.973270 489.379000 1267.772000
33.989870 495.074000 1228.722000
34.022710 486.421000 1299.826000
34.039060 505.529000 1354.210000
34.072020 500.429000 1365.144000
34.088260 516.358000 1361.052000
34.121340 472.447000 1352.692000
34.137700 478.533000 1306.096000
34.172970 506.481000 1314.786000
34.187010 480.114000 1310.386000
34.219970 480.080000 1306.360000
34.236080 531.063000 1299.210000
34.269040 525.419000 1349.392000
34.285520 483.293000 1488.212000
34.318480 481.746000 1504.030000
34.334840 470.815000 1485.484000
34.367680 476.969000 1485.770000
34.386600 447.610000 1456.400000
34.400390 447.610000 1456.400000
34.416990 489.192000 1474.792000
34.433350 472.668000 1450.262000
34.466190 466.956000 1444.784000
34.482790 472.175000 1447.160000
34.515500 483.616000 1469.204000
34.531980 480.556000 1464.078000
34.564820 471.393000 1467.532000
34.581180 468.724000 1487.838000
34.614140 514.998000 1523.808000
34.630620 514.199000 1519.122000
34.663450 506.413000 1511.642000
34.679930 502.656000 1507.836000
34.696170 494.564000 1479.038000
34.714600 708.985000 1286.934000
34.729250 910.775000 964.590000
34.745480 910.724000 950.004000
34.762080 972.944000 821.216000
34.778320 937.244000 916.938000
34.794800 934.524000 975.898000
34.811280 935.170000 888.910000
34.827760 940.746000 792.330000
34.860600 986.595000 818.576000
34.876950 970.989000 806.344000
34.893310 973.981000 758.582000
34.909910 957.151000 724.394000
34.926270 963.645000 664.796000
34.942750 963.900000 654.720000
34.959230 987.564000 625.350000
34.975590 988.992000 748.572000
34.991940 984.266000 822.030000
35.008300 971.890000 859.474000
35.024900 984.980000 913.066000
35.043330 987.479000 878.504000
35.057860 1023.060000 749.606000
35.074100 994.041000 703.780000
35.090450 994.500000 695.332000
35.107060 979.013000 789.030000
35.123410 997.033000 839.916000
35.139890 994.908000 869.440000
35.157230 974.117000 803.880000
35.172850 960.007000 756.866000
35.189210 959.650000 763.730000
35.205440 969.255000 792.594000
35.222170 990.369000 836.418000
35.238400 989.927000 843.700000
35.254760 981.444000 803.264000
35.271240 980.288000 827.156000
35.287600 981.172000 813.318000
35.304200 996.047000 783.288000
35.320430 998.138000 819.104000
35.353390 984.113000 877.646000
35.370730 983.127000 815.892000
35.386230 982.617000 822.448000
35.402590 988.720000 851.972000
35.418950 966.008000 1241.262000
35.435420 965.175000 1251.976000
35.714720 1037.680000 896.104000
35.747560 1022.244000 866.448000
35.764040 1023.944000 871.398000
35.780400 1024.454000 864.930000
35.796880 996.132000 833.030000
35.813230 1007.556000 843.744000
35.829960 1008.610000 829.994000
35.846070 1014.407000 807.686000
35.862430 1019.167000 781.374000
35.895390 1030.625000 842.578000
35.911870 1044.837000 852.852000
35.928220 1045.568000 844.514000
35.944820 1056.346000 800.602000
35.961060 1046.843000 788.414000
35.977420 1045.551000 802.384000
35.994020 1037.595000 834.966000
36.010500 1038.139000 842.754000
36.026860 1037.476000 851.048000
36.043460 1040.791000 816.904000
36.059810 1001.759000 785.818000
36.076050 1002.779000 771.628000
36.092530 1020.680000 790.900000
36.109010 1020.255000 795.322000
36.141850 1026.477000 818.994000
36.158330 1024.471000 814.770000
36.174800 1023.859000 821.370000
36.191160 1024.029000 771.584000
36.207520 1069.946000 804.562000
36.224000 1069.249000 811.668000
36.240230 1050.634000 884.334000
36.256840 1037.391000 828.674000
36.273320 1036.762000 834.790000
36.289670 1023.060000 901.428000
36.306030 998.648000 855.338000
36.322390 998.138000 862.466000
36.338990 1012.690000 882.618000
36.355350 1037.476000 865.436000
36.371950 1039.958000 838.640000
36.388180 1021.921000 797.500000
36.404790 1032.138000 828.058000
36.437500 1044.140000 853.292000
36.453980 987.955000 830.104000
36.470340 989.383000 808.016000
36.487060 973.964000 723.646000
36.503660 970.003000 683.584000
36.519780 971.227000 659.780000
36.536380 956.199000 662.618000
36.552860 947.053000 707.608000
36.569210 945.693000 738.474000
36.585690 960.211000 759.704000
36.602290 959.361000 772.244000
36.618530 958.579000 787.380000
36.634770 974.848000 815.188000
36.651490 948.736000 806.960000
36.684200 938.383000 770.264000
36.700680 977.211000 831.644000
36.733400 972.162000 814.022000
36.749880 969.323000 780.824000
36.766480 971.142000 748.286000
36.782840 942.514000 683.518000
36.799320 935.952000 646.404000
36.832030 955.349000 699.204000
36.848630 950.521000 714.978000
36.864870 948.991000 748.066000
36.881350 972.706000 767.976000
36.897710 968.660000 778.184000
36.930660 970.632000 816.244000
36.946900 968.065000 821.348000
36.979740 953.224000 765.402000
36.996220 947.750000 756.888000
37.012450 948.464000 741.532000
37.029170 941.273000 671.704000
37.045410 963.849000 679.250000
37.078250 934.745000 707.300000
37.094850 943.347000 709.720000
37.111210 942.701000 725.340000
37.127440 970.139000 769.428000
37.144170 959.123000 805.376000
37.176880 956.029000 814.770000
37.193240 963.152000 787.336000
37.226320 947.002000 812.526000
37.242680 952.204000 790.152000
37.275390 933.368000 806.564000
37.291870 952.969000 752.928000
37.324580 966.790000 789.822000
37.341190 976.344000 792.352000
37.374020 952.646000 790.482000
37.390500 939.369000 858.462000
37.423220 971.890000 782.716000
37.439820 955.485000 757.020000
37.472660 947.070000 783.530000
37.489140 968.915000 802.076000
37.521730 926.007000 725.406000
37.538210 930.903000 707.762000
37.554690 931.481000 692.010000
37.571290 940.576000 648.230000
37.587520 970.207000 645.744000
37.620360 993.684000 725.626000
37.636960 984.521000 744.744000
37.653440 983.586000 760.122000
37.669560 972.230000 767.184000
37.686280 965.056000 785.422000
37.719120 970.751000 769.494000
37.735470 972.366000 763.620000
37.768310 972.893000 762.960000
37.784790 980.985000 802.076000
37.817630 990.182000 745.690000
37.833980 990.709000 736.164000
37.866820 937.686000 713.768000
37.883300 944.945000 689.062000
37.899660 945.608000 673.134000
37.916260 968.014000 790.768000
37.932620 927.214000 781.440000
37.949100 927.520000 773.696000
37.965580 942.021000 755.040000
37.981930 940.032000 741.378000
37.998410 940.389000 733.326000
38.014770 960.568000 663.366000
38.031130 970.683000 655.666000
38.047490 970.649000 656.414000
38.063960 934.116000 741.246000
38.080440 948.855000 776.006000
38.096920 948.158000 790.746000
38.113280 923.457000 754.666000
38.129760 927.758000 774.202000
38.146240 927.197000 789.272000
38.162600 936.700000 608.586000
38.178960 955.230000 430.364000
38.195560 954.601000 446.292000
38.211670 947.036000 439.318000
38.228270 961.299000 453.860000
38.244630 960.721000 469.106000
38.261110 952.255000 547.712000
38.277470 929.118000 585.398000
38.294070 928.846000 593.890000
38.310300 968.116000 551.034000
38.328740 957.423000 507.254000
38.343380 959.208000 465.960000
38.359620 937.261000 406.450000
38.376100 948.124000 375.562000
38.392330 948.719000 358.666000
38.408940 973.318000 418.396000
38.425420 960.024000 391.292000
38.442990 959.769000 399.454000
38.458370 951.422000 385.418000
38.474730 967.045000 443.410000
38.491090 966.603000 451.858000
38.507690 961.129000 490.094000
38.524050 965.396000 466.356000
38.541750 965.328000 467.720000
38.556760 970.326000 442.640000
38.573240 948.838000 467.170000
38.589600 948.566000 474.958000
38.606320 955.332000 482.218000
38.622560 943.823000 511.148000
38.639040 942.905000 535.436000
38.657470 953.598000 524.106000
38.671750 934.728000 476.322000
38.688230 934.796000 474.694000
38.704590 960.313000 478.610000
38.721070 967.368000 545.094000
38.737430 966.943000 553.542000
38.754030 950.198000 525.778000
38.770390 948.719000 511.654000
38.786740 949.535000 488.510000
38.803340 967.623000 466.202000
38.819580 956.267000 419.518000
38.836180 956.947000 402.556000
38.852660 953.564000 440.132000
38.868900 969.714000 432.850000
38.885500 970.530000 414.788000
38.901860 1030.319000 416.152000
38.918330 1017.535000 370.414000
38.934690 1018.130000 360.316000
38.951290 991.814000 447.480000
38.967530 1029.010000 444.488000
38.985470 1027.259000 470.690000
39.000490 1006.893000 422.532000
39.016850 994.075000 432.146000
39.033450 994.993000 415.382000
39.049800 1024.777000 442.992000
39.066280 1022.108000 378.466000
39.098880 1033.379000 422.620000
39.115480 995.350000 488.180000
39.131840 994.364000 505.648000
39.148440 1004.020000 502.876000
39.164550 1031.781000 464.310000
39.197510 990.233000 500.544000
39.213870 1009.902000 489.214000
39.246830 1020.136000 488.202000
39.263180 1017.671000 477.422000
39.279790 1017.127000 485.386000
39.296140 1011.330000 520.146000
39.313600 1046.741000 557.062000
39.328980 1048.169000 539.000000
39.345340 1037.969000 501.974000
39.361820 1031.424000 376.178000
39.378420 1032.529000 357.456000
39.394780 1022.924000 387.728000
39.411130 1014.798000 461.714000
39.427490 1011.432000 514.646000
39.443850 1027.463000 526.174000
39.460330 1035.011000 536.074000
39.476810 1035.708000 528.396000
39.493290 1015.359000 570.812000
39.509770 1027.480000 540.958000
39.526120 1028.636000 524.854000
39.542480 1038.972000 501.732000
39.559080 1034.722000 481.536000
39.575560 1034.178000 489.368000
39.591800 1018.997000 448.888000
39.608400 1019.184000 438.548000
39.624880 1019.269000 437.162000
39.641240 1026.817000 442.508000
39.657710 1038.598000 481.536000
39.673950 1039.176000 473.616000
39.690550 1001.878000 478.874000
39.706670 935.323000 426.690000
39.723270 935.272000 428.076000
39.739620 933.164000 458.172000
39.755980 934.320000 516.846000
39.788940 949.586000 511.016000
39.805540 930.070000 494.912000
39.821660 929.849000 502.678000
39.838260 951.218000 497.486000
39.854610 959.242000 532.554000
39.870970 958.800000 541.134000
39.887450 963.101000 569.624000
39.903930 976.072000 508.288000
39.920410 976.055000 506.418000
39.937010 962.897000 507.958000
39.953250 961.741000 535.612000
39.969850 960.993000 551.958000
39.986210 974.831000 527.626000
40.002690 981.036000 484.946000
40.018920 982.634000 453.464000
40.035400 974.797000 481.624000
40.051880 946.373000 483.934000
40.084720 948.464000 557.634000
40.380370 1017.841000 457.402000
40.396850 1000.841000 460.504000
40.429690 1009.783000 452.672000
40.446040 1020.629000 447.414000
40.462520 1021.802000 429.440000
40.478880 1021.530000 411.092000
40.495360 1031.322000 412.478000
40.528320 1052.062000 427.020000
40.544560 1020.612000 473.946000
40.561040 1019.456000 491.568000
40.577510 1048.577000 509.718000
40.593870 1071.323000 501.996000
40.610230 1072.836000 484.418000
40.627560 1020.986000 474.342000
40.643310 1051.858000 464.816000
40.659790 1052.555000 455.158000
40.676030 1029.231000 448.844000
40.692500 1035.402000 475.552000
40.708860 1032.971000 509.256000
40.725460 1029.248000 486.156000
40.741820 1025.083000 528.924000
40.758180 1024.556000 538.780000
40.774780 1024.267000 460.240000
40.791020 1041.641000 430.716000
40.807500 1044.174000 395.384000
40.823850 1068.705000 386.188000
40.840450 1050.685000 406.494000
40.856690 1052.011000 388.564000
40.873170 979.336000 443.872000
40.889770 956.505000 424.116000
40.922490 978.299000 422.202000
40.938960 987.547000 424.996000
40.956540 985.813000 458.040000
40.971920 981.512000 483.626000
40.988280 982.838000 534.600000
41.021000 962.387000 456.654000
41.037350 977.721000 430.650000
41.053830 979.013000 406.054000
41.070430 982.464000 407.198000
41.086790 978.877000 407.792000
41.103150 978.503000 415.888000
41.119630 958.919000 351.252000
41.136110 981.240000 380.358000
41.152470 979.948000 407.814000
41.168820 974.627000 444.356000
41.185550 962.183000 455.950000
41.201900 962.761000 446.578000
41.218260 962.217000 494.032000
41.234740 971.261000 426.778000
41.250980 972.009000 410.256000
41.267460 975.222000 366.234000
41.283810 1016.277000 429.748000
41.300540 1015.665000 437.756000
41.316770 998.733000 431.090000
41.333130 1000.212000 415.140000
41.349610 1000.297000 413.754000
41.365970 1024.879000 390.126000
41.382570 1017.399000 484.528000
41.399050 1017.977000 476.674000
41.415410 1032.631000 373.076000
41.431760 1008.372000 409.486000
41.448120 1009.358000 392.942000
41.464720 1035.946000 353.672000
41.481080 1020.561000 389.664000
41.499630 1019.439000 407.550000
41.513920 1021.955000 393.162000
41.530520 1019.337000 415.712000
41.546750 1018.181000 433.818000
41.563230 1024.811000 459.712000
41.579710 1001.912000 473.088000
41.595950 1001.028000 487.762000
41.612430 994.024000 511.412000
41.629030 1011.755000 579.238000
41.645390 1011.432000 585.618000
41.661870 1033.328000 489.434000
41.678220 1027.174000 447.854000
41.694580 1028.177000 432.828000
41.710940 1039.618000 461.494000
41.727660 1023.281000 512.050000
41.743900 1022.040000 529.892000
41.760500 1030.982000 588.808000
41.776730 1060.664000 478.698000
41.793090 1061.429000 470.536000
41.809570 1064.982000 469.172000
41.826050 1020.374000 478.390000
41.842650 1022.669000 443.894000
41.858890 1060.426000 379.456000
41.875370 997.696000 339.790000
41.891970 998.104000 329.670000
41.908080 975.222000 333.366000
41.924560 972.451000 351.582000
41.941160 970.887000 387.112000
41.957400 974.627000 396.616000
41.974120 988.312000 449.020000
42.006840 1001.487000 421.454000
42.023070 999.651000 431.024000
42.039670 1000.195000 422.774000
42.056030 987.598000 436.194000
42.072510 973.675000 445.830000
42.088870 973.607000 447.194000
42.105350 960.619000 418.264000
42.121830 757.673000 413.446000
42.157230 524.756000 411.576000
42.171260 523.413000 411.708000
42.204470 495.125000 424.138000
42.220700 494.581000 394.768000
42.237180 492.184000 376.926000
42.253420 495.482000 355.124000
42.270750 503.897000 392.920000
42.302730 493.374000 360.822000
42.319340 489.770000 423.896000
42.335690 492.201000 441.386000
42.352050 486.897000 467.412000
42.368530 522.597000 447.348000
42.387330 524.535000 462.748000
42.401120 513.553000 499.422000
42.417600 525.946000 470.426000
42.433960 527.952000 486.002000
42.450440 535.279000 513.590000
42.467040 520.217000 531.256000
42.499760 498.644000 506.506000
42.515990 500.616000 454.146000
42.532590 498.457000 438.372000
42.549190 541.892000 392.546000
42.565550 555.084000 431.442000
42.582030 553.316000 415.778000
42.598390 549.525000 410.718000
42.614990 557.498000 441.320000
42.647830 562.615000 429.682000
42.664180 574.022000 435.600000
42.697020 472.481000 899.624000
42.715580 492.303000 1077.516000
42.746220 485.945000 1053.954000
42.762940 504.424000 1046.232000
42.795650 486.081000 1088.846000
42.812010 512.499000 1115.972000
42.828490 510.085000 1103.872000
42.844970 501.704000 1116.632000
42.861080 467.007000 1070.234000
42.893920 495.652000 1060.114000
42.910280 488.886000 1097.712000
42.943240 504.492000 1034.462000
42.959720 484.109000 1024.936000
42.992550 494.649000 1024.980000
43.008790 499.052000 1033.208000
43.025880 501.534000 1045.858000
43.041870 500.174000 993.388000
43.058230 482.817000 1011.604000
43.090940 526.949000 1040.600000
43.107670 512.771000 986.040000
43.142330 469.642000 1056.990000
43.156980 518.959000 1038.752000
43.189580 504.169000 1023.198000
43.206180 496.400000 1074.216000
43.239010 517.191000 1093.268000
43.255370 528.870000 1048.080000
43.271850 525.368000 1029.226000
43.288210 476.357000 966.592000
43.304570 511.054000 965.316000
43.321040 512.771000 975.414000
43.337400 491.164000 1081.850000
43.353880 472.209000 1110.604000
43.370240 479.162000 1141.734000
43.386840 465.545000 1130.140000
43.403200 502.962000 1140.964000
43.419680 498.372000 1119.052000
43.436160 468.044000 1029.754000
43.452510 476.782000 1056.088000
43.468990 475.286000 1049.422000
43.485600 491.878000 1101.342000
43.501830 483.888000 1062.204000
43.518190 482.426000 1055.692000
43.534790 482.579000 1098.130000
43.551150 487.526000 1086.778000
43.567500 488.954000 1093.136000
43.583980 540.124000 1089.330000
43.600340 557.566000 1128.908000
43.616700 557.107000 1127.918000
43.633300 526.609000 1045.660000
43.649780 551.191000 1031.272000
43.665890 554.421000 1050.940000
43.682370 590.801000 1164.922000
43.699100 546.329000 1105.852000
43.715450 544.306000 1094.434000
43.731690 554.132000 1064.712000
43.748170 579.309000 1090.386000
43.781250 565.216000 1031.690000
43.798340 573.104000 1062.776000
43.830320 562.564000 1092.366000
43.846680 553.724000 1108.580000
43.879760 565.012000 1028.874000
43.896000 541.773000 1019.062000
43.912480 544.697000 1036.178000
43.929080 542.453000 1187.252000
43.945430 526.116000 1198.978000
43.962040 527.238000 1204.566000
43.978270 509.728000 1166.198000
43.994630 520.489000 1153.592000
44.011110 516.137000 1131.856000
44.027470 514.403000 1141.118000
44.043950 516.120000 1164.812000
44.076900 501.925000 1105.940000
44.093260 504.577000 1060.950000
44.109620 507.926000 1077.824000
44.126100 512.839000 1149.500000
44.142330 503.608000 1132.318000
44.159060 504.764000 1138.236000
44.175420 521.254000 1139.204000
44.191770 468.333000 1080.486000
44.208370 462.043000 1051.248000
44.224610 453.747000 1040.732000
44.241090 469.081000 1035.760000
44.257570 466.310000 1022.714000
44.273930 451.061000 1038.488000
44.290530 449.956000 1000.538000
44.306880 448.698000 994.290000
44.323240 473.042000 1039.082000
44.339720 466.497000 1040.182000
44.356320 469.268000 1053.008000
44.372440 488.495000 1111.088000
44.389040 489.226000 1155.000000
44.405400 491.810000 1166.704000
44.421880 490.008000 1112.804000
44.438110 522.563000 1099.736000
44.454590 520.234000 1087.482000
44.471070 596.530000 1093.202000
44.487550 585.922000 1115.202000
44.520390 597.618000 1042.448000
44.536740 602.089000 1098.526000
44.553100 603.840000 1110.736000
44.569580 598.978000 1090.210000
44.586180 606.798000 1127.390000
44.619140 602.463000 1093.576000
44.635250 616.828000 1105.148000
44.668210 598.434000 1118.348000
44.684690 593.946000 1117.666000
44.717530 612.680000 1138.742000
44.734010 622.727000 1187.648000
44.766850 632.009000 1164.240000
44.783200 577.881000 1117.028000
44.815920 528.241000 1070.124000
44.832400 527.714000 1037.344000
44.848750 528.802000 1042.910000
44.865110 529.023000 1109.372000
44.881710 544.884000 1066.714000
44.898070 545.938000 1072.940000
44.914430 531.437000 1071.554000
44.930790 512.176000 1043.240000
44.947390 509.915000 1031.382000
44.963870 550.205000 1088.120000
44.980350 540.226000 1078.704000
44.996830 538.016000 1066.274000
45.013180 506.957000 1045.990000
45.029660 534.786000 1050.434000
45.062380 508.555000 1016.488000
45.078860 534.854000 1050.214000
45.095460 537.098000 1062.776000
45.111940 509.847000 1052.348000
45.128170 522.291000 1063.106000
45.161010 518.279000 1075.954000
45.177370 543.490000 1029.842000
45.210210 562.258000 1058.728000
45.226810 557.192000 1044.362000
45.259640 548.250000 1069.310000
45.276120 554.166000 1060.422000
45.308960 569.738000 1049.884000
45.325320 564.179000 1051.534000
45.358150 554.761000 1049.774000
45.374510 539.665000 1151.040000
45.407470 458.915000 1295.184000
45.423830 474.793000 1311.354000
45.440310 470.611000 1295.294000
45.456790 447.440000 1283.612000
45.473270 437.784000 1275.032000
45.489620 431.902000 1253.890000
45.506100 443.139000 1269.840000
45.522340 475.422000 1250.480000
45.538820 479.298000 1265.858000
45.555300 469.404000 1282.248000
45.571660 450.041000 1315.842000
45.588130 455.906000 1336.852000
45.604490 455.447000 1332.914000
45.621220 459.765000 1331.968000
45.653930 480.811000 1348.380000
45.670410 482.647000 1316.876000
45.703130 512.227000 1330.406000
45.719480 511.003000 1335.510000
45.752560 507.178000 1269.246000
45.768920 505.223000 1263.526000
45.801760 498.457000 1324.950000
45.818240 498.814000 1331.374000
45.834470 496.264000 1321.012000
46.146610 537.659000 1451.120000
46.163210 521.900000 1394.976000
46.179440 524.229000 1404.546000
46.198120 499.273000 1418.186000
46.212650 544.969000 1442.342000
46.228880 547.196000 1451.780000
46.245240 510.629000 1448.216000
46.261840 510.510000 1415.942000
46.294680 546.210000 1382.018000
46.311160 507.161000 1374.956000
46.344120 519.571000 1399.178000
46.360350 493.323000 1445.202000
46.376590 491.980000 1440.472000
46.393190 449.463000 1370.512000
46.409550 471.206000 1389.806000
46.426150 469.897000 1384.438000
46.442380 464.576000 1371.458000
46.458980 466.871000 1382.084000
46.475590 468.214000 1387.518000
46.491820 445.264000 1379.268000
46.508180 451.197000 1377.090000
46.526860 449.599000 1371.788000
46.541140 464.644000 1414.864000
46.557370 481.831000 1392.094000
46.573850 484.636000 1402.324000
46.590330 464.814000 1453.496000
46.606810 472.770000 1410.134000
46.639650 477.700000 1448.326000
46.656010 517.905000 1653.344000
46.688840 501.347000 1551.264000
46.705200 516.528000 1520.134000
46.738280 509.490000 1518.594000
46.754640 484.874000 1536.788000
46.787480 488.444000 1577.642000
46.803710 489.447000 1550.758000
46.836670 486.421000 1595.088000
46.855830 500.650000 1577.158000
46.869630 498.066000 1568.754000
46.886110 493.187000 1604.988000
46.902470 474.334000 1575.288000
46.935420 494.020000 1572.120000
46.951900 484.517000 1620.388000
46.969850 487.220000 1628.396000
46.984620 494.445000 1553.244000
47.001100 495.108000 1578.016000
47.017330 492.473000 1569.590000
47.033690 469.608000 1486.342000
47.050420 456.841000 1491.798000
47.083250 456.960000 1472.504000
47.099610 455.345000 1502.996000
47.116090 456.773000 1507.704000
47.132450 450.500000 1423.400000
47.148800 484.126000 1424.720000
47.165410 481.355000 1414.820000
47.183590 466.293000 1498.288000
47.198240 453.798000 1486.694000
47.214480 455.243000 1490.874000
47.231080 474.045000 1536.150000
47.247310 471.410000 1525.964000
47.263790 474.317000 1535.094000
47.280400 476.374000 1528.714000
47.299070 486.472000 1526.250000
47.329830 493.459000 1503.326000
47.346190 484.126000 1463.616000
47.378910 485.112000 1526.448000
47.395260 485.095000 1513.248000
47.428100 518.840000 1529.110000
47.444580 495.958000 1519.606000
47.477540 494.666000 1529.616000
47.493770 506.039000 1532.652000
47.526730 482.834000 1542.266000
47.543210 552.857000 1515.382000
47.576050 579.088000 1575.574000
47.592410 595.595000 1554.564000
47.625370 579.955000 1543.520000
47.641720 587.061000 1555.950000
47.658080 587.894000 1559.800000
47.674440 555.934000 1501.390000
47.690920 573.155000 1483.680000
47.707400 574.073000 1488.124000
47.723750 589.305000 1476.552000
47.740360 581.519000 1389.828000
47.756840 581.434000 1389.410000
47.773320 638.571000 1519.562000
47.789550 626.807000 1551.066000
47.806030 626.110000 1546.336000
47.822510 634.049000 1485.550000
47.839970 606.662000 1464.364000
47.855220 602.429000 1442.100000
47.871580 607.342000 1464.760000
47.888060 574.855000 1493.338000
47.904660 578.646000 1510.344000
47.921020 463.692000 1766.754000
47.937500 456.195000 1760.088000
47.970210 456.331000 1749.594000
47.986690 452.863000 1724.074000
48.003420 447.338000 1710.720000
48.019650 462.298000 1640.650000
48.035890 446.709000 1601.182000
48.052370 449.616000 1609.124000
48.068850 475.541000 1636.162000
48.085330 482.953000 1608.926000
48.101680 486.574000 1620.256000
48.118040 472.702000 1613.370000
48.134640 474.198000 1625.954000
48.150880 472.685000 1621.444000
48.168580 465.562000 1801.954000
48.183840 494.513000 1861.684000
48.200560 493.459000 1859.638000
48.216670 493.000000 1669.844000
48.233280 496.876000 1678.314000
48.249630 494.156000 1670.504000
48.265990 475.507000 1704.692000
48.282840 469.642000 1721.698000
48.298830 471.172000 1725.240000
48.315430 487.985000 1699.192000
48.331910 479.774000 1693.824000
48.348140 482.647000 1701.568000
48.364870 470.764000 1680.844000
48.380860 470.781000 1740.068000
48.397460 467.942000 1732.962000
48.414060 458.405000 1741.916000
48.430300 466.021000 1698.422000
48.463260 518.874000 1752.212000
48.479610 553.180000 1710.302000
48.495970 555.390000 1717.628000
48.512450 567.426000 1734.194000
48.528810 553.503000 1680.624000
48.561650 537.744000 1706.452000
48.578250 526.048000 1766.050000
48.594480 524.960000 1762.728000
48.611940 526.813000 1740.442000
48.627440 542.742000 1747.438000
48.643680 543.643000 1749.902000
48.660280 563.210000 1770.758000
48.676640 557.617000 1776.544000
48.693120 559.946000 1783.804000
48.709590 562.377000 1752.718000
48.726070 562.309000 1730.960000
48.742430 557.107000 1713.404000
48.758910 688.007000 1697.520000
48.775150 636.633000 1665.092000
48.791750 635.069000 1657.282000
48.807980 653.412000 1728.826000
48.824580 658.529000 1728.408000
48.840940 659.770000 1734.656000
48.857540 666.077000 1695.628000
48.873900 680.663000 1729.706000
48.890260 683.060000 1743.764000
48.906740 688.483000 1783.056000
48.923100 730.371000 1724.932000
48.939580 730.031000 1721.962000
48.955930 978.248000 1464.716000
48.972660 996.591000 1399.596000
48.988890 997.611000 1390.356000
49.005370 984.181000 1449.910000
49.021610 957.933000 1517.406000
49.037960 957.100000 1526.448000
49.054570 983.671000 1473.142000
49.070920 990.590000 1466.146000
49.103760 991.780000 1345.674000
49.120360 966.603000 1366.420000
49.136600 967.504000 1356.058000
49.153080 948.226000 1355.508000
49.169680 977.976000 1402.830000
49.202510 988.771000 1431.540000
49.218870 991.950000 1451.076000
49.251710 957.661000 1421.838000
49.268070 987.394000 1403.908000
49.284670 988.431000 1394.074000
49.300900 990.080000 1383.756000
49.317500 993.021000 1118.766000
49.350340 984.130000 888.602000
49.366700 972.655000 912.340000
49.383060 971.788000 926.002000
49.399540 1010.157000 947.474000
49.416020 1035.113000 1023.770000
49.432500 1033.090000 1042.734000
49.448730 994.143000 985.006000
49.465330 1005.890000 972.994000
49.481690 1005.329000 980.144000
49.497920 1022.023000 999.856000
49.514650 999.209000 986.018000
49.531010 1000.229000 973.368000
49.547360 983.654000 926.772000
49.563720 993.344000 1003.420000
49.596680 970.275000 971.542000
49.613160 982.056000 1003.552000
49.629640 981.189000 1015.322000
49.646000 968.456000 998.030000
49.662350 968.116000 1003.838000
49.695310 943.840000 1015.102000
49.711670 923.797000 1042.118000
49.728030 924.307000 1030.568000
49.744630 971.499000 1003.992000
49.760990 948.396000 1026.388000
49.777470 948.107000 1032.086000
49.793700 931.243000 1013.606000
49.810300 936.564000 1084.490000
49.826780 936.581000 1084.028000
49.843020 966.212000 1014.464000
49.859620 971.805000 803.286000
49.875980 972.961000 781.154000
49.892330 979.710000 695.706000
49.908940 941.052000 689.678000
49.925290 940.083000 712.844000
49.941650 958.460000 740.102000
49.958010 934.371000 730.312000
49.974490 934.082000 738.056000
49.990970 949.348000 694.584000
50.007450 954.873000 724.086000
50.023800 955.570000 709.478000
50.040160 930.903000 673.244000
50.056640 954.873000 662.530000
50.073000 954.550000 669.394000
50.089360 976.055000 761.926000
50.105830 939.624000 751.190000
50.122190 939.369000 759.066000
50.138670 952.663000 794.288000
50.155030 976.871000 799.722000
50.171630 977.313000 792.176000
50.187870 983.858000 759.462000
50.204470 971.482000 731.632000
50.220700 971.091000 739.222000
50.237300 959.769000 795.718000
50.253660 968.048000 795.256000
50.269900 968.847000 781.176000
50.286870 971.482000 762.894000
50.303100 973.114000 750.024000
50.335940 977.007000 717.442000
50.352540 966.110000 709.984000
50.368900 966.943000 694.210000
50.385250 977.092000 653.598000
50.401490 958.579000 647.922000
50.434810 1009.375000 811.514000
50.451050 989.740000 800.492000
50.467530 988.210000 822.074000
50.483890 985.779000 753.896000
50.500240 962.608000 873.026000
50.516600 962.132000 880.110000
50.533200 981.206000 1690.062000
50.549800 1011.296000 1661.088000
50.566280 1014.407000 1641.244000
50.582760 1006.723000 1607.034000
50.598880 1008.780000 1558.788000
50.615230 1010.633000 1545.236000
50.631590 1014.390000 1552.496000
50.647950 989.366000 1437.150000
50.664430 987.241000 1456.334000
50.680790 980.526000 1465.332000
50.697390 988.924000 1469.776000
50.713750 987.853000 1479.236000
50.730220 963.373000 1503.502000
50.746580 989.417000 1482.162000
50.779540 977.789000 1462.032000
50.798100 991.525000 1541.540000
50.812500 992.630000 1532.608000
50.828860 995.877000 1504.888000
50.845210 966.620000 1500.422000
50.877930 983.263000 1477.190000
50.894650 973.284000 1474.418000
50.927370 955.740000 1494.636000
50.943850 987.598000 1492.898000
50.976560 986.884000 1473.340000
50.993160 968.643000 1450.130000
51.010010 967.725000 1459.744000
51.025880 969.340000 1432.706000
51.042480 962.336000 1420.452000
51.075200 989.247000 1469.468000
51.091670 1001.589000 1475.496000
51.124390 981.614000 1458.116000
51.140990 994.347000 1428.174000
51.157590 993.854000 1432.618000
51.174190 978.367000 1452.814000
51.190430 968.796000 1459.238000
51.206910 969.272000 1454.222000
51.223390 975.919000 1477.938000
51.242190 1012.231000 1447.710000
51.255980 1014.594000 1429.230000
51.272340 1017.127000 1422.938000
51.288940 999.685000 1409.980000
51.305420 998.563000 1419.704000
51.322020 1014.560000 1375.550000
51.338380 997.798000 1514.238000
51.354860 996.642000 1523.324000
51.370970 1007.998000 1533.620000
51.387210 1013.047000 1513.622000
51.420040 986.187000 1461.966000
51.436650 988.890000 1463.748000
51.453000 989.978000 1454.156000
51.469600 994.993000 1448.128000
51.485840 983.586000 1485.704000
51.518800 1010.497000 1436.248000
51.535030 1019.558000 1470.260000
51.551760 1018.266000 1479.720000
51.567990 862.580000 1512.434000
51.584590 702.831000 1455.366000
51.617190 588.659000 1436.600000
51.633670 582.692000 1405.492000
51.650150 581.791000 1400.674000
51.666500 577.082000 1480.468000
51.682860 592.705000 1501.676000
51.699710 591.702000 1496.946000
51.715940 567.885000 1458.226000
51.732300 574.005000 1474.242000
51.748780 576.096000 1483.834000
51.765260 585.684000 1476.134000
51.782710 570.401000 1457.940000
51.814580 555.798000 1419.308000
51.830930 501.653000 1445.026000
51.863650 478.873000 1408.770000
51.880130 480.590000 1445.268000
51.912960 508.130000 1450.306000
51.929690 508.419000 1456.158000
51.945920 504.560000 1442.210000
51.962160 469.931000 1423.950000
51.978640 472.549000 1393.568000
51.995000 471.053000 1388.442000
52.011600 471.308000 1423.048000
52.027950 480.182000 1456.730000
52.044430 485.656000 1475.540000
52.060910 483.480000 1484.692000
52.077150 488.903000 1493.800000
52.110470 473.994000 1465.376000
52.126710 518.126000 1539.340000
52.373050 995.775000 876.634000
52.405880 984.572000 896.698000
52.422240 1008.066000 866.118000
52.440670 1009.205000 851.598000
52.455200 985.762000 693.616000
52.471560 1004.802000 631.378000
52.504520 981.597000 665.412000
52.521000 988.006000 679.118000
52.537350 987.037000 695.024000
52.553710 997.781000 765.842000
52.570190 1000.552000 825.352000
52.586790 1000.025000 831.908000
52.603030 998.937000 795.982000
52.619260 975.103000 856.372000
52.635990 974.780000 863.500000
52.652220 972.349000 791.978000
52.668820 995.826000 783.552000
52.685180 996.795000 769.340000
52.701540 975.936000 786.280000
52.718020 1000.654000 776.820000
52.734380 1001.725000 761.574000
52.750850 979.982000 718.190000
52.768310 990.862000 656.128000
52.800170 973.607000 805.310000
52.816530 992.018000 788.546000
52.833130 989.978000 816.090000
52.849370 1015.665000 751.586000
52.865840 1036.660000 768.196000
52.882200 1034.263000 795.960000
52.898800 1037.442000 842.578000
52.915160 1028.772000 823.504000
52.931760 1029.979000 810.634000
52.947880 1032.614000 835.714000
52.964360 1034.688000 796.906000
52.980830 1038.377000 754.490000
52.997310 1027.956000 670.406000
53.013670 1029.435000 759.066000
53.029910 1027.633000 779.086000
53.046630 1035.487000 780.758000
53.062990 1027.531000 809.820000
53.079350 1025.695000 832.942000
53.096070 1049.614000 845.570000
53.112300 1024.862000 755.414000
53.128910 1027.140000 726.968000
53.145260 1016.158000 438.636000
53.161620 1025.253000 445.082000
53.194340 1024.199000 429.528000
53.210820 1007.046000 507.276000
53.243770 1017.960000 444.334000
53.260250 1006.230000 470.250000
53.292970 1012.656000 509.036000
53.309330 1019.201000 504.262000
53.325810 1019.711000 494.582000
53.342410 1020.646000 503.954000
53.358760 1012.792000 419.166000
53.375120 1011.772000 435.886000
53.391600 981.699000 500.500000
53.407960 998.257000 504.394000
53.424440 997.203000 522.280000
53.440920 1008.933000 489.236000
53.457150 1028.398000 555.500000
53.473880 1029.078000 547.514000
53.490110 1017.518000 494.318000
53.506590 1000.246000 481.206000
53.523070 1001.198000 464.662000
53.539310 1016.379000 459.954000
53.555910 991.916000 433.686000
53.572140 991.117000 448.602000
53.588870 994.449000 438.152000
53.605100 1023.026000 489.742000
53.621580 1022.023000 506.176000
53.637940 1040.910000 504.702000
53.654420 1009.375000 522.544000
53.670780 1011.330000 491.568000
53.687380 1043.205000 486.200000
53.703740 1005.958000 408.364000
53.720090 1007.029000 390.082000
53.736570 1058.964000 404.470000
53.752930 1038.598000 421.586000
53.769530 1037.935000 429.440000
53.785890 1037.323000 340.010000
53.802370 1030.489000 438.922000
53.818730 1028.092000 474.056000
53.835080 1006.400000 425.832000
53.853150 1031.883000 517.000000
53.868160 1032.427000 509.190000
53.884280 1002.779000 457.226000
53.900880 1010.208000 480.370000
53.917240 1011.228000 463.804000
53.933720 998.699000 395.340000
53.950200 1025.151000 404.734000
53.966550 1025.661000 394.460000
53.983030 1003.952000 441.254000
53.999390 998.087000 379.918000
54.015750 997.152000 396.924000
54.032230 1028.347000 496.254000
54.048710 1020.765000 494.296000
54.065190 1019.558000 512.292000
54.081540 952.731000 369.864000
54.098140 971.890000 331.254000
54.114260 972.723000 311.762000
54.130740 955.485000 323.510000
54.147220 966.212000 289.564000
54.163700 966.994000 270.226000
54.180180 947.903000 322.718000
54.196410 964.087000 256.234000
54.212890 963.713000 267.080000
54.229370 968.796000 302.236000
54.245970 946.458000 296.252000
54.262330 946.747000 286.814000
54.278810 957.474000 265.408000
54.295170 958.715000 259.644000
54.311400 958.511000 268.950000
54.328000 948.991000 247.962000
54.344480 952.527000 301.378000
54.360840 953.479000 274.032000
54.377080 955.706000 238.128000
54.393680 825.129000 351.692000
54.410030 825.010000 342.034000
54.426510 695.232000 1145.628000
54.443120 697.306000 1233.144000
54.459470 699.482000 1255.782000
54.475950 683.927000 1154.912000
54.492190 716.533000 1299.408000
54.525270 726.189000 1242.318000
54.541380 680.051000 1303.126000
54.574340 693.532000 1244.518000
54.590940 705.925000 1248.632000
54.607300 704.922000 1237.456000
54.623540 630.870000 1382.260000
54.640140 521.169000 1647.096000
54.656490 517.174000 1633.808000
54.672970 532.406000 1788.930000
54.689450 539.308000 1754.170000
54.705810 542.606000 1763.960000
54.722170 510.629000 1748.670000
54.738530 575.042000 1745.766000
54.755250 575.501000 1747.306000
54.771480 540.379000 1714.218000
54.787960 531.573000 1709.092000
54.820800 562.360000 1796.630000
54.837160 547.213000 1752.762000
54.853760 549.474000 1759.758000
54.870120 541.416000 1710.324000
54.886470 564.859000 1745.216000
54.919680 553.622000 1810.182000
54.935790 520.302000 1801.338000
54.968750 614.975000 1240.448000
54.984990 675.886000 923.780000
55.018070 745.110000 745.580000
55.034420 718.318000 740.938000
55.067260 845.733000 650.254000
55.083620 881.229000 528.110000
55.116580 879.852000 538.406000
55.132930 889.899000 556.402000
55.149410 889.712000 570.988000
55.165890 953.445000 708.818000
55.182250 990.114000 811.162000
55.198610 989.519000 825.000000
55.215210 970.122000 474.782000
55.231450 987.054000 405.196000
55.247920 987.870000 389.026000
55.264400 982.923000 407.132000
55.280880 979.693000 424.116000
55.313720 1002.677000 387.684000
55.330080 981.240000 288.750000
55.346440 981.563000 280.412000
55.363160 970.275000 320.188000
55.379520 1010.990000 327.778000
55.395750 1009.018000 362.692000
55.412230 996.880000 366.036000
55.428340 984.589000 368.148000
55.445070 986.068000 339.878000
55.461430 1007.131000 313.676000
55.477910 1001.895000 267.168000
55.494260 1003.714000 232.232000
55.510620 992.392000 210.210000
55.527220 976.735000 244.530000
55.543330 977.194000 234.718000
55.560060 958.069000 196.812000
55.576420 940.916000 168.278000
55.592900 941.239000 157.806000
55.609380 955.298000 192.830000
55.625730 923.882000 290.334000
55.642210 922.879000 328.768000
55.658570 642.940000 238.040000
55.674930 637.568000 249.986000
55.691280 638.197000 258.522000
55.707760 660.314000 290.334000
55.724370 645.541000 331.012000
55.740720 646.170000 340.032000
55.757200 631.142000 343.354000
55.773560 633.828000 327.008000
55.790040 632.468000 309.672000
55.806520 655.639000 246.994000
55.823120 651.508000 245.256000
55.855710 631.686000 236.874000
55.872190 642.464000 280.038000
55.888550 643.688000 296.736000
55.905150 523.600000 262.240000
55.921390 479.825000 309.672000
55.954470 461.822000 289.454000
55.970830 454.325000 280.456000
56.003780 445.196000 281.886000
56.020020 495.431000 301.466000
56.053100 511.819000 286.418000
56.069460 493.051000 284.702000
56.102290 461.669000 279.532000
56.118530 486.064000 343.728000
56.151490 496.400000 326.832000
56.168090 490.756000 325.996000
56.184330 486.200000 291.126000
56.200810 479.043000 226.820000
56.217160 473.824000 211.068000
56.233640 477.190000 236.368000
56.250240 497.182000 303.270000
56.267820 504.951000 274.604000
56.283080 510.544000 320.320000
56.299440 557.294000 398.486000
56.315800 604.554000 390.324000
56.332280 601.443000 356.422000
56.348630 622.557000 293.612000
56.365110 615.468000 290.048000
56.397950 599.522000 307.978000
56.414310 613.343000 309.518000
56.447270 618.477000 314.072000
56.463620 621.112000 275.748000
56.480100 619.752000 258.896000
56.496580 617.525000 284.372000
56.512940 631.142000 277.288000
56.545650 629.221000 286.550000
56.562130 632.757000 268.752000
56.594970 616.301000 250.162000
56.611690 647.666000 240.658000
56.627930 646.323000 221.386000
56.644290 748.000000 200.838000
56.660890 771.069000 195.910000
56.677120 770.542000 176.616000
56.693600 743.920000 175.208000
56.710210 744.991000 175.494000
56.726320 744.515000 165.704000
56.742800 734.179000 190.520000
56.759280 759.917000 176.902000
56.775630 760.189000 185.636000
56.792110 741.727000 233.596000
56.808470 751.944000 250.646000
56.825070 753.661000 297.792000
56.841430 757.758000 343.992000
56.857910 742.407000 333.938000
56.874270 743.087000 351.472000
56.890630 773.534000 368.940000
56.907230 797.997000 409.794000
56.923580 798.320000 426.206000
56.940060 847.909000 441.584000
56.956420 834.326000 463.276000
56.972660 834.292000 455.004000
56.989260 807.789000 391.182000
57.005620 799.782000 353.386000
57.022090 799.663000 344.190000
57.038700 791.146000 387.816000
57.055050 798.218000 366.366000
57.071410 798.354000 375.562000
57.087890 813.348000 371.470000
57.104370 822.766000 378.840000
57.120730 822.409000 345.092000
57.137210 800.258000 337.898000
57.153560 669.392000 302.412000
57.170040 669.953000 310.816000
57.186400 576.215000 297.110000
57.202760 548.029000 310.640000
57.219240 549.627000 327.008000
57.235720 543.252000 301.356000
57.252200 554.608000 302.016000
57.268550 552.449000 281.446000
57.285030 540.379000 258.412000
57.301390 551.514000 254.100000
57.317990 550.936000 246.840000
57.334230 551.140000 225.368000
57.350590 552.143000 255.398000
57.367310 555.101000 283.756000
57.383670 540.906000 322.564000
57.400020 546.567000 374.616000
57.416380 548.352000 390.676000
57.432980 570.367000 322.564000
