0.000000 48.381902 23.341394
0.016480 198.876333 98.794418
0.032840 395.364142 201.740007
0.049320 556.198551 280.384393
0.065610 658.977520 310.563342
0.082210 707.049176 302.243697
0.098690 718.873502 271.757884
0.115170 713.213774 230.225836
0.131530 698.422764 194.848803
0.148070 682.348906 178.908534
0.164370 673.383796 183.601665
0.181150 673.640820 200.444018
0.197270 677.974801 217.751166
0.213680 678.760964 225.564014
0.230160 673.286361 219.427719
0.246700 666.061733 201.507057
0.262880 664.000788 182.465626
0.279540 669.181121 176.879655
0.295780 677.785651 186.932722
0.312190 680.211862 201.280477
0.328670 668.339356 205.889582
0.345150 643.415934 186.967873
0.361510 610.177010 140.399268
0.377930 577.381335 86.725744
0.394410 550.023858 49.027121
0.410950 527.241597 37.139596
0.427310 513.628756 53.585199
0.443790 512.437035 86.812395
0.460270 521.830445 122.519661
0.492920 536.169908 150.605622
0.509400 548.121415 160.739575
0.542360 551.848152 148.772045
0.558650 547.506250 121.916384
0.575130 543.173139 95.923217
0.591550 543.913978 79.377265
0.608030 545.849947 67.586622
0.624390 542.562512 54.463957
0.640750 538.174701 42.369842
0.657290 537.698224 40.763096
0.690250 535.959147 47.755646
0.706480 532.965995 48.335538
0.723020 532.703451 40.048718
0.739380 531.586133 33.028886
0.755920 527.131668 33.543800
0.772280 524.615900 39.861698
0.788700 526.778740 49.098139
0.805180 532.111896 60.036429
0.821530 538.727091 68.254514
0.837890 541.857115 69.173616
0.854430 540.779674 61.669536
0.870910 541.648386 48.491965
0.887450 545.616153 36.388991
0.903810 549.517917 32.480125
0.920170 552.901663 39.422295
0.936580 556.890395 56.831676
0.953060 564.276406 80.573046
0.969600 576.283436 102.038721
0.985780 587.812681 114.400823
1.002440 594.852945 113.290492
1.018620 599.588259 99.188189
1.035030 600.016187 84.723735
1.051640 595.058046 81.525507
1.067870 592.426292 86.640472
1.084590 594.430859 91.265404
1.100890 597.153896 92.076625
1.117430 599.025738 91.945271
1.133670 606.897012 92.425384
1.150020 629.840719 92.234209
1.166500 661.248384 90.814998
1.182920 688.549737 90.655728
1.199400 707.158135 93.949964
1.232300 717.496665 97.457343
1.248660 721.438313 98.762197
1.265010 720.571279 99.740566
1.281680 717.289869 99.530858
1.297910 715.225784 94.947724
1.330810 716.163944 87.594694
1.347290 719.045539 79.094113
1.380000 721.641916 72.294716
1.396550 722.510566 75.779685
1.412900 723.192974 88.238395
1.429440 725.907975 98.754837
1.445800 731.521195 100.804488
1.462280 738.720328 95.602030
1.478820 744.192919 90.826802
1.495000 743.462658 93.817696
1.511660 734.664529 104.110459
1.528020 728.639447 108.335214
1.544430 740.197120 97.908524
1.560970 766.875176 84.643468
1.577450 792.015359 78.685627
1.593630 805.274525 80.922871
1.609990 809.776426 89.814424
1.626460 808.012545 96.603353
1.642940 802.231713 92.586231
1.675780 800.555040 82.189713
1.692320 803.419686 76.349512
1.708620 805.373650 76.870603
1.725100 804.192000 75.262800
1.741700 794.847302 63.994225
1.757870 774.189711 46.527950
1.774410 739.442707 32.200338
1.790890 687.434966 28.337547
1.807250 632.706873 37.636399
1.823670 590.844298 55.712297
1.840210 562.878282 73.913338
1.856450 547.574376 85.604468
1.872920 541.208413 89.858052
1.889590 538.529280 89.867511
1.922360 540.604032 90.832330
1.938900 551.226631 97.111083
1.955200 567.432662 108.177814
1.971620 578.053963 115.707650
1.988040 579.894719 114.587035
2.004460 583.998502 112.997346
2.020750 592.835030 117.286879
2.037230 598.364975 124.616338
2.053650 596.884143 129.142877
2.070010 591.696808 125.632971
2.086490 590.064221 116.175705
2.102910 595.677378 109.451022
2.119450 605.419268 108.587881
2.135800 613.906121 109.074302
2.152400 617.723949 106.518576
2.168580 617.467051 99.230808
2.185240 619.127989 90.437816
2.217900 626.733055 84.267089
2.234440 637.533265 79.816876
2.267270 649.824357 77.359695
2.283630 661.936393 79.508785
2.300050 670.495408 86.933077
2.316470 675.253493 96.595799
2.332950 678.815366 107.226175
2.349370 683.461377 122.699945
2.365720 686.931608 140.201939
2.382510 685.200744 151.097772
2.398860 678.717347 151.214311
2.415100 670.966999 139.564517
2.431700 666.604299 118.231184
2.448120 668.936776 94.080319
2.464480 673.129940 74.320193
2.482540 671.818795 63.493527
2.497500 665.615000 63.790234
2.513850 662.348640 75.111976
2.530030 668.570925 94.133890
2.546570 681.462648 114.023885
2.562870 695.895068 125.363575
2.579350 718.793646 121.340387
2.595760 756.920157 103.523698
2.612120 798.300754 81.471675
2.628780 827.571194 67.025135
2.645020 841.320317 64.969782
2.661560 843.887729 71.323716
2.677920 842.220346 79.076450
2.710940 839.378603 84.559835
2.727290 836.530945 87.684101
2.743650 837.975649 88.008960
2.760070 848.182202 88.432359
2.776490 870.733492 93.324732
2.792790 901.476604 101.183721
2.809510 928.819935 104.521306
2.825740 946.000494 99.249302
2.842220 953.781169 90.241432
2.858640 955.307372 85.644051
2.891480 953.186936 88.751360
2.907840 951.694616 91.119013
2.924560 955.375962 83.094081
2.940670 963.584495 67.312969
2.957150 972.727112 57.673106
2.973630 981.929529 65.895237
2.990050 990.715465 90.397123
3.006650 996.330763 122.663586
3.022890 997.936837 151.911857
3.055910 998.873791 171.033312
3.072270 1000.391984 182.056742
3.105040 999.848209 187.836936
3.121520 996.993251 188.148355
3.137880 993.777285 183.163697
3.154420 992.346360 175.347215
3.170780 994.208715 165.666112
3.187190 998.388325 150.598703
3.203670 1001.100119 130.917878
3.220030 998.928205 113.487267
3.236630 993.704117 101.709655
3.252870 990.990058 92.021153
3.269410 984.391832 83.617885
3.285770 960.486731 83.404179
3.302120 904.119558 91.805283
3.318660 804.423825 104.168756
3.335020 690.261606 120.990563
3.352480 601.816027 143.431179
3.368100 548.093475 164.155896
3.384460 520.111921 169.546793
3.400630 508.304460 161.098849
3.417180 507.997554 150.032403
3.450070 513.698168 139.410382
3.466670 519.005673 131.682716
3.482910 522.755063 130.333064
3.499390 525.296633 133.903751
3.515810 526.326081 138.875617
3.548580 535.916379 140.505985
3.565000 561.098437 136.473771
3.581480 587.991304 131.448386
3.598080 607.543207 126.744867
3.614260 621.846338 120.795164
3.630800 628.695692 116.748380
3.647400 630.526409 116.205139
3.663640 631.424972 118.298119
3.679990 629.480784 123.595869
3.696470 626.571258 131.031814
3.712890 626.159450 140.174716
3.729550 626.232193 151.926522
3.745790 628.103135 158.948219
3.762270 642.550575 153.100238
3.778630 674.460542 138.035328
3.795040 712.692474 123.241162
3.811520 745.204200 114.187494
3.844360 767.536479 111.544677
3.860780 778.793618 113.867676
3.877140 780.007516 117.674677
3.893550 776.096731 123.830524
3.910030 774.090678 136.432713
3.926570 776.907364 153.861780
3.942930 779.842946 170.981158
3.959230 777.599940 182.875246
3.975770 772.298950 185.107936
3.992370 767.716535 178.856123
4.008610 763.427987 170.149796
4.025090 757.647126 162.559415
4.041500 749.867782 155.008301
4.057920 737.739106 145.785907
4.074400 720.418454 137.028458
4.090820 706.066546 130.511968
4.107120 701.903863 124.049123
4.123780 704.298640 115.849507
4.140010 708.473866 113.011920
4.156560 712.729157 119.865058
4.172910 715.163338 128.304503
4.189270 716.367500 131.776361
4.205750 717.574790 130.524463
4.222230 717.824883 128.314486
4.238830 718.493238 122.509810
4.255190 721.210812 109.551953
4.271420 723.294994 94.465990
4.287900 722.135868 80.278889
4.304440 717.842890 68.512775
4.320740 712.774368 62.944874
4.338260 699.593060 71.807627
4.353700 661.575250 101.505327
4.370060 602.258792 141.660763
4.386470 548.273157 175.775914
4.403080 516.352696 196.188507
4.435730 502.492374 201.995261
4.452270 500.347312 197.789358
4.485050 504.991804 192.116282
4.501530 510.945133 189.875517
4.534240 514.885917 194.962211
4.550720 514.390770 207.812594
4.583680 511.742203 219.466825
4.599910 510.426204 224.871774
4.616520 510.348130 226.023423
4.632930 507.751730 234.345497
4.649290 500.656210 263.922102
4.665770 494.032903 306.672925
4.682190 489.113394 341.236443
4.698610 483.539497 358.478888
4.715030 479.636162 364.584972
4.731570 482.043429 362.557478
4.747920 491.581378 351.975283
4.764400 501.837051 341.001383
4.780760 507.130183 334.556681
4.797180 506.248894 329.710533
4.813600 500.625536 323.709674
4.830020 494.755530 317.699374
4.846560 492.195482 315.003344
4.862920 492.904307 317.842970
4.879270 497.355237 322.946167
4.895870 506.175308 323.505175
4.912170 515.531817 317.560057
4.928650 520.821220 306.416254
4.944950 519.072897 293.708635
4.977910 511.538588 286.101690
4.994260 504.248981 285.560977
5.010800 500.048494 288.744231
5.027160 497.008559 290.626715
5.043760 493.945809 289.784473
5.060240 492.420262 290.863812
5.076480 495.821285 302.888362
5.092900 502.660741 333.812484
5.125790 508.271127 375.622372
5.142090 512.472225 410.939394
5.158690 513.097668 430.664358
5.175050 509.908249 439.131411
5.191530 507.534741 443.071939
5.207890 508.107246 442.755124
5.224240 514.402730 435.355853
5.241030 526.331500 417.643074
5.257140 536.012868 393.780415
5.273680 538.918263 373.725170
5.290040 540.223132 360.982409
5.306520 546.178224 350.762618
5.322880 551.904667 340.786264
5.339290 552.519440 338.329326
5.355830 554.521517 350.632882
5.372310 558.541919 368.897282
5.388670 558.365619 378.306415
5.405090 553.378145 376.310759
5.421450 544.444559 364.952739
5.438050 531.167265 345.943706
5.454280 516.803037 325.647271
5.470760 504.484998 310.149001
5.487120 494.371766 301.856262
5.503600 487.329483 300.668127
5.520200 484.056252 304.408482
5.536380 482.835063 312.418652
5.553100 481.458580 325.277406
5.569270 481.186048 341.840935
5.585750 482.145975 358.073175
5.602110 480.810803 368.679369
5.618650 479.659906 372.519022
5.635010 483.521945 373.164937
5.667910 490.329597 374.601061
5.684270 495.813728 377.307892
5.700740 497.456259 378.773109
5.717290 499.864372 371.512762
5.733640 511.666869 351.765560
5.749940 530.776803 328.621209
5.766720 547.661462 312.261249
5.783450 555.362330 307.485326
5.816100 555.132529 311.268370
5.832580 556.513317 316.121914
5.865300 559.655272 318.169279
5.881530 555.356100 318.130832
5.897950 544.461118 319.673193
5.914430 537.497522 327.039763
5.930970 539.612952 339.228861
5.947510 545.123309 349.230800
5.963990 550.628966 352.931921
5.980350 558.445607 348.281730
5.996400 567.930314 336.043172
6.013060 574.666660 328.477727
6.029300 578.166852 336.376809
6.045780 583.519011 353.313773
6.062130 589.389725 366.448196
6.078550 591.184871 370.937014
6.095030 590.166240 370.206775
6.111390 588.069513 366.126040
6.127870 580.138433 356.470374
6.144410 561.840339 342.168201
6.160950 541.690569 330.728149
6.177370 530.410584 329.258052
6.195370 527.957521 337.056698
6.210140 529.491767 345.320950
6.226380 531.300397 347.394012
6.259280 533.297079 346.826128
6.275760 535.470831 346.760447
6.308650 537.487482 347.237228
6.325070 539.885791 350.302389
6.357910 539.701466 356.661991
6.374330 536.616976 364.388005
6.390930 534.504108 372.292983
6.409240 534.051189 380.083169
6.423830 536.704172 386.586987
6.440000 545.160841 390.288838
6.456420 559.210673 392.069522
6.472900 576.131426 390.506337
6.489440 589.802848 380.433428
6.505920 600.225677 364.878412
6.524110 612.351052 354.085765
6.538700 623.834166 353.744500
6.554990 630.458279 361.685992
6.571350 633.241383 371.757857
6.604310 632.719328 379.123946
6.620910 628.033634 381.543398
6.653690 622.053077 381.879290
6.670040 616.579382 386.359591
6.686400 612.745859 394.408451
6.702880 614.086636 402.949262
6.719300 622.541946 411.521478
6.735660 634.609141 418.245589
6.752320 644.785359 419.646462
6.768800 651.249641 415.838815
6.785030 654.723747 411.831524
6.801330 656.616551 407.731472
6.817870 659.322652 399.893880
6.834410 664.153470 388.607761
6.852170 668.284356 378.300190
6.867190 662.006879 370.413374
6.883670 639.196738 362.496347
6.900020 604.388369 358.721151
6.916560 563.554269 364.971484
6.932920 526.322385 378.726404
6.949160 500.739948 392.116155
6.965760 485.783291 396.349869
6.982300 477.743512 387.371614
6.998660 474.832011 369.619510
7.015080 474.033626 350.671384
7.031430 470.430840 336.747587
7.047790 467.515196 334.954765
7.064210 471.723415 348.972446
7.081050 480.341283 370.827212
7.097110 486.073737 388.518815
7.113590 487.084304 395.930820
7.130070 487.958540 393.411879
7.146420 488.934624 385.620962
7.162900 492.738935 374.216609
7.179630 507.401056 359.077055
7.195800 527.417674 347.316861
7.212160 540.731495 344.902800
7.228640 544.693751 348.583285
7.245120 542.101130 353.796109
7.261410 536.122836 357.023547
7.278080 530.076694 355.113005
7.294490 527.024055 349.934650
7.310910 529.224727 348.881267
7.327150 535.900353 356.573243
7.343570 542.823939 367.711989
7.360050 548.299796 372.480281
7.376340 554.262441 367.455021
7.393860 560.907562 359.297892
7.409300 563.948017 352.408897
7.425900 558.878966 342.748781
7.442320 549.461553 331.487263
7.458680 543.470915 326.315308
7.475040 543.499809 330.795224
7.491520 551.288638 342.904480
7.508850 586.274247 358.079261
7.524410 662.515704 370.756242
7.540770 760.672715 379.723569
7.557370 855.165794 387.027697
7.573670 925.903943 391.441218
7.590030 966.643659 389.849223
7.606380 986.962232 381.244335
7.623840 994.798842 369.404354
7.639470 994.906478 358.381085
7.655880 993.087849 349.850251
7.672120 994.664203 345.951550
7.688540 995.361421 345.937276
7.705020 989.230704 346.032922
7.722110 980.921496 344.364718
7.738100 976.188132 342.041979
7.754460 973.824044 338.779994
7.770810 969.961208 332.381066
7.787170 966.795469 327.573197
7.803530 968.621523 332.252452
7.820190 973.081986 345.764302
7.836360 977.365167 362.584606
7.852970 979.066981 377.691155
7.869320 974.907854 386.514176
7.885860 968.113443 387.561899
7.902160 964.263089 381.572377
7.918520 963.964007 370.337814
7.935180 965.131568 360.548621
7.951720 965.305267 351.156659
7.968380 963.331314 331.772181
7.984740 959.929947 303.500075
8.001220 957.545210 273.073991
8.017640 958.804932 244.723288
8.034000 961.911310 224.039015
8.054810 962.057573 214.237448
8.067930 957.685700 213.453128
8.083440 953.768332 216.068211
8.099670 954.712826 215.929576
8.116090 957.633178 211.383738
8.132510 959.498026 207.376985
8.148860 961.172732 211.702172
8.165470 963.674535 227.824540
8.181700 966.123406 248.736742
8.198180 968.213004 264.997586
8.214290 971.038012 273.875594
8.230830 974.727491 275.363320
8.247310 980.068468 272.940986
8.280150 987.617198 270.087016
8.296510 992.520934 266.099157
8.329410 991.679339 263.016923
8.346250 988.902479 260.815191
8.383540 986.076397 256.649427
8.396670 981.700672 250.894465
8.428100 974.378974 246.182475
8.444460 961.411032 244.485223
8.460940 941.420657 243.390485
8.477230 894.823313 242.914918
8.495360 797.484622 245.048234
8.510190 677.312920 246.806396
8.526550 581.566381 247.707434
8.543150 526.114045 248.480575
8.559330 504.057995 247.181123
8.575870 501.325215 246.169551
8.592220 506.582941 249.700229
8.608640 513.199939 256.542893
8.625120 517.888529 260.199724
8.641600 519.969312 254.962135
8.658020 520.801301 242.225945
8.674620 520.255857 230.986031
8.690860 517.607703 229.669861
8.709410 514.846653 238.740172
8.723820 515.356008 252.177755
8.740170 520.775664 263.521402
8.756530 528.649614 270.198590
8.772950 532.841359 273.804693
8.789250 529.339803 276.343926
8.805790 521.567986 277.758765
8.822270 516.364118 280.319173
8.838680 516.789957 285.116002
8.855160 520.043374 287.256933
8.871520 522.985391 284.403115
8.887940 521.137795 275.935914
8.904300 509.521844 260.037752
8.920650 496.294876 244.401967
8.937320 491.897550 241.215755
8.953670 493.350059 251.347144
8.969910 496.473586 263.836792
8.986390 502.059574 268.015741
9.019410 507.281909 266.863642
9.035770 509.799629 268.294526
9.068540 513.078740 273.110381
9.085020 516.533424 278.468509
9.117920 517.462175 279.342270
9.134460 517.809839 276.793894
9.150630 519.347531 277.284302
9.167300 521.351613 277.521439
9.183530 522.134760 270.546854
9.200010 520.726834 258.443715
9.216370 516.896220 246.733689
9.232970 513.655637 240.282131
9.249270 516.054370 241.975504
9.265630 520.912806 246.027231
9.282350 525.203581 244.903895
9.298710 533.448034 239.137288
9.315000 538.882636 232.507044
9.331540 533.276989 229.219692
9.347900 525.303203 232.852128
9.364260 523.306911 242.659532
9.380680 527.619854 255.566494
9.397160 535.923694 269.774265
9.413700 543.677957 282.654168
9.430110 547.647515 289.977254
9.446410 548.409676 290.836170
9.462890 546.758299 288.031072
9.479250 542.542359 284.585747
9.495730 537.553646 282.113551
9.512330 532.625778 280.663996
9.528560 527.875215 279.703722
9.545170 525.377997 279.275374
9.561580 525.043716 279.631202
9.577940 524.141625 280.533710
9.594240 521.218081 280.541715
9.610660 518.718314 277.272345
9.627260 519.040490 271.135816
9.643490 519.797749 264.751899
9.660030 518.794466 273.023794
9.676450 513.617872 312.944461
9.692870 502.210982 370.516619
9.709410 488.725546 421.959383
9.725770 478.830854 461.977953
9.742310 474.415438 492.205220
9.758540 473.023952 508.222497
9.775210 474.088639 506.368555
9.791630 480.639240 494.265450
9.807860 488.513257 481.005262
9.824280 493.383346 468.547808
9.857180 495.722378 456.573106
9.873540 495.784712 447.583030
9.890200 498.184068 444.509804
9.906310 500.233736 449.117358
9.922910 496.172500 460.678654
9.939330 491.729899 472.866418
9.955690 493.650664 480.825468
9.972110 501.868061 485.024069
9.988650 509.996662 486.176664
10.005070 516.012448 485.049763
10.021360 524.682466 483.838715
10.054440 535.494434 485.262641
10.070680 541.604442 489.368076
10.087160 539.554032 493.198355
10.103580 532.394426 494.259003
10.120180 526.660971 490.453580
10.136540 528.257655 482.848552
10.152950 533.207239 477.174817
10.169310 532.323220 479.364112
10.202150 527.341111 489.497093
10.218630 524.334788 500.099882
10.235170 521.142404 504.869838
10.251340 515.356716 502.371391
10.267760 508.393021 491.797216
10.300660 502.824479 475.621657
10.317140 497.899631 461.617374
10.349980 491.108200 458.599469
10.366520 485.560146 469.273644
10.382810 483.111694 485.834178
10.399290 482.680656 495.180784
10.415710 483.054645 490.227934
10.432190 481.816646 476.562115
10.448670 478.816918 462.481790
10.465150 476.562198 453.041341
10.481380 477.545796 452.566106
10.497740 480.616832 461.274155
10.514470 482.764985 475.390119
10.547180 486.032798 490.671426
10.563540 489.471708 503.556580
10.580140 485.552786 510.613587
10.596560 476.306571 512.194103
10.612790 470.785330 510.644006
10.629270 471.308682 505.550046
10.645810 474.770249 498.370174
10.662290 479.191680 497.806205
10.678530 484.807908 511.737331
10.695010 486.731095 536.850626
10.711550 480.690997 563.967943
10.727780 472.555272 583.934118
10.744320 465.493710 594.222761
10.760680 459.438116 600.175934
10.777160 458.456631 605.797544
10.793520 460.857958 611.081791
10.810300 462.006209 614.705281
10.826600 462.807284 616.502313
10.842830 465.139793 615.376706
10.859310 470.640632 608.976888
10.875670 479.611505 598.354471
10.892210 486.344975 585.074524
10.908630 487.844253 570.860637
10.925170 489.247878 560.730487
10.941530 492.194221 557.734323
10.957760 493.686631 559.986931
10.974300 493.074719 563.393288
10.990780 493.286141 568.921057
11.009090 503.647625 576.622891
11.023680 529.885377 579.735556
11.040160 560.708837 580.398140
11.056580 582.011263 585.817861
11.072880 591.023561 593.626740
11.089290 593.254986 598.656528
11.105710 596.388541 598.594916
11.122190 602.834602 593.147603
11.138670 608.284994 587.950735
11.155150 611.266486 589.182973
11.171570 616.058472 594.811685
11.187870 619.326998 600.752939
11.204470 614.864507 604.855761
11.220640 606.689144 605.561301
11.237120 600.200224 603.514210
11.253540 596.959186 602.329135
11.270200 597.467654 606.031246
11.286380 599.191789 614.197304
11.302860 595.808818 621.961526
11.319340 584.139846 624.894266
11.335630 569.848262 623.481853
11.352290 559.535882 622.371013
11.368650 553.928281 624.072974
11.385070 552.950987 626.292232
11.401430 552.922384 625.719959
11.417790 546.104709 621.159431
11.434450 536.769373 613.731668
11.450620 535.267201 603.677091
11.467350 541.256571 591.210706
11.483760 550.663002 580.172370
11.500060 561.420636 574.113014
11.516360 570.257390 573.032064
11.532780 574.675507 573.826108
11.549380 574.640572 575.450997
11.565610 572.013495 580.464820
11.582150 569.654572 585.437530
11.598510 566.021583 586.820324
11.614990 557.005161 588.973766
11.631410 540.415928 592.209692
11.647950 519.928879 592.648882
11.664370 507.105117 591.385260
11.680790 505.133941 591.372677
11.697140 508.853331 593.451009
11.713560 515.946749 597.111628
11.729920 520.890382 602.034818
11.746400 517.449780 610.069907
11.779360 509.968298 619.033518
11.795650 507.066672 621.015199
11.812320 509.316246 614.830377
11.828550 511.725296 613.945775
11.845090 510.739609 630.589836
11.861570 506.811324 655.614029
11.877750 500.690770 676.305076
11.894290 494.270852 688.963215
11.910830 491.889561 691.280545
11.927190 490.402556 687.297059
11.943660 483.433601 685.827159
11.959960 473.201706 690.504015
11.976380 466.519572 698.769183
11.992860 464.253769 704.228921
12.009340 460.638822 701.012997
12.025820 458.284557 693.933920
12.042360 464.270146 690.944624
12.058720 475.893406 692.559383
12.075070 486.560568 697.619521
12.091550 495.722009 704.987777
12.124450 503.101977 709.153577
12.140870 501.857786 705.493186
12.157170 491.655499 697.789611
12.173520 481.662977 692.489988
12.189940 475.901298 693.311251
12.222900 470.331805 700.387789
12.239440 466.823211 712.231013
12.255620 471.385756 726.951496
12.272280 477.315953 740.723764
12.288700 473.757533 749.287503
12.304930 462.154505 750.715980
12.321350 456.613831 747.750199
12.337950 473.592676 744.905781
12.354310 511.334989 743.300850
12.370670 548.564091 740.715265
12.387150 570.871968 735.156377
12.403500 580.843448 727.122759
12.419920 585.683914 716.169670
12.436400 587.918463 701.250912
12.452760 585.978502 686.570177
12.469300 581.310369 680.866261
12.485660 577.705844 687.434556
12.501950 576.443527 698.677943
12.518490 577.678853 709.362412
12.534850 579.989077 720.723027
12.567810 580.226990 728.185129
12.584290 578.354929 725.766839
12.600520 577.202380 717.536424
12.617190 578.269814 711.564370
12.633540 580.767700 711.104529
12.649900 582.355444 714.112396
12.666380 580.412331 717.704636
12.682800 573.400994 718.018599
12.699400 563.540811 710.922645
12.715700 555.214264 698.413762
12.732180 551.320635 684.859156
12.748720 552.245046 673.858435
12.765010 553.956819 671.215356
12.781860 554.034680 679.415398
12.814330 554.926000 691.286848
12.830810 555.659009 699.715515
12.863650 554.180082 703.509032
12.880000 548.636370 708.953690
12.896790 536.931487 724.941253
12.912960 520.348202 745.754121
12.929500 500.918376 761.223355
12.945860 482.455547 770.415453
12.962100 466.738477 770.078139
12.978820 456.329779 757.082560
12.995240 457.478403 739.384759
13.011780 465.644281 725.308045
13.027950 469.349508 715.905754
13.044490 465.507452 710.460788
13.060850 460.607925 710.366240
13.077330 461.904716 717.012945
13.093810 469.438417 727.576382
13.110050 477.190852 735.492498
13.126400 481.170613 737.716697
13.142820 483.219449 738.460902
13.159240 482.023419 740.796497
13.175660 473.884564 743.653295
13.192140 461.621639 744.539669
13.208500 450.750580 743.758503
13.224910 443.977405 745.022351
13.241390 440.361581 748.662204
13.257810 438.980145 748.285695
13.274290 441.151713 738.255914
13.290650 446.616418 722.871629
13.307010 460.339957 712.198613
13.323550 487.386951 711.541767
13.339900 517.557720 718.086970
13.356870 541.907406 725.070212
13.373110 560.876555 726.895730
13.389470 573.288414 723.367145
13.406190 578.921903 719.565117
13.422300 579.740470 718.714367
13.438540 577.264137 718.110894
13.454960 572.102770 716.530888
13.471500 566.112998 715.748594
13.487850 563.465743 716.240860
13.504580 566.383435 719.016384
13.520940 574.517686 725.554670
13.554020 583.715287 735.547222
13.570070 584.691644 743.072161
13.602970 582.424509 749.192351
13.619320 598.128369 767.488083
13.637880 633.709873 797.767035
13.652100 670.557648 822.770638
13.668700 698.285331 831.692821
13.701420 717.438011 831.523492
13.717830 729.948176 831.583653
13.734440 738.287342 830.928949
13.750790 743.327583 830.281079
13.767030 742.938887 832.900285
13.799930 737.073034 836.836397
13.816530 728.193462 840.445552
13.832820 718.134541 845.419829
13.849430 708.838257 849.548091
13.865840 703.306611 847.436389
13.882020 703.383754 838.820212
13.898560 709.775135 829.783446
13.915100 720.976960 826.091060
13.931460 731.012962 827.397188
13.947940 733.988856 828.251137
13.964230 732.094798 827.855457
13.981020 733.601944 831.540697
13.997070 730.443839 838.669102
14.013670 699.408338 843.805337
14.029970 639.347695 844.289442
14.046450 570.630283 840.591506
14.062930 512.604602 835.368704
14.079410 479.867813 831.680148
14.095760 467.530853 830.293885
14.112060 459.438763 829.159992
14.128540 452.548354 827.287904
14.144900 452.019170 827.088098
14.161560 459.638207 830.647473
14.194460 469.517417 837.042376
14.210940 476.694996 844.367726
14.243650 479.377206 848.255507
14.259950 473.709767 850.357502
14.276550 461.203288 859.781349
14.292910 447.770645 873.044953
14.309570 438.314428 879.965833
14.325810 435.664530 879.563384
14.342040 436.960424 876.558063
14.358700 438.434499 873.992477
14.374940 440.188470 871.057021
14.391540 441.510259 868.739379
14.407960 442.244404 866.984243
14.440800 444.080862 862.247695
14.457150 444.155867 855.344473
14.473570 439.237775 849.531066
14.490050 433.089395 844.637458
14.506410 428.633822 838.974260
14.522950 422.824348 832.349375
14.539310 416.562718 825.569871
14.555850 413.911020 821.214028
14.572140 414.416465 822.486116
14.588620 417.368524 825.676758
14.605040 421.135392 824.730574
14.621400 421.936079 821.077952
14.637940 421.879207 821.889104
14.654170 422.314020 832.731676
14.670960 418.782017 850.418707
14.687190 414.854754 864.764648
14.703490 417.639951 868.369119
14.719910 424.742808 862.915059
14.736450 434.091559 853.806861
14.752870 450.729505 846.906224
14.769170 474.653347 847.058453
14.785710 496.470579 849.682393
14.802190 507.184807 846.847749
14.818660 505.747094 839.009424
14.834900 498.705373 831.824539
14.851560 494.354499 831.057574
14.868040 496.633707 838.738852
14.884280 502.727754 847.697608
14.900760 507.529188 848.138021
14.933650 513.369755 843.491434
14.950010 528.182199 842.056636
14.982790 549.745579 840.062256
14.999330 569.112660 833.438115
15.015810 583.584608 825.254236
15.032170 592.284464 818.731540
15.049930 593.839002 816.313257
15.065000 589.939237 818.266837
15.081540 584.116802 821.073776
15.097840 579.777647 820.516319
15.114320 578.708431 815.890805
15.130860 580.020266 810.512416
15.147030 582.232081 808.853943
15.163760 584.673228 812.366957
15.180110 583.966795 819.318219
15.196530 581.954907 828.571449
15.212950 587.935494 838.974501
15.229370 600.277093 848.625360
15.245670 614.850971 857.111955
15.262150 634.415802 864.616670
15.278630 658.669326 870.322169
15.295100 684.846750 872.538782
15.327940 706.726159 869.686365
15.344300 718.760240 862.944941
15.360780 721.492370 855.929778
15.377140 716.456389 850.239490
15.393680 708.065265 845.555902
15.410030 704.471441 841.891860
15.672970 706.404632 839.559361
15.689270 708.021111 838.701964
15.705750 706.268674 838.396590
15.722170 704.202202 838.320353
15.738530 704.585029 840.078193
15.755070 704.550280 844.462590
15.771420 704.069602 849.565240
15.787960 703.781393 852.904361
15.820740 700.614013 854.550716
15.837340 697.187376 855.496178
15.853700 698.720714 855.607671
15.869870 703.579222 860.773980
15.886470 708.240909 877.837437
15.902710 712.307008 901.393968
15.919190 715.335096 920.383008
15.935790 714.472460 927.935272
15.952150 708.000242 924.608988
15.968630 699.204211 916.660415
15.985050 690.822282 905.402225
16.001280 682.122988 887.500617
16.017760 678.668948 868.633073
16.034240 687.520552 857.847019
16.050780 703.453042 854.993228
16.067200 720.212467 857.842633
16.083560 736.259008 865.656757
16.099980 747.274475 874.380940
16.116330 750.946281 879.812216
16.132810 750.037920 879.424863
16.149290 748.958210 873.498383
16.165830 750.777653 867.731981
16.182190 755.563323 868.053266
16.198670 760.307602 874.097047
16.215090 761.750811 880.710602
16.231320 761.784254 883.934433
16.247800 765.648137 883.992066
16.264280 765.912967 883.159824
16.280820 737.780260 883.206171
16.297060 672.853831 884.637502
16.313720 596.178084 884.793583
16.329960 531.014082 879.175777
16.346250 483.844105 867.730961
16.362790 455.897212 855.927025
16.379270 442.155077 847.624694
16.395690 434.320841 842.350426
16.412050 431.258178 839.458521
16.428410 434.367135 838.367342
16.444950 439.260093 837.563335
16.461360 445.715867 840.923262
16.477910 453.367421 852.647663
16.494450 454.749489 867.038840
16.510680 452.530020 877.890817
16.526920 456.779556 884.208839
16.560120 464.066472 886.512561
16.576290 464.378289 887.243754
16.609190 459.908007 888.405338
16.625670 457.556686 887.366987
16.642030 457.626160 881.284902
16.658510 483.853034 870.387472
16.674930 577.132462 849.932582
16.691220 722.766663 816.587986
16.707820 863.688797 779.315843
16.724180 963.798746 749.070820
16.740660 1015.051005 730.132526
16.757020 1030.864077 719.664207
16.773620 1030.324269 710.942901
16.789980 1023.264525 701.324882
16.806270 1015.230527 693.221971
16.822810 1011.633803 689.535049
16.839170 1013.973449 691.721389
16.855650 1016.960476 697.121107
16.872070 1011.266137 702.188799
16.888670 993.596988 707.596649
16.904910 972.751375 714.188617
16.921330 957.890682 719.272151
16.953980 952.433290 717.872568
16.970700 956.588444 709.068364
17.003540 964.311928 697.201508
17.021360 970.349158 685.689669
17.036250 975.229895 675.697641
17.052730 976.564074 670.617868
17.069150 972.535117 676.748883
17.085390 968.677630 693.538944
17.102050 957.526525 711.179551
17.118530 909.924190 719.477966
17.134770 819.534160 715.498777
17.151310 713.731910 703.706071
17.167970 614.681559 690.017664
17.184330 538.108232 680.955274
17.200680 491.625827 678.413368
17.217040 467.731939 677.340678
17.233520 457.513553 674.092836
17.250000 454.380710 675.659063
17.266300 452.367684 690.061267
17.282650 447.796540 708.909810
17.299190 444.701306 719.509744
17.315550 447.578892 717.735081
17.332030 451.896877 707.462640
17.348510 454.874827 696.953629
17.364930 458.810344 692.956547
17.397830 463.654706 695.662499
17.414120 463.786662 698.777349
17.430540 454.131461 698.756288
17.447020 440.520295 695.591937
17.463380 431.048985 692.124571
17.496280 426.877393 693.501552
17.512820 429.433336 699.317619
17.529170 439.786360 705.926036
17.545720 451.795940 711.646406
17.562070 457.644646 716.028285
17.578430 456.000637 719.169438
17.594910 448.164986 723.429362
17.611210 436.963225 727.557391
17.627750 428.707219 724.287788
17.644410 432.232340 714.320042
17.660640 453.720269 706.456393
17.677120 485.051853 706.226042
17.693360 513.577532 711.298034
17.710020 535.971283 716.438031
17.726320 553.027485 720.393990
17.742800 564.629804 720.957108
17.759090 570.134220 715.447538
17.775700 570.130887 707.337967
17.791990 568.852166 704.761222
17.808410 567.523002 712.123311
17.824950 561.428075 723.456101
17.841310 552.966506 730.178202
17.857790 549.612678 730.358357
17.874150 552.687126 728.269769
17.890630 555.020218 727.640852
17.907040 553.040824 727.852250
17.939880 550.987588 728.394573
17.956300 548.212199 728.667052
17.972720 544.275534 725.614204
17.989070 532.776031 723.043758
18.005620 507.314637 726.279630
18.022030 480.976218 730.065746
18.038510 461.544246 733.436052
18.054930 445.508791 742.493363
18.071230 435.274676 756.500054
18.087830 433.616632 770.123080
18.104190 440.580716 780.013124
18.120670 453.337864 785.301606
18.137150 464.576876 785.786775
18.153380 468.972031 781.749484
18.169920 467.952758 775.742918
18.186280 466.091355 772.429183
18.202820 466.983490 773.550610
18.220640 471.244620 775.865459
18.235660 478.304636 777.579508
18.252010 485.830289 778.983711
18.268370 488.924687 779.421219
18.284790 484.175905 779.035142
18.301150 473.788715 778.582205
18.317810 465.278281 777.665632
18.334110 457.131783 775.220537
18.350710 448.359385 771.900709
18.367190 450.174544 770.602207
18.383540 460.570422 773.807421
18.399780 463.763831 781.306396
18.416320 453.876417 790.209253
18.432680 436.272083 796.929606
18.449280 421.749949 799.637418
18.465700 420.137663 798.775066
18.482060 428.444651 795.095633
18.498410 437.982864 789.602554
18.514890 445.150534 784.540027
18.531310 446.761657 780.799797
18.549190 439.693719 776.041085
18.564150 427.351554 769.216475
18.580690 416.558978 765.391626
18.596980 408.836967 768.478451
18.613400 401.561033 774.206634
18.629880 396.798530 778.371331
18.646480 400.039023 780.938459
18.662960 410.206309 781.980325
18.679140 422.465529 781.635435
18.695680 435.475436 779.020181
18.712040 448.368557 772.877660
18.728270 459.922550 766.992766
18.744930 470.451393 767.062320
18.761170 479.172511 773.010870
18.778080 485.513963 781.663354
18.794620 491.780202 790.664534
18.810970 499.701633 797.579307
18.827390 505.475691 799.919389
18.843870 505.713436 796.800537
18.880680 504.286990 790.419549
18.892940 504.094278 785.596152
18.909360 503.404060 786.071600
18.925540 503.211349 791.931905
18.942320 512.996007 798.335517
18.975040 542.786635 799.427416
18.991390 584.813844 796.872901
19.008000 620.924850 794.739860
19.024540 642.069129 794.722005
19.040830 648.883771 796.675357
19.057370 646.929362 797.356339
19.073610 643.025387 797.230706
19.090210 640.609446 801.435170
19.106380 638.908241 811.454398
19.123170 637.585573 823.229022
19.139530 637.079537 832.853132
19.172300 636.882682 836.445867
19.209170 636.593231 830.491891
19.221560 633.294454 819.625330
19.237920 623.925978 811.209404
19.254150 611.362261 806.181214
19.270570 602.947569 802.335067
19.287350 603.780726 796.612324
19.303590 611.456689 788.000341
19.320190 619.898664 780.947382
19.336610 622.504442 776.595538
19.353270 615.779795 770.649723
19.369630 596.753559 754.227590
19.385990 562.973461 717.683991
19.402400 525.046628 669.039619
19.419070 492.867463 625.397471
19.435490 463.375833 595.388731
19.451600 435.199921 580.794075
19.468260 417.029114 577.886400
19.484500 416.430533 580.687837
19.500980 428.133763 585.263733
19.517400 441.308185 589.994466
19.538940 450.641864 594.155682
19.550170 456.878779 597.040608
19.566410 459.131580 601.004552
19.582760 455.290863 609.760603
19.599370 447.986449 620.907402
19.615600 440.542206 628.633056
19.632200 435.468121 629.076009
19.648500 435.136046 622.411530
19.665100 436.712453 612.682539
19.681640 439.880292 605.246835
19.697940 450.141053 604.474019
19.714170 463.324768 612.076559
19.730590 469.489527 626.740703
19.747070 467.159111 642.813826
19.763490 469.830534 652.402963
19.780090 490.249620 653.376296
19.796260 518.175901 650.867289
19.812810 538.778012 645.016580
19.829350 547.863702 633.173167
19.845580 546.960605 620.589842
19.864260 546.070522 610.692783
19.878540 552.858487 602.961816
19.895260 561.525205 599.704795
19.911320 563.717930 600.425953
19.927920 559.381054 604.204886
19.944150 555.616539 612.960637
19.960690 554.018350 624.021634
19.977110 552.054436 629.331558
19.993530 551.766042 623.504033
20.010070 552.646612 611.119453
20.026310 551.207492 600.839633
20.042660 546.997760 596.454436
20.059330 542.009417 598.035576
20.075620 535.887657 605.215674
20.092100 527.311368 616.056165
20.108760 521.615438 623.566615
20.125060 525.013583 623.902022
20.141360 534.355311 622.631943
20.157780 545.761001 621.408638
20.174260 558.443774 617.262391
20.192630 568.813856 612.366961
20.207210 580.400578 611.517770
20.223510 601.421692 616.032935
20.240050 627.777422 622.417431
20.256290 650.762303 630.551284
20.272830 669.631556 641.580179
20.289490 686.036702 649.751830
20.306640 695.570188 648.397035
20.322140 696.728147 635.171104
20.338380 697.131339 614.259352
20.355040 697.807243 593.392558
20.371460 693.618303 579.224366
20.387700 685.845301 576.285932
20.404170 678.705434 582.689104
20.420650 674.976184 593.292207
20.453430 671.628797 603.529012
20.470030 664.175177 608.180978
20.502620 656.631086 607.163284
20.519530 653.052505 604.582314
20.552060 650.651767 604.544434
20.568540 649.475202 610.325988
20.601440 652.694694 619.330474
20.617680 656.007304 629.121342
20.650700 655.021788 638.961253
20.667050 651.092509 644.420720
20.699830 647.755968 643.090924
20.716310 645.219223 636.735012
20.749270 634.230622 631.268034
20.765630 602.450990 632.341090
20.798520 553.711391 637.041633
20.815060 509.293256 640.114512
20.848020 481.852806 641.146008
20.864500 470.799359 641.597296
20.897220 470.080988 644.302113
20.913570 472.590128 652.674822
20.946350 476.012717 659.265975
20.962770 480.392624 656.446349
20.979310 485.350776 652.378971
20.995670 490.532449 644.425352
21.012210 497.197329 617.433118
21.044920 504.075240 575.596027
21.061460 508.073761 536.709068
21.077820 510.618575 510.709644
21.094240 509.826523 499.822750
21.110720 503.888621 502.116660
21.127010 499.825221 511.229852
21.143550 500.100880 520.078494
21.160100 501.315870 524.839057
21.192810 502.706799 526.333362
21.209170 504.795793 525.239080
21.225710 507.877380 520.617870
21.242070 508.539623 515.850208
21.258540 504.705090 516.173474
21.291380 500.348667 521.345056
21.307860 496.371123 527.693192
21.340700 491.793077 529.905345
21.357060 486.644112 522.961343
21.389890 479.614369 509.852610
21.406370 476.849302 498.363277
21.422910 485.674819 490.875882
21.439270 495.161176 486.607987
21.455510 491.128264 485.843361
21.488590 481.761005 485.867303
21.505370 480.734034 483.929294
21.521480 486.804430 482.386801
21.537720 493.870379 483.404517
21.554320 497.570104 488.264858
21.587400 495.307188 497.641719
21.603450 489.033801 506.878452
21.636290 484.480372 511.260997
21.652710 484.227992 509.833200
21.685550 487.991567 503.402893
21.702030 500.117001 495.942307
21.718440 520.204245 491.375134
21.734920 539.991628 490.843189
21.751400 554.116686 492.260632
21.767700 561.608844 490.499011
21.784120 562.733088 483.489743
21.800600 559.491255 474.842944
21.817020 556.388489 470.850697
21.833370 555.588192 474.615566
21.849790 555.698524 483.767499
21.882630 555.531458 495.752182
21.899050 555.399724 508.548486
21.932250 555.016930 518.450419
21.948430 552.154013 521.413059
21.981320 549.674368 514.156641
21.997680 553.027889 501.466652
22.014100 559.659619 493.674216
22.030520 563.531085 492.636862
22.047000 561.960025 495.666712
22.063350 556.893652 502.142802
22.079960 549.534557 513.912461
22.096250 538.134787 532.428687
22.112610 524.342422 551.172838
22.129150 512.551747 561.550680
22.145570 506.134036 559.536356
22.161990 505.091232 545.621515
22.178410 505.156858 524.200513
22.194890 503.442981 499.862172
22.211240 502.139567 478.824799
22.227660 504.369868 467.303554
22.244380 510.763143 465.396311
22.260560 518.883834 468.955747
22.277280 523.353824 474.289337
22.293640 522.484024 479.530594
22.326290 517.710425 488.396426
22.342650 506.982000 501.307627
22.375550 493.084415 510.920388
22.392030 483.176997 515.500756
22.424800 478.828733 516.594828
22.441280 477.018144 516.347977
22.474180 475.486237 517.625810
22.490540 473.974462 518.809499
22.523380 475.142562 518.512708
22.539920 481.426729 519.567606
22.556520 489.194896 523.344911
22.572880 492.226502 526.038978
22.589110 487.162796 523.479769
22.605530 476.854906 516.338712
22.622190 467.417341 510.812414
22.638310 464.632924 512.000927
22.654790 470.885905 517.864957
22.671260 479.130149 524.328730
22.687620 482.795073 525.781962
22.704160 484.419343 516.438377
22.720460 486.644119 501.180616
22.737060 490.422906 491.837117
22.753300 496.602699 494.355931
22.769780 505.728007 505.188854
22.786320 516.115543 516.105522
22.820370 523.740842 521.905577
22.835570 528.592531 522.062427
22.852050 531.617313 517.314789
22.868410 531.213206 510.931240
22.884770 526.339069 506.932695
22.901310 518.807101 505.359438
22.917790 513.026086 504.250816
22.934330 514.103217 502.941077
22.950560 523.362211 502.820556
22.967040 534.452660 508.865464
22.983400 541.846927 524.124782
22.999940 546.879357 542.091057
23.016300 550.127148 555.494976
23.032590 552.661984 561.423818
23.049130 557.940262 558.698541
23.065490 561.963523 549.148973
23.082030 558.098796 536.081627
23.114930 548.664390 525.015034
23.131160 540.588976 519.968425
23.147640 537.385262 518.506297
23.164000 539.181242 517.644598
23.180540 546.102555 516.060766
23.213380 556.366402 511.028828
23.229980 561.448833 500.242535
23.263060 556.203040 488.572158
23.279240 545.604081 484.839324
23.295720 533.130446 489.111317
23.312070 524.177648 494.873509
23.328310 525.782958 499.070857
23.344790 535.370009 503.730165
23.361270 540.713110 512.547782
23.377620 534.113958 529.873680
23.394290 523.558087 555.110590
23.410520 516.360480 577.426792
23.426940 511.575044 586.052092
23.459960 506.465157 582.340710
23.476680 497.673188 574.449127
23.509460 487.723806 566.471924
23.525700 481.703095 561.004770
23.541870 477.960913 560.077855
23.558590 474.406793 558.386437
23.574830 474.996846 539.167220
23.591250 482.835446 492.465758
23.607790 493.931184 433.461271
23.624270 502.609122 383.111809
23.640690 506.926152 351.943479
23.657040 509.983790 338.665495
23.673400 512.360246 332.371486
23.691530 509.044908 325.456010
23.706360 505.489633 323.718796
23.722660 510.592853 331.982552
23.739320 520.333361 342.080943
23.755550 527.813948 350.219225
23.772090 532.399548 359.957389
23.807130 535.950622 372.045074
23.821290 535.286945 382.266337
23.854190 528.596516 383.015303
23.870540 520.012562 371.984078
23.903560 511.882464 359.343182
23.919800 505.520518 357.998558
23.936340 500.871775 366.838768
23.952820 496.487296 376.117621
23.969180 493.997765 381.058045
23.985530 496.419288 383.202092
24.001950 500.768418 386.802755
24.018430 503.118659 393.126265
24.034970 505.852580 399.691116
24.051450 509.742015 403.208665
24.067810 513.667016 401.819618
24.084170 518.133748 397.345796
24.100590 521.235940 392.261016
24.116940 518.555989 385.137803
24.135620 508.644542 372.692847
24.149780 495.957125 360.484138
24.166320 485.156600 353.454271
24.182680 477.237940 344.783887
24.199160 472.452861 333.882831
24.215390 470.698592 326.856910
24.232060 470.653678 324.639765
24.248470 474.133689 326.405277
24.264950 482.293369 330.576413
24.281310 489.950568 334.780984
24.297850 493.520940 339.857815
24.314330 495.915199 350.735110
24.347170 502.309759 368.224841
24.363830 509.870752 382.254039
24.396550 510.538042 384.521759
24.412900 506.647889 380.425579
24.429500 505.648833 378.322096
24.445860 508.789280 377.381830
24.462220 511.676859 374.174956
24.478390 509.021214 369.625563
24.494750 513.348176 366.133693
24.511660 546.824888 365.136961
24.527830 603.745578 366.154110
24.544310 658.394781 372.249890
24.560730 696.497532 387.063216
24.577030 718.542629 405.414032
24.593510 728.429599 421.019245
24.610110 728.835409 431.538660
24.642820 723.354237 433.416183
24.659300 716.551086 427.294331
24.691890 711.292554 419.273809
24.708680 704.664179 410.547932
24.741880 694.560471 402.108630
24.758000 688.172886 398.783630
24.790950 690.871696 401.865799
24.806880 699.972243 407.564760
24.823610 710.869932 410.523265
24.839970 732.574034 405.580808
24.856320 785.687777 386.984499
24.889040 863.493243 358.998090
24.905580 934.250738 335.457655
24.922060 980.298968 322.319272
24.938480 1003.287176 319.479091
24.954830 1012.292058 323.992346
24.987670 1017.351725 331.223971
25.003970 1021.761886 339.172800
25.036930 1020.855415 346.422016
25.053410 1012.784703 352.184864
25.086300 1000.631329 354.610411
25.102780 989.425791 354.801994
25.119750 985.244824 355.416324
25.135620 985.416184 353.748254
25.152040 982.223128 346.477441
25.184810 976.375601 334.453274
25.201290 971.560986 321.971936
25.217830 967.160460 314.121259
25.234130 961.149240 315.772734
25.250670 952.303697 328.728153
25.266910 942.407846 346.735161
25.283390 936.220828 353.563346
25.299740 938.906122 334.942503
25.316410 950.787806 297.731229
25.332820 961.996276 258.805427
25.349060 967.797455 227.307509
25.365840 976.167159 207.063597
25.381960 986.738101 197.944731
25.398440 990.329387 197.988932
25.414790 984.416983 205.292867
25.431460 976.034287 215.990368
25.447880 971.874369 226.364252
25.480590 970.164880 234.655564
25.497010 965.257998 237.191533
25.529910 927.455355 234.694051
25.546450 826.298074 236.410575
25.562870 693.015100 246.008368
25.579220 582.242358 260.198789
25.595700 516.314620 276.759740
25.611940 490.379346 292.923639
25.628420 485.050577 307.273016
25.644840 483.771860 320.737779
25.661250 483.652471 331.889315
25.677800 487.174508 335.804014
25.694150 493.300704 332.459593
25.710570 497.747232 329.928748
25.727050 500.187996 328.972034
25.743410 502.777501 323.435913
25.759770 504.211016 314.074475
25.776790 503.758625 306.307724
25.792790 499.633695 303.987889
25.809080 489.286572 306.008972
25.825560 478.784375 308.297516
25.841920 475.848149 309.874053
25.858460 478.735731 312.688472
25.874820 486.556032 317.092435
25.891420 500.912848 319.744616
25.924070 518.383338 317.739383
25.940550 536.085558 310.602321
25.956910 551.618480 297.222685
25.973510 561.370545 281.550272
25.989930 564.897985 270.798092
26.006290 564.782003 265.631586
26.022710 563.270614 263.997907
26.039180 560.659140 265.503501
26.055540 557.288845 270.774200
26.072020 555.042960 278.774348
26.088560 553.000549 283.563788
26.104980 547.778279 280.179262
26.121280 539.377407 270.064105
26.137760 530.895242 258.093452
26.170530 522.349014 247.752053
26.186950 509.661495 242.364972
26.219910 495.361186 244.409736
26.236270 487.891923 250.233178
26.269040 487.656739 253.075746
26.285830 487.493529 249.106699
26.318660 484.975625 242.840925
26.335080 486.329873 242.106902
26.367800 494.575979 246.252928
26.384220 500.905692 249.568294
26.400700 498.986762 251.792914
26.417110 494.859029 253.412701
26.433720 497.188063 252.028616
26.466310 505.764989 250.893780
26.482790 513.798049 249.996433
26.499210 518.436867 241.278852
26.515690 521.160706 229.172016
26.532040 525.490434 225.493282
26.548400 533.679399 230.429014
26.564760 540.150994 242.023100
26.581300 539.133773 256.525437
26.614070 535.576021 263.889536
26.630550 536.236538 260.368984
26.646910 540.765758 248.562054
26.663390 544.204342 232.669594
26.679810 543.642670 217.499696
26.696110 541.559306 205.460175
26.712710 537.623449 196.556917
26.729060 528.461606 190.038734
26.745540 516.155712 185.494708
26.761900 504.239320 180.679207
26.778260 498.350958 174.384242
26.794920 505.355632 170.606318
26.811340 519.473821 171.298731
26.827880 529.368422 174.161747
26.863100 528.824722 177.639729
26.877010 519.205765 180.078685
26.893550 509.918286 179.861003
26.909910 504.615679 177.131329
26.926450 501.430068 173.008892
26.942750 500.883731 167.997158
26.959230 502.056787 162.221083
26.975710 503.352336 157.373098
27.008540 508.167095 153.517798
27.025090 521.648265 146.851945
27.041380 541.042337 136.346191
27.057860 563.028464 126.652563
27.074220 585.874068 122.500973
27.091920 601.992316 125.249644
27.107120 609.247861 136.864864
27.123600 611.567992 158.541217
27.139950 610.696313 184.732986
27.156310 608.226505 203.115674
27.172790 605.376969 204.497741
27.189150 602.112371 191.366328
27.205570 599.507267 172.753579
27.222170 599.793430 156.529986
27.238590 602.698994 143.890284
27.254940 603.685148 134.447226
27.271240 597.996267 129.078817
27.287840 587.281202 126.725825
27.304200 572.374558 125.219832
27.320740 552.770103 124.446289
27.337040 536.401052 129.765707
27.353450 527.614934 143.167626
27.369810 522.937130 159.459013
27.386290 520.934369 174.135740
27.402650 518.957203 185.910751
27.419070 514.988003 193.302541
27.435550 512.438336 194.408805
27.452090 512.206742 192.444979
27.468440 513.387690 191.035010
27.501280 516.402863 189.606725
27.517760 519.341706 189.119747
27.534180 521.175177 190.339247
27.550780 521.594126 188.949961
27.567080 520.935265 176.385179
27.599910 521.925645 151.978163
27.616330 524.885283 125.778831
27.632810 527.785601 104.624561
27.649230 528.643867 91.413880
27.665710 525.830233 89.225852
27.681950 520.524545 97.347847
27.698730 518.722227 108.707197
27.714970 526.447485 115.268062
27.731320 541.166368 115.187074
27.747920 553.455833 111.361482
27.764340 556.944537 107.641028
27.780880 553.342251 105.577050
27.797240 551.162899 102.316147
27.813600 559.394986 98.454561
27.830200 577.113668 99.740221
27.846440 600.297065 104.628939
27.863100 630.313517 110.009417
27.879030 663.040778 118.922606
27.895690 687.629599 125.664294
27.911800 698.360111 122.013568
27.928340 698.810662 111.872528
27.944890 694.312283 102.360403
27.961180 688.804699 94.951346
27.977910 686.110895 87.620720
27.994140 687.093658 83.205764
28.010560 691.087620 85.091809
28.043460 707.422254 90.576179
28.059810 747.920215 94.601528
28.076290 801.988750 92.285616
28.092830 848.136900 86.425069
28.109190 876.949847 82.980796
28.125670 890.383270 80.466122
28.142090 893.931501 76.470280
28.158570 892.464021 72.938613
28.175050 889.704467 73.920036
28.191830 886.651002 81.548176
28.207760 882.485467 94.629596
28.224370 877.563375 108.980401
28.240720 873.712836 117.618479
28.257200 872.912371 116.043459
28.273320 875.533358 107.128695
28.292110 879.563524 98.090633
28.306520 884.869770 101.052967
28.322810 893.030913 123.533248
28.339050 909.791208 152.580685
28.356020 941.063623 171.719354
28.372250 977.691577 177.484415
28.388730 1007.019390 176.485132
28.405090 1024.398083 179.017846
28.421510 1028.876993 189.787577
28.438110 1022.345126 206.539438
28.454350 1011.518169 221.639585
28.470890 1006.057261 228.491318
28.487180 1006.319498 229.938089
28.504940 1006.221225 229.611180
28.520140 1004.133991 225.525955
28.536250 999.310894 218.844240
28.552800 990.372288 213.568621
28.569150 980.150698 209.851510
28.585630 971.541348 207.489658
28.602110 965.763504 208.637590
28.618410 964.904060 212.711247
28.634950 969.149211 212.140701
28.651310 976.796059 201.880990
28.667660 984.657464 189.747501
28.684200 989.905662 183.812200
28.700740 992.760520 185.862756
28.717040 995.029268 193.973076
28.733400 994.350266 197.920585
28.750120 988.869317 192.720969
28.766300 984.232668 186.254354
28.782840 988.271359 180.733562
28.799070 1001.426595 172.476656
28.815610 1013.631594 163.316418
28.832030 1021.427384 157.413504
28.848450 1029.922403 155.378959
28.864930 1038.780634 154.806657
28.881160 1045.330989 154.319340
28.897710 1049.751854 156.556205
28.914250 1053.261047 165.371052
28.930730 1054.601259 176.515952
28.947200 1050.509442 182.618193
28.963620 1040.726247 185.002055
28.980220 1029.433485 188.527415
28.996580 1022.068709 193.627130
29.013000 1021.370251 197.831885
29.029300 1024.540211 199.876200
29.046080 1028.654142 197.432124
29.066590 1034.559101 185.669464
29.078670 1039.018968 165.733937
29.095280 1037.158312 145.174239
29.111450 1031.389750 130.455970
29.127990 1028.434766 126.204519
29.144350 1032.101144 134.150695
29.160830 1039.214710 149.818852
29.177190 1042.578270 163.330227
29.193420 1040.386446 168.655855
29.209840 1038.468666 169.618653
29.226440 1039.349472 170.921032
29.242800 1041.740232 172.634359
29.259460 1045.520227 173.863528
29.275820 1048.904645 175.806437
29.292300 1048.221002 181.053954
29.308410 1041.730209 190.716198
29.324890 1032.673294 206.547670
29.341190 1025.413927 225.467611
29.357730 1021.549423 236.355104
29.374510 1023.182212 231.666831
29.394530 1030.248650 214.597203
29.407230 1037.020663 195.752098
29.423400 1038.585994 178.255440
29.439940 1035.557402 164.553460
29.456300 1032.600915 165.450852
29.472780 1029.065163 178.903738
29.489010 1019.656336 191.698220
29.505370 1005.582713 196.757996
29.522090 994.097717 194.366977
29.538270 990.577102 188.150431
29.554750 993.902469 181.090808
29.571230 997.946531 174.791616
29.587710 997.820957 172.926077
29.604000 994.410491 179.532231
29.620610 990.155059 189.521597
29.637080 984.704557 201.343793
29.653320 977.496527 222.693000
29.669860 970.868630 249.874899
29.686220 969.046284 277.028369
29.702700 973.818779 303.612120
29.719180 981.827704 325.614498
29.735720 988.746315 339.896699
29.751890 993.111050 345.775526
29.768490 993.842970 340.115310
29.784970 991.141666 322.907243
29.801150 988.478230 304.133954
29.817750 986.809459 291.235716
29.834230 985.307807 287.096068
29.850770 985.403910 293.705423
29.866940 988.571674 305.718429
29.883360 992.348012 315.881691
29.916320 992.357592 323.136431
29.932680 990.303134 328.779480
29.949340 989.375855 331.680290
29.965450 993.651933 328.115262
29.981930 1004.278394 314.241697
29.998660 1012.511356 293.512622
30.014950 1015.592329 278.295649
30.031130 1018.512117 271.542513
30.047790 1022.092993 263.427943
30.064150 1024.679906 254.790205
30.080510 1025.508232 253.605874
30.097110 1025.191263 257.538581
30.113400 1025.038235 257.629340
30.129880 1026.220520 245.740237
30.146300 1029.748797 218.299638
30.162900 1032.827314 183.744102
30.179260 1031.659772 154.392287
30.212220 1030.290136 135.103290
30.228640 1035.025955 126.022042
30.265870 1044.955841 122.439832
30.278080 1057.711120 123.477905
30.294310 1072.821967 134.639078
30.310550 1081.888467 158.655975
30.326970 1073.983020 194.985112
30.343320 1051.086303 240.771927
30.359800 1027.477136 286.099120
30.376340 1010.787951 318.634247
30.392460 995.531689 334.851641
30.409000 982.214293 336.184304
30.425420 975.850290 323.390009
30.441960 975.021471 299.019593
30.458440 979.235398 272.988019
30.477110 987.638017 260.405427
30.491330 994.189555 267.733157
30.507690 991.313077 321.763532
30.819820 975.064157 443.749184
30.836180 951.793926 581.834663
30.852780 933.847650 656.074524
30.868960 933.151922 630.904520
30.902100 947.868169 546.805253
30.918270 960.805313 459.158966
30.934750 965.338791 383.574064
30.951170 966.048446 327.863770
30.967590 963.864647 295.787093
30.984070 957.462226 280.551235
31.000430 947.885629 280.518510
31.018740 939.221634 296.238331
31.033260 935.865759 319.615000
31.049680 937.462894 344.345757
31.066160 944.177542 366.265832
31.082520 958.013914 377.641428
31.099060 968.219536 373.970227
31.115420 963.154321 358.759981
31.148320 955.321181 342.091368
31.164920 958.315173 329.415822
31.181210 964.980064 321.168692
31.197570 972.383787 321.352073
31.214050 982.192228 331.445542
31.230530 986.798833 345.516168
31.246830 985.172695 357.503475
31.263240 987.405058 365.460386
