0.000000 709.195200 317.824500
0.016480 715.764000 331.968000
0.049190 730.094400 381.748500
0.065430 762.753600 375.742500
0.081910 762.787200 383.680500
0.098390 726.684000 382.032000
0.114870 745.264800 418.320000
0.131100 746.088000 428.925000
0.147710 735.016800 421.470000
0.164060 761.208000 466.000500
0.180300 761.090400 458.535000
0.197390 770.078400 390.789000
0.215820 757.192800 405.930000
0.230100 756.403200 386.809500
0.246460 764.803200 363.961500
0.262940 741.400800 369.904500
0.279300 740.695200 366.702000
0.295900 744.844800 353.755500
0.312260 655.905600 400.732500
0.328610 658.694400 420.021000
0.344850 648.916800 419.800500
0.361330 640.768800 436.737000
0.377690 641.743200 439.467000
0.394170 656.409600 442.764000
0.410520 639.760800 424.305000
0.427000 636.820800 410.854500
0.443360 647.320800 394.128000
0.459960 620.608800 378.504000
0.476200 621.583200 381.402000
0.492680 652.596000 379.050000
0.509160 662.726400 383.775000
0.525510 663.465600 382.599000
0.541990 611.956800 332.451000
0.558350 592.754400 181.366500
0.574950 590.284800 173.061000
0.591310 609.470400 165.049500
0.607670 613.502400 167.076000
0.624150 615.048000 176.988000
0.640500 599.054400 190.459500
0.657100 595.224000 205.075500
0.673340 596.500800 214.798500
0.689820 598.248000 251.086500
0.706420 584.841600 266.584500
0.722660 586.152000 273.241500
0.739140 557.239200 203.374500
0.755490 544.639200 201.988500
0.772090 543.228000 195.394500
0.788450 537.986400 168.808500
0.804810 528.612000 175.119000
0.821290 530.090400 181.870500
0.837650 557.524800 192.003000
0.854250 530.376000 199.804500
0.870480 530.073600 196.224000
0.887080 560.280000 188.412000
0.903560 548.234400 177.250500
0.919800 545.428800 163.380000
0.936280 522.799200 157.752000
0.952640 525.621600 139.156500
0.969120 527.335200 149.625000
0.985600 543.597600 156.471000
1.002080 531.283200 215.764500
1.018310 534.324000 229.414500
1.034790 524.059200 236.208000
1.051270 514.550400 186.543000
1.084350 518.616000 198.282000
1.100590 543.782400 201.558000
1.133420 525.000000 209.055000
1.150020 557.323200 192.244500
1.166260 555.727200 181.744500
1.182740 679.408800 60.900000
1.199220 707.968800 60.669000
1.215450 707.263200 56.668500
1.232060 686.599200 91.906500
1.248410 692.395200 119.983500
1.264770 694.243200 144.322500
1.281250 680.198400 145.834500
1.297610 674.116800 157.353000
1.314330 675.578400 170.793000
1.330570 664.742400 171.118500
1.346920 665.364000 184.842000
1.363530 664.591200 174.951000
1.379880 673.545600 148.848000
1.396240 686.599200 149.866500
1.412600 685.288800 136.573500
1.429200 685.708800 104.065500
1.445560 698.544000 115.941000
1.462280 698.006400 104.884500
1.478390 691.152000 64.512000
1.495000 699.115200 40.110000
1.511350 697.334400 12.190500
1.527590 684.213600 7.780500
1.544070 704.659200 5.061000
1.576900 692.378400 12.190500
1.593380 738.326400 18.154500
1.609740 738.544800 30.072000
1.626220 699.518400 39.364500
1.642820 725.457600 55.671000
1.659180 726.801600 82.530000
1.675540 727.591200 80.682000
1.692020 727.188000 110.355000
1.708370 728.162400 125.013000
1.724730 740.359200 143.115000
1.741210 721.123200 105.178500
1.774170 705.667200 125.181000
1.790530 705.549600 123.931500
1.806880 705.079200 112.969500
1.823360 687.556800 98.091000
1.839720 680.030400 67.084500
1.856450 678.585600 52.080000
1.872680 662.692800 50.662500
1.889160 690.832800 58.800000
1.905520 691.387200 69.856500
1.921880 688.648800 75.127500
1.938480 698.577600 91.770000
1.954710 699.837600 106.711500
1.971310 711.916800 125.349000
1.987670 700.408800 100.495500
2.020510 611.973600 141.120000
2.036870 585.681600 133.497000
2.053470 584.337600 122.377500
2.069700 583.262400 136.090500
2.086430 583.548000 106.963500
2.102540 581.128800 92.263500
2.119380 595.593600 61.876500
2.135500 605.287200 76.839000
2.151860 607.454400 97.744500
2.168460 595.963200 122.997000
2.184940 618.004800 136.353000
2.201290 621.129600 154.833000
2.217650 611.671200 152.869500
2.234130 610.562400 135.660000
2.250490 608.512800 122.083500
2.266970 591.595200 181.849500
2.283200 533.635200 196.665000
2.299930 531.888000 186.217500
2.316280 538.188000 148.669500
2.332640 524.764800 129.559500
2.349120 522.832800 117.757500
2.365480 536.323200 139.356000
2.381960 529.216800 160.524000
2.398320 525.957600 145.078500
2.414790 535.197600 126.210000
2.431270 528.007200 83.065500
2.464110 498.556800 142.128000
2.480590 531.434400 146.370000
2.496950 536.407200 176.652000
2.513550 532.257600 193.063500
2.529790 524.311200 217.518000
2.546260 530.812800 245.406000
2.562620 524.781600 266.847000
2.578980 549.813600 275.856000
2.611940 524.529600 275.131500
2.628540 535.449600 270.154500
2.661130 587.680800 233.047500
2.677610 577.718400 239.368500
2.694090 574.845600 219.376500
2.710570 569.755200 212.793000
2.726810 578.978400 151.819500
2.743410 575.467200 135.177000
2.759770 565.689600 155.662500
2.776610 569.637600 152.922000
2.792850 569.251200 144.858000
2.808960 575.450400 146.380500
2.825440 572.762400 104.653500
2.841920 569.083200 86.299500
2.858400 569.956800 147.000000
3.104740 621.364800 133.098000
3.121340 630.302400 173.848500
3.137570 630.268800 170.068500
3.153810 592.922400 109.851000
3.170410 612.528000 135.985500
3.186890 611.368800 131.911500
3.203250 619.180800 109.546500
3.219600 659.736000 156.828000
3.236330 660.660000 164.629500
3.252690 663.482400 177.030000
3.269040 675.074400 171.402000
3.285520 674.352000 160.492500
3.301880 688.934400 148.932000
3.318360 703.180800 121.464000
3.334720 702.374400 117.400500
3.351320 675.007200 92.515500
3.367680 669.312000 121.527000
3.384030 670.202400 125.685000
3.400510 680.534400 130.179000
3.416750 769.372800 125.191500
3.433350 768.616800 147.651000
3.449830 746.020800 145.393500
3.466310 759.192000 250.897500
3.482790 761.544000 275.604000
3.499020 774.782400 195.468000
3.515500 743.366400 186.648000
3.531860 741.098400 149.100000
3.548460 763.627200 130.725000
3.564820 762.333600 121.033500
3.597660 784.140000 155.242500
3.614010 771.792000 133.570500
3.646850 748.960800 114.030000
3.663450 787.483200 152.649000
3.696290 852.952800 124.939500
3.712770 861.117600 139.114500
3.745730 852.633600 118.272000
3.761840 842.167200 123.658500
3.778440 841.209600 142.758000
3.794800 841.999200 179.854500
3.811280 841.108800 210.934500
3.827760 840.688800 236.775000
3.844120 859.252800 220.216500
3.860840 854.011200 244.986000
3.877320 855.204000 226.128000
3.893800 854.616000 197.683500
3.910030 848.198400 186.049500
3.926390 848.114400 170.404500
3.942990 894.079200 180.432000
3.959350 905.940000 196.927500
3.975830 905.032800 210.147000
3.992430 924.487200 185.314500
4.008790 881.395200 189.535500
4.025020 882.252000 179.686500
4.041500 907.284000 171.213000
4.057740 912.290400 124.834500
4.073970 912.139200 121.180500
4.090580 897.825600 145.393500
4.106930 907.838400 176.872500
4.123410 906.040800 199.185000
4.139890 900.144000 220.353000
4.156130 897.758400 220.111500
4.172610 897.019200 232.344000
4.189210 825.115200 229.225500
4.205570 692.076000 220.542000
4.221920 690.026400 196.591500
4.238650 545.328000 191.247000
4.255860 545.714400 172.368000
4.271120 543.144000 159.631500
4.287840 535.130400 166.257000
4.304200 542.152800 176.494500
4.320680 545.126400 190.900500
4.336910 538.120800 186.721500
4.353520 537.734400 200.056500
4.369870 534.660000 185.776500
4.386230 549.511200 185.629500
4.402830 532.039200 136.825500
4.419070 529.048800 122.262000
4.435550 526.612800 124.425000
4.452030 528.511200 114.030000
4.484990 570.830400 136.216500
4.501340 588.268800 143.346000
4.534060 604.329600 130.053000
4.550540 601.927200 127.858500
4.566770 602.028000 131.176500
4.583250 590.116800 133.728000
4.599850 584.488800 149.761500
4.616210 586.790400 160.524000
4.632690 600.650400 145.939500
4.649050 596.316000 150.349500
4.665530 595.207200 143.640000
4.681880 680.652000 135.492000
4.698360 682.819200 142.873500
4.714970 683.508000 149.562000
4.731320 704.659200 148.984500
4.747680 691.706400 187.897500
4.764280 693.084000 201.883500
4.780640 689.808000 179.980500
4.796880 693.134400 179.371500
4.829960 702.542400 195.898500
4.846070 702.912000 170.005500
4.879150 710.589600 192.853500
4.895870 716.083200 204.928500
4.928340 720.182400 205.737000
4.944950 730.245600 198.418500
4.977780 729.136800 218.001000
4.994020 738.376800 185.892000
5.027100 714.067200 183.771000
5.043460 723.105600 169.837500
5.059690 722.702400 159.358500
5.076170 795.916800 200.466000
5.092650 813.943200 178.752000
5.109010 813.573600 175.182000
5.125370 820.965600 166.845000
5.142090 813.153600 171.465000
5.158330 813.237600 185.167500
5.174680 791.229600 200.592000
5.191280 809.944800 211.606500
5.224000 802.418400 210.199500
5.240480 811.608000 193.840500
5.273320 804.837600 209.706000
5.289920 824.409600 194.187000
5.322630 862.999200 220.857000
5.338990 866.796000 214.756500
5.355710 866.124000 223.503000
5.371950 860.361600 234.255000
5.388310 861.638400 233.562000
5.404910 861.218400 245.752500
5.421140 850.600800 251.748000
5.437620 846.064800 253.606500
5.470700 872.928000 262.668000
5.487060 859.773600 264.537000
5.503420 860.428800 255.738000
5.520020 861.067200 214.252500
5.536130 874.070400 194.722500
5.552610 874.574400 182.311500
5.568970 854.800800 177.324000
5.585570 867.266400 207.123000
5.618290 908.611200 223.356000
5.634770 920.287200 192.738000
5.651120 919.296000 201.600000
5.667600 907.132800 214.116000
5.684200 913.936800 225.519000
5.700440 914.054400 228.816000
5.716920 911.769600 237.846000
5.733400 899.421600 215.512500
5.749630 899.304000 212.331000
5.766110 905.570400 224.731500
5.782590 914.172000 242.634000
5.798950 914.289600 245.857500
5.815550 911.232000 223.954500
5.831910 948.628800 217.392000
5.848270 949.855200 205.411500
5.864750 950.913600 195.069000
5.881100 947.940000 214.252500
5.914180 948.410400 207.175500
5.930660 953.685600 220.605000
5.963260 954.475200 212.404500
5.979740 935.407200 181.839000
5.996700 934.348800 190.879500
6.012820 946.461600 217.843500
6.029050 944.798400 244.776000
6.045410 944.815200 247.926000
6.062010 944.395200 235.242000
6.078370 880.958400 221.182500
6.094730 881.512800 209.139000
6.111080 580.406400 201.999000
6.127930 572.460000 224.952000
6.160400 559.087200 252.157500
6.177000 557.491200 242.350500
6.209840 535.735200 239.704500
6.226070 541.548000 250.257000
6.259160 543.648000 230.160000
6.275510 555.156000 235.567500
6.308470 557.524800 224.112000
6.324950 555.643200 224.017500
6.357790 713.412000 185.934000
6.374020 824.241600 185.514000
6.406860 819.201600 205.170000
6.423340 816.816000 209.076000
6.456180 812.061600 204.067500
6.472780 812.028000 198.261000
6.489010 811.776000 207.333000
6.505620 809.558400 202.786500
6.521970 813.590400 225.907500
6.538330 813.674400 238.255500
6.554810 811.776000 242.350500
6.571170 807.559200 232.743000
6.587650 807.828000 223.618500
6.604000 810.482400 200.581500
6.620360 817.101600 198.492000
6.636960 817.034400 186.060000
6.653320 823.905600 188.506500
6.669920 811.540800 170.121000
6.702510 815.270400 192.223500
6.718990 813.943200 187.519500
6.751950 811.456800 208.414500
6.768190 821.217600 178.237500
6.784790 820.915200 187.498500
6.801270 859.118400 199.027500
6.817630 871.348800 229.719000
6.834230 871.533600 232.942500
6.850460 866.544000 216.111000
6.866940 850.113600 203.952000
6.883300 849.861600 200.655000
6.899900 846.014400 223.618500
6.916140 869.937600 225.498000
6.932620 870.122400 228.732000
6.948970 857.102400 199.321500
6.965330 856.195200 182.112000
6.981930 856.514400 169.533000
6.998410 874.456800 173.859000
7.014770 864.276000 162.750000
7.047610 859.034400 163.936500
7.063960 871.533600 199.794000
7.098510 907.300800 198.744000
7.113530 899.505600 198.775500
7.146120 885.024000 187.278000
7.162600 917.296800 186.606000
7.178960 916.322400 195.552000
7.195430 908.577600 199.699500
7.211910 919.514400 228.018000
7.228270 918.540000 240.145500
7.244750 909.199200 225.067500
7.261110 875.011200 232.344000
7.293950 903.840000 248.419500
7.311280 876.842400 222.526500
7.326900 877.598400 213.381000
7.343260 664.356000 276.223500
7.359740 558.936000 278.208000
7.376220 556.315200 266.301000
7.392460 573.518400 282.691500
7.409060 561.909600 252.157500
7.441890 563.320800 258.331500
7.458250 572.275200 244.723500
7.474610 573.669600 253.659000
7.491210 573.232800 279.552000
7.507570 567.907200 324.891000
7.524050 569.251200 330.876000
7.540410 566.361600 282.859500
7.556880 572.896800 301.959000
7.589600 553.392000 322.812000
7.606080 563.522400 302.043000
7.622440 564.799200 307.776000
7.640500 562.312800 307.198500
7.655640 548.503200 302.022000
7.672120 545.042400 283.206000
7.688350 534.542400 240.723000
7.704710 539.028000 222.852000
7.721190 536.608800 216.216000
7.737550 549.057600 257.407500
7.754030 556.970400 284.403000
7.770630 562.548000 309.309000
7.787110 566.815200 304.647000
7.803470 556.718400 310.569000
7.819820 555.122400 301.665000
7.836300 547.545600 283.668000
7.852540 559.557600 274.176000
7.869020 555.844800 259.014000
7.885250 540.405600 270.280500
7.901860 533.181600 256.651500
7.918210 534.374400 259.686000
7.934570 537.600000 256.861500
7.951050 543.664800 249.595500
7.967530 545.277600 258.804000
7.984010 539.532000 269.734500
8.000370 548.032800 279.058500
8.016850 547.327200 272.244000
8.033200 548.923200 259.728000
8.049560 557.961600 248.251500
8.066160 554.232000 233.047500
8.082400 596.551200 218.001000
8.099000 600.852000 217.486500
8.115230 603.153600 230.989500
8.131840 608.764800 267.498000
8.148440 603.422400 256.084500
8.181150 597.794400 240.618000
8.197630 601.104000 248.913000
8.230590 596.500800 242.130000
8.263310 597.693600 250.551000
8.279660 633.645600 265.272000
8.297000 601.944000 281.326500
8.312620 600.482400 270.973500
8.329220 625.363200 229.225500
8.345460 570.326400 250.971000
8.362180 569.284800 247.989000
8.378420 551.275200 278.649000
8.394650 569.268000 306.715500
8.411130 573.182400 322.717500
8.427490 577.869600 304.384500
8.443970 563.623200 289.947000
8.460330 559.692000 271.918500
8.476810 546.588000 264.673500
8.493290 553.291200 269.724000
8.526120 585.412800 263.413500
8.542480 582.170400 263.487000
8.558960 583.413600 269.755500
8.575320 573.972000 294.819000
8.591800 536.659200 284.959500
8.608150 533.786400 274.974000
8.624760 551.980800 293.517000
8.641110 545.025600 272.034000
8.657710 544.723200 268.852500
8.674070 547.797600 273.073500
8.690430 541.984800 264.106500
8.706790 542.186400 264.946500
8.723270 515.071200 272.338500
8.739990 514.970400 278.554500
8.756470 515.272800 281.505000
8.772710 541.329600 300.342000
8.789180 536.709600 303.345000
8.805420 539.347200 312.333000
8.822020 550.485600 323.662500
8.838380 558.331200 267.844500
8.854740 555.441600 254.667000
8.871340 528.528000 275.499000
8.887820 519.876000 267.162000
8.903930 518.649600 264.064500
8.920530 530.023200 280.402500
8.936890 524.344800 288.267000
8.954350 526.831200 294.766500
8.969850 572.157600 347.466000
8.986330 551.577600 308.269500
9.002560 550.418400 305.287500
9.019170 524.076000 313.131000
9.035520 543.916800 346.111500
9.051880 547.243200 360.811500
9.068360 549.528000 357.651000
9.084840 564.916800 366.733500
9.101320 564.883200 366.597000
9.117680 560.414400 360.570000
9.134160 557.692800 364.266000
9.150510 555.727200 352.663500
9.166870 527.385600 373.779000
9.183230 522.278400 365.715000
9.199830 519.120000 354.375000
9.216310 542.707200 341.974500
9.232540 541.413600 341.134500
9.265380 542.908800 342.100500
9.281860 544.857600 330.928500
9.298460 545.428800 336.766500
9.314700 538.692000 365.977500
9.331050 559.238400 356.107500
9.347530 563.388000 373.254000
9.364260 546.016800 414.193500
9.380740 531.434400 401.814000
9.397090 533.013600 407.358000
9.413450 538.087200 393.676500
9.429690 528.259200 405.331500
9.446170 526.646400 399.777000
9.462650 534.962400 376.498500
9.479000 535.836000 372.088500
9.495610 534.021600 363.594000
9.511720 543.732000 359.089500
9.528320 528.847200 366.124500
9.544800 527.637600 363.352500
9.561040 513.072000 343.833000
9.577510 523.975200 347.907000
9.593990 526.814400 356.454000
9.610720 507.158400 360.559500
9.626830 506.822400 360.874500
9.643190 507.225600 363.835500
9.659790 546.756000 360.612000
9.676270 544.353600 366.240000
9.692380 545.798400 371.868000
9.708860 541.094400 385.833000
9.725340 511.476000 377.989500
9.758300 517.188000 377.601000
9.774780 526.344000 361.305000
9.791140 524.731200 355.435500
9.807740 528.679200 363.846000
9.823970 523.773600 356.254500
9.840330 522.177600 350.458500
9.856810 534.055200 364.339500
9.873170 535.617600 367.300500
9.889650 537.146400 372.960000
9.906250 536.071200 381.895500
9.922490 538.120800 394.758000
9.938840 537.801600 391.975500
9.955570 532.526400 382.746000
9.971920 562.632000 369.988500
9.988400 559.675200 355.929000
10.004760 598.096800 333.112500
10.021240 602.800800 324.754500
10.037600 601.608000 318.643500
10.053830 603.792000 292.729500
10.070430 611.335200 295.596000
10.086790 611.436000 298.714500
10.103270 609.907200 324.261000
10.119630 584.673600 317.635500
10.136230 585.967200 323.830500
10.152470 578.608800 335.013000
10.169070 565.135200 338.646000
10.185550 565.336800 341.407500
10.201900 537.448800 373.149000
10.218260 545.412000 473.833500
10.234620 546.856800 478.632000
10.251100 535.886400 463.575000
10.267460 526.831200 468.373500
10.284060 528.108000 470.956500
10.300420 534.626400 468.930000
10.316770 543.933600 467.302500
10.333250 543.967200 467.428500
10.349850 542.119200 458.440500
10.366330 536.894400 466.462500
10.382930 535.348800 461.433000
10.399170 553.140000 460.572000
10.415410 553.089600 454.398000
10.431760 551.678400 449.410500
10.448240 532.610400 447.048000
10.464840 543.832800 428.904000
10.481080 544.992000 431.235000
10.497680 539.347200 465.654000
10.514040 527.436000 448.707000
10.530400 529.082400 455.563500
10.546880 584.421600 462.105000
10.563230 581.011200 493.521000
10.579710 582.439200 498.750000
10.597290 569.116800 474.873000
10.612550 567.957600 468.531000
10.628910 565.773600 463.648500
10.645390 569.788800 476.553000
10.661620 583.917600 470.358000
10.678220 586.034400 475.093500
10.695070 582.304800 477.750000
10.711300 581.162400 489.373500
10.727780 578.911200 482.601000
10.744140 579.482400 450.796500
10.760620 605.404800 459.627000
10.777220 603.943200 451.542000
10.793580 630.588000 456.855000
10.809940 635.644800 461.506500
10.828980 635.661600 461.622000
10.842650 637.425600 431.151000
10.858890 638.433600 464.457000
10.875370 639.525600 469.896000
10.891970 635.997600 459.049500
10.908450 630.856800 461.947500
10.924560 628.756800 454.062000
10.941040 642.801600 450.019500
10.957520 647.388000 450.786000
10.974000 648.228000 453.211500
10.990480 644.011200 452.497500
11.006840 680.920800 461.517000
11.023320 681.760800 467.008500
11.039670 685.692000 469.675500
11.056150 680.349600 462.073500
11.088870 654.074400 469.192500
11.105350 665.952000 464.478000
11.121950 665.112000 459.627000
11.138180 668.455200 452.298000
11.154660 676.300800 445.116000
11.187500 665.061600 468.720000
11.203980 661.382400 458.776500
11.236940 675.998400 439.593000
11.253540 644.565600 445.578000
11.269900 645.506400 450.534000
11.286250 670.941600 485.016000
11.302610 677.762400 477.361500
11.318970 678.535200 482.191500
11.335570 656.695200 456.519000
11.351810 658.711200 474.579000
11.368160 658.694400 471.901500
11.384640 668.186400 465.780000
11.401000 663.096000 456.456000
11.417720 662.188800 451.153500
11.433840 663.264000 469.098000
11.450440 644.196000 477.477000
11.466670 644.296800 480.060000
11.483400 666.724800 458.493000
11.499630 670.252800 464.856000
11.515990 669.429600 462.199500
11.532470 666.808800 448.696500
11.548950 669.144000 431.970000
11.565430 668.220000 423.790500
11.581790 655.905600 418.656000
11.598140 673.680000 433.881000
11.614620 674.553600 439.456500
11.630980 656.997600 441.388500
11.647710 686.968800 474.652500
11.664060 687.775200 479.986500
11.680540 707.935200 459.984000
11.696780 711.715200 474.337500
11.713380 712.236000 478.653000
11.729610 713.647200 481.005000
11.746220 711.362400 499.296000
11.778930 718.838400 474.421500
11.796020 717.326400 458.608500
11.811890 716.436000 446.701500
11.828250 718.989600 456.267000
11.844850 709.581600 460.236000
11.861080 708.825600 457.653000
11.877560 704.827200 438.217500
11.893920 706.792800 444.528000
11.910400 707.414400 449.809500
11.926760 744.105600 475.891500
11.943120 730.279200 457.957500
11.959840 730.749600 462.787500
11.976070 730.161600 463.386000
11.992550 729.556800 483.787500
12.009030 730.044000 488.554500
12.025390 733.908000 476.868000
12.041990 719.275200 449.967000
12.074580 735.319200 491.326500
12.091060 734.865600 508.525500
12.107670 735.655200 516.516000
12.123780 744.273600 535.300500
12.140380 738.981600 533.358000
12.173220 733.118400 495.642000
12.189820 726.751200 519.372000
12.222530 738.813600 514.951500
12.238890 748.692000 517.335000
12.271970 795.060000 528.234000
12.288330 835.564800 509.418000
12.304690 835.716000 501.469500
12.321040 830.356800 505.029000
12.337650 809.524800 526.260000
12.353880 809.474400 521.787000
12.370360 805.795200 505.848000
12.386840 795.816000 519.613500
12.403200 796.101600 517.261500
12.419680 805.543200 509.911500
12.436040 814.279200 520.779000
12.452510 813.926400 522.742500
12.469120 824.191200 517.062000
12.485470 833.011200 509.355000
12.501710 832.843200 518.322000
12.518430 822.360000 544.582500
12.534670 830.810400 535.027500
12.569340 841.444800 521.724000
12.583980 865.082400 496.366500
12.600460 865.300800 492.177000
12.616820 867.316800 496.314000
12.633180 851.373600 483.084000
12.649780 851.541600 478.390500
12.666140 856.363200 487.515000
12.682620 866.997600 484.386000
12.698850 866.762400 482.034000
12.715450 552.837600 490.938000
12.731810 584.472000 486.927000
12.748170 586.874400 494.004000
12.764770 558.936000 491.169000
12.781130 558.398400 500.545500
12.797490 558.432000 500.661000
12.813840 570.796800 490.665000
12.830320 573.333600 488.250000
12.863160 555.357600 492.334500
12.880000 572.191200 492.292500
12.896240 570.830400 487.452000
12.912840 536.054400 499.842000
12.929080 541.380000 504.766500
12.945680 543.076800 511.371000
12.962160 526.545600 519.109500
12.978390 539.700000 529.861500
12.995000 542.421600 536.886000
13.013550 543.379200 553.906500
13.027830 521.152800 547.102500
13.044310 516.314400 533.914500
13.060550 521.186400 502.005000
13.076900 524.361600 515.707500
13.093510 522.328800 508.630500
13.109860 511.778400 499.905000
13.126100 520.178400 494.340000
13.142700 518.918400 491.767500
13.159180 535.584000 542.325000
13.175420 535.584000 542.325000
13.192140 535.584000 542.325000
13.208370 535.584000 542.325000
13.224850 535.584000 542.325000
13.241210 535.584000 542.325000
13.257690 535.584000 542.325000
13.274050 535.584000 542.325000
13.290280 535.584000 542.325000
13.306760 535.584000 542.325000
13.323240 535.584000 542.325000
13.339600 535.584000 542.325000
13.355960 535.584000 542.325000
13.372680 535.584000 542.325000
13.389040 535.584000 542.325000
13.405270 535.584000 542.325000
13.421750 535.584000 542.325000
13.438110 535.584000 542.325000
13.454710 542.656800 486.906000
13.471190 558.012000 464.940000
13.487790 559.423200 469.822500
13.504030 609.756000 486.811500
13.520510 605.337600 518.238000
13.536990 605.976000 517.524000
13.553340 613.754400 500.073000
13.569700 596.047200 481.929000
13.586060 592.317600 469.266000
13.602420 578.020800 480.427500
13.619020 559.272000 475.293000
13.635380 562.564800 490.024500
13.651980 565.605600 494.844000
13.668330 608.630400 507.160500
13.684810 609.604800 509.323500
13.701290 579.314400 465.234000
13.717650 571.015200 469.518000
13.734130 569.721600 464.782500
13.750610 584.976000 487.546500
13.766970 592.586400 506.341500
13.783570 596.568000 522.973500
13.800050 598.768800 521.199000
13.816280 600.684000 531.027000
13.832890 601.288800 527.761500
13.849000 628.017600 502.005000
13.865600 647.455200 508.840500
13.881960 644.968800 500.965500
13.898560 645.405600 494.466000
13.914920 630.537600 490.707000
13.931400 632.872800 499.810500
13.947630 646.296000 508.756500
13.964230 657.736800 502.960500
13.980470 656.846400 498.298500
14.000000 649.000800 494.119500
14.013180 662.592000 483.609000
14.029540 661.718400 481.141500
14.046020 662.491200 482.401500
14.062380 652.646400 469.266000
14.078860 653.536800 474.085500
14.096920 656.930400 484.795500
14.111820 652.629600 504.262500
14.128170 653.368800 504.042000
14.144650 596.013600 512.242500
14.161010 599.054400 511.591500
14.177370 597.004800 506.803500
14.193850 587.445600 510.972000
14.210210 596.450400 518.364000
14.226810 601.356000 538.324500
14.243160 613.317600 548.226000
14.259770 623.884800 563.020500
14.276120 625.867200 571.084500
14.292360 645.691200 574.717500
14.309080 644.868000 574.518000
14.341800 640.987200 572.386500
14.358150 581.700000 564.910500
14.374510 577.332000 547.428000
14.390870 557.894400 496.461000
14.407350 575.383200 478.338000
14.425660 568.680000 449.998500
14.440310 557.020800 455.227500
14.456790 549.595200 425.533500
14.473140 544.891200 408.702000
14.489620 537.112800 399.042000
14.506100 530.510400 398.013000
14.522460 532.459200 408.544500
14.538820 548.301600 426.583500
14.555300 559.221600 441.084000
14.571780 565.219200 462.997500
14.588130 558.549600 487.305000
14.604740 565.622400 461.580000
14.637570 540.892800 482.548500
14.653930 554.299200 486.223500
14.670290 552.535200 478.663500
14.686770 539.649600 472.678500
14.703130 524.395200 469.234500
14.719600 523.135200 466.504500
14.735960 512.047200 463.837500
14.752320 522.093600 479.976000
14.769040 523.320000 482.653500
14.785280 523.756800 476.416500
14.801760 544.404000 463.312500
14.818120 541.716000 455.773500
14.834590 511.089600 377.433000
14.850830 520.111200 365.274000
14.867430 522.984000 373.747500
14.883910 527.822400 377.664000
14.900270 525.369600 381.108000
14.916750 523.320000 371.889000
14.933110 528.326400 332.010000
14.949580 515.524800 334.036500
14.965940 512.181600 321.846000
14.982540 512.551200 310.443000
14.998900 517.876800 292.393500
15.015260 518.229600 295.890000
15.031740 533.752800 320.838000
15.048220 533.870400 331.401000
15.064580 537.012000 343.602000
15.080930 565.387200 351.729000
15.097530 573.669600 355.582500
15.114010 575.181600 364.119000
15.130490 585.597600 385.066500
15.146730 573.871200 380.751000
15.163210 575.551200 389.340000
15.179570 579.516000 380.635500
15.196040 579.885600 376.561500
15.212520 580.893600 379.375500
15.228880 571.099200 389.130000
15.245240 576.744000 375.123000
15.261840 575.450400 369.631500
15.278080 587.781600 358.218000
15.294430 569.721600 371.112000
15.327390 569.738400 377.307000
15.343870 567.285600 391.975500
15.376830 519.624000 371.574000
15.393190 523.353600 396.574500
15.426150 546.168000 386.851500
15.442380 552.686400 395.734500
15.458860 551.241600 390.274500
15.475340 529.099200 387.292500
15.491820 513.576000 375.879000
15.524540 509.812800 367.279500
15.541020 526.730400 382.746000
15.573970 542.824800 376.845000
15.590330 535.516800 354.333000
15.606690 534.273600 351.487500
15.623170 537.146400 368.550000
15.639650 532.308000 385.161000
15.656010 535.029600 393.351000
15.672490 539.364000 402.570000
15.688840 542.052000 399.294000
15.705320 539.918400 387.544500
15.721680 505.562400 475.072500
15.738160 513.844800 454.692000
15.754760 506.906400 433.398000
15.771000 518.196000 429.282000
15.787480 525.705600 430.374000
15.803830 524.076000 425.092500
15.820310 473.004000 389.592000
15.836790 499.178400 414.487500
15.853150 505.058400 437.062500
15.869510 497.246400 463.606500
15.885990 510.552000 489.489000
15.902470 518.750400 510.709500
15.918820 570.712800 510.289500
15.935420 563.606400 474.862500
15.951900 558.852000 454.083000
15.968260 563.203200 443.383500
15.984620 557.071200 431.634000
16.001220 552.871200 420.472500
16.017820 578.541600 422.782500
16.034060 564.362400 434.385000
16.050540 566.344800 441.861000
16.066770 575.618400 452.445000
16.083370 551.090400 442.291500
16.099610 551.342400 444.916500
16.115840 575.400000 446.523000
16.132450 557.793600 448.182000
16.148930 560.128800 452.844000
16.165280 573.888000 444.349500
16.181880 603.036000 448.665000
16.198120 601.742400 445.378500
16.214600 572.796000 482.422500
16.231080 542.976000 542.314500
16.247440 543.261600 543.175500
16.263790 537.986400 574.612500
16.280270 548.385600 563.713500
16.296750 545.613600 557.109000
16.313230 564.177600 554.232000
16.329590 525.638400 539.227500
16.346070 525.856800 541.138500
16.362300 534.172800 557.812500
16.378910 545.160000 561.445500
16.395260 548.486400 572.145000
16.411740 548.083200 575.053500
16.428220 543.127200 572.890500
16.444580 543.967200 572.691000
16.461060 515.155200 575.085000
16.477660 514.113600 570.255000
16.493900 511.005600 562.380000
16.510250 509.661600 534.597000
16.526730 524.512800 531.772500
16.543090 527.872800 541.149000
16.559570 539.918400 565.551000
16.576050 544.756800 572.659500
16.592290 547.663200 580.839000
16.608640 541.884000 565.131000
16.625240 544.454400 580.839000
16.641600 545.882400 584.766000
16.658200 553.308000 606.679500
16.674560 547.260000 592.494000
16.691040 544.639200 586.383000
16.707280 529.300800 597.103500
16.724000 521.186400 594.657000
16.740230 519.271200 588.735000
16.756590 579.532800 558.337500
16.773190 553.593600 554.862000
16.789550 552.182400 550.599000
16.806030 552.451200 546.703500
16.822270 563.640000 543.259500
16.838750 561.405600 533.284500
16.855220 548.973600 500.745000
16.871580 552.686400 495.243000
16.888060 548.083200 480.154500
16.904420 516.936000 491.725500
16.921020 521.287200 502.551000
16.937260 523.269600 509.859000
16.953740 512.920800 549.664500
16.970340 518.834400 560.941500
16.986570 522.446400 570.465000
17.003170 529.015200 560.164500
17.019530 537.196800 578.686500
17.052370 522.732000 581.070000
17.068730 517.876800 560.542500
17.101560 522.496800 552.772500
17.118290 528.360000 547.617000
17.151250 594.333600 534.639000
17.167600 595.812000 525.357000
17.200440 568.562400 541.516500
17.216670 592.788000 528.265500
17.249630 581.280000 526.680000
17.266240 592.653600 534.513000
17.298830 571.872000 535.804500
17.315430 572.510400 527.026500
17.348390 534.508800 538.177500
17.364750 545.143200 534.009000
17.397710 569.133600 541.285500
17.413940 558.062400 515.172000
17.446660 561.288000 550.042500
17.463130 579.784800 527.793000
17.479860 582.540000 540.718500
17.496220 572.980800 577.741500
17.512570 575.618400 597.628500
17.528810 578.188800 604.201500
17.545650 638.064000 620.959500
17.561770 637.644000 593.638500
17.578250 633.712800 579.159000
17.594600 628.420800 605.073000
17.610960 619.617600 599.014500
17.627560 619.483200 598.468500
17.643920 628.773600 587.863500
17.660520 633.612000 602.143500
17.676760 635.611200 608.643000
17.693240 642.650400 616.255500
17.709590 638.551200 599.676000
17.726070 638.517600 597.996000
17.742430 599.340000 585.060000
17.758790 540.254400 645.225000
17.775270 539.028000 643.261500
17.791500 568.629600 671.275500
17.807980 567.201600 650.107500
17.824580 570.108000 657.898500
17.840940 588.016800 673.417500
17.857420 587.680800 637.728000
17.873780 586.135200 631.722000
17.890380 570.981600 649.687500
17.906740 561.405600 641.235000
17.924560 558.499200 633.465000
17.939450 533.148000 663.936000
17.955930 504.302400 652.774500
17.972410 501.849600 646.569000
17.988770 500.791200 634.830000
18.005250 503.714400 624.550500
18.021730 505.881600 631.333500
18.038090 515.071200 647.923500
18.054570 518.532000 655.546500
18.070800 525.840000 671.937000
18.087400 536.104800 666.897000
18.103760 554.400000 666.645000
18.120240 551.544000 659.536500
18.136720 546.840000 668.724000
18.153200 539.632800 667.527000
18.169560 538.070400 663.883500
18.185790 543.816000 649.099500
18.202390 527.520000 647.241000
18.235230 534.357600 672.966000
18.251590 514.920000 685.534500
18.268070 511.946400 677.617500
18.284550 552.132000 710.608500
18.300900 564.664800 699.216000
18.317380 563.421600 698.754000
18.333740 547.444800 702.355500
18.350340 554.316000 719.428500
18.366700 557.390400 725.067000
18.383180 517.456800 717.717000
18.399660 487.653600 728.416500
18.415890 486.729600 728.091000
18.432370 519.321600 741.226500
18.448730 517.759200 812.983500
18.468630 524.512800 823.210500
18.481810 526.411200 797.580000
18.498290 525.520800 785.295000
18.514650 523.857600 782.386500
18.530880 507.628800 793.348500
18.547360 507.091200 809.329500
18.581300 511.845600 787.836000
18.596800 516.129600 778.197000
18.613040 513.105600 771.802500
18.629760 511.660800 772.548000
18.646000 502.034400 765.849000
18.662480 498.775200 760.809000
18.678710 512.836800 758.824500
18.695310 492.122400 730.915500
18.711790 491.668800 729.340500
18.728150 506.654400 740.449500
18.744510 459.211200 783.667500
18.760860 458.119200 783.426000
18.777340 476.296800 831.883500
18.793820 498.523200 837.973500
18.810420 506.889600 850.080000
18.826660 504.739200 850.867500
18.843020 506.637600 869.988000
18.859620 508.435200 872.382000
18.875980 491.920800 863.131500
18.892580 522.950400 863.572500
18.909790 522.513600 862.407000
18.925170 515.877600 849.870000
18.941650 500.035200 872.529000
18.958010 499.094400 872.235000
18.974490 496.776000 871.321500
18.990840 504.151200 875.164500
19.007450 509.829600 882.850500
19.024170 513.592800 888.153000
19.040280 519.220800 884.782500
19.056760 520.346400 885.874500
19.073000 510.669600 881.317500
19.089480 539.364000 832.020000
19.105830 531.871200 818.569500
19.122310 566.008800 739.147500
19.138670 550.502400 732.879000
19.155150 546.184800 723.702000
19.171630 539.985600 719.628000
19.187990 534.861600 729.004500
19.204470 532.896000 725.025000
19.220830 541.363200 703.185000
19.238040 536.911200 718.567500
19.253780 536.592000 716.866500
19.270260 546.436800 730.359000
19.286620 560.582400 714.241500
19.302980 560.515200 712.876500
19.319460 488.846400 727.314000
19.335690 494.709600 694.354500
19.352420 493.197600 692.433000
19.368770 496.792800 731.787000
19.385250 508.569600 728.637000
19.401610 514.567200 740.449500
19.417970 537.264000 745.668000
19.434450 517.624800 751.180500
19.450930 518.884800 752.923500
19.467410 496.339200 764.379000
19.483760 516.465600 736.711500
19.500240 512.988000 730.149000
19.516600 476.128800 842.110500
19.532960 469.728000 885.286500
19.549440 471.693600 887.481000
19.565800 486.259200 868.329000
19.582280 488.628000 843.465000
19.598630 489.955200 844.567500
19.615110 477.775200 848.368500
19.631710 481.605600 841.984500
19.648320 478.010400 837.931500
19.664670 479.287200 862.963500
19.681640 484.730400 858.312000
19.697630 484.579200 857.451000
19.713990 477.237600 862.365000
19.730350 540.153600 864.118500
19.747070 537.045600 860.244000
19.763430 528.981600 851.770500
19.782470 514.785600 821.898000
19.796020 514.936800 822.108000
19.812380 540.153600 839.191500
19.828860 522.093600 853.272000
19.845210 522.916800 853.104000
19.861570 521.892000 857.892000
19.878050 517.372800 846.226500
19.894530 515.592000 844.431000
19.911010 517.557600 856.674000
19.927370 525.638400 856.432500
19.943970 527.738400 859.467000
19.960210 548.234400 850.752000
19.976810 544.605600 843.591000
19.993040 546.789600 848.568000
20.009520 568.058400 864.580500
20.026120 559.927200 864.612000
20.042360 561.640800 867.363000
20.058960 577.416000 847.969500
20.075320 551.140800 881.842500
20.091670 549.948000 880.645500
20.109250 562.329600 862.417500
20.124630 565.572000 874.419000
20.140990 568.898400 880.299000
20.157590 581.968800 877.663500
20.173950 582.691200 881.884500
20.190190 581.868000 879.154500
20.206790 664.608000 850.395000
20.224730 661.399200 839.433000
20.239750 659.769600 834.792000
20.255980 659.232000 848.190000
20.272460 648.278400 839.475000
20.288820 649.252800 840.871500
20.305300 665.649600 829.069500
20.321660 665.229600 859.509000
20.338010 664.406400 858.301500
20.354490 651.235200 857.577000
20.370850 651.201600 841.260000
20.387330 651.084000 838.393500
20.403930 741.686400 808.006500
20.420290 724.785600 804.489000
20.437380 723.391200 800.236500
20.453130 732.076800 801.580500
20.469480 727.221600 851.928000
20.485960 728.599200 860.737500
20.502440 566.916000 869.946000
20.518800 545.613600 885.024000
20.535160 545.563200 884.950500
20.552000 570.124800 877.758000
20.567990 539.162400 873.726000
20.584590 537.583200 871.437000
20.601070 534.962400 896.595000
20.617430 556.399200 885.486000
20.633910 559.137600 888.972000
20.650150 541.968000 890.851500
20.666630 569.839200 893.119500
20.683230 568.663200 891.975000
20.699580 564.799200 864.958500
20.715820 550.368000 866.649000
20.732300 550.099200 865.557000
20.748780 551.661600 851.182500
20.765500 544.740000 853.114500
20.781860 543.093600 850.521000
20.798220 590.268000 839.685000
20.814580 598.147200 829.500000
20.830930 598.298400 830.938500
20.847290 604.598400 845.838000
20.863770 616.408800 842.940000
20.881230 618.962400 849.345000
20.896730 626.169600 861.294000
20.913210 628.958400 859.603500
20.929690 628.689600 857.997000
20.945800 624.237600 847.507500
20.962400 641.390400 884.037000
20.979000 638.181600 876.067500
20.995120 689.337600 876.697500
21.011720 702.996000 846.447000
21.028080 703.029600 846.531000
21.044560 697.704000 849.408000
21.060910 683.793600 861.409500
21.077270 684.583200 865.137000
21.093750 690.967200 885.433500
21.110230 676.939200 877.663500
21.126830 678.568800 882.304500
21.143070 702.576000 889.371000
21.159670 699.232800 886.704000
21.176030 698.476800 884.215500
21.192260 697.300800 858.238500
21.210820 660.055200 854.038500
21.225100 658.140000 846.478500
21.241700 541.732800 675.948000
21.257930 542.707200 693.367500
21.274660 543.093600 696.381000
21.290890 537.096000 680.505000
21.307250 527.200800 677.880000
21.323730 534.206400 693.346500
21.340210 533.551200 718.074000
21.356690 529.015200 728.815500
21.373050 524.479200 718.462500
21.389650 520.934400 696.486000
21.406130 529.351200 693.882000
21.422240 526.696800 689.703000
21.438840 526.898400 667.842000
21.455200 509.140800 672.850500
21.471680 516.583200 688.474500
21.488040 520.094400 687.970500
21.504640 519.136800 689.724000
21.521000 518.683200 687.792000
21.537840 521.203200 678.037500
21.554080 521.102400 679.014000
21.570190 519.304800 675.139500
21.586670 540.321600 657.825000
21.603150 531.232800 657.352500
21.619630 531.619200 659.337000
21.635990 519.052800 681.954000
21.652340 518.212800 685.093500
21.668820 517.843200 683.518500
21.685300 518.078400 660.072000
21.701660 504.856800 676.599000
21.718020 501.295200 669.217500
21.734500 514.785600 663.673500
21.750850 503.294400 662.518500
21.783810 511.627200 646.348500
21.800170 514.147200 670.309500
21.816650 515.793600 673.827000
21.832890 508.452000 661.395000
21.849370 502.370400 663.348000
21.882320 571.838400 646.432500
21.898930 564.244800 644.983500
21.915160 562.884000 641.298000
21.931640 565.000800 628.876500
21.948240 596.282400 634.137000
21.964480 597.676800 639.765000
21.981080 588.201600 857.850000
22.243770 559.473600 659.305500
22.260130 557.692800 653.478000
22.276860 571.452000 614.281500
22.293090 565.353600 545.170500
22.309330 562.816800 538.587000
22.325810 565.908000 546.147000
22.342290 571.502400 567.220500
22.358760 571.166400 564.900000
22.375120 532.711200 559.545000
22.391720 549.074400 529.977000
22.407960 547.898400 527.772000
22.424440 526.965600 530.061000
22.440920 550.452000 574.129500
22.457280 553.593600 583.170000
22.473880 553.173600 549.874500
22.490360 533.097600 569.509500
22.506590 534.660000 573.762000
22.523440 544.269600 574.077000
22.539430 546.470400 580.975500
22.555910 545.697600 576.229500
22.572390 530.964000 563.535000
22.588750 531.232800 552.184500
22.605350 516.516000 506.131500
22.621700 553.005600 427.518000
22.638180 611.620800 363.258000
22.654540 607.840800 360.454500
22.670900 611.049600 421.984500
22.687260 626.421600 489.657000
22.703860 638.786400 544.477500
22.720210 647.253600 526.354500
22.736570 644.128800 557.203500
22.753050 644.145600 557.308500
22.769530 631.982400 550.179000
22.785890 647.589600 558.106500
22.802250 647.455200 555.807000
22.818970 646.178400 532.413000
22.835330 645.943200 522.553500
22.851560 644.145600 515.686500
22.868160 633.561600 528.864000
22.884400 617.853600 525.063000
22.901120 620.054400 534.313500
22.917360 645.002400 556.027500
22.933840 649.521600 550.368000
22.950070 649.454400 548.058000
22.966670 661.802400 534.072000
22.983150 656.644800 537.568500
22.999390 654.830400 528.559500
23.015870 647.623200 511.938000
23.032350 647.186400 525.399000
23.048710 648.396000 537.936000
23.065190 655.233600 563.041500
23.081670 618.542400 584.020500
23.098020 624.573600 602.784000
23.114380 570.393600 636.699000
23.131100 574.593600 636.741000
23.147340 570.712800 625.884000
23.163820 543.144000 632.016000
23.180180 574.812000 635.460000
23.196660 573.350400 629.811000
23.213010 542.404800 626.010000
23.229370 539.582400 603.151500
23.245970 538.238400 600.904500
23.262450 538.288800 600.936000
23.278690 523.622400 588.724500
23.295170 525.386400 593.250000
23.311520 545.412000 592.200000
23.328000 567.285600 539.752500
23.344360 563.656800 525.031500
23.360960 549.998400 449.032500
23.377440 534.038400 443.068500
23.393800 531.316800 437.776500
23.410160 514.348800 448.287000
23.426510 523.336800 500.734500
23.442990 530.241600 521.083500
23.459470 547.411200 497.773500
23.475950 549.628800 479.262000
23.492310 547.780800 471.723000
23.508790 553.912800 451.500000
23.525270 543.160800 445.956000
23.541500 541.900800 443.236500
23.558110 573.652800 468.835500
23.574580 568.831200 462.126000
23.590940 571.653600 472.384500
23.607180 553.694400 453.736500
23.623660 553.543200 473.518500
23.656490 568.041600 471.397500
23.673220 560.733600 473.476500
23.705930 568.243200 467.365500
23.725100 556.617600 482.590500
23.738650 554.887200 475.030500
23.755250 546.688800 403.588500
23.771730 549.242400 364.360500
23.787960 547.965600 361.399500
23.804440 541.044000 368.014500
23.821040 549.981600 385.833000
23.837400 549.427200 379.396500
23.853880 553.896000 345.607500
23.870240 546.571200 313.960500
23.886470 540.808800 292.824000
23.902950 535.500000 296.079000
23.919430 534.576000 315.325500
23.936040 537.784800 328.009500
23.952270 544.471200 338.572500
23.968750 542.572800 357.094500
23.985110 545.815200 371.374500
24.001590 550.972800 349.356000
24.017940 565.672800 375.973500
24.034550 565.152000 369.589500
24.053100 552.972000 372.277500
24.067380 555.324000 313.131000
24.083740 551.275200 298.147500
24.100220 593.762400 330.624000
24.116580 612.309600 327.432000
24.133180 616.778400 353.440500
24.149410 639.576000 365.694000
24.165890 639.357600 391.387500
24.182370 641.373600 402.696000
24.198850 636.652800 406.087500
24.215090 636.770400 402.223500
24.231570 635.863200 397.341000
24.248170 627.614400 439.960500
24.264530 633.528000 439.015500
24.297490 637.610400 423.318000
24.313720 639.223200 427.875000
24.330200 638.248800 422.667000
24.346680 641.558400 371.290500
24.363040 651.386400 404.544000
24.396000 645.876000 373.212000
24.412350 666.321600 366.996000
24.428830 667.128000 372.550500
24.445310 664.423200 374.619000
24.461670 664.843200 375.742500
24.478030 664.070400 372.886500
24.494380 657.888000 363.741000
24.510740 650.596800 361.977000
24.527340 650.529600 359.121000
24.543700 651.151200 379.953000
24.560180 636.300000 377.842500
24.576660 635.359200 372.519000
24.593020 655.821600 395.451000
24.609500 630.067200 389.424000
24.625980 631.058400 394.737000
24.642460 641.306400 461.191500
24.658810 628.790400 474.673500
24.675170 627.816000 471.649500
24.691530 647.959200 468.940500
24.709590 636.888000 441.546000
24.724370 637.694400 443.950500
24.740720 639.441600 468.877500
24.757320 654.763200 485.698500
24.773800 653.889600 481.026000
24.790160 659.198400 466.095000
24.806760 641.272800 439.204500
24.823000 640.332000 434.280000
24.839360 650.260800 466.683000
24.855960 634.687200 467.176500
