0.000000 30.067768 15.249388
0.016480 50.006447 26.001981
0.032840 53.720394 26.965284
0.049320 40.324655 16.881162
0.065610 22.281070 3.576857
0.082210 8.543131 -6.366213
0.098690 0.262439 -11.307445
0.115170 -3.682328 -11.579806
0.131530 -4.784214 -7.746251
0.148070 -3.735823 -1.701904
0.164370 -1.302599 3.365258
0.181150 0.675001 5.323925
0.197270 0.756473 3.918028
0.213680 -0.668489 0.225577
0.230160 -1.836153 -3.779131
0.246700 -1.371548 -5.512583
0.262880 0.525248 -3.581253
0.279540 2.164640 0.631698
0.295780 1.665882 3.853170
0.312190 -1.271010 3.149300
0.328670 -5.415453 -2.290655
0.345150 -8.689589 -9.840888
0.361510 -9.785056 -14.823255
0.377930 -9.175383 -13.977511
0.394410 -7.573709 -7.566499
0.410950 -5.268781 0.773693
0.427310 -2.146633 7.462195
0.443790 1.301000 10.660670
0.460270 3.668536 9.821945
0.492920 3.987964 5.672466
0.509400 2.277755 -0.404853
0.542360 -0.060984 -5.790897
0.558650 -1.163712 -7.800834
0.575130 -0.568949 -6.493188
0.591550 0.145568 -4.456557
0.608030 -0.230296 -3.786894
0.624390 -0.819619 -3.486478
0.640750 -0.820837 -1.679562
0.657290 -0.562315 0.591886
0.690250 -0.465903 0.880656
0.706480 -0.414401 -0.899036
0.723020 -0.447363 -2.122353
0.739380 -0.793661 -1.136378
0.755920 -0.912350 0.868922
0.772280 -0.137316 2.438325
0.788700 1.149358 3.148950
0.805180 1.804913 2.864011
0.821530 1.315950 1.378688
0.837890 0.400616 -1.021219
0.854430 0.077574 -3.181271
0.870910 0.561968 -3.836743
0.887450 1.093592 -2.504322
0.903810 1.080733 0.371749
0.920170 1.067934 3.725114
0.936580 1.777852 6.216001
0.953060 2.875977 6.841961
0.969600 3.359910 5.165403
0.985780 2.908269 1.499742
1.002440 1.860850 -2.405981
1.018620 0.501120 -4.105314
1.035030 -0.665733 -2.683050
1.051640 -0.975247 0.054861
1.067870 -0.251601 1.418948
1.084590 0.453188 0.984114
1.100890 0.548995 0.223214
1.117430 1.659819 -0.007814
1.133670 4.676934 -0.063383
1.150020 7.847831 -0.257711
1.166500 8.764162 -0.129046
1.182920 7.014606 0.457514
1.199400 4.332478 0.888303
1.232300 2.029808 0.811611
1.248660 0.315156 0.480316
1.265010 -0.688993 0.018952
1.281680 -0.813304 -0.725525
1.297910 -0.200566 -1.741266
1.330810 0.548582 -2.585318
1.347290 0.788162 -2.242541
1.380000 0.509450 -0.271529
1.396550 0.247065 2.275380
1.412900 0.496865 3.357636
1.429440 1.251117 1.923050
1.445800 1.969624 -0.473731
1.462280 1.934156 -1.467662
1.478820 0.496224 -0.108161
1.495000 -1.654526 1.967431
1.511660 -2.036909 1.816189
1.528020 0.976477 -0.824711
1.544430 5.480714 -3.257776
1.560970 7.564666 -3.074877
1.577450 5.996623 -0.583015
1.593630 2.823646 1.823527
1.609990 0.119336 2.209388
1.626460 -1.171506 0.346356
1.642940 -1.003509 -1.922777
1.675780 0.017437 -2.266404
1.692320 0.816752 -0.876597
1.708620 0.325673 -0.313482
1.725100 -1.427767 -1.918250
1.741700 -4.204526 -4.201522
1.757870 -8.439148 -4.809745
1.774410 -13.061218 -2.787875
1.790890 -15.591373 0.830708
1.807250 -14.512880 4.107724
1.823670 -10.563675 5.448252
1.840210 -6.254734 4.522963
1.856450 -3.189910 2.382067
1.872920 -1.335576 0.548100
1.889590 0.127623 0.085858
1.922360 2.125584 1.148870
1.938900 3.909840 2.557447
1.955200 3.717471 2.520158
1.971620 2.063216 0.995925
1.988040 1.177342 -0.177244
2.004460 1.706423 0.340764
2.020750 1.948912 1.668343
2.037230 0.614390 1.748214
2.053650 -0.967030 0.072918
2.070010 -0.994017 -1.838594
2.086490 0.537333 -2.301530
2.102910 2.238947 -1.226422
2.119450 2.732625 -0.102646
2.135800 1.788900 -0.278146
2.152400 0.515146 -1.437638
2.168580 0.273238 -2.287529
2.185240 1.252845 -2.284477
2.217900 2.638466 -1.734082
2.234440 3.545711 -1.005498
2.267270 3.629506 0.029473
2.283630 3.008790 1.369324
2.300050 1.987352 2.388820
2.316470 1.292398 3.134619
2.332950 1.242370 4.090552
2.349370 1.115107 4.839076
2.365720 0.219936 4.254811
2.382510 -1.218396 1.779988
2.398860 -2.178086 -1.762269
2.415100 -1.735763 -4.995035
2.431700 -0.230532 -6.836077
2.448120 0.843985 -6.669998
2.464480 0.338707 -4.668349
2.482540 -1.073377 -1.575866
2.497500 -1.317958 1.822077
2.513850 0.369340 4.690375
2.530030 2.453251 5.958035
2.546570 3.915421 4.704341
2.562870 5.939351 1.065242
2.579350 9.176167 -3.324729
2.595760 11.563270 -5.995577
2.612120 10.553934 -5.486024
2.628780 6.537433 -2.547434
2.645020 2.419385 0.590062
2.661560 0.002605 2.164551
2.677920 -0.946020 2.131403
2.710940 -1.022676 1.283777
2.727290 -0.317783 0.399801
2.743650 1.717465 0.168243
2.760070 4.994817 0.902086
2.776490 7.893211 1.855708
2.792790 8.599591 1.545019
2.809510 6.751109 -0.300177
2.825740 3.778453 -2.062451
2.842220 1.244847 -1.893949
2.858640 -0.276574 -0.186279
2.891480 -0.570816 0.631144
2.907840 0.308672 -0.979236
2.924560 1.647741 -3.531351
2.940670 2.572825 -3.732021
2.957150 2.856504 -0.334541
2.973630 2.683024 4.771975
2.990050 2.038177 8.540818
3.006650 1.102458 9.183237
3.022890 0.468292 7.303914
3.055910 0.279797 4.622721
3.072270 0.057687 2.415382
3.105040 -0.484606 0.758471
3.121520 -0.919462 -0.702544
3.137880 -0.703451 -1.790833
3.154420 0.106052 -2.656767
3.170780 0.931071 -3.840139
3.187190 0.982143 -5.093253
3.203670 0.031884 -5.368841
3.220030 -0.826345 -4.446908
3.236630 -0.869899 -3.423301
3.252870 -1.145183 -2.570417
3.269410 -4.072089 -1.117491
3.285770 -12.219904 1.008127
3.302120 -23.549010 3.005209
3.318660 -31.289875 4.597334
3.335020 -30.218040 6.097842
3.352480 -21.672080 6.249291
3.368100 -12.136645 3.723094
3.384460 -5.491078 -0.163551
3.400630 -1.382088 -2.951599
3.417180 0.928351 -3.557240
3.450070 1.740418 -2.730198
3.466670 1.501690 -1.303850
3.482910 0.695809 0.352809
3.499390 0.346697 1.342375
3.515810 1.944088 0.932258
3.548580 5.074568 -0.262213
3.565000 7.390058 -1.223999
3.581480 7.228183 -1.630233
3.598080 5.143582 -1.638124
3.614260 2.949493 -1.400673
3.630800 1.388458 -0.768880
3.647400 0.292895 0.213640
3.663640 -0.347328 1.118578
3.679990 -0.606226 1.831368
3.696470 -0.568140 2.651941
3.712890 -0.415961 3.282210
3.729550 0.225969 2.623316
3.745790 2.667850 0.112092
3.762270 6.835946 -2.988713
3.778630 10.267210 -4.480353
3.795040 10.683114 -3.702880
3.811520 8.333853 -1.770349
3.844360 4.923331 -0.092115
3.860780 1.681838 0.829526
3.877140 -0.483621 1.600391
3.893550 -0.863212 2.868403
3.910030 0.072587 4.425300
3.926570 0.704208 5.219475
3.942930 0.121836 4.353330
3.959230 -0.954699 2.043121
3.975770 -1.456742 -0.559881
3.992370 -1.389795 -2.189028
4.008610 -1.410871 -2.502212
4.025090 -1.928162 -2.374232
4.041500 -3.124971 -2.481809
4.057920 -4.443081 -2.537048
4.074400 -4.520616 -2.253399
4.090820 -2.802782 -2.139227
4.107120 -0.411151 -2.202953
4.123780 1.099648 -1.354433
4.140010 1.341794 0.571584
4.156560 0.993277 2.112398
4.172910 0.610078 1.853953
4.189270 0.304162 0.566594
4.205750 0.141131 -0.422273
4.222230 0.231895 -1.410244
4.238830 0.527902 -2.764896
4.255190 0.654657 -4.058571
4.271420 0.141313 -4.521296
4.287900 -0.542975 -4.095701
4.304440 -0.954998 -2.736046
4.320740 -2.860575 0.670455
4.338260 -8.032423 5.872697
4.353700 -14.265279 10.263699
4.370060 -16.583524 11.172962
4.386470 -13.126706 8.306592
4.403080 -7.041090 3.833793
4.435730 -2.121319 0.148004
4.452270 0.603048 -1.653493
4.485050 1.735294 -1.382853
4.501530 1.528989 0.527334
4.534240 0.501847 2.655084
4.550720 -0.390554 3.521487
4.583680 -0.540715 2.439567
4.599910 -0.247920 0.747275
4.616520 -0.524724 1.577703
4.632930 -1.355687 5.830000
4.649290 -1.897032 10.464965
4.665770 -1.884355 11.372011
4.682190 -1.692355 8.078820
4.698610 -1.344818 3.686188
4.715030 -0.108567 0.234180
4.731570 1.775156 -2.046854
4.747920 2.904030 -3.065785
4.764400 2.404162 -2.695596
4.780760 0.678840 -1.821095
4.797180 -1.008900 -1.605602
4.813600 -1.714908 -1.745826
4.830020 -1.361905 -1.218111
4.846560 -0.378800 0.109247
4.862920 0.858728 1.148500
4.879270 2.051993 0.872118
4.895870 2.720787 -0.710698
4.912170 2.209156 -2.625630
4.928650 0.481642 -3.576153
4.944950 -1.352077 -2.982061
4.977910 -2.150220 -1.240725
4.994260 -1.811405 0.364593
5.010800 -1.180378 0.703287
5.027160 -0.933642 0.054007
5.043760 -0.599811 -0.116749
5.060240 0.357478 2.031407
5.076480 1.415031 6.524268
5.092900 1.917228 10.685775
5.125790 1.564639 11.394923
5.142090 0.592142 8.354315
5.158690 -0.370649 4.381387
5.175050 -0.874523 1.792376
5.191530 -0.375373 0.439623
5.207890 1.159698 -1.254424
5.224240 2.713149 -3.871335
5.241030 3.030030 -6.098820
5.257140 1.891816 -6.420656
5.273680 0.873223 -5.017134
5.290040 1.060733 -3.658465
5.306520 1.377805 -3.024282
5.322880 1.042506 -1.525562
5.339290 0.677477 1.638274
5.355830 0.727359 4.343156
5.372310 0.518434 4.218888
5.388670 -0.588739 1.424771
5.405090 -2.112521 -2.055388
5.421450 -3.362454 -4.660615
5.438050 -4.047511 -5.865893
5.454280 -4.022085 -5.409706
5.470760 -3.392690 -3.592975
5.487120 -2.478689 -1.440445
5.503600 -1.482340 0.359409
5.520200 -0.715108 1.811461
5.536380 -0.342007 3.185838
5.553100 -0.093540 4.437659
5.569270 0.001123 4.866071
5.585750 -0.183518 3.947483
5.602110 -0.213208 2.158848
5.618650 0.447453 0.684763
5.635010 1.500931 0.283895
5.667910 1.732842 0.696099
5.684270 0.937649 0.685463
5.700740 0.728686 -1.033262
5.717290 2.221806 -4.030937
5.733640 4.485257 -6.305784
5.749940 5.290483 -5.942072
5.766720 3.605235 -3.172301
5.783450 1.284879 -0.181810
5.816100 0.384322 1.314758
5.832580 0.387484 1.108243
5.865300 -0.453677 0.290859
5.881530 -2.115053 0.237395
5.897950 -2.481379 1.398440
5.914430 -0.895760 2.860451
5.930970 0.918335 3.325635
5.947510 1.779516 2.166314
5.963990 2.159767 -0.349953
5.980350 2.489126 -2.690338
5.996400 2.263449 -2.737436
6.013060 1.656817 0.068959
6.029300 1.435332 3.473856
6.045780 1.479062 4.474428
6.062130 1.112064 2.869014
6.078550 0.357444 0.739686
6.095030 -0.377324 -0.818961
6.111390 -1.747084 -2.260215
6.127870 -4.001970 -3.635321
6.144410 -5.508950 -3.770834
6.160950 -4.699499 -1.856083
6.177370 -2.203142 0.907139
6.195370 -0.141651 2.268851
6.210140 0.611137 1.660331
6.226380 0.662783 0.398678
6.259280 0.600712 -0.232928
6.275760 0.692217 -0.035911
6.308650 0.662536 0.572018
6.325070 0.208310 1.361241
6.357910 -0.417726 2.055251
6.374330 -0.787226 2.374293
6.390930 -0.543005 2.373567
6.409240 0.315808 2.081884
6.423830 1.667872 1.565228
6.440000 3.391032 0.976261
6.456420 4.545268 -0.075989
6.472900 4.430289 -1.938372
6.489440 3.762854 -3.763200
6.505920 3.423974 -3.874456
6.524110 3.307785 -1.736664
6.538700 2.702990 1.085046
6.554990 1.514115 2.746826
6.571350 0.232111 2.638114
6.604310 -0.822744 1.402715
6.620910 -1.568691 0.487672
6.653690 -1.843690 0.719664
6.670040 -1.457967 1.688577
6.686400 -0.299071 2.496218
6.702880 1.487924 2.679589
6.719300 3.001608 2.249966
6.735660 3.330801 1.109529
6.752320 2.548564 -0.261225
6.768800 1.447918 -1.051651
6.785030 0.740786 -1.331163
6.801330 0.716312 -1.874102
6.817870 1.293181 -2.747656
6.834410 1.425504 -3.110243
6.852170 -0.377700 -2.894888
6.867190 -4.179570 -2.507825
6.883670 -8.542908 -1.578555
6.900020 -11.417873 0.462425
6.916560 -11.575710 3.001634
6.932920 -9.372288 4.137383
6.949160 -6.122065 2.662292
6.965760 -3.281441 -0.665505
6.982300 -1.393274 -3.968737
6.998660 -0.597992 -5.672058
7.015080 -0.736056 -5.102782
7.031430 -0.750337 -2.251540
7.047790 0.291817 1.916605
7.064210 1.754730 5.309600
7.081050 2.049698 5.984617
7.097110 1.174920 3.869821
7.113590 0.259712 0.839086
7.130070 -0.048307 -1.513180
7.146420 0.849943 -3.120401
7.162900 2.955399 -4.087287
7.179630 4.936490 -3.850323
7.195800 4.949190 -2.144792
7.212160 2.766379 0.114127
7.228640 0.191020 1.461469
7.245120 -1.401951 1.301325
7.261410 -1.898462 0.092577
7.278080 -1.395734 -1.068354
7.294490 -0.093542 -0.813612
7.310910 1.283799 1.036746
7.327150 1.961433 2.718272
7.343570 1.925420 2.286658
7.360050 1.836506 0.104989
7.376340 1.913500 -1.732430
7.393860 1.311251 -2.411054
7.409300 -0.388385 -2.744909
7.425900 -2.065851 -3.051241
7.442320 -2.392793 -2.379409
7.458680 -1.568909 -0.180099
7.475040 0.746110 2.480934
7.491520 6.774950 4.079733
7.508850 16.492631 4.148658
7.524410 25.723929 3.355157
7.540770 28.905691 2.502552
7.557370 24.654641 1.689840
7.573670 16.693665 0.344308
7.590030 9.029307 -1.518931
7.606380 3.756821 -3.011777
7.623840 0.839312 -3.504191
7.639470 -0.250693 -2.953201
7.655880 -0.030626 -1.770686
7.672120 0.066338 -0.586990
7.688540 -0.837777 -0.003907
7.705020 -1.925830 -0.127802
7.722110 -1.930959 -0.480944
7.738100 -1.252620 -0.973146
7.754460 -0.996029 -1.611684
7.770810 -0.865373 -1.558617
7.787170 -0.178770 0.009971
7.803530 0.869089 2.591712
7.820190 1.423139 4.578119
7.836360 0.862070 4.859484
7.852970 -0.442546 3.618566
7.869320 -1.530475 1.520584
7.885860 -1.585987 -0.856459
7.902160 -0.691365 -2.512719
7.918520 0.136318 -2.861683
7.935180 0.227844 -3.031404
7.951720 -0.264577 -4.384509
7.968380 -0.823866 -6.834522
7.984740 -0.816539 -8.782890
8.001220 -0.103709 -8.879242
8.017640 0.606323 -7.254573
8.034000 0.389014 -4.476716
8.054810 -0.606600 -1.488668
8.067930 -1.092918 0.345521
8.083440 -0.484800 0.371965
8.099670 0.425664 -0.726468
8.116090 0.748456 -1.288170
8.132510 0.622565 0.112784
8.148860 0.599433 3.042310
8.165470 0.671794 5.403112
8.181700 0.686976 5.627213
8.198180 0.711151 3.843122
8.214290 0.915827 1.507823
8.230830 1.449498 -0.110993
8.247310 1.948090 -0.913555
8.280150 1.708236 -1.092230
8.296510 0.673742 -0.945406
8.329410 -0.406960 -0.841602
8.346250 -0.884654 -1.005271
8.383540 -1.040581 -1.431659
8.396670 -1.649571 -1.480173
8.428100 -2.447493 -1.010110
8.444460 -4.178296 -0.514616
8.460940 -10.514604 -0.089941
8.477230 -21.851947 0.254334
8.495360 -31.654974 0.497947
8.510190 -32.185993 0.517414
8.526550 -23.054215 0.196365
8.543150 -11.528268 -0.204684
8.559330 -3.324541 -0.250377
8.575870 0.795368 0.479768
8.592220 2.041215 1.552346
8.608640 1.791640 1.524107
8.625120 1.082988 -0.301330
8.641600 0.465413 -2.698340
8.658020 -0.044803 -3.549932
8.674620 -0.551220 -1.910709
8.690860 -0.811918 1.082321
8.709410 -0.313003 3.346430
8.723820 0.940767 3.743809
8.740170 2.003907 2.760817
8.756530 1.736054 1.582488
8.772950 0.082716 0.805987
8.789250 -1.619967 0.504116
8.805790 -1.910774 0.714940
8.822270 -0.796581 1.078261
8.838680 0.569965 0.998751
8.855160 1.100953 0.063941
8.871520 0.021031 -1.803483
8.887940 -2.127313 -3.869673
8.904300 -3.424079 -4.585427
8.920650 -2.682723 -2.666325
8.937320 -0.729134 0.969673
8.953670 0.817300 3.199562
8.969910 1.444481 2.518107
8.986390 1.472720 0.710522
9.019410 1.226007 0.047609
9.035770 0.984383 0.841323
9.068540 0.846694 1.437765
9.085020 0.612727 0.818150
9.117920 0.279728 -0.023865
9.134460 0.271612 -0.147408
9.150630 0.497000 -0.124241
9.167300 0.430906 -1.052747
9.183530 -0.127194 -2.740340
9.200010 -0.871046 -3.614004
9.216370 -0.941994 -2.652467
9.232970 -0.121129 -0.634012
9.249270 0.813474 0.740852
9.265630 1.601014 0.473559
9.282350 2.127855 -0.921900
9.298710 1.653797 -1.917434
9.315000 -0.065200 -1.525870
9.331540 -1.772627 0.024986
9.347900 -1.617679 1.924514
9.364260 0.240434 3.418052
9.380680 1.920142 4.165911
9.397160 2.394854 4.041144
9.413700 1.815477 2.957837
9.430110 0.783648 1.235224
9.446410 -0.190668 -0.297253
9.462890 -0.901863 -0.986008
9.479250 -1.348401 -0.931350
9.495730 -1.555058 -0.619229
9.512330 -1.438465 -0.362366
9.528560 -0.995466 -0.183898
9.545170 -0.435260 0.025239
9.561580 -0.246935 0.237574
9.577940 -0.552375 0.124883
9.594240 -0.692627 -0.511694
9.610660 -0.326322 -1.699563
9.627260 0.153622 -2.265512
9.643490 0.072477 0.606438
9.660030 -0.963340 7.311664
9.676450 -2.517543 13.979348
9.692870 -3.641409 16.299492
9.709410 -3.469714 14.156460
9.725770 -2.233972 10.546954
9.742310 -0.982843 6.547402
9.758540 0.124623 1.965612
9.775210 1.243091 -1.987436
9.791630 2.019516 -3.900807
9.807860 1.968126 -4.073940
9.824280 1.052667 -3.712523
9.857180 0.415276 -3.110851
9.873540 0.505185 -1.812395
9.890200 0.378468 0.313725
9.906310 -0.399676 2.446603
9.922910 -1.085337 3.482812
9.939330 -0.345896 3.098840
9.955690 1.360878 1.892468
9.972110 2.271174 0.719596
9.988650 2.258238 -0.080852
10.005070 2.390088 -0.358618
10.021360 2.820149 0.054031
10.054440 2.409035 0.803218
10.070680 0.603877 1.212146
10.087160 -1.404693 0.761711
10.103580 -1.855991 -0.487487
10.120180 -0.537519 -1.766885
10.136540 0.750455 -1.966745
10.152950 0.534841 -0.460212
10.169310 -0.561630 1.811284
10.202150 -1.151868 3.065194
10.218630 -1.108160 2.461978
10.235170 -1.330768 0.429321
10.251340 -1.787461 -2.081251
10.267760 -1.811025 -4.123544
10.300660 -1.691281 -4.547562
10.317140 -1.748998 -2.486620
10.349980 -1.714972 1.228840
10.366520 -1.222623 4.089301
10.382810 -0.411345 3.839670
10.399290 0.018989 0.766963
10.415710 -0.163137 -2.667162
10.432190 -0.621816 -4.315158
10.448670 -0.732790 -3.663208
10.465150 -0.172270 -1.484326
10.481380 0.474498 1.203295
10.497740 0.819532 3.429724
10.514470 1.067351 4.494835
10.547180 0.870982 4.229874
10.563540 -0.284817 2.957496
10.580140 -1.787668 1.370813
10.596560 -2.128778 -0.039699
10.612790 -0.916673 -1.258331
10.629270 0.514005 -1.982948
10.645810 1.361212 -1.070807
10.662290 1.629602 1.981448
10.678530 0.940465 5.754568
10.695010 -0.558922 7.802117
10.711550 -1.960883 7.002277
10.727780 -2.484051 4.580464
10.744320 -1.960437 2.462105
10.760680 -0.910445 1.602141
10.777160 0.073628 1.502280
10.793520 0.512350 1.335258
10.810300 0.366574 0.889185
10.826600 0.433507 0.071900
10.842830 1.251357 -1.119181
10.859310 2.154767 -2.481748
10.875670 2.157578 -3.663595
10.892210 1.316437 -4.149929
10.908630 0.588145 -3.563073
10.925170 0.522381 -1.950830
10.941530 0.530759 -0.219287
10.957760 -0.030366 0.874780
10.974300 -0.174760 1.592337
10.990780 1.785456 1.856174
11.009090 5.493287 1.397240
11.023680 8.277935 0.799799
11.040160 7.786942 0.976962
11.056580 4.621819 1.809192
11.072880 1.676514 1.945831
11.089290 0.769182 0.714883
11.105710 1.245928 -0.902326
11.122190 1.569476 -1.490376
11.138670 1.438127 -0.617468
11.155150 1.340216 0.897559
11.171570 0.960271 1.784722
11.187870 -0.230953 1.559578
11.204470 -1.726589 0.667832
11.220640 -2.262306 -0.255402
11.237120 -1.500629 -0.471642
11.253540 -0.281698 0.406098
11.270200 0.386367 1.747882
11.286380 -0.335077 2.328021
11.302860 -2.215694 1.572621
11.319340 -3.736890 0.278565
11.335630 -3.749642 -0.315960
11.352290 -2.413117 0.052778
11.368650 -0.791952 0.535851
11.385070 -0.268765 0.266850
11.401430 -1.180982 -0.675487
11.417790 -2.148894 -1.734550
11.434450 -1.585629 -2.695236
11.450620 0.441579 -3.401311
11.467350 2.347494 -3.450198
11.483760 3.124877 -2.526747
11.500060 2.925959 -1.116980
11.516360 1.980655 -0.112596
11.532780 0.636807 0.524756
11.549380 -0.345153 1.092166
11.565610 -0.673328 1.281603
11.582150 -0.904133 1.014689
11.598510 -1.920509 0.715542
11.614990 -3.951408 0.647725
11.631410 -5.455128 0.452927
11.647950 -4.838677 -0.038438
11.664370 -2.413122 -0.198091
11.680790 0.308014 0.236314
11.697140 1.871828 0.773216
11.713560 1.702781 1.331975
11.729920 0.139176 2.114569
11.746400 -1.444283 2.468628
11.779360 -1.498137 1.308030
11.795650 -0.230924 -0.713973
11.812320 0.648226 -0.743607
11.828550 0.314307 2.299645
11.845090 -0.677942 5.877618
11.861570 -1.596175 6.991219
11.877750 -1.773769 5.115148
11.894290 -1.176673 2.071013
11.910830 -0.747637 -0.263800
11.927190 -1.341302 -0.824704
11.943660 -2.375282 0.410323
11.959960 -2.385080 1.948392
11.976380 -1.562058 1.944342
11.992860 -1.071510 0.288431
12.009340 -0.648481 -1.360263
12.025820 0.640817 -1.563104
12.042360 2.408754 -0.377539
12.058720 3.342973 1.106168
12.075070 3.256939 1.966564
12.091550 2.444631 1.614898
12.124450 0.664994 0.049249
12.140870 -1.599036 -1.634405
12.157170 -2.839475 -1.999072
12.173520 -2.597747 -0.780671
12.189940 -1.924638 1.111887
12.222900 -1.049002 2.870441
12.239440 0.384594 4.043551
12.255620 1.329898 4.274621
12.272280 0.147567 3.302213
12.288700 -2.353067 1.462458
12.304930 -2.475111 -0.196656
12.321350 1.881562 -0.860428
12.337950 7.960186 -0.719705
12.354310 10.951859 -0.662056
12.370670 9.094316 -1.129968
12.387150 5.058725 -1.918995
12.403500 2.161450 -2.911893
12.419920 0.818637 -4.010175
12.436400 -0.118907 -4.391364
12.452760 -0.957315 -2.893832
12.469300 -1.250598 0.032071
12.485660 -0.774137 2.485714
12.501950 0.042492 3.529218
12.518490 0.512563 3.522689
12.534850 0.334572 2.617081
12.567810 -0.194591 0.649129
12.584290 -0.418108 -1.480374
12.600520 -0.024218 -2.125339
12.617190 0.548905 -1.076629
12.633540 0.654168 0.384228
12.649900 -0.053950 1.120258
12.666380 -1.359988 0.587316
12.682800 -2.506004 -1.011843
12.699400 -2.730318 -2.859275
12.715700 -1.800585 -4.020069
12.732180 -0.452751 -3.772495
12.748720 0.307124 -1.903249
12.765010 0.391290 0.844582
12.781860 0.258906 2.899076
12.814330 0.219868 2.995523
12.830810 -0.035439 1.756025
12.863650 -1.016598 1.552232
12.880000 -2.539706 3.252125
12.896790 -4.196282 5.184041
12.912960 -5.362763 5.547717
12.929500 -5.678523 3.959487
12.945860 -5.274775 1.113358
12.962100 -3.757289 -2.083327
12.978820 -1.129797 -4.437246
12.995240 1.268688 -4.843075
13.011780 1.677105 -3.698396
13.027950 0.092225 -2.243272
13.044490 -1.190150 -0.719768
13.060850 -0.532908 1.093621
13.077330 1.206718 2.559992
13.093810 2.185882 2.668223
13.110050 1.909278 1.580774
13.126400 1.083591 0.550166
13.142820 -0.000104 0.410688
13.159240 -1.480300 0.672155
13.175660 -2.962267 0.479611
13.192140 -3.437441 0.075566
13.208500 -2.708056 0.231842
13.224910 -1.631769 0.762750
13.241390 -0.702943 0.346659
13.257810 0.013614 -1.624687
13.274290 0.963662 -3.708569
13.290650 3.099150 -3.848502
13.307010 6.086088 -1.746380
13.323550 8.242862 0.861411
13.339900 8.292038 2.050416
13.356870 6.598665 1.330613
13.373110 4.547198 -0.183696
13.389470 2.644450 -0.992928
13.406190 0.942026 -0.781918
13.422300 -0.339071 -0.346472
13.438540 -1.265244 -0.263023
13.454960 -1.703955 -0.338926
13.471500 -1.300189 -0.124346
13.487850 0.041463 0.478687
13.504580 1.799668 1.495788
13.520940 2.411973 2.356229
13.554020 1.052069 2.227548
13.570070 0.030164 2.178664
13.602970 2.350825 4.018262
13.619320 7.237581 7.045064
13.637880 10.544541 7.914990
13.652100 9.903759 5.183544
13.668700 7.093574 1.606420
13.701420 4.620685 -0.204095
13.717830 3.072151 -0.410353
13.734440 1.902073 -0.112479
13.750790 0.595301 0.314813
13.767030 -0.908519 0.831877
13.799930 -2.209968 1.215357
13.816530 -2.918245 1.441013
13.832820 -2.932267 1.291858
13.849430 -2.240784 0.190329
13.865840 -0.836837 -1.578874
13.882020 1.055426 -2.564098
13.898560 2.709181 -1.880093
13.915100 3.088815 -0.484779
13.931460 1.848520 0.182203
13.947940 0.529273 0.228800
13.964230 0.482665 0.648663
13.981020 -0.461766 1.513153
13.997070 -5.367703 1.796784
14.013670 -13.262187 0.894455
14.029970 -19.218345 -0.478769
14.046450 -18.978187 -1.335732
14.062930 -13.405287 -1.320373
14.079410 -6.943150 -0.800152
14.095760 -3.030762 -0.455345
14.112060 -1.830186 -0.440932
14.128540 -0.852877 -0.250054
14.144900 1.031788 0.481980
14.161560 2.558366 1.517702
14.194460 2.748025 1.989788
14.210940 1.530548 1.459502
14.243650 -0.546990 1.093941
14.259950 -2.688350 1.918773
14.276550 -3.909711 3.108828
14.292910 -3.432117 2.920722
14.309570 -1.807783 1.145207
14.325810 -0.281863 -0.445694
14.342040 0.494337 -0.962304
14.358700 0.574191 -0.884639
14.374940 0.404918 -0.659019
14.391540 0.395578 -0.648807
14.407960 0.463193 -1.039061
14.440800 0.133847 -1.610097
14.457150 -0.712450 -1.842293
14.473570 -1.457035 -1.653854
14.490050 -1.677737 -1.569543
14.506410 -1.689832 -1.827452
14.522950 -1.677929 -2.042697
14.539310 -1.310244 -1.554812
14.555850 -0.379028 -0.364458
14.572140 0.613854 0.525387
14.588620 0.944969 0.235583
14.605040 0.676364 -0.653117
14.621400 0.324679 -0.357556
14.637940 -0.093810 1.792294
14.654170 -0.673018 4.222991
14.670960 -0.907658 4.724359
14.687190 -0.200771 2.753259
14.703490 1.135839 -0.224007
14.719910 2.482055 -2.293819
14.736450 4.117932 -2.360653
14.752870 6.049782 -0.938104
14.769170 6.725817 0.257322
14.785710 4.840778 -0.067275
14.802190 1.387315 -1.505388
14.818660 -1.302637 -2.257647
14.834900 -1.755290 -1.120369
14.851560 -0.384825 1.113273
14.868040 1.060094 2.284865
14.884280 1.466251 1.344569
14.900760 1.763486 -0.256259
14.933650 3.210707 -0.871811
14.950010 5.197047 -0.804600
14.982790 6.079386 -1.253280
14.999330 5.232205 -2.126525
15.015810 3.427632 -2.239702
15.032170 1.438848 -1.302815
15.049930 -0.390616 -0.026544
15.065000 -1.509509 0.701585
15.081540 -1.554681 0.329971
15.097840 -0.842930 -0.764980
15.114320 0.004253 -1.479880
15.130860 0.624616 -1.067530
15.147030 0.669632 0.186550
15.163760 0.031762 1.526386
15.180110 -0.257908 2.471351
15.196530 0.650679 2.924061
15.212950 2.375896 2.968501
15.229370 4.002430 2.734247
15.245670 5.195358 2.402620
15.262150 6.523047 1.973779
15.278630 7.548874 1.150801
15.295100 7.103757 -0.143276
15.327940 5.096994 -1.404411
15.344300 2.200975 -2.037149
15.360780 -0.554619 -1.958264
15.377140 -2.016127 -1.573500
15.393680 -1.713770 -1.221577
15.410030 -0.380779 -0.857132
15.672970 0.414060 -0.469290
15.689270 0.059049 -0.217141
15.705750 -0.402450 -0.051221
15.722170 -0.325121 0.307093
15.738530 -0.039500 0.923611
15.755070 0.077324 1.366575
15.771420 -0.182283 1.260964
15.787960 -0.658487 0.800784
15.820740 -0.838920 0.228913
15.837340 -0.250843 -0.038969
15.853700 0.809420 0.932303
15.869870 1.447423 3.400346
15.886470 1.444835 5.949375
15.902710 1.092760 6.354188
15.919190 0.239878 4.015333
15.935790 -1.072866 0.771370
15.952150 -2.173332 -1.576477
15.968630 -2.748433 -3.130348
15.985050 -2.755295 -4.547188
16.001280 -1.618057 -5.295601
16.017760 0.812886 -4.434791
16.034240 3.486278 -2.219888
16.050780 5.038808 0.103737
16.067200 5.032774 1.726097
16.083560 3.936828 2.503917
16.099980 2.156057 2.168719
16.116330 0.394926 0.700052
16.132810 -0.355978 -1.007926
16.149290 0.076396 -1.702164
16.165830 0.971848 -0.807530
16.182190 1.342596 0.878235
16.198670 0.850199 1.852626
16.215090 0.499472 1.514741
16.231320 1.157675 0.541234
16.247800 0.649972 -0.127814
16.264280 -4.584924 -0.102963
16.280820 -13.613252 0.284626
16.297060 -20.698229 0.213248
16.313720 -21.477794 -0.879769
16.329960 -16.962801 -2.484164
16.346250 -10.993968 -3.391320
16.362790 -6.142849 -3.073767
16.379270 -3.088183 -2.080098
16.395690 -1.275275 -1.150232
16.412050 0.038142 -0.670524
16.428410 1.143769 -0.368520
16.444950 1.970730 0.569923
16.461360 2.000752 2.274196
16.477910 1.072706 3.740784
16.494450 0.171357 3.833159
16.510680 0.494406 2.618626
16.526920 1.364668 1.244299
16.560120 1.018289 0.505217
16.576290 -0.351254 0.287669
16.609190 -1.658997 -0.045517
16.625670 -1.533323 -0.860062
16.642030 4.308117 -2.341463
16.658510 18.443046 -4.851458
16.674930 34.891847 -8.057000
16.691220 42.570798 -10.376031
16.707820 36.477616 -10.058938
16.724180 22.680136 -7.332868
16.740660 9.845238 -4.373531
16.757020 1.791188 -2.819363
16.773620 -1.727031 -2.596639
16.789980 -2.495495 -2.566930
16.806270 -1.707314 -1.720719
16.822810 -0.088622 -0.205334
16.839170 0.811581 1.052683
16.855650 -0.502501 1.581106
16.872070 -3.421853 1.700856
16.888670 -5.640847 1.871230
16.904910 -5.462367 1.708415
16.921330 -3.060868 0.492060
16.953980 -0.151025 -1.455212
16.970700 1.713079 -3.034187
17.003540 2.232579 -3.627864
17.021360 1.783295 -3.403282
17.036250 0.752624 -2.218777
17.052730 -0.138770 0.325739
17.069150 -0.366356 3.455382
17.085390 -2.227197 5.124684
17.102050 -9.184159 3.932752
17.118530 -20.069413 0.746027
17.134770 -29.006133 -2.397101
17.151310 -30.948489 -3.892295
17.167970 -26.150423 -3.354964
17.184330 -18.253601 -1.782397
17.200680 -10.385033 -0.769087
17.217040 -4.684357 -0.707078
17.233520 -1.653213 0.079145
17.250000 -0.701710 2.492022
17.266300 -0.929253 4.760672
17.282650 -0.905780 4.422722
17.299190 -0.064176 1.410057
17.315550 0.874350 -1.823083
17.332030 1.188876 -3.140064
17.348510 1.233876 -2.173606
17.364930 1.354571 -0.278993
17.397830 0.570313 0.839007
17.414120 -1.461754 0.538999
17.430540 -3.301629 -0.505808
17.447020 -3.566699 -0.954434
17.463380 -2.236516 -0.280902
17.496280 -0.106692 0.963142
17.512820 2.054585 1.841146
17.529170 3.275968 1.899903
17.545720 2.737218 1.466392
17.562070 0.745775 1.151788
17.578430 -1.515692 1.272538
17.594910 -3.046351 1.143958
17.611210 -3.072134 -0.075255
17.627750 -0.631190 -1.889207
17.644410 3.770503 -2.561228
17.660640 7.662750 -1.276969
17.677120 8.963465 0.592792
17.693360 7.805589 1.609241
17.710020 5.898614 1.535364
17.726320 4.174106 0.601278
17.742800 2.407673 -0.877776
17.759090 0.798941 -2.031674
17.775700 -0.076174 -1.491399
17.791990 -0.557336 0.712749
17.808410 -1.316611 2.666204
17.824950 -2.040044 2.683848
17.841310 -1.603288 1.141303
17.857790 -0.147996 -0.205627
17.874150 0.639344 -0.492183
17.890630 0.253295 -0.142891
17.907040 -0.485414 0.203712
17.939880 -0.655206 0.030836
17.956300 -0.813328 -0.528777
17.972720 -2.607207 -0.602313
17.989070 -5.457945 0.024947
18.005620 -7.331886 0.731290
18.022030 -7.116940 1.211167
18.038510 -5.483005 1.993712
18.054930 -3.764629 3.310851
18.071230 -1.733026 4.090438
18.087830 0.892692 3.591606
18.104190 3.021059 2.307497
18.120670 3.546686 0.805143
18.137150 2.362691 -0.632994
18.153380 0.547364 -1.519132
18.169920 -0.466162 -1.344209
18.186280 -0.240162 -0.397412
18.202820 0.724787 0.446827
18.220640 1.769749 0.690183
18.235660 2.236648 0.500063
18.252010 1.553907 0.243110
18.268370 -0.311636 0.035634
18.284790 -2.086112 -0.099202
18.301150 -2.800608 -0.239097
18.317810 -2.930596 -0.558490
18.334110 -2.383516 -0.879207
18.350710 -0.581150 -0.683640
18.367190 1.636444 0.282626
18.383540 1.885164 1.597367
18.399780 -0.856229 2.454539
18.416320 -4.121551 2.351833
18.432680 -4.756850 1.456251
18.449280 -2.416653 0.293734
18.465700 0.810258 -0.734150
18.482060 2.765934 -1.386034
18.498410 2.749488 -1.512868
18.514890 1.287477 -1.325693
18.531310 -0.894707 -1.405440
18.549190 -2.798723 -1.737442
18.564150 -3.409245 -1.417738
18.580690 -2.949534 -0.130931
18.596980 -2.383989 1.185743
18.613400 -1.664944 1.556211
18.629880 -0.147474 1.093398
18.646480 1.856565 0.554021
18.662960 3.337563 0.131919
18.679140 3.865349 -0.538047
18.695680 3.829589 -1.407218
18.712040 3.633040 -1.721835
18.728270 3.289893 -0.863480
18.744930 2.759457 0.794670
18.761170 2.190700 2.203140
18.778080 1.969246 2.733372
18.794620 2.109858 2.415734
18.810970 1.860037 1.361905
18.827390 0.907025 -0.172694
18.843870 -0.035403 -1.460826
18.880680 -0.361382 -1.694728
18.892940 -0.448103 -0.633779
18.909360 -0.330356 0.979529
18.925540 1.605779 1.744418
18.942320 6.039512 1.116203
18.975040 10.496099 -0.101454
18.991390 11.631222 -0.721004
19.008000 8.725128 -0.335349
19.024540 4.172184 0.225017
19.040830 0.623975 0.255720
19.057370 -0.971562 0.133245
19.073610 -1.091730 0.699169
19.090210 -0.705608 2.055171
19.106380 -0.411294 3.254135
19.123170 -0.249823 3.329135
19.139530 -0.040745 1.914516
19.172300 0.016207 -0.434941
19.209170 -0.597583 -2.391147
19.221560 -1.974870 -2.885602
19.237920 -3.262656 -2.087115
19.254150 -3.079682 -1.308019
19.270570 -1.143253 -1.468138
19.287350 1.278837 -2.052889
19.303590 2.504597 -2.158819
19.320190 1.843469 -1.565525
19.336610 -0.380412 -1.310172
19.353270 -3.972109 -3.403476
19.369630 -7.926375 -7.994478
19.385990 -10.369810 -12.460402
19.402400 -10.528853 -13.780009
19.419070 -9.542521 -11.151700
19.435490 -8.579569 -6.623454
19.451600 -6.619902 -2.527505
19.468260 -2.699994 0.109991
19.484500 1.554871 1.249333
19.500980 3.752318 1.483663
19.517400 3.602162 1.285865
19.538940 2.477844 0.960473
19.550170 1.157269 1.093045
19.566410 -0.295193 1.959024
19.582760 -1.640778 2.918360
19.599370 -2.288378 2.818568
19.615600 -1.846081 1.241214
19.632200 -0.851067 -0.947532
19.648500 -0.022829 -2.514157
19.665100 0.882729 -2.658138
19.681640 2.237654 -1.302646
19.697940 3.324750 1.036802
19.714170 2.590102 3.421846
19.730590 0.505431 4.588512
19.747070 0.381266 3.771929
19.763490 3.429610 1.754208
19.780090 6.854232 -0.096779
19.796260 7.331100 -1.497574
19.812810 4.482515 -2.688087
19.829350 1.126545 -3.497308
19.845580 -0.133275 -3.493382
19.864260 0.826391 -2.663000
19.878540 2.058900 -1.575289
19.895260 1.552249 -0.482652
19.911320 -0.133422 0.743569
19.927920 -1.113737 2.070997
19.944150 -1.023531 2.987916
19.960690 -0.551812 2.340576
19.977110 -0.174672 -0.092518
19.993530 0.041548 -2.619328
20.010070 -0.124762 -3.434675
20.026310 -0.729538 -2.362858
20.042660 -1.304016 -0.459808
20.059330 -1.822207 1.461998
20.075620 -2.305056 2.745234
20.092100 -1.968701 2.590343
20.108760 -0.371351 1.291664
20.125060 1.724333 0.045915
20.141360 3.215677 -0.566502
20.157780 3.542961 -0.955224
20.174260 3.196235 -1.277910
20.192630 3.436850 -0.802978
20.207210 4.928325 0.416129
20.223510 6.753961 1.533961
20.240050 7.300891 2.371452
20.256290 6.486641 2.984182
20.272830 5.236982 2.837220
20.289490 3.566153 1.031220
20.306640 1.664629 -2.167288
20.322140 0.409819 -5.112147
20.338380 -0.074600 -6.344923
20.355040 -0.655173 -5.284174
20.371460 -1.690497 -2.549012
20.387700 -2.138004 0.501743
20.404170 -1.590236 2.669550
20.420650 -1.222731 3.184465
20.453430 -1.613787 2.193072
20.470030 -2.007411 0.567167
20.502620 -1.736869 -0.601011
20.519530 -1.067093 -0.414886
20.552060 -0.339932 0.801819
20.568540 0.410287 2.101366
20.601440 0.833449 2.937950
20.617680 0.358017 3.002428
20.650700 -0.609044 2.213498
20.667050 -0.860543 0.567870
20.699830 -0.647638 -1.203406
20.716310 -2.115910 -1.694049
20.749270 -6.602015 -0.659291
20.765630 -11.808645 0.704381
20.798520 -13.730137 1.172694
20.815060 -10.934002 0.666353
20.848020 -5.805601 0.145884
20.864500 -1.670347 0.624596
20.897220 0.406237 1.745824
20.913570 1.060896 1.883919
20.946350 1.214415 0.813519
20.962770 1.337654 -0.420988
20.979310 1.533107 -2.103856
20.995670 1.828914 -5.535823
21.012210 1.915735 -9.952935
21.044920 1.676915 -11.992203
21.061460 1.086549 -9.925810
21.077820 0.036547 -5.510722
21.094240 -0.997604 -1.147510
21.110720 -1.324715 1.807893
21.127010 -0.718094 2.768344
21.143550 0.137535 2.160301
21.160100 0.462237 1.042870
21.192810 0.619332 -0.049333
21.209170 0.795925 -0.988611
21.225710 0.434121 -1.339071
21.242070 -0.399443 -0.639675
21.258540 -1.119316 0.804668
21.291380 -1.327245 1.817007
21.307860 -1.247602 1.263083
21.340700 -1.563110 -0.760973
21.357060 -1.972347 -2.865922
21.389890 -1.109368 -3.658761
21.406370 1.092311 -2.993160
21.422910 2.263209 -1.719149
21.439270 0.723817 -0.651583
21.455510 -1.547623 -0.182949
21.488590 -1.566063 -0.267564
21.505370 0.493516 -0.468422
21.521480 2.016282 -0.150844
21.537720 1.680031 0.929812
21.554320 0.175235 2.175118
21.587400 -1.244804 2.731025
21.603450 -1.623751 2.093067
21.636290 -0.961878 0.452969
21.652710 0.464651 -1.225066
21.685550 2.558264 -2.081659
21.702030 4.748663 -1.809604
21.718440 5.877648 -0.719359
21.734920 5.180165 0.145460
21.751400 3.261389 -0.098061
21.767700 1.177895 -1.316673
21.784120 -0.365824 -2.315169
21.800600 -0.940022 -1.877787
21.817020 -0.657632 -0.128436
21.833370 -0.167898 1.864254
21.849790 0.033695 3.255925
21.882630 0.043789 3.803433
21.899050 -0.160004 3.461771
21.932250 -0.608579 1.853832
21.948430 -0.652513 -0.790345
21.981320 0.213215 -2.876417
21.997680 1.386017 -3.048876
22.014100 1.548553 -1.547334
22.030520 0.461173 0.193840
22.047000 -0.857853 1.429722
22.063350 -1.918416 2.867666
22.079960 -2.899746 4.616771
22.096250 -3.735826 5.522669
22.112610 -3.791934 4.418496
22.129150 -2.674523 1.332387
22.145570 -1.113472 -2.349059
22.161990 -0.208138 -5.353192
22.178410 -0.213648 -6.982510
22.194890 -0.379164 -6.772316
22.211240 0.146854 -4.829275
22.227660 1.322714 -2.042349
22.244380 2.150470 0.278969
22.260560 1.867226 1.311124
22.277280 0.719223 1.639744
22.293640 -0.857976 2.313709
22.326290 -2.497196 3.140543
22.342650 -3.594093 3.248181
22.375550 -3.481206 2.218391
22.392030 -2.221847 0.808964
22.424800 -0.944633 0.132183
22.441280 -0.484736 0.133454
22.474180 -0.448924 0.211980
22.490540 0.055254 0.138354
22.523380 1.184838 0.249470
22.539920 2.076748 0.741429
22.556520 1.595568 0.889088
22.572880 -0.296428 -0.045601
22.589110 -2.310126 -1.441013
22.605530 -3.021433 -1.812828
22.622190 -1.762233 -0.688144
22.638310 0.524374 1.042119
22.654790 1.987770 2.000655
22.671260 1.857995 1.129180
22.687620 0.927222 -1.319818
22.704160 0.482843 -3.599095
22.720460 0.802423 -3.627922
22.737060 1.483459 -1.092186
22.753300 2.328810 1.928724
22.769780 2.846497 3.284320
22.786320 2.660637 2.641526
22.820370 1.978545 0.924992
22.835570 1.183448 -0.759446
22.852050 0.311175 -1.646879
22.868410 -0.846583 -1.554155
22.884770 -1.919758 -0.906918
22.901310 -2.025294 -0.433784
22.917790 -0.633789 -0.431818
22.934330 1.523509 -0.263847
22.950560 2.907705 1.011037
22.967040 2.858985 3.184810
22.983400 1.942268 4.861943
22.999940 1.095558 4.794214
23.016300 0.942629 2.975137
23.032590 1.289934 0.461325
23.049130 1.206050 -1.908752
23.065490 -0.056907 -3.462632
23.082030 -1.863085 -3.556982
23.114930 -2.623124 -2.430523
23.131160 -1.833848 -1.031761
23.147640 -0.250906 -0.214033
23.164000 1.494193 -0.228308
23.180540 2.641634 -1.068866
23.213380 2.156846 -2.477397
23.229980 0.105228 -3.225935
23.263060 -2.324436 -2.210495
23.279240 -3.687628 -0.076233
23.295720 -3.156618 1.409346
23.312070 -0.899080 1.534355
23.328310 1.644081 1.274676
23.344790 2.031548 1.952742
23.361270 -0.058231 4.028423
23.377620 -2.280825 6.404688
23.394290 -2.735565 6.941883
23.410520 -1.866361 4.603572
23.426940 -1.501423 0.904291
23.459960 -2.103704 -1.791749
23.476680 -2.616144 -2.584958
23.509460 -2.353460 -1.938809
23.525700 -1.670684 -0.579798
23.541870 -1.107103 -0.207139
23.558590 -0.271232 -3.356653
23.574830 1.281397 -9.786532
23.591250 2.740774 -15.502626
23.607790 2.919095 -16.385585
23.624270 2.041318 -12.223576
23.640690 1.266160 -6.619187
23.657040 0.573792 -3.012771
23.673400 -0.380528 -1.786782
23.691530 -0.761008 -0.854279
23.706360 0.270189 0.903548
23.722660 1.956133 2.468783
23.739320 2.576771 2.869318
23.755550 2.032708 2.836930
23.772090 1.256676 3.306401
23.807130 0.264641 3.303821
23.821290 -1.056395 1.447437
23.854190 -2.223790 -1.637464
23.870540 -2.555979 -3.363286
23.903560 -2.150752 -2.051887
23.919800 -1.694992 0.880065
23.936340 -1.402912 2.634074
23.952820 -0.890810 2.226241
23.969180 0.048940 1.137671
23.985530 0.848197 0.874549
24.001950 1.039206 1.431906
24.018430 0.880099 1.902045
24.034970 0.898595 1.492228
24.051450 1.176484 0.333579
24.067810 1.373335 -0.772050
24.084170 1.128849 -1.365640
24.100590 -0.010201 -2.005130
24.116940 -1.852716 -2.962477
24.135620 -3.297938 -3.350713
24.149780 -3.565006 -2.956160
24.166320 -2.865749 -2.598744
24.182680 -1.857886 -2.718022
24.199160 -1.015454 -2.589294
24.215390 -0.290746 -1.474043
24.232060 0.674984 -0.032253
24.248470 1.750783 0.867282
24.264950 2.209306 1.142805
24.281310 1.648918 1.410373
24.297850 1.050399 2.587556
24.314330 1.426083 4.243405
24.347170 1.844928 4.450044
24.363830 1.083847 2.434989
24.396550 -0.287355 -0.018380
24.412900 -0.655438 -0.952557
24.429500 0.255584 -0.690229
24.445860 0.521001 -0.652509
24.462220 -0.413459 -1.084570
24.478390 0.568084 -1.188309
24.494750 5.911653 -0.798538
24.511660 13.041966 -0.124215
24.527830 16.478782 1.198077
24.544310 14.170515 3.152730
24.560730 9.139520 4.825792
24.577030 4.594387 5.202867
24.593510 1.302391 3.976051
24.610110 -0.878367 1.721495
24.642820 -1.813585 -0.555103
24.659300 -1.835253 -2.111222
24.691890 -2.010296 -2.738178
24.708680 -2.515347 -2.578901
24.741880 -2.285375 -1.649488
24.758000 -0.605184 -0.025005
24.790950 1.356189 1.378674
24.806880 2.483619 1.504503
24.823610 5.114834 -0.276157
24.839970 11.591439 -3.682604
24.856320 19.113917 -6.828028
24.889040 21.898650 -7.653938
24.905580 17.723460 -5.661414
24.922060 10.350837 -2.385015
24.938480 4.595861 0.290969
24.954830 1.968796 1.829708
24.987670 1.179601 2.365413
25.003970 0.343571 2.329146
25.036930 -1.326812 1.916700
25.053410 -3.070354 1.154199
25.086300 -3.429442 0.505769
25.102780 -2.187708 0.175221
25.119750 -0.775303 -0.251783
25.135620 -0.478159 -1.356998
25.152040 -1.109286 -2.874161
25.184810 -1.529176 -3.736164
25.201290 -1.420174 -3.131998
25.217830 -1.563373 -0.873133
25.234130 -2.252248 2.432244
25.250670 -2.846926 4.842631
25.266910 -2.405405 3.597671
25.283390 -0.376978 -1.757780
25.299740 2.118037 -8.043614
25.316410 3.162464 -11.429731
25.332820 2.765443 -10.761068
25.349060 2.447816 -7.781775
25.365840 2.631775 -4.365742
25.381960 1.896064 -1.235272
25.398440 -0.271941 1.218548
25.414790 -1.974018 2.729878
25.431460 -1.872569 3.282818
25.447880 -0.280838 2.812796
25.480590 -0.186474 1.395204
25.497010 -7.001240 0.017420
25.529910 -21.054241 -0.033835
25.546450 -34.132950 1.482523
25.562870 -36.440511 3.465461
25.579220 -26.843509 4.632897
25.595700 -13.672859 4.836201
25.611940 -4.436587 4.590085
25.628420 -0.559819 4.248538
25.644840 0.245440 3.585938
25.661250 0.685649 2.037327
25.677800 1.356008 0.199966
25.694150 1.519311 -0.694469
25.710570 1.157376 -0.745112
25.727050 0.767128 -1.118772
25.743410 0.579253 -2.122517
25.759770 0.240088 -2.496636
25.776790 -0.814471 -1.513263
25.792790 -2.274368 -0.123626
25.809080 -2.937010 0.605631
25.825560 -2.100182 0.664464
25.841920 -0.249425 0.758644
25.858460 1.706531 1.081557
25.874820 3.352931 1.032555
25.891420 4.689166 0.205316
25.924070 5.341862 -1.371821
25.940550 4.961207 -3.183867
25.956910 3.705520 -4.243887
25.973510 1.988497 -3.921777
25.989930 0.510651 -2.515330
26.006290 -0.311097 -1.035062
26.022710 -0.710967 0.060681
26.039180 -0.860200 1.157573
26.055540 -0.745971 2.052887
26.072020 -0.683398 1.855876
26.088560 -1.127102 0.229627
26.104980 -1.911551 -1.938080
26.121280 -2.372266 -3.357423
26.137760 -2.650865 -3.458763
26.170530 -3.338518 -2.299744
26.186950 -3.858005 -0.404321
26.219910 -3.069207 1.178570
26.236270 -1.294177 1.238757
26.269040 -0.239787 -0.192126
26.285830 -0.283215 -1.374322
26.318660 0.128024 -0.989367
26.335080 1.406440 0.299723
26.367800 1.891425 1.093520
26.384220 0.651352 1.022236
26.400700 -0.703432 0.485811
26.417110 -0.235116 0.023462
26.433720 1.444967 -0.098056
26.466310 2.396509 -0.505096
26.482790 1.944062 -1.719701
26.499210 1.102868 -2.838657
26.515690 1.148152 -2.368708
26.532040 1.893106 -0.024332
26.548400 1.955958 2.674848
26.564760 0.770071 3.964285
26.581300 -0.501484 3.226083
26.614070 -0.417905 0.713312
26.630550 0.657545 -2.271222
26.646910 1.106841 -4.187509
26.663390 0.557880 -4.663180
26.679810 -0.224926 -4.098864
26.696110 -1.005653 -3.129009
26.712710 -2.007981 -2.209619
26.729060 -3.205598 -1.578101
26.745540 -3.777557 -1.471110
26.761900 -2.543682 -1.621600
26.778260 0.311458 -1.382990
26.794920 3.066732 -0.516343
26.811340 3.620789 0.510191
26.827880 1.417698 1.028369
26.863100 -1.414836 0.901699
26.877010 -2.749556 0.338351
26.893550 -2.396201 -0.402971
26.909910 -1.318781 -1.011737
26.926450 -0.459881 -1.413388
26.942750 -0.011390 -1.597400
26.959230 0.256344 -1.464482
26.975710 1.019290 -1.300057
27.008540 2.688885 -1.672398
27.025090 4.735352 -2.542402
27.041380 6.338935 -2.965192
27.057860 6.715765 -2.196820
27.074220 5.656927 -0.354220
27.091920 3.586063 2.221451
27.107120 1.427367 5.151837
27.123600 0.084697 7.217075
27.139950 -0.531475 6.602241
27.156310 -0.848587 2.980480
27.172790 -0.985584 -1.678895
27.189150 -0.850642 -4.738592
27.205570 -0.249546 -5.329346
27.222170 0.528063 -4.464076
27.238590 0.525611 -3.247304
27.254940 -0.599525 -2.110754
27.271240 -2.272193 -1.157778
27.287840 -4.009765 -0.679964
27.304200 -5.194643 -0.324204
27.320740 -5.168785 0.812605
27.337040 -3.861521 2.724837
27.353450 -2.027404 4.333212
27.369810 -0.845379 4.714301
27.386290 -0.640922 4.047404
27.402650 -0.827100 2.762574
27.419070 -0.877740 1.195107
27.435550 -0.506965 -0.054541
27.452090 0.164876 -0.599222
27.468440 0.664386 -0.529138
27.501280 0.868451 -0.154004
27.517760 0.739962 0.298625
27.534180 0.287399 -0.042491
27.550780 -0.031954 -2.208009
27.567080 0.095661 -5.376590
27.599910 0.559251 -7.472627
27.616330 0.889869 -7.282616
27.632810 0.569772 -5.199042
27.649230 -0.390744 -2.152543
27.665710 -1.297253 0.989896
27.681950 -0.995558 2.910152
27.698730 0.962197 2.728431
27.714970 3.292457 1.060638
27.731320 3.970793 -0.558597
27.747920 2.336016 -1.103493
27.764340 -0.071904 -0.965420
27.780880 -0.849166 -0.972210
27.797240 0.783438 -0.926230
27.813600 3.541239 -0.309036
27.830200 6.135703 0.676253
27.846440 8.194369 1.694611
27.863100 9.312437 2.387624
27.879030 8.415482 2.105671
27.895690 5.328173 0.412790
27.911800 1.698778 -1.840364
27.928340 -0.773762 -2.925586
27.944890 -1.619914 -2.742114
27.961180 -1.283482 -2.289267
27.977910 -0.588553 -1.597138
27.994140 0.415868 -0.313800
28.010560 3.300144 1.112214
28.043460 8.663222 1.383169
28.059810 13.794380 0.225540
28.076290 14.909169 -1.027695
28.092830 11.414862 -1.371747
28.109190 6.332115 -1.082851
28.125670 2.361341 -1.022797
28.142090 0.149174 -1.091844
28.158570 -0.719458 -0.386762
28.175050 -0.958481 1.269477
28.191830 -1.133658 3.160757
28.207760 -1.362376 4.163384
28.224370 -1.303084 3.397758
28.240720 -0.675862 1.029797
28.257200 0.218218 -1.724954
28.273320 0.924659 -2.881634
28.292110 1.277657 -0.722643
28.306520 1.838900 3.843341
28.322810 3.869441 7.432159
28.339050 7.230464 7.218913
28.356020 9.918013 3.821046
28.372250 9.929270 0.688087
28.388730 7.131770 0.131082
28.405090 3.159398 1.888954
28.421510 -0.515035 4.080469
28.438110 -2.588883 4.648004
28.454350 -2.397547 3.323472
28.470890 -0.976527 1.446902
28.487180 0.025097 0.063704
28.504940 -0.132411 -0.845020
28.520140 -1.048634 -1.528857
28.536250 -2.075287 -1.776518
28.552800 -2.804225 -1.479219
28.569150 -2.888042 -0.879774
28.585630 -2.188960 0.022885
28.602110 -0.960094 0.831796
28.618410 0.523884 0.314465
28.634950 1.809235 -1.600831
28.651310 2.309504 -3.187927
28.667660 1.958422 -2.794248
28.684200 1.325988 -0.515740
28.700740 0.794040 1.560674
28.717040 0.037448 1.601069
28.733400 -1.040904 0.024889
28.750120 -1.434517 -1.479923
28.766300 0.035192 -2.012067
28.782840 2.402754 -2.189874
28.799070 3.567792 -2.473163
28.815610 3.207301 -2.192808
28.832030 2.556265 -1.239667
28.848450 2.410414 -0.470787
28.864930 2.238304 -0.191345
28.881160 1.714295 0.408916
28.897710 1.244169 1.744687
28.914250 0.682617 2.786106
28.930730 -0.483395 2.511201
28.947200 -2.089727 1.432017
28.963620 -3.148857 0.903729
28.980220 -2.767135 1.172617
28.996580 -1.249189 1.411274
29.013000 0.264466 1.101177
29.029300 1.222517 -0.064007
29.046080 1.669279 -2.225478
29.066590 1.429724 -4.688911
29.078670 0.289596 -6.081254
29.095280 -1.082847 -5.408147
29.111450 -1.249851 -2.830669
29.127990 0.117460 0.674392
29.144350 1.520330 3.562941
29.160830 1.460689 4.285252
29.177190 0.296710 2.897749
29.193420 -0.514673 1.086666
29.209840 -0.297355 0.263260
29.226440 0.460040 0.290748
29.242800 1.031653 0.364371
29.259460 1.093942 0.464944
29.275820 0.353132 0.984997
29.292300 -1.070049 2.206451
29.308410 -2.271767 4.000795
29.324890 -2.527313 5.237613
29.341190 -1.740314 4.354629
29.357730 -0.219542 0.918932
29.374510 1.343418 -3.067211
29.394530 2.006654 -5.405277
29.407230 1.247155 -5.882069
29.423400 -0.066105 -4.595958
29.439940 -0.754566 -1.594816
29.456300 -1.111465 1.994910
29.472780 -2.075944 3.877753
29.489010 -3.442278 2.861203
29.505370 -3.742653 0.501671
29.522090 -2.228550 -1.305337
29.538270 -0.049638 -2.132415
29.554750 1.075867 -2.136621
29.571230 0.665627 -1.101173
29.587710 -0.381259 0.640810
29.604000 -1.132106 2.129511
29.620610 -1.549619 3.437022
29.637080 -1.957136 5.068329
29.653320 -2.056595 6.935544
29.669860 -1.208313 8.173140
29.686220 0.434206 8.120611
29.702700 1.860531 7.161332
29.719180 2.300234 5.509817
29.735720 1.760659 3.038352
29.751890 0.696277 -0.210104
29.768490 -0.281929 -3.458604
29.784970 -0.766917 -5.339806
29.801150 -0.762080 -4.948281
29.817750 -0.527450 -2.551265
29.834230 -0.118703 0.471036
29.850770 0.553914 2.697409
29.866940 0.930766 3.352302
29.883360 0.534433 2.774403
29.916320 -0.287053 2.017820
29.932680 -0.502707 1.314913
29.949340 0.640538 -0.165987
29.965450 2.146822 -2.784276
29.981930 2.599964 -5.042514
29.998660 1.868058 -5.099863
30.014950 1.001630 -3.574631
30.031130 0.845695 -2.475185
30.047790 0.866525 -2.138994
30.064150 0.510462 -1.228164
30.080510 0.066936 0.394760
30.097110 -0.107819 0.722749
30.113400 0.191896 -1.733666
30.129880 0.757332 -5.879888
30.146300 0.833319 -9.117260
30.162900 0.190962 -9.589331
30.179260 -0.239927 -7.335672
30.212220 0.457876 -4.275584
30.228640 2.001109 -2.011912
30.265870 3.568456 -0.317701
30.278080 4.424833 1.838402
30.294310 3.490843 5.102977
30.310550 0.009340 9.046346
30.326970 -4.421964 12.379779
30.343320 -6.717135 13.524054
30.359800 -6.297393 11.638599
30.376340 -5.023659 7.457184
30.392460 -4.014466 2.606018
30.409000 -2.887746 -1.971193
30.425420 -1.165726 -5.852752
30.441960 0.687088 -7.607047
30.458440 2.052587 -6.589670
30.477110 2.304283 -1.666074
30.491330 0.518519 10.235179
30.507690 -2.929419 27.186867
30.819820 -5.989110 38.419541
30.836180 -6.142979 31.350026
30.852780 -2.602814 7.845167
30.868960 1.901696 -15.429925
30.902100 3.964746 -26.387809
30.918270 2.981532 -25.470728
30.934750 0.980679 -19.502092
30.951170 -0.361320 -13.059492
30.967590 -1.390520 -7.071496
30.984070 -2.420419 -1.862601
31.000430 -2.687702 2.499645
31.018740 -1.870307 5.820005
31.033260 -0.422787 7.461789
31.049680 1.508637 7.117230
31.066160 3.303536 4.894385
31.082520 3.133994 1.070567
31.099060 0.683315 -2.782567
31.115420 -1.382420 -4.766681
31.148320 -0.948979 -4.665639
31.164920 1.015836 -3.246586
31.181210 2.444191 -1.037308
31.197570 2.623547 1.557486
31.214050 1.806187 3.548198
31.230530 26.128332 13.446922
31.246830 -51.738909 -16.301265
31.263240 -118.418624 -42.663698
