0.000000 706.524000 326.970000
0.016480 723.542400 309.550500
0.032840 713.244000 324.397500
0.049320 712.572000 321.856500
0.065730 701.618400 298.200000
0.082090 711.900000 318.171000
0.098630 712.656000 323.767500
0.114990 727.104000 319.263000
0.131530 727.154400 330.204000
0.147770 727.104000 327.127500
0.164370 704.172000 330.949500
0.180730 708.288000 298.168500
0.197020 706.742400 286.482000
0.213620 716.772000 269.808000
0.229980 714.403200 303.082500
0.246340 713.714400 300.405000
0.262880 699.148800 271.614000
0.279240 710.085600 289.159500
0.295590 710.774400 291.669000
0.312130 626.791200 256.830000
0.328610 514.382400 202.996500
0.344910 512.467200 196.612500
0.361510 527.839200 196.392000
0.377810 516.398400 206.052000
0.394350 517.070400 209.496000
0.410640 550.737600 204.603000
0.427120 536.037600 234.108000
0.443600 537.264000 236.964000
0.460330 539.834400 226.296000
0.476680 530.863200 214.053000
0.493100 529.048800 207.763500
0.509520 566.008800 224.332500
0.525940 495.986400 156.229500
0.542360 496.658400 159.831000
0.558960 502.840800 89.092500
0.575200 505.528800 101.860500
0.591670 507.477600 109.074000
0.608090 533.383200 132.646500
0.624510 498.792000 118.114500
0.640930 498.019200 114.114000
0.657290 520.867200 121.789500
0.673770 508.989600 80.860500
0.690190 507.108000 73.542000
0.706600 476.565600 106.680000
0.723140 493.029600 103.393500
0.739560 491.416800 98.857500
0.755920 491.568000 47.607000
0.772400 479.976000 27.216000
0.788760 484.075200 42.787500
0.805240 489.048000 104.685000
0.821900 494.726400 115.741500
0.838130 498.640800 128.131500
0.854610 538.507200 110.680500
0.870970 520.632000 95.508000
0.887330 516.784800 80.325000
0.903690 522.379200 60.081000
0.920100 538.960800 82.236000
0.936770 537.180000 74.644500
0.953060 517.456800 66.948000
0.969600 523.639200 36.267000
0.991090 524.193600 40.257000
1.002560 525.537600 65.194500
1.018680 504.823200 59.377500
1.035160 508.754400 74.791500
1.051510 535.752000 87.118500
1.067930 540.859200 95.602500
1.084410 540.237600 91.675500
1.100890 528.108000 86.929500
1.117370 533.635200 109.273500
1.133850 533.517600 108.780000
1.150150 518.347200 75.096000
1.166560 523.303200 89.113500
1.182980 524.479200 96.831000
1.199460 511.308000 133.560000
1.215760 509.510400 108.486000
1.232180 512.652000 118.891500
1.248660 528.712800 108.507000
1.265200 542.942400 113.473500
1.281620 544.941600 121.716000
1.298030 599.457600 119.637000
1.314390 590.284800 97.639500
1.330930 589.243200 94.153500
1.347350 568.562400 102.648000
1.363650 580.591200 135.187500
1.380130 580.524000 134.872500
1.396670 591.494400 126.514500
1.412900 571.536000 107.257500
1.445860 605.253600 86.299500
1.462340 610.680000 126.115500
1.495060 622.104000 111.415500
1.511720 675.242400 92.883000
1.527950 675.108000 89.050500
1.544430 661.936800 75.159000
1.560910 659.232000 67.746000
1.577270 659.282400 68.071500
1.593690 662.020800 79.453500
1.610050 667.699200 118.524000
1.626530 668.791200 129.013500
1.642940 681.962400 101.913000
1.659550 663.919200 128.541000
1.675840 664.876800 135.229500
1.692260 655.401600 120.204000
1.708680 645.204000 164.482500
1.725160 642.499200 146.433000
1.741460 634.368000 107.803500
1.757870 645.103200 93.051000
1.774290 644.095200 86.467500
1.790770 599.491200 55.944000
1.807130 641.205600 116.151000
1.823610 643.792800 134.368500
1.839970 637.728000 150.885000
1.856450 601.776000 114.880500
1.873110 600.936000 106.711500
1.889220 653.100000 149.614500
1.905760 673.092000 49.875000
1.922360 670.471200 32.182500
1.938660 733.387200 65.908500
1.955020 754.807200 80.104500
1.971500 755.260800 87.486000
1.988100 756.940800 86.583000
2.004330 754.454400 91.549500
2.020750 754.874400 98.416500
2.037230 742.728000 98.364000
2.054020 766.264800 102.690000
2.070310 766.533600 113.326500
2.090150 750.170400 123.343500
2.103210 724.432800 110.670000
2.119570 724.416000 110.355000
2.136110 799.982400 107.856000
2.152340 797.781600 108.979500
2.185360 778.495200 118.335000
2.205930 788.491200 129.780000
2.217900 788.894400 133.045500
2.234250 790.473600 125.611500
2.250850 794.589600 100.632000
2.267150 793.766400 82.708500
2.283630 787.332000 80.986500
2.300480 797.697600 96.547500
2.316590 798.067200 99.393000
2.332950 814.867200 104.517000
2.349240 816.144000 128.856000
2.365840 816.228000 136.699500
2.382320 806.181600 102.606000
2.398560 823.804800 80.713500
2.415040 823.519200 84.525000
2.431520 847.039200 84.241500
2.447880 881.764800 117.348000
2.464230 881.781600 117.043500
2.480960 849.475200 117.810000
2.497310 877.430400 128.121000
2.518740 877.850400 124.551000
2.530330 875.750400 126.420000
2.546510 852.986400 118.681500
2.562870 852.717600 115.752000
2.579280 863.200800 125.968500
2.595760 866.056800 125.706000
2.612180 866.073600 125.412000
2.630860 830.844000 84.987000
2.645200 840.319200 101.766000
2.678220 837.328800 103.362000
2.694580 836.791200 131.827500
2.711120 837.144000 128.320500
2.727720 848.719200 93.376500
2.748720 832.003200 89.995500
2.760070 831.734400 87.108000
2.776670 840.806400 61.057500
2.792970 836.606400 90.814500
2.809450 836.572800 97.429500
2.825810 756.520800 111.237000
2.845030 593.728800 107.961000
2.858830 592.956000 100.243500
2.875180 532.744800 108.234000
2.891540 519.892800 103.183500
2.908080 516.835200 93.061500
2.924320 524.025600 77.343000
2.940800 524.815200 85.596000
2.959590 526.680000 93.145500
2.973750 534.542400 110.659500
2.990230 534.744000 109.956000
3.023500 533.299200 99.277500
3.039610 519.624000 96.579000
3.072510 522.379200 103.740000
3.088680 515.659200 100.747500
3.105220 517.490400 107.740500
3.121580 526.461600 121.170000
3.138060 526.192800 132.436500
3.172790 514.466400 126.535500
3.187560 526.192800 122.052000
3.203740 524.412000 115.174500
3.220150 531.300000 174.741000
3.236570 541.195200 173.985000
3.269410 532.828800 197.253000
3.285950 528.948000 194.617500
3.302310 530.728800 200.917500
3.318850 548.486400 215.302500
3.335210 542.673600 212.215500
3.368040 555.727200 218.242500
3.384460 544.975200 206.734500
3.400760 542.640000 196.759500
3.417420 543.664800 168.766500
3.433650 542.472000 171.696000
3.450010 540.691200 164.892000
3.466670 521.287200 149.992500
3.483090 523.471200 160.587000
3.502260 522.782400 160.482000
3.515930 512.349600 164.902500
3.532290 532.996800 182.700000
3.548830 534.021600 185.073000
3.565190 527.940000 158.508000
3.581540 531.048000 146.401500
3.598080 531.350400 147.514500
3.614260 515.155200 242.056500
3.630920 510.988800 285.589500
3.647280 513.139200 291.868500
3.663760 505.680000 306.190500
3.680180 514.449600 302.799000
3.713070 493.735200 290.083500
3.729370 515.877600 289.695000
3.745910 515.188800 286.282500
3.762330 513.592800 277.651500
3.778690 491.500800 262.678500
3.795170 491.349600 262.258500
3.811460 510.283200 295.155000
3.829040 537.062400 270.994500
3.844480 535.617600 267.991500
3.860900 527.620800 294.021000
3.877140 538.070400 291.543000
3.893740 539.918400 297.370500
3.910160 538.809600 313.236000
3.926640 538.826400 314.653500
3.943050 542.623200 326.308500
3.959410 533.013600 339.738000
3.975950 513.424800 347.718000
3.992250 511.442400 342.384000
4.008670 537.062400 347.686500
4.025090 527.184000 326.676000
4.041930 523.269600 315.262500
4.058040 531.888000 309.046500
4.074400 539.078400 302.641500
4.090820 540.792000 308.007000
4.107240 534.592800 329.742000
4.123660 521.673600 315.546000
4.140010 520.984800 312.343500
4.158020 496.641600 267.550500
4.173100 474.700800 262.836000
4.189390 468.115200 244.828500
4.205750 468.787200 271.876500
4.222290 463.831200 269.661000
4.255070 496.356000 246.907500
4.271480 479.925600 250.383000
4.304440 474.516000 243.411000
4.320800 492.273600 224.752500
4.337340 497.733600 243.306000
4.353820 506.352000 269.272500
4.370120 525.302400 291.711000
4.386660 530.678400 306.705000
4.402950 497.750400 309.561000
4.419430 498.758400 320.638500
4.435970 494.760000 309.918000
4.452640 559.826400 322.140000
4.468990 625.598400 341.071500
4.503660 689.656800 338.205000
4.518250 700.072800 310.957500
4.551090 681.945600 309.225000
4.567140 708.103200 333.133500
4.583800 708.825600 338.299500
4.602420 699.585600 323.032500
4.616700 696.343200 315.777000
4.649290 706.053600 287.059500
4.665770 706.809600 305.193000
4.682190 706.070400 299.785500
4.698790 688.615200 315.850500
4.715210 713.076000 312.501000
4.747860 705.079200 305.424000
4.764220 696.830400 330.949500
4.797180 706.658400 338.320500
4.813600 714.739200 341.344500
4.830020 714.772800 344.043000
4.846560 719.342400 344.526000
4.862920 718.384800 354.081000
4.879270 718.989600 356.254500
4.895810 706.154400 329.868000
4.912110 738.158400 326.686500
4.928830 737.671200 324.366000
4.945010 716.200800 347.917500
4.961550 720.132000 332.881500
4.977840 720.686400 335.086500
4.994200 730.984800 354.774000
5.010860 716.318400 329.406000
5.027160 715.663200 324.408000
5.043820 756.470400 300.688500
5.060180 780.360000 316.795500
5.076540 780.040800 310.905000
5.092830 779.956800 317.079000
5.109500 780.124800 296.782500
5.125790 780.326400 304.857000
5.142150 762.686400 303.387000
5.158810 774.866400 318.790500
5.175050 775.336800 321.069000
5.191470 792.842400 331.548000
5.207760 768.381600 355.509000
5.224430 767.692800 345.859500
5.240910 703.920000 436.002000
5.257260 712.118400 442.732500
5.273560 713.529600 449.442000
5.290040 699.199200 450.334500
5.306640 697.132800 448.906500
5.322880 696.276000 444.234000
5.339170 689.186400 431.455500
5.355770 673.142400 416.703000
5.372250 672.655200 417.196500
5.388610 661.516800 451.227000
5.405150 701.400000 466.053000
5.421690 702.878400 472.447500
5.438170 667.480800 442.911000
5.454470 682.197600 433.072500
5.471010 681.525600 431.109000
5.487300 663.986400 440.338500
5.503780 682.617600 444.538500
5.520320 682.248000 441.514500
5.536870 642.012000 445.956000
5.553220 657.988800 428.515500
5.569700 658.240800 431.077500
5.586120 660.206400 450.975000
5.602360 672.285600 481.908000
5.618650 673.041600 483.714000
5.635190 652.982400 456.676500
5.651490 650.260800 420.210000
5.668330 648.127200 411.327000
5.684570 628.404000 419.370000
5.703670 631.730400 441.168000
5.717470 634.300800 450.513000
5.733640 658.274400 439.288500
5.750180 632.620800 464.698500
5.766480 633.880800 469.045500
5.782900 668.085600 461.160000
5.799380 637.711200 470.337000
5.815730 635.107200 461.107500
5.832090 629.176800 449.001000
5.848880 658.795200 404.869500
5.865050 656.409600 392.395500
5.881530 685.003200 320.607000
5.897950 679.744800 330.928500
5.915830 680.685600 341.649000
5.930790 673.948800 338.803500
5.947140 698.376000 339.696000
5.963500 702.475200 368.571000
5.979980 683.928000 387.156000
5.996700 710.035200 418.572000
6.012880 710.640000 420.514500
6.029300 684.684000 405.037500
6.045780 704.104800 399.630000
6.062130 704.222400 403.830000
6.078610 698.611200 384.016500
6.094970 703.886400 398.307000
6.111510 706.759200 416.083500
6.128780 713.580000 424.872000
6.144530 703.130400 475.041000
6.160830 700.224000 454.986000
6.177190 719.997600 456.246000
6.193850 708.170400 435.760500
6.210020 704.071200 411.253500
6.226560 715.898400 417.228000
6.244380 713.899200 406.927500
6.259460 713.949600 409.384500
6.275940 713.546400 434.028000
6.292300 690.883200 441.294000
6.308590 690.748800 440.538000
6.325200 694.999200 421.218000
6.341490 726.314400 439.036500
6.358090 726.146400 433.944000
6.374390 711.076800 408.492000
6.390810 715.730400 420.640500
6.407290 715.226400 419.317500
6.423650 722.013600 421.638000
6.440190 736.478400 435.897000
6.456600 736.495200 432.988500
6.473020 697.317600 410.214000
6.489440 714.218400 411.201000
6.505920 712.874400 406.507500
6.522280 712.555200 392.038500
6.538700 703.970400 420.546000
6.555050 706.305600 434.500500
6.571660 738.528000 421.701000
6.587890 729.523200 457.768500
6.604250 730.212000 462.651000
6.620790 726.482400 433.860000
6.637210 737.671200 451.321500
6.670100 728.784000 436.464000
6.686650 745.432800 458.944500
6.702940 745.399200 456.718500
6.719240 669.916800 423.937500
6.735960 658.425600 407.368500
6.752200 657.568800 405.342000
6.768620 674.990400 416.724000
6.785160 661.147200 440.968500
6.801640 661.970400 442.953000
6.817870 643.624800 463.638000
6.850770 642.264000 436.170000
6.867190 647.085600 415.989000
6.883790 633.007200 414.949500
6.899960 633.208800 417.291000
6.916440 644.834400 421.375500
6.932920 646.581600 449.190000
6.949220 649.252800 460.635000
6.965700 665.649600 449.841000
6.982060 665.851200 465.318000
6.998600 664.372800 457.810500
7.015140 653.788800 441.031500
7.031560 651.420000 414.519000
7.047850 649.521600 408.051000
7.064270 664.036800 414.897000
7.080810 622.255200 383.155500
7.097290 624.926400 393.340500
7.113770 561.120000 369.852000
7.130000 555.996000 360.864000
7.146360 554.904000 355.141500
7.162840 571.502400 326.770500
7.179440 537.751200 310.107000
7.195740 535.214400 305.266500
7.212160 569.200800 302.704500
7.228640 534.340800 328.030500
7.244870 538.003200 338.877000
7.261540 562.699200 343.539000
7.277830 561.153600 314.758500
7.310730 532.963200 192.643500
7.327330 522.648000 195.342000
7.343630 522.060000 191.971500
7.360170 540.540000 173.817000
7.376530 526.092000 197.725500
7.392940 524.932800 194.911500
7.409240 526.965600 193.525500
7.425720 543.496800 179.403000
7.442500 544.605600 182.185500
7.458620 553.123200 198.618000
7.474850 542.018400 195.279000
7.491580 540.388800 189.220500
7.507870 525.000000 180.810000
7.524230 524.260800 185.430000
7.540710 522.832800 181.629000
7.557250 526.646400 204.183000
7.573610 504.386400 203.290500
7.590030 505.629600 205.978500
7.606510 513.072000 232.533000
7.622860 499.968000 224.899500
7.639220 500.304000 225.939000
7.655760 509.728800 242.266500
7.672120 503.076000 233.646000
7.688600 505.024800 239.662500
7.705020 510.837600 242.476500
7.721680 520.363200 302.715000
7.754520 508.183200 273.924000
7.771180 508.082400 271.593000
7.803590 545.781600 267.382500
7.820010 561.489600 272.485500
7.836360 563.136000 278.313000
7.852840 563.119200 267.771000
7.869200 542.724000 285.537000
7.885740 540.943200 279.751500
7.902100 550.334400 290.209500
7.918640 548.654400 292.981500
7.935180 546.957600 287.374500
7.951350 557.726400 285.285000
7.967900 535.584000 215.649000
8.000850 597.223200 267.519000
8.017150 586.202400 270.774000
8.050170 589.428000 260.242500
8.066350 583.128000 256.126500
8.101500 586.051200 266.805000
8.115910 590.671200 276.885000
8.148800 595.442400 272.958000
8.165040 587.966400 257.271000
8.197940 582.506400 250.047000
8.214480 591.410400 274.438500
8.247310 600.364800 266.059500
8.263550 590.788800 270.858000
8.296570 585.009600 268.663500
8.313230 587.042400 273.630000
8.329470 585.412800 267.246000
8.345890 595.224000 216.268500
8.362180 615.703200 235.788000
8.395080 600.532800 241.101000
8.411440 594.300000 231.294000
8.428160 596.181600 241.143000
8.444580 603.338400 262.269000
8.460820 604.783200 278.355000
8.477290 605.774400 280.833000
8.493590 624.674400 304.689000
8.510070 614.342400 300.016500
8.526430 613.082400 294.745500
8.542850 604.044000 283.017000
8.559270 603.136800 298.420500
8.592100 606.060000 240.838500
8.608640 571.401600 241.657500
8.641600 566.680800 255.097500
8.658020 558.516000 261.891000
8.674320 560.145600 267.666000
8.690730 559.070400 294.987000
8.707150 557.256000 293.811000
8.740050 539.296800 224.154000
8.756470 541.228800 226.957500
8.773070 539.498400 220.857000
8.789250 545.277600 244.450500
8.805790 535.029600 260.410500
8.822450 535.617600 263.455500
8.838930 561.775200 291.858000
8.855530 553.257600 303.439500
8.875240 556.012800 311.419500
8.888060 526.764000 302.211000
8.904300 534.021600 394.327500
8.920780 534.105600 394.548000
8.937260 522.967200 388.962000
8.953670 522.496800 391.933500
8.970150 521.236800 389.613000
8.986510 533.148000 370.975500
9.003050 512.332800 370.828500
9.019410 512.248800 370.597500
9.035770 539.683200 375.280500
9.052310 557.928000 382.798500
9.068790 559.137600 385.129500
9.086980 551.426400 383.187000
9.101560 548.452800 377.244000
9.117980 547.982400 374.367000
9.134400 560.968800 360.759000
9.150880 553.190400 394.978500
9.167300 551.342400 389.770500
9.183650 538.574400 367.143000
9.200130 541.296000 352.705500
9.216550 540.120000 350.595000
9.232910 538.288800 350.458500
9.249450 560.884800 340.987500
9.265870 561.002400 341.376000
9.282170 553.022400 350.280000
9.298770 563.656800 346.164000
9.331480 534.928800 358.774500
9.347900 546.873600 366.828000
9.364440 546.218400 363.888000
9.380920 549.696000 354.459000
9.397160 582.456000 327.579000
9.416140 581.330400 325.122000
9.430180 623.498400 323.137500
9.446470 626.085600 334.939500
9.462890 628.908000 348.306000
9.479430 634.233600 352.380000
9.495790 639.021600 365.641500
9.512270 640.180800 370.576500
9.528810 610.360800 363.867000
9.545100 613.233600 385.465500
9.561520 612.931200 382.851000
9.578000 631.797600 372.750000
9.594360 640.768800 357.651000
9.610900 639.626400 352.695000
9.627140 635.812800 344.295000
9.643680 614.342400 373.611000
9.660220 613.015200 368.644500
9.676570 591.897600 367.143000
9.693050 615.501600 363.132000
9.725890 616.358400 342.247500
9.742490 601.540800 349.660500
9.758790 601.910400 352.369500
9.775020 682.096800 371.584500
9.791440 681.861600 332.850000
9.808040 682.516800 335.118000
9.824280 694.629600 337.953000
9.840880 684.549600 329.962500
9.857300 683.692800 324.943500
9.873600 652.008000 339.801000
9.890200 659.316000 339.318000
9.906430 658.156800 333.522000
9.922910 645.187200 344.494500
9.939270 686.851200 325.993500
9.955870 686.968800 328.786500
9.972230 682.802400 387.586500
9.988770 678.686400 391.776000
10.005000 680.601600 401.772000
10.021550 688.531200 390.705000
10.037840 691.437600 385.885500
10.054320 691.336800 383.260500
10.073000 648.580800 406.959000
10.087160 640.550400 376.540500
10.103820 639.424800 371.826000
10.120060 666.775200 355.509000
10.136350 685.742400 353.986500
10.169430 678.720000 381.150000
10.185910 713.126400 369.736500
10.218810 731.253600 365.116500
10.235170 734.613600 374.629500
10.251530 733.975200 369.169500
10.267940 675.292800 374.514000
10.284420 685.003200 362.733000
10.300960 685.070400 365.326500
10.317260 729.338400 357.346500
10.333680 724.533600 368.077500
10.350220 725.138400 372.813000
10.366520 703.130400 395.199000
10.382870 685.843200 387.303000
10.399480 684.751200 379.302000
10.415890 709.632000 383.439000
10.432250 722.282400 373.527000
10.448610 722.383200 376.824000
10.465150 731.556000 384.489000
10.481570 696.343200 391.692000
10.500430 697.116000 396.270000
10.514340 728.061600 384.090000
10.530760 741.434400 386.883000
10.563600 720.837600 392.427000
10.580140 710.858400 400.921500
10.596440 711.614400 403.735500
10.613040 685.070400 386.536500
10.629700 714.050400 338.877000
10.645750 713.395200 333.931500
10.662230 685.003200 363.867000
10.678590 681.760800 364.434000
10.711490 715.730400 339.843000
10.728030 690.076800 350.773500
10.760740 683.642400 345.660000
10.777280 706.876800 341.649000
10.810000 538.154400 400.386000
10.827270 561.892800 404.985000
10.842900 564.026400 412.156500
10.859380 530.073600 375.480000
10.875790 540.204000 395.304000
10.892270 541.346400 397.425000
10.908690 530.779200 397.866000
10.925170 517.104000 399.714000
10.942750 511.072800 384.688500
10.957890 518.028000 374.703000
10.974490 522.261600 386.211000
10.991090 520.178400 380.835000
11.007450 516.532800 391.062000
11.023990 528.175200 376.026000
11.040340 530.191200 381.433500
11.056820 563.320800 376.288500
11.073300 565.219200 344.946000
11.089420 567.016800 350.710500
11.105900 572.779200 345.187500
11.122250 568.780800 366.838500
11.138610 570.880800 374.482500
11.155090 597.895200 404.250000
11.171510 575.752800 405.153000
11.187870 576.844800 407.263500
11.204410 580.221600 394.317000
11.220700 578.440800 375.595500
11.237120 575.400000 365.778000
11.253660 565.135200 378.703500
11.270140 585.547200 391.639500
11.303040 586.353600 370.629000
11.319210 600.028800 374.367000
11.335880 598.466400 368.812500
11.352230 617.769600 359.803500
11.368650 588.924000 363.279000
11.385130 587.311200 357.756000
11.401550 599.508000 358.060500
11.417850 588.806400 360.822000
11.434390 590.402400 366.313500
11.450740 601.473600 371.878500
11.467100 610.461600 355.068000
11.483640 611.956800 360.717000
11.500120 607.790400 350.637000
11.516480 607.454400 365.956500
11.532840 609.134400 373.663500
11.549260 619.416000 359.184000
11.565800 631.512000 384.531000
11.582280 632.436000 386.652000
11.600650 636.165600 371.385000
11.615170 639.559200 370.335000
11.631410 635.947200 354.847500
11.647890 627.026400 356.968500
11.664430 653.234400 361.063500
11.680790 652.058400 355.572000
11.697140 632.436000 360.370500
11.713620 629.731200 368.917500
11.746460 666.926400 376.236000
11.763060 674.469600 367.825500
11.779300 676.536000 380.415000
11.795840 645.220800 367.878000
11.812260 638.736000 399.483000
11.828740 639.592800 401.541000
11.845090 635.392800 361.095000
11.861570 635.846400 339.790500
11.877870 634.720800 334.897500
11.894350 686.515200 346.972500
11.910890 685.692000 367.384500
11.943790 681.760800 364.308000
11.960140 704.692800 335.979000
11.976560 703.987200 333.595500
11.993100 711.480000 365.988000
12.009460 692.630400 375.963000
12.025820 693.319200 378.021000
12.042240 676.267200 374.535000
12.058780 682.399200 373.695000
12.075130 681.559200 369.096000
12.091550 729.892800 358.722000
12.107850 754.504800 378.934500
12.140870 725.138400 394.327500
12.157230 744.576000 384.583500
12.190000 729.355200 380.005500
12.206600 723.676800 360.832500
12.223080 724.416000 368.938500
12.239320 738.175200 378.000000
12.255860 744.374400 401.877000
12.272340 744.861600 406.392000
12.288640 590.251200 432.400500
12.305110 559.440000 451.689000
12.321530 558.885600 449.337000
12.338010 543.278400 438.858000
12.354370 551.056800 446.397000
12.370790 549.393600 442.113000
12.387150 530.208000 383.722500
12.403630 565.219200 385.549500
12.436340 559.675200 396.280500
12.452880 538.356000 406.654500
12.469360 539.515200 408.618000
12.485960 538.490400 417.763500
12.502320 538.675200 437.251500
12.518490 539.128800 439.488000
12.535340 540.523200 416.860500
12.551700 555.340800 437.178000
12.568240 553.526400 432.369000
12.584530 517.708800 443.950500
12.600950 509.947200 439.330500
12.617310 507.998400 434.899500
12.633610 529.872000 433.251000
12.650090 520.228800 424.546500
12.666690 524.277600 434.248500
12.683170 520.161600 468.982500
12.699580 524.949600 466.882500
12.732240 542.136000 458.514000
12.748540 514.634400 445.798500
12.781490 509.241600 461.989500
12.798030 525.016800 443.530500
12.830870 515.760000 440.821500
12.847110 507.091200 449.284500
12.863650 505.058400 444.822000
12.880000 513.055200 436.117500
12.896300 521.556000 447.657000
12.913090 522.228000 450.009000
12.929380 510.434400 452.655000
12.945800 515.172000 444.412500
12.962280 517.087200 448.749000
12.978640 547.965600 440.254500
12.995000 577.785600 438.406500
13.011540 578.978400 440.548500
13.027890 582.120000 487.830000
13.044310 594.904800 467.397000
13.060730 594.972000 467.596500
13.077270 573.165600 431.224500
13.093690 576.240000 448.812000
13.109990 575.097600 446.722500
13.126460 599.625600 450.912000
13.142880 579.868800 432.075000
13.159360 579.381600 429.471000
13.175780 586.840800 430.269000
13.192140 576.676800 420.441000
13.208500 575.652000 418.519500
13.225160 572.544000 433.114500
13.241700 558.751200 432.841500
13.258000 559.843200 434.847000
13.274410 561.540000 479.902500
13.290770 553.089600 472.426500
13.307130 550.754400 465.769500
13.323670 547.293600 452.917500
13.340030 546.168000 457.611000
13.356510 546.033600 457.296000
13.372860 548.486400 396.375000
13.389340 551.796000 418.110000
13.405760 552.434400 420.850500
13.422240 540.724800 441.283500
13.438660 542.102400 440.664000
13.455020 542.236800 441.000000
13.471500 683.793600 429.733500
13.487920 674.604000 435.372000
13.520810 682.987200 436.579500
13.537230 655.788000 455.521500
13.570010 676.569600 439.698000
13.586490 680.769600 421.858500
13.619200 675.444000 433.723500
13.635860 657.804000 424.074000
13.668580 663.482400 432.369000
13.685120 658.593600 438.732000
13.717830 680.853600 412.576500
13.734440 661.281600 410.928000
13.750730 660.307200 408.103500
13.767270 661.365600 419.506500
13.783570 651.739200 417.690000
13.800170 652.579200 419.611500
13.816530 651.772800 427.959000
13.832890 658.123200 425.985000
13.849300 658.560000 429.135000
13.865660 690.261600 429.366000
13.882200 680.517600 444.297000
13.898620 681.324000 446.145000
13.914980 653.755200 387.481500
13.931400 696.477600 316.176000
13.947940 695.755200 313.918500
13.964360 650.798400 344.757000
13.980770 653.436000 345.891000
13.997130 654.158400 348.190500
14.013670 663.616800 352.191000
14.030030 656.695200 350.878500
14.046450 655.687200 345.985500
14.062870 634.687200 348.411000
14.079280 670.084800 343.770000
14.095890 669.060000 340.620000
14.112120 677.577600 332.671500
14.128660 673.663200 334.141500
14.145140 674.402400 336.399000
14.161320 711.933600 347.476500
14.177920 704.575200 327.096000
14.194400 704.709600 327.988500
14.210750 703.382400 306.610500
14.227230 695.032800 310.569000
14.243530 695.116800 313.414500
14.259950 710.959200 328.198500
14.276550 692.916000 351.288000
14.292910 693.554400 353.514000
14.309390 706.540800 359.488500
14.328130 696.444000 365.452500
14.342290 694.747200 355.068000
14.358400 694.848000 349.629000
14.375310 691.941600 340.536000
14.391720 692.042400 343.171500
14.408080 692.176800 344.778000
14.424620 701.164800 351.109500
14.441160 703.567200 366.796500
14.457280 707.649600 354.238500
14.473630 702.643200 359.268000
14.490170 701.584800 350.700000
14.506410 694.848000 354.417000
14.523190 686.683200 347.046000
14.539550 685.137600 339.801000
14.556090 694.360800 313.719000
14.572390 699.451200 325.668000
14.588620 701.870400 341.911500
14.604980 729.103200 358.564500
14.621400 706.826400 363.184500
14.637820 707.599200 368.392500
14.654420 728.179200 375.144000
14.670650 709.665600 378.346500
14.687070 709.531200 375.679500
14.703610 750.993600 372.603000
14.720030 739.032000 352.905000
14.736390 737.973600 345.523500
14.752870 654.595200 434.385000
14.769350 643.944000 446.911500
14.785770 643.641600 444.433500
14.802310 675.259200 451.909500
14.818480 657.871200 415.380000
14.835140 656.863200 410.938500
14.851500 660.945600 401.709000
14.867860 680.618400 387.870000
14.884340 679.610400 382.473000
14.900700 649.437600 389.476500
14.917110 664.440000 402.696000
14.949950 640.416000 424.231500
14.966310 636.804000 441.693000
14.982850 638.131200 446.638500
14.999210 634.250400 449.148000
15.015750 632.822400 454.419000
15.048460 649.437600 430.983000
15.065060 657.552000 428.368500
15.098630 669.261600 448.780500
15.114440 658.358400 433.219500
15.131230 658.627200 435.571500
15.147400 649.538400 415.327500
15.163820 649.303200 451.983000
15.180360 650.092800 453.967500
15.196960 650.227200 414.981000
15.216610 659.416800 427.392000
15.229550 658.610400 425.376000
15.245850 686.616000 441.756000
15.262080 687.422400 401.667000
15.278500 688.111200 403.714500
15.294980 674.100000 448.045500
15.314330 639.122400 447.079500
15.328000 638.265600 445.095000
15.344420 683.541600 460.099500
15.360780 695.553600 443.709000
15.377260 695.402400 442.953000
15.393490 673.999200 413.269500
15.409970 643.356000 420.241500
15.426510 643.104000 417.753000
15.443050 661.399200 420.609000
15.459410 685.204800 421.144500
15.475770 685.356000 421.921500
15.492250 644.078400 408.166500
15.508610 641.172000 404.523000
15.524960 640.920000 401.751000
15.541380 667.128000 420.430500
15.557980 646.312800 398.674500
15.574220 645.439200 396.438000
15.590700 659.232000 427.108500
15.606930 647.320800 420.388500
15.623470 648.513600 425.250000
15.640080 633.914400 438.112500
15.656560 631.612800 425.943000
15.672850 632.839200 430.479000
15.689330 661.802400 428.652000
15.705870 685.675200 424.704000
15.722170 686.565600 429.324000
15.738710 634.821600 611.961000
15.756470 378.134400 496.030500
15.771360 380.150400 500.461500
15.804380 445.368000 425.554500
15.820680 446.980800 430.573500
15.837220 676.922400 906.643500
15.853640 606.984000 598.930500
15.870120 606.379200 595.203000
15.886720 487.267200 444.853500
15.903020 454.608000 433.618500
15.935850 467.947200 474.537000
15.952150 441.168000 530.239500
15.970340 442.831200 534.492000
15.985050 668.287200 524.895000
16.001340 641.844000 540.330000
16.018190 640.315200 534.366000
16.034420 644.044800 526.449000
16.050780 649.068000 539.185500
16.067260 647.119200 533.862000
16.084720 666.825600 512.095500
16.099980 659.517600 512.883000
16.116520 661.416000 518.416500
16.132870 631.528800 526.134000
16.149290 626.976000 517.881000
16.165890 625.716000 514.059000
16.182190 525.218400 539.553000
16.198610 491.080800 536.728500
16.214970 488.913600 532.906500
16.231380 520.581600 529.494000
16.247860 506.268000 512.830500
16.280880 507.192000 506.257500
16.300480 489.652800 507.318000
16.315250 491.786400 511.329000
16.330140 514.651200 518.679000
16.346740 510.434400 542.419500
16.363220 512.500800 546.241500
16.379580 511.711200 538.608000
16.396060 515.020800 542.157000
16.428830 538.456800 556.300500
16.445010 509.863200 542.461500
16.461240 508.384800 540.739500
16.477910 532.946400 526.396500
16.494690 550.687200 555.366000
16.511050 551.880000 556.951500
16.529420 545.647200 540.886500
16.544010 536.289600 529.336500
16.560120 534.458400 525.567000
16.576480 533.131200 556.395000
16.592900 530.325600 537.999000
16.626220 559.624800 578.518500
16.642270 575.164800 562.716000
16.658510 573.316800 558.610500
16.675110 530.947200 530.418000
16.691530 541.111200 534.838500
16.707890 539.935200 533.053500
16.724370 572.544000 515.602500
16.740720 530.611200 547.312500
16.757260 534.592800 555.082500
16.773620 557.104800 534.964500
16.790040 557.474400 549.244500
16.806520 556.886400 547.281000
16.822880 515.340000 554.557500
16.839360 511.912800 575.274000
16.855900 510.686400 573.825000
16.872130 557.004000 566.601000
16.888670 519.523200 565.257000
16.905090 522.916800 570.286500
16.921570 504.772800 583.821000
16.937870 509.443200 544.530000
16.954710 507.427200 540.855000
16.970700 539.817600 539.857500
16.987300 514.130400 544.813500
17.003660 511.476000 538.797000
17.020140 511.677600 543.994500
17.036620 504.840000 540.267000
17.052920 503.462400 538.513500
17.071470 516.314400 538.734000
17.085820 518.380800 551.008500
17.102290 520.480800 554.914500
17.118650 552.686400 560.584500
17.135130 575.887200 565.908000
17.151550 577.500000 569.457000
17.167910 567.201600 585.984000
17.184330 565.185600 578.245500
17.200620 562.665600 572.239500
17.217100 568.058400 584.052000
17.233640 485.671200 576.261000
17.250120 482.059200 571.368000
17.266360 505.377600 570.402000
17.282960 523.000800 597.103500
17.299260 529.166400 607.582500
17.315730 556.096800 648.154500
17.332150 521.287200 655.179000
17.348630 523.320000 658.161000
17.365110 512.937600 640.857000
17.381470 504.504000 654.276000
17.398010 503.126400 652.869000
17.414250 543.799200 657.678000
17.430730 519.069600 618.723000
17.447140 516.028800 613.116000
17.463560 534.777600 621.075000
17.479980 527.620800 627.364500
17.496520 526.394400 626.094000
17.513000 530.174400 621.316500
17.529300 515.272800 627.375000
17.545650 518.834400 632.247000
17.562070 539.145600 632.667000
17.578550 535.567200 634.284000
17.595150 533.719200 631.333500
17.613400 517.557600 632.047500
17.628050 517.305600 640.521000
17.660580 484.696800 628.320000
17.677120 500.673600 600.957000
17.693480 501.412800 602.763000
17.710140 535.701600 627.385500
17.726810 486.544800 617.883000
17.742860 488.678400 621.001500
17.759220 542.724000 651.304500
17.775570 524.714400 634.294500
17.792240 525.268800 633.969000
17.808650 514.012800 635.208000
17.824890 539.935200 627.973500
17.841490 538.675200 626.598000
17.858030 602.565600 641.991000
17.874210 623.851200 652.911000
17.890690 622.440000 649.813500
17.907170 582.052800 665.847000
17.923400 578.491200 655.525500
17.956360 609.722400 665.584500
17.972780 616.996800 660.156000
17.989380 620.356800 667.894500
18.005920 620.205600 673.596000
18.022460 640.516800 636.247500
18.038760 641.407200 637.654500
18.055420 511.627200 658.728000
18.071590 520.094400 646.558500
18.088010 518.112000 643.608000
18.104370 528.343200 593.208000
18.120790 535.684800 617.095500
18.137150 533.736000 613.819500
18.153440 516.801600 609.136500
18.170100 496.423200 742.161000
18.186460 490.812000 736.039500
18.219360 1001.498400 560.248500
18.235660 1004.052000 552.898500
18.252140 481.068000 349.513500
18.482240 927.931200 519.046500
18.498600 517.708800 607.834500
18.515010 512.349600 643.692000
18.531370 518.935200 653.299500
18.547790 546.991200 656.344500
18.564270 540.909600 658.465500
18.580630 538.977600 655.504500
18.598450 537.163200 663.169500
18.613530 546.252000 659.263500
18.646300 545.832000 667.695000
18.662840 536.860800 678.069000
18.695740 561.254400 660.565500
18.712100 532.375200 645.067500
18.728520 530.443200 642.064500
18.744930 554.601600 634.557000
18.761350 526.864800 616.791000
18.777710 528.813600 619.983000
18.794250 564.782400 647.083500
18.810670 558.432000 675.559500
18.827090 560.229600 678.373500
18.843440 529.032000 654.003000
18.859990 531.736800 653.520000
18.892880 581.481600 659.704500
18.909180 635.191200 649.939500
18.927190 632.116800 641.718000
18.942200 632.385600 595.182000
18.958440 625.363200 621.274500
18.975040 623.464800 618.555000
18.991330 599.541600 626.703000
19.007810 606.614400 644.427000
19.024350 612.124800 655.095000
19.040770 646.430400 648.774000
19.057310 639.172800 647.356500
19.073610 637.963200 644.469000
19.089970 647.304000 612.307500
19.106380 635.964000 627.732000
19.122860 634.720800 624.634500
19.139280 633.326400 615.562500
19.155580 686.263200 629.559000
19.172060 686.414400 631.218000
19.188480 683.020800 638.358000
19.205200 671.143200 639.513000
19.221310 672.117600 642.411000
19.237790 660.912000 653.835000
19.255490 677.611200 625.390500
19.270570 677.409600 623.658000
19.287110 664.423200 652.753500
19.303650 663.280800 653.898000
19.319820 662.256000 651.115500
19.336360 670.471200 612.559500
19.352840 675.729600 626.839500
19.369200 676.939200 631.522500
19.385560 662.155200 619.353000
19.402040 662.508000 626.010000
19.418460 663.264000 627.406500
19.434940 706.104000 661.395000
19.451350 684.801600 624.697500
19.467830 682.987200 618.576000
19.484190 714.386400 637.507500
19.500670 769.305600 624.981000
19.517090 769.356000 623.206500
19.533690 731.673600 625.023000
19.549930 729.960000 652.270500
19.566280 729.304800 650.947500
19.582820 722.232000 641.067000
19.599180 726.465600 647.136000
19.615540 727.104000 648.396000
19.632080 732.513600 598.741500
19.648440 726.448800 614.281500
19.664980 725.810400 614.460000
19.681400 737.318400 631.344000
19.697810 729.321600 643.461000
19.714230 730.615200 647.797500
19.730590 742.879200 626.041500
19.746950 742.358400 626.703000
19.763490 742.308000 624.918000
19.779970 747.801600 625.558500
19.796450 736.713600 626.787000
19.812810 736.528800 630.042000
19.829220 736.394400 644.385000
19.845580 733.622400 665.248500
19.862240 734.311200 666.592500
19.878420 735.319200 674.604000
19.894960 768.684000 653.068500
19.911560 768.331200 650.307000
19.927730 822.494400 629.979000
19.944210 810.818400 626.808000
19.960570 810.902400 629.895000
19.977110 847.056000 620.739000
19.993470 855.204000 615.604500
20.010010 855.052800 614.166000
20.026370 826.593600 604.684500
20.042850 825.938400 613.263000
20.059200 826.358400 611.404500
20.075560 864.208800 618.397500
20.091920 856.884000 624.046500
20.108460 856.867200 624.183000
20.124940 842.889600 601.902000
20.190550 850.936800 623.626500
20.207090 851.541600 618.492000
20.223450 843.057600 589.291500
20.272830 658.408800 660.523500
20.289370 593.275200 645.708000
20.305730 594.972000 649.015500
20.322080 590.352000 663.463500
20.338440 553.845600 675.517500
20.371280 591.393600 690.165000
20.387820 580.288800 680.725500
20.404300 578.474400 677.680500
20.420590 575.937600 673.963500
20.437070 568.008000 680.694000
20.470340 587.563200 678.111000
20.486510 573.770400 684.537000
20.519530 563.841600 646.474500
20.535830 551.241600 639.124500
20.568910 572.006400 650.548500
20.584960 549.511200 658.728000
20.601500 550.888800 660.135000
20.617980 527.772000 718.767000
20.634280 527.016000 747.274500
20.651060 527.637600 748.461000
20.667540 526.881600 746.140500
20.684020 572.157600 751.096500
20.700130 573.988800 753.480000
20.716430 547.713600 713.800500
20.732850 543.765600 704.707500
20.749210 541.884000 702.156000
20.765810 525.772800 697.819500
20.785890 554.652000 708.645000
20.798890 555.206400 710.083500
20.814940 551.913600 729.928500
20.831360 575.702400 731.388000
20.847840 576.744000 732.217500
20.864200 554.937600 713.800500
20.880620 518.179200 702.418500
20.898250 515.390400 698.386500
20.913640 520.346400 734.643000
20.929990 508.704000 705.526500
20.946470 509.913600 708.414000
20.962830 505.310400 723.954000
20.979190 562.262400 722.263500
20.995670 565.370400 725.886000
21.012270 620.894400 733.656000
21.028500 616.274400 726.085500
21.045170 613.502400 721.392000
21.061460 609.352800 708.424500
21.077700 615.367200 698.607000
21.110600 616.425600 727.398000
21.127140 623.767200 722.589000
21.160030 611.805600 719.502000
21.176330 595.358400 726.621000
21.192870 595.828800 727.891500
21.209720 636.535200 764.956500
21.226010 638.131200 755.653500
21.242310 638.954400 756.514500
21.258610 552.787200 766.563000
21.275150 515.726400 795.018000
21.291380 512.064000 792.036000
21.307860 437.992800 812.973000
21.324280 439.622400 829.395000
21.340760 441.151200 830.140500
21.357120 493.096800 816.459000
21.373660 473.424000 816.018000
21.389950 476.212800 818.055000
21.406310 458.236800 830.917500
21.422910 487.048800 806.725500
21.439390 483.537600 803.491500
21.455690 484.092000 822.381000
21.472290 495.734400 794.955000
21.488770 492.139200 792.487500
21.505310 462.453600 815.923500
21.521670 454.944000 828.712500
21.538150 457.581600 830.455500
21.554630 476.431200 838.813500
21.570800 476.028000 838.897500
21.603450 444.998400 841.396500
21.619930 459.328800 822.822000
21.636350 462.100800 824.712000
21.652950 519.943200 853.062000
21.669250 525.705600 851.277000
21.685730 524.949600 850.447500
21.702090 526.176000 831.936000
21.718570 517.339200 860.569500
21.734990 515.121600 859.089000
21.751340 519.960000 835.443000
21.768010 517.725600 816.312000
21.784360 518.498400 817.404000
22.983520 569.990400 452.749500
22.999940 568.579200 471.418500
23.016360 569.620800 473.088000
23.032590 564.513600 463.186500
23.049190 564.278400 459.648000
23.065730 564.732000 461.958000
23.083310 574.089600 470.137500
23.098450 546.554400 467.428500
23.114990 546.688800 467.754000
23.131350 567.151200 473.602500
23.147890 573.501600 471.051000
23.164180 571.888800 466.777500
23.180600 588.924000 471.618000
23.197080 576.609600 453.379500
23.229860 580.456800 455.647500
23.246400 597.794400 459.469500
23.262700 599.239200 463.785000
23.279240 599.491200 462.010500
23.295590 616.492800 477.550500
23.312070 616.879200 479.850000
23.328490 594.787200 491.547000
23.344970 594.820800 471.744000
23.361330 594.753600 471.544500
23.377990 616.442400 477.256500
23.394470 604.900800 480.091500
23.410710 604.514400 477.760500
23.427060 579.012000 477.687000
23.443420 557.020800 438.543000
23.459960 555.878400 436.579500
23.476320 535.231200 451.363500
23.492680 524.076000 467.082000
23.509090 523.118400 464.110500
23.525700 513.710400 434.143500
23.541930 504.991200 428.452500
23.558410 503.092800 424.126500
23.574950 528.175200 409.521000
23.591310 541.615200 437.524500
23.607670 544.236000 444.885000
23.624210 530.342400 444.097500
23.640560 522.463200 452.854500
23.657040 524.311200 457.128000
23.673400 523.689600 446.082000
23.689820 521.908800 448.392000
23.706300 523.252800 450.523500
23.722660 501.715200 459.217500
23.739140 529.687200 468.594000
23.755620 528.544800 466.735500
23.772090 537.969600 472.363500
23.788390 511.257600 450.817500
23.804930 512.484000 452.760000
23.821350 528.998400 456.802500
23.837650 513.844800 453.253500
23.854190 513.928800 453.453000
23.870540 528.796800 466.903500
23.886900 533.299200 474.579000
23.903440 531.384000 470.221500
23.919980 529.855200 462.262500
23.936340 517.456800 470.253000
23.969180 537.818400 479.430000
23.985660 525.823200 483.021000
24.002140 522.900000 475.723500
24.018430 515.356800 450.166500
24.034850 514.315200 429.534000
24.051390 513.021600 427.423500
24.068180 496.692000 433.797000
24.084350 511.593600 450.124500
24.100590 515.961600 459.879000
24.117070 538.221600 449.641500
24.133610 519.439200 459.700500
24.166380 584.119200 481.519500
24.182680 628.454400 422.299500
24.199280 627.043200 417.049500
24.215640 657.367200 434.752500
24.232120 662.541600 434.112000
24.248600 661.550400 429.723000
24.264950 635.208000 428.190000
24.281310 648.866400 428.442000
24.297910 650.277600 435.886500
24.314390 644.229600 468.048000
24.330690 662.407200 467.355000
24.347230 661.970400 464.436000
24.363590 661.164000 467.617500
24.380000 626.001600 452.886000
24.397340 624.808800 448.791000
24.412900 611.788800 435.235500
24.429200 605.220000 460.068000
24.445560 607.152000 467.145000
24.462340 646.262400 450.996000
24.478520 641.407200 471.009000
24.494930 642.331200 472.825500
24.511350 627.060000 467.092500
24.527830 631.528800 432.421500
24.544190 630.336000 428.085000
24.560550 620.256000 436.884000
24.577090 629.546400 426.048000
24.609990 600.583200 407.232000
24.626340 583.716000 469.077000
24.642760 582.372000 466.536000
24.659180 586.051200 439.551000
24.675660 582.422400 437.818500
24.692140 584.959200 444.013500
24.708440 607.454400 446.953500
24.725100 601.322400 448.906500
24.741330 601.557600 449.673000
24.757870 593.376000 446.544000
24.774230 587.529600 466.788000
24.790590 586.000800 462.483000
24.807250 579.919200 447.730500
24.823490 563.572800 441.682500
24.839970 565.219200 446.145000
24.856450 580.255200 428.988000
24.872680 576.693600 448.612500
24.905640 574.408800 432.463500
24.922180 588.168000 436.873500
24.938420 586.656000 432.358500
24.954960 573.148800 428.757000
24.971370 576.105600 433.933500
24.987790 577.684800 438.438000
25.004210 596.316000 453.579000
25.020570 599.121600 442.942500
25.053590 663.062400 448.581000
25.070130 627.261600 469.371000
25.102910 666.204000 481.897500
25.119260 633.780000 427.119000
25.135680 632.704800 424.378500
25.152100 665.128800 440.559000
25.168580 636.686400 462.525000
25.185000 637.576800 464.352000
25.201350 657.283200 470.662500
25.217830 662.944800 481.950000
25.234250 663.348000 484.890000
25.250670 668.287200 502.383000
25.267210 646.850400 486.024000
25.283630 646.800000 485.835000
25.300110 657.400800 458.808000
25.316350 670.420800 460.740000
25.332760 669.160800 453.526500
25.349370 668.320800 482.359500
25.365600 665.263200 443.835000
25.382080 663.196800 434.815500
25.398500 650.244000 394.285500
25.414980 651.252000 401.215500
25.431340 653.503200 410.907000
25.447750 704.088000 363.804000
25.464230 709.850400 377.821500
25.497130 695.956800 357.199500
25.513490 681.559200 356.611500
25.529910 679.711200 346.132500
25.546200 668.724000 325.405500
25.562680 668.892000 330.886500
25.597050 678.333600 328.293000
25.612000 664.893600 331.947000
25.628420 666.926400 342.657000
25.644960 696.612000 360.969000
25.661380 680.736000 355.971000
25.677730 682.684800 366.775500
25.694150 710.841600 365.589000
25.710630 700.240800 361.956000
25.743470 712.353600 388.510500
25.760010 723.156000 387.786000
25.776370 721.761600 377.349000
25.792660 711.732000 352.128000
25.809200 734.664000 323.788500
25.825620 734.109600 318.664500
25.841980 708.355200 353.209500
25.858400 686.935200 368.476500
25.874880 688.077600 376.456500
25.891360 708.724800 353.325000
25.907530 717.326400 348.190500
25.924190 717.964800 353.094000
25.940550 696.511200 362.281500
25.957090 725.289600 378.535500
25.989810 753.597600 450.544500
26.006290 717.091200 453.904500
26.022640 715.663200 444.874500
26.039120 739.300800 458.031000
26.055540 735.436800 437.850000
26.072020 735.302400 435.330000
26.088440 735.940800 420.640500
26.105040 717.309600 427.833000
26.121340 717.360000 430.584000
26.137700 736.898400 430.741500
26.154170 715.243200 434.910000
26.170410 715.293600 436.905000
26.187070 731.102400 408.271500
26.203430 721.140000 417.070500
26.219790 721.761600 421.386000
26.236390 719.208000 441.409500
26.253780 723.256800 439.918500
26.269100 723.290400 437.587500
26.285580 741.031200 435.057000
26.301880 724.768800 458.724000
26.318420 724.214400 456.897000
26.334840 702.609600 463.123500
26.351320 699.501600 462.955500
26.367680 700.274400 467.040000
26.384220 725.508000 430.164000
26.400570 720.837600 448.801500
26.433470 729.288000 445.189500
26.449950 737.973600 456.456000
26.467960 738.645600 459.102000
26.482730 714.319200 473.812500
26.499150 705.146400 450.775500
26.515560 703.567200 443.992500
26.532040 710.707200 429.660000
26.548460 701.500800 455.784000
26.564940 701.232000 452.907000
26.581300 674.772000 445.924500
26.597720 675.847200 436.012500
26.614440 676.788000 438.574500
26.630800 649.975200 418.519500
26.647340 662.558400 421.564500
26.663760 663.633600 426.321000
26.680180 656.308800 426.688500
26.696470 632.335200 424.977000
26.712890 631.764000 425.691000
26.729250 674.016000 440.874000
26.745730 627.832800 441.808500
26.762150 629.126400 446.428500
26.778440 656.140800 431.350500
26.796810 670.924800 458.493000
26.811340 669.648000 451.195500
26.827700 664.507200 471.838500
26.844180 653.788800 448.119000
26.860600 653.604000 445.788000
26.877140 638.568000 466.042500
26.893490 629.059200 462.504000
26.909970 630.772800 469.528500
26.926330 655.502400 469.308000
26.942750 630.134400 476.574000
26.959170 628.807200 472.111500
26.975590 622.372800 428.851500
26.992130 646.128000 421.470000
27.008360 645.036000 416.976000
27.024960 648.967200 471.135000
27.041500 647.203200 461.632500
27.057860 649.588800 470.641500
27.074220 614.577600 460.047000
27.090760 657.148800 462.819000
27.107060 658.408800 469.476000
27.125790 648.732000 493.993500
27.139950 657.367200 482.464500
27.156370 656.073600 477.414000
27.172670 641.827200 482.758500
27.189330 645.876000 471.198000
27.205570 644.431200 464.782500
27.222170 619.752000 447.835500
27.238890 626.035200 461.464500
27.254940 626.253600 462.189000
27.271360 639.139200 461.569500
27.287660 638.097600 465.360000
27.320620 643.389600 458.713500
27.337040 652.495200 466.252500
27.370000 650.210400 479.083500
27.386350 627.664800 442.239000
27.402710 628.924800 446.659500
27.419250 658.660800 464.341500
27.435610 623.834400 467.019000
27.468870 645.338400 487.074000
27.501460 644.196000 449.452500
27.517700 622.574400 469.791000
27.534180 618.307200 443.425500
27.550600 619.617600 447.846000
27.567380 657.720000 479.818500
27.583620 671.680800 442.858500
27.616330 640.852800 472.552500
27.632750 641.726400 441.357000
27.649350 640.214400 434.238000
27.665590 655.485600 426.468000
27.682190 650.529600 450.103500
27.698610 650.697600 452.329500
27.715090 655.788000 480.081000
27.731510 643.305600 469.150500
27.748050 644.565600 473.739000
27.764530 646.279200 476.805000
27.782410 648.345600 465.864000
27.799620 645.960000 456.781500
27.813600 638.131200 448.213500
27.830080 647.102400 448.665000
27.846370 645.859200 443.866500
27.862850 658.828800 438.564000
27.879520 649.874400 463.869000
27.896610 651.084000 468.510000
27.912290 664.120800 460.162500
27.928770 678.199200 453.946500
27.961300 679.526400 426.993000
27.977720 646.027200 400.386000
28.015380 640.500000 434.322000
28.027340 643.725600 456.561000
28.043760 645.019200 461.380500
28.076350 674.721600 452.550000
28.092830 675.679200 456.876000
28.125730 684.633600 488.649000
28.142090 685.557600 492.796500
28.158570 655.099200 472.878000
28.175050 644.280000 484.333500
28.191650 644.565600 486.549000
28.208130 678.400800 457.443000
28.224610 660.508800 464.677500
28.241030 661.332000 466.588500
28.257200 663.331200 484.869000
28.273440 663.885600 500.755500
28.290160 660.609600 487.987500
28.306760 658.828800 449.599500
28.323120 654.998400 430.027500
28.342220 653.956800 425.607000
28.355650 650.445600 437.734500
28.372190 642.717600 444.927000
28.388610 644.246400 452.109000
28.405090 655.620000 464.509500
28.470760 666.187200 474.631500
28.487060 666.220800 474.831000
28.503600 675.175200 460.614000
28.519840 651.336000 441.714000
28.536320 648.950400 432.043500
28.552670 620.860800 471.303000
28.569150 655.720800 430.689000
28.585570 655.468800 428.137500
28.602050 655.502400 420.315000
28.618410 646.480800 433.167000
28.634830 646.900800 436.012500
28.651310 655.636800 436.821000
28.667720 652.596000 450.240000
28.684200 652.377600 448.077000
28.700380 668.959200 417.889500
28.717040 624.674400 415.978500
28.733580 622.322400 408.733500
28.749820 645.136800 426.783000
28.767700 635.678400 408.355500
28.782900 636.921600 413.196000
28.799190 627.883200 437.965500
28.815800 653.637600 476.311500
28.832150 654.847200 480.963000
28.848450 626.976000 466.305000
28.865170 647.404800 463.407000
28.881650 646.144800 458.619000
28.898010 665.935200 455.889000
28.914370 652.092000 448.623000
28.930540 653.167200 452.886000
28.947330 647.354400 464.614500
28.963810 665.884800 464.415000
28.980040 667.027200 469.255500
28.998960 690.916800 462.525000
29.012940 645.237600 467.680500
29.029240 642.801600 458.619000
29.045590 635.745600 459.921000
29.062130 660.693600 447.247500
29.078430 659.551200 442.438500
29.094790 657.367200 420.997500
29.111330 672.772800 409.909500
29.127870 673.696800 412.356000
29.144350 621.885600 448.077000
29.160770 639.559200 417.984000
29.177250 640.214400 423.076500
29.193730 671.344800 393.372000
29.212340 683.944800 365.809500
29.226620 685.591200 373.422000
29.242860 714.285600 368.455500
29.259520 699.636000 376.435500
29.275760 698.880000 371.752500
29.292300 708.775200 363.541500
29.308780 682.752000 374.136000
29.341550 691.572000 359.079000
29.357850 695.083200 304.027500
29.390560 691.152000 314.937000
29.407410 695.066400 335.559000
29.441890 716.738400 355.036500
29.456300 724.197600 356.506500
29.472720 723.492000 350.889000
29.489140 705.331200 354.417000
