0.000000 717.638000 665.918000
0.016480 724.285000 695.552000
0.049190 738.786000 799.854000
0.065430 771.834000 787.270000
0.081910 771.868000 803.902000
0.098390 735.335000 800.448000
0.114870 754.137000 876.480000
0.131100 754.970000 898.700000
0.147710 743.767000 883.080000
0.164060 770.270000 976.382000
0.180300 770.151000 960.740000
0.197390 779.246000 818.796000
0.215820 766.207000 850.520000
0.230100 765.408000 810.458000
0.246460 773.908000 762.586000
0.262940 750.227000 775.038000
0.279300 749.513000 768.328000
0.295900 753.712000 741.202000
0.312260 663.714000 839.630000
0.328610 666.536000 880.044000
0.344850 656.642000 879.582000
0.361330 648.397000 915.068000
0.377690 649.383000 920.788000
0.394170 664.224000 927.696000
0.410520 647.377000 889.020000
0.427000 644.402000 860.838000
0.443360 655.027000 825.792000
0.459960 627.997000 793.056000
0.476200 628.983000 799.128000
0.492680 660.365000 794.200000
0.509160 670.616000 804.100000
0.525510 671.364000 801.636000
0.541990 619.242000 696.564000
0.558350 599.811000 380.006000
0.574950 597.312000 362.604000
0.591310 616.726000 345.818000
0.607670 620.806000 350.064000
0.624150 622.370000 370.832000
0.640500 606.186000 399.058000
0.657100 602.310000 429.682000
0.673340 603.602000 450.054000
0.689820 605.370000 526.086000
0.706420 591.804000 558.558000
0.722660 593.130000 572.506000
0.739140 563.873000 426.118000
0.755490 551.123000 423.214000
0.772090 549.695000 409.398000
0.788450 544.391000 353.694000
0.804810 534.905000 366.916000
0.821290 536.401000 381.062000
0.837650 564.162000 402.292000
0.854250 536.690000 418.638000
0.870480 536.384000 411.136000
0.887080 566.950000 394.768000
0.903560 554.761000 371.382000
0.919800 551.922000 342.320000
0.936280 529.023000 330.528000
0.952640 531.879000 291.566000
0.969120 533.613000 313.500000
0.985600 550.069000 327.844000
1.002080 537.608000 452.078000
1.018310 540.685000 480.678000
1.034790 530.298000 494.912000
1.051270 520.676000 390.852000
1.084350 524.790000 415.448000
1.100590 550.256000 422.312000
1.133420 531.250000 438.020000
1.150020 563.958000 402.798000
1.166260 562.343000 380.798000
1.182740 687.497000 127.600000
1.199220 716.397000 127.116000
1.215450 715.683000 118.734000
1.232060 694.773000 192.566000
1.248410 700.638000 251.394000
1.264770 702.508000 302.390000
1.281250 688.296000 305.558000
1.297610 682.142000 329.692000
1.314330 683.621000 357.852000
1.330570 672.656000 358.534000
1.346920 673.285000 387.288000
1.363530 672.503000 366.564000
1.379880 681.564000 311.872000
1.396240 694.773000 314.006000
1.412600 693.447000 286.154000
1.429200 693.872000 218.042000
1.445560 706.860000 242.924000
1.462280 706.316000 219.758000
1.478390 699.380000 135.168000
1.495000 707.438000 84.040000
1.511350 705.636000 25.542000
1.527590 692.359000 16.302000
1.544070 713.048000 10.604000
1.576900 700.621000 25.542000
1.593380 747.116000 38.038000
1.609740 747.337000 63.008000
1.626220 707.846000 82.478000
1.642820 734.094000 116.644000
1.659180 735.454000 172.920000
1.675540 736.253000 169.048000
1.692020 735.845000 231.220000
1.708370 736.831000 261.932000
1.724730 749.173000 299.860000
1.741210 729.708000 220.374000
1.774170 714.068000 262.284000
1.790530 713.949000 259.666000
1.806880 713.473000 236.698000
1.823360 695.742000 205.524000
1.839720 688.126000 140.558000
1.856450 686.664000 109.120000
1.872680 670.582000 106.150000
1.889160 699.057000 123.200000
1.905520 699.618000 146.366000
1.921880 696.847000 157.410000
1.938480 706.894000 192.280000
1.954710 708.169000 223.586000
1.971310 720.392000 262.636000
1.987670 708.747000 210.562000
2.020510 619.259000 295.680000
2.036870 592.654000 279.708000
2.053470 591.294000 256.410000
2.069700 590.206000 285.142000
2.086430 590.495000 224.114000
2.102540 588.047000 193.314000
2.119380 602.684000 129.646000
2.135500 612.493000 160.996000
2.151860 614.686000 204.798000
2.168460 603.058000 257.708000
2.184940 625.362000 285.692000
2.201290 628.524000 324.412000
2.217650 618.953000 320.298000
2.234130 617.831000 284.240000
2.250490 615.757000 255.794000
2.266970 598.638000 381.018000
2.283200 539.988000 412.060000
2.299930 538.220000 390.170000
2.316280 544.595000 311.498000
2.332640 531.012000 271.458000
2.349120 529.057000 246.730000
2.365480 542.708000 291.984000
2.381960 535.517000 336.336000
2.398320 532.219000 303.974000
2.414790 541.569000 264.440000
2.431270 534.293000 174.042000
2.464110 504.492000 297.792000
2.480590 537.761000 306.680000
2.496950 542.793000 370.128000
2.513550 538.594000 404.514000
2.529790 530.553000 455.752000
2.546260 537.132000 514.184000
2.562620 531.029000 559.108000
2.578980 556.359000 577.984000
2.611940 530.774000 576.466000
2.628540 541.824000 566.038000
2.661130 594.677000 488.290000
2.677610 584.596000 501.534000
2.694090 581.689000 459.646000
2.710570 576.538000 445.852000
2.726810 585.871000 318.098000
2.743410 582.318000 283.228000
2.759770 572.424000 326.150000
2.776610 576.419000 320.408000
2.792850 576.028000 303.512000
2.808960 582.301000 306.702000
2.825440 579.581000 219.274000
2.841920 575.858000 180.818000
2.858400 576.742000 308.000000
3.104740 628.762000 278.872000
3.121340 637.806000 364.254000
3.137570 637.772000 356.334000
3.153810 599.981000 230.164000
3.170410 619.820000 284.922000
3.186890 618.647000 276.386000
3.203250 626.552000 229.526000
3.219600 667.590000 328.592000
3.236330 668.525000 344.938000
3.252690 671.381000 370.920000
3.269040 683.111000 359.128000
3.285520 682.380000 336.270000
3.301880 697.136000 312.048000
3.318360 711.552000 254.496000
3.334720 710.736000 245.982000
3.351320 683.043000 193.842000
3.367680 677.280000 254.628000
3.384030 678.181000 263.340000
3.400510 688.636000 272.756000
3.416750 778.532000 262.306000
3.433350 777.767000 309.364000
3.449830 754.902000 304.634000
3.466310 768.230000 525.690000
3.482790 770.610000 577.456000
3.499020 784.006000 409.552000
3.515500 752.216000 391.072000
3.531860 749.921000 312.400000
3.548460 772.718000 273.900000
3.564820 771.409000 253.594000
3.597660 793.475000 325.270000
3.614010 780.980000 279.862000
3.646850 757.877000 238.920000
3.663450 796.858000 319.836000
3.696290 863.107000 261.778000
3.712770 871.369000 291.478000
3.745730 862.784000 247.808000
3.761840 852.193000 259.094000
3.778440 851.224000 299.112000
3.794800 852.023000 376.838000
3.811280 851.122000 441.958000
3.827760 850.697000 496.100000
3.844120 869.482000 461.406000
3.860840 864.178000 513.304000
3.877320 865.385000 473.792000
3.893800 864.790000 414.194000
3.910030 858.296000 389.818000
3.926390 858.211000 357.038000
3.942990 904.723000 378.048000
3.959350 916.725000 412.610000
3.975830 915.807000 440.308000
3.992430 935.493000 388.278000
4.008790 891.888000 397.122000
4.025020 892.755000 376.486000
4.041500 918.085000 358.732000
4.057740 923.151000 261.558000
4.073970 922.998000 253.902000
4.090580 908.514000 304.634000
4.106930 918.646000 370.590000
4.123410 916.827000 417.340000
4.139890 910.860000 461.692000
4.156130 908.446000 461.186000
4.172610 907.698000 486.816000
4.189210 834.938000 480.282000
4.205570 700.315000 462.088000
4.221920 698.241000 411.906000
4.238650 551.820000 400.708000
4.255860 552.211000 361.152000
4.271120 549.610000 334.466000
4.287840 541.501000 348.348000
4.304200 548.607000 369.798000
4.320680 551.616000 399.982000
4.336910 544.527000 391.226000
4.353520 544.136000 419.166000
4.369870 541.025000 389.246000
4.386230 556.053000 388.938000
4.402830 538.373000 286.682000
4.419070 535.347000 256.168000
4.435550 532.882000 260.700000
4.452030 534.803000 238.920000
4.484990 577.626000 285.406000
4.501340 595.272000 300.344000
4.534060 611.524000 272.492000
4.550540 609.093000 267.894000
4.566770 609.195000 274.846000
4.583250 597.142000 280.192000
4.599850 591.447000 313.786000
4.616210 593.776000 336.336000
4.632690 607.801000 305.778000
4.649050 603.415000 315.018000
4.665530 602.293000 300.960000
4.681880 688.755000 283.888000
4.698360 690.948000 299.354000
4.714970 691.645000 313.368000
4.731320 713.048000 312.158000
4.747680 699.941000 393.690000
4.764280 701.335000 422.994000
4.780640 698.020000 377.102000
4.796880 701.386000 375.826000
4.829960 710.906000 410.454000
4.846070 711.280000 356.202000
4.879150 719.049000 404.074000
4.895870 724.608000 429.374000
4.928340 728.756000 431.068000
4.944950 738.939000 415.734000
4.977780 737.817000 456.764000
4.994020 747.167000 389.488000
5.027100 722.568000 385.044000
5.043460 731.714000 355.850000
5.059690 731.306000 333.894000
5.076170 805.392000 420.024000
5.092650 823.633000 374.528000
5.109010 823.259000 367.048000
5.125370 830.739000 349.580000
5.142090 822.834000 359.260000
5.158330 822.919000 387.970000
5.174680 800.649000 420.288000
5.191280 819.587000 443.366000
5.224000 811.971000 440.418000
5.240480 821.270000 406.142000
5.273320 814.419000 439.384000
5.289920 834.224000 406.868000
5.322630 873.273000 462.748000
5.338990 877.115000 449.966000
5.355710 876.435000 468.292000
5.371950 870.604000 490.820000
5.388310 871.896000 489.368000
5.404910 871.471000 514.910000
5.421140 860.727000 527.472000
5.437620 856.137000 531.366000
5.470700 883.320000 550.352000
5.487060 870.009000 554.268000
5.503420 870.672000 535.832000
5.520020 871.318000 448.910000
5.536130 884.476000 407.990000
5.552610 884.986000 381.986000
5.568970 864.977000 371.536000
5.585570 877.591000 433.972000
5.618290 919.428000 467.984000
5.634770 931.243000 403.832000
5.651120 930.240000 422.400000
5.667600 917.932000 448.624000
5.684200 924.817000 472.516000
5.700440 924.936000 479.424000
5.716920 922.624000 498.344000
5.733400 910.129000 451.550000
5.749630 910.010000 444.884000
5.766110 916.351000 470.866000
5.782590 925.055000 508.376000
5.798950 925.174000 515.130000
5.815550 922.080000 469.238000
5.831910 959.922000 455.488000
5.848270 961.163000 430.386000
5.864750 962.234000 408.716000
5.881100 959.225000 448.910000
5.914180 959.701000 434.082000
5.930660 965.039000 462.220000
5.963260 965.838000 445.038000
5.979740 946.543000 380.996000
5.996700 945.472000 399.938000
6.012820 957.729000 456.434000
6.029050 956.046000 512.864000
6.045410 956.063000 519.464000
6.062010 955.638000 492.888000
6.078370 891.446000 463.430000
6.094730 892.007000 438.196000
6.111080 587.316000 423.236000
6.127930 579.275000 471.328000
6.160400 565.743000 528.330000
6.177000 564.128000 507.782000
6.209840 542.113000 502.238000
6.226070 547.995000 524.348000
6.259160 550.120000 482.240000
6.275510 561.765000 493.570000
6.308470 564.162000 469.568000
6.324950 562.258000 469.370000
6.357790 721.905000 389.576000
6.374020 834.054000 388.696000
6.406860 828.954000 429.880000
6.423340 826.540000 438.064000
6.456180 821.729000 427.570000
6.472780 821.695000 415.404000
6.489010 821.440000 434.412000
6.505620 819.196000 424.886000
6.521970 823.276000 473.330000
6.538330 823.361000 499.202000
6.554810 821.440000 507.782000
6.571170 817.173000 487.652000
6.587650 817.445000 468.534000
6.604000 820.131000 420.266000
6.620360 826.829000 415.888000
6.636960 826.761000 389.840000
6.653320 833.714000 394.966000
6.669920 821.202000 356.444000
6.702510 824.976000 402.754000
6.718990 823.633000 392.898000
6.751950 821.117000 436.678000
6.768190 830.994000 373.450000
6.784790 830.688000 392.854000
6.801270 869.346000 417.010000
6.817630 881.722000 481.316000
6.834230 881.909000 488.070000
6.850460 876.860000 452.804000
6.866940 860.234000 427.328000
6.883300 859.979000 420.420000
6.899900 856.086000 468.534000
6.916140 880.294000 472.472000
6.932620 880.481000 479.248000
6.948970 867.306000 417.626000
6.965330 866.388000 381.568000
6.981930 866.711000 355.212000
6.998410 884.867000 364.276000
7.014770 874.565000 341.000000
7.047610 869.261000 343.486000
7.063960 881.909000 418.616000
7.098510 918.102000 416.416000
7.113530 910.214000 416.482000
7.146120 895.560000 392.392000
7.162600 928.217000 390.984000
7.178960 927.231000 409.728000
7.195430 919.394000 418.418000
7.211910 930.461000 477.752000
7.228270 929.475000 503.162000
7.244750 920.023000 471.570000
7.261110 885.428000 486.816000
7.293950 914.600000 520.498000
7.311280 887.281000 466.246000
7.326900 888.046000 447.084000
7.343260 672.265000 578.754000
7.359740 565.590000 582.912000
7.376220 562.938000 557.964000
7.392460 580.346000 592.306000
7.409060 568.599000 528.330000
7.441890 570.027000 541.266000
7.458250 579.088000 512.754000
7.474610 580.499000 531.476000
7.491210 580.057000 585.728000
7.507570 574.668000 680.724000
7.524050 576.028000 693.264000
7.540410 573.104000 592.658000
7.556880 579.717000 632.676000
7.589600 559.980000 676.368000
7.606080 570.231000 632.852000
7.622440 571.523000 644.864000
7.640500 569.007000 643.654000
7.655640 555.033000 632.808000
7.672120 551.531000 593.384000
7.688350 540.906000 504.372000
7.704710 545.445000 466.928000
7.721190 542.997000 453.024000
7.737550 555.594000 539.330000
7.754030 563.601000 595.892000
7.770630 569.245000 648.076000
7.787110 573.563000 638.308000
7.803470 563.346000 650.716000
7.819820 561.731000 632.060000
7.836300 554.064000 594.352000
7.852540 566.219000 574.464000
7.869020 562.462000 542.696000
7.885250 546.839000 566.302000
7.901860 539.529000 537.746000
7.918210 540.736000 544.104000
7.934570 544.000000 538.186000
7.951050 550.137000 522.962000
7.967530 551.769000 542.256000
7.984010 545.955000 565.158000
8.000370 554.557000 584.694000
8.016850 553.843000 570.416000
8.033200 555.458000 544.192000
8.049560 564.604000 520.146000
8.066160 560.830000 488.290000
8.082400 603.653000 456.764000
8.099000 608.005000 455.686000
8.115230 610.334000 483.978000
8.131840 616.012000 560.472000
8.148440 610.606000 536.558000
8.181150 604.911000 504.152000
8.197630 608.260000 521.532000
8.230590 603.602000 507.320000
8.263310 604.809000 524.964000
8.279660 641.189000 555.808000
8.297000 609.110000 589.446000
8.312620 607.631000 567.754000
8.329220 632.808000 480.282000
8.345460 577.116000 525.844000
8.362180 576.062000 519.596000
8.378420 557.838000 583.836000
8.394650 576.045000 642.642000
8.411130 580.006000 676.170000
8.427490 584.749000 637.758000
8.443970 570.333000 607.508000
8.460330 566.355000 569.734000
8.476810 553.095000 554.554000
8.493290 559.878000 565.136000
8.526120 592.382000 551.914000
8.542480 589.101000 552.068000
8.558960 590.359000 565.202000
8.575320 580.805000 617.716000
8.591800 543.048000 597.058000
8.608150 540.141000 576.136000
8.624760 558.552000 614.988000
8.641110 551.514000 569.976000
8.657710 551.208000 563.310000
8.674070 554.319000 572.154000
8.690430 548.437000 553.366000
8.706790 548.641000 555.126000
8.723270 521.203000 570.614000
8.739990 521.101000 583.638000
8.756470 521.407000 589.820000
8.772710 547.774000 629.288000
8.789180 543.099000 635.580000
8.805420 545.768000 654.412000
8.822020 557.039000 678.150000
8.838380 564.978000 561.198000
8.854740 562.054000 533.588000
8.871340 534.820000 577.236000
8.887820 526.065000 559.768000
8.903930 524.824000 553.278000
8.920530 536.333000 587.510000
8.936890 530.587000 603.988000
8.954350 533.103000 617.606000
8.969850 578.969000 728.024000
8.986330 558.144000 645.898000
9.002560 556.971000 639.650000
9.019170 530.315000 656.084000
9.035520 550.392000 725.186000
9.051880 553.758000 755.986000
9.068360 556.070000 749.364000
9.084840 571.642000 768.394000
9.101320 571.608000 768.108000
9.117680 567.086000 755.480000
9.134160 564.332000 763.224000
9.150510 562.343000 738.914000
9.166870 533.664000 783.156000
9.183230 528.496000 766.260000
9.199830 525.300000 742.500000
9.216310 549.168000 716.518000
9.232540 547.859000 714.758000
9.265380 549.372000 716.782000
9.281860 551.344000 693.374000
9.298460 551.922000 705.606000
9.314700 545.105000 766.810000
9.331050 565.896000 746.130000
9.347530 570.095000 782.056000
9.364260 552.517000 867.834000
9.380740 537.761000 841.896000
9.397090 539.359000 853.512000
9.413450 544.493000 824.846000
9.429690 534.548000 849.266000
9.446170 532.916000 837.628000
9.462650 541.331000 788.854000
9.479000 542.215000 779.614000
9.495610 540.379000 761.816000
9.511720 550.205000 752.378000
9.528320 535.143000 767.118000
9.544800 533.919000 761.310000
9.561040 519.180000 720.412000
9.577510 530.213000 728.948000
9.593990 533.086000 746.856000
9.610720 513.196000 755.458000
9.626830 512.856000 756.118000
9.643190 513.264000 762.322000
9.659790 553.265000 755.568000
9.676270 550.834000 767.360000
9.692380 552.296000 779.152000
9.708860 547.536000 808.412000
9.725340 517.565000 791.978000
9.758300 523.345000 791.164000
9.774780 532.610000 757.020000
9.791140 530.978000 744.722000
9.807740 534.973000 762.344000
9.823970 530.009000 746.438000
9.840330 528.394000 734.294000
9.856810 540.413000 763.378000
9.873170 541.994000 769.582000
9.889650 543.541000 781.440000
9.906250 542.453000 800.162000
9.922490 544.527000 827.112000
9.938840 544.204000 821.282000
9.955570 538.866000 801.944000
9.971920 569.330000 775.214000
9.988400 566.338000 745.756000
10.004760 605.217000 697.950000
10.021240 609.977000 680.438000
10.037600 608.770000 667.634000
10.053830 610.980000 613.338000
10.070430 618.613000 619.344000
10.086790 618.715000 625.878000
10.103270 617.168000 679.404000
10.119630 591.634000 665.522000
10.136230 592.943000 678.502000
10.152470 585.497000 701.932000
10.169070 571.863000 709.544000
10.185550 572.067000 715.330000
10.201900 543.847000 781.836000
10.218260 551.905000 992.794000
10.234620 553.367000 1002.848000
10.251100 542.266000 971.300000
10.267460 533.103000 981.354000
10.284060 534.395000 986.766000
10.300420 540.991000 982.520000
10.316770 550.409000 979.110000
10.333250 550.443000 979.374000
10.349850 548.573000 960.542000
10.366330 543.286000 977.350000
10.382930 541.722000 966.812000
10.399170 559.725000 965.008000
10.415410 559.674000 952.072000
10.431760 558.246000 941.622000
10.448240 538.951000 936.672000
10.464840 550.307000 898.656000
10.481080 551.480000 903.540000
10.497680 545.768000 975.656000
10.514040 533.715000 940.148000
10.530400 535.381000 954.514000
10.546880 591.379000 968.220000
10.563230 587.928000 1034.044000
10.579710 589.373000 1045.000000
10.597290 575.892000 994.972000
10.612550 574.719000 981.684000
10.628910 572.509000 971.454000
10.645390 576.572000 998.492000
10.661620 590.869000 985.512000
10.678220 593.011000 995.434000
10.695070 589.237000 1001.000000
10.711300 588.081000 1025.354000
10.727780 585.803000 1011.164000
10.744140 586.381000 944.526000
10.760620 612.612000 963.028000
10.777220 611.133000 946.088000
10.793580 638.095000 957.220000
10.809940 643.212000 966.966000
10.828980 643.229000 967.208000
10.842650 645.014000 903.364000
10.858890 646.034000 973.148000
10.875370 647.139000 984.544000
10.891970 643.569000 961.818000
10.908450 638.367000 967.890000
10.924560 636.242000 951.368000
10.941040 650.454000 942.898000
10.957520 655.095000 944.504000
10.974000 655.945000 949.586000
10.990480 651.678000 948.090000
11.006840 689.027000 966.988000
11.023320 689.877000 978.494000
11.039670 693.855000 984.082000
11.056150 688.449000 968.154000
11.088870 661.861000 983.070000
11.105350 673.880000 973.192000
11.121950 673.030000 963.028000
11.138180 676.413000 947.672000
11.154660 684.352000 932.624000
11.187500 672.979000 982.080000
11.203980 669.256000 961.246000
11.236940 684.046000 921.052000
11.253540 652.239000 933.592000
11.269900 653.191000 943.976000
11.286250 678.929000 1016.224000
11.302610 685.831000 1000.186000
11.318970 686.613000 1010.306000
11.335570 664.513000 956.516000
11.351810 666.553000 994.356000
11.368160 666.536000 988.746000
11.384640 676.141000 975.920000
11.401000 670.990000 956.384000
11.417720 670.072000 945.274000
11.433840 671.160000 982.872000
11.450440 651.865000 1000.428000
11.466670 651.967000 1005.840000
11.483400 674.662000 960.652000
11.499630 678.232000 973.984000
11.515990 677.399000 968.418000
11.532470 674.747000 940.126000
11.548950 677.110000 905.080000
11.565430 676.175000 887.942000
11.581790 663.714000 877.184000
11.598140 681.700000 909.084000
11.614620 682.584000 920.766000
11.630980 664.819000 924.814000
11.647710 695.147000 994.510000
11.664060 695.963000 1005.686000
11.680540 716.363000 963.776000
11.696780 720.188000 993.850000
11.713380 720.715000 1002.892000
11.729610 722.143000 1007.820000
11.746220 719.831000 1046.144000
11.778930 727.396000 994.026000
11.796020 725.866000 960.894000
11.811890 724.965000 935.946000
11.828250 727.549000 955.988000
11.844850 718.029000 964.304000
11.861080 717.264000 958.892000
11.877560 713.218000 918.170000
11.893920 715.207000 931.392000
11.910400 715.836000 942.458000
11.926760 752.964000 997.106000
11.943120 738.973000 959.530000
11.959840 739.449000 969.650000
11.976070 738.854000 970.904000
11.992550 738.242000 1013.650000
12.009030 738.735000 1023.638000
12.025390 742.645000 999.152000
12.041990 727.838000 942.788000
12.074580 744.073000 1029.446000
12.091060 743.614000 1065.482000
12.107670 744.413000 1082.224000
12.123780 753.134000 1121.582000
12.140380 747.779000 1117.512000
12.173220 741.846000 1038.488000
12.189820 735.403000 1088.208000
12.222530 747.609000 1078.946000
12.238890 757.605000 1083.940000
12.271970 804.525000 1106.776000
12.288330 845.512000 1067.352000
12.304690 845.665000 1050.698000
12.321040 840.242000 1058.156000
12.337650 819.162000 1102.640000
12.353880 819.111000 1093.268000
12.370360 815.388000 1059.872000
12.386840 805.290000 1088.714000
12.403200 805.579000 1083.786000
12.419680 815.133000 1068.386000
12.436040 823.973000 1091.156000
12.452510 823.616000 1095.270000
12.469120 834.003000 1083.368000
12.485470 842.928000 1067.220000
12.501710 842.758000 1086.008000
12.518430 832.150000 1141.030000
12.534670 840.701000 1121.010000
12.569340 851.462000 1093.136000
12.583980 875.381000 1040.006000
12.600460 875.602000 1031.228000
12.616820 877.642000 1039.896000
12.633180 861.509000 1012.176000
12.649780 861.679000 1002.342000
12.666140 866.558000 1021.460000
12.682620 877.319000 1014.904000
12.698850 877.081000 1009.976000
12.715450 559.419000 1028.632000
12.731810 591.430000 1020.228000
12.748170 593.861000 1035.056000
12.764770 565.590000 1029.116000
12.781130 565.046000 1048.762000
12.797490 565.080000 1049.004000
12.813840 577.592000 1028.060000
12.830320 580.159000 1023.000000
12.863160 561.969000 1031.558000
12.880000 579.003000 1031.470000
12.896240 577.626000 1021.328000
12.912840 542.436000 1047.288000
12.929080 547.825000 1057.606000
12.945680 549.542000 1071.444000
12.962160 532.814000 1087.658000
12.978390 546.125000 1110.186000
12.995000 548.879000 1124.904000
13.013550 549.848000 1160.566000
13.027830 527.357000 1146.310000
13.044310 522.461000 1118.678000
13.060550 527.391000 1051.820000
13.076900 530.604000 1080.530000
13.093510 528.547000 1065.702000
13.109860 517.871000 1047.420000
13.126100 526.371000 1035.760000
13.142700 525.096000 1030.370000
13.159180 541.960000 1136.300000
13.175420 541.960000 1136.300000
13.192140 541.960000 1136.300000
13.208370 541.960000 1136.300000
13.224850 541.960000 1136.300000
13.241210 541.960000 1136.300000
13.257690 541.960000 1136.300000
13.274050 541.960000 1136.300000
13.290280 541.960000 1136.300000
13.306760 541.960000 1136.300000
13.323240 541.960000 1136.300000
13.339600 541.960000 1136.300000
13.355960 541.960000 1136.300000
13.372680 541.960000 1136.300000
13.389040 541.960000 1136.300000
13.405270 541.960000 1136.300000
13.421750 541.960000 1136.300000
13.438110 541.960000 1136.300000
13.454710 549.117000 1020.184000
13.471190 564.655000 974.160000
13.487790 566.083000 984.390000
13.504030 617.015000 1019.986000
13.520510 612.544000 1085.832000
13.536990 613.190000 1084.336000
13.553340 621.061000 1047.772000
13.569700 603.143000 1009.756000
13.586060 599.369000 983.224000
13.602420 584.902000 1006.610000
13.619020 565.930000 995.852000
13.635380 569.262000 1026.718000
13.651980 572.339000 1036.816000
13.668330 615.876000 1062.622000
13.684810 616.862000 1067.154000
13.701290 586.211000 974.776000
13.717650 577.813000 983.752000
13.734130 576.504000 973.830000
13.750610 591.940000 1021.526000
13.766970 599.641000 1060.906000
13.783570 603.670000 1095.754000
13.800050 605.897000 1092.036000
13.816280 607.835000 1112.628000
13.832890 608.447000 1105.786000
13.849000 635.494000 1051.820000
13.865600 655.163000 1066.142000
13.881960 652.647000 1049.642000
13.898560 653.089000 1036.024000
13.914920 638.044000 1028.148000
13.931400 640.407000 1047.222000
13.947630 653.990000 1065.966000
13.964230 665.567000 1053.822000
13.980470 664.666000 1044.054000
14.000000 656.727000 1035.298000
14.013180 670.480000 1013.276000
14.029540 669.596000 1008.106000
14.046020 670.378000 1010.746000
14.062380 660.416000 983.224000
14.078860 661.317000 993.322000
14.096920 664.751000 1015.762000
14.111820 660.399000 1056.550000
14.128170 661.147000 1056.088000
14.144650 603.109000 1073.270000
14.161010 606.186000 1071.906000
14.177370 604.112000 1061.874000
14.193850 594.439000 1070.608000
14.210210 603.551000 1086.096000
14.226810 608.515000 1127.918000
14.243160 620.619000 1148.664000
14.259770 631.312000 1179.662000
14.276120 633.318000 1196.558000
14.292360 653.378000 1204.170000
14.309080 652.545000 1203.752000
14.341800 648.618000 1199.286000
14.358150 588.625000 1183.622000
14.374510 584.205000 1146.992000
14.390870 564.536000 1040.204000
14.407350 582.233000 1002.232000
14.425660 575.450000 942.854000
14.440310 563.652000 953.810000
14.456790 556.138000 891.594000
14.473140 551.378000 856.328000
14.489620 543.507000 836.088000
14.506100 536.826000 833.932000
14.522460 538.798000 855.998000
14.538820 554.829000 893.794000
14.555300 565.879000 924.176000
14.571780 571.948000 970.090000
14.588130 565.199000 1021.020000
14.604740 572.356000 967.120000
14.637570 547.332000 1011.054000
14.653930 560.898000 1018.754000
14.670290 559.113000 1002.914000
14.686770 546.074000 990.374000
14.703130 530.638000 983.158000
14.719600 529.363000 977.438000
14.735960 518.143000 971.850000
14.752320 528.309000 1005.664000
14.769040 529.550000 1011.274000
14.785280 529.992000 998.206000
14.801760 550.885000 970.750000
14.818120 548.165000 954.954000
14.834590 517.174000 790.812000
14.850830 526.303000 765.336000
14.867430 529.210000 783.090000
14.883910 534.106000 791.296000
14.900270 531.624000 798.512000
14.916750 529.550000 779.196000
14.933110 534.616000 695.640000
14.949580 521.662000 699.886000
14.965940 518.279000 674.344000
14.982540 518.653000 650.452000
14.998900 524.042000 612.634000
15.015260 524.399000 619.960000
15.031740 540.107000 672.232000
15.048220 540.226000 694.364000
15.064580 543.405000 719.928000
15.080930 572.118000 736.956000
15.097530 580.499000 745.030000
15.114010 582.029000 762.916000
15.130490 592.569000 806.806000
15.146730 580.703000 797.764000
15.163210 582.403000 815.760000
15.179570 586.415000 797.522000
15.196040 586.789000 788.986000
15.212520 587.809000 794.882000
15.228880 577.898000 815.320000
15.245240 583.610000 785.972000
15.261840 582.301000 774.466000
15.278080 594.779000 750.552000
15.294430 576.504000 777.568000
15.327390 576.521000 790.548000
15.343870 574.039000 821.282000
15.376830 525.810000 778.536000
15.393190 529.584000 830.918000
15.426150 552.670000 810.546000
15.442380 559.266000 829.158000
15.458860 557.804000 817.718000
15.475340 535.398000 811.470000
15.491820 519.690000 787.556000
15.524540 515.882000 769.538000
15.541020 533.001000 801.944000
15.573970 549.287000 789.580000
15.590330 541.892000 742.412000
15.606690 540.634000 736.450000
15.623170 543.541000 772.200000
15.639650 538.645000 807.004000
15.656010 541.399000 824.164000
15.672490 545.785000 843.480000
15.688840 548.505000 836.616000
15.705320 546.346000 811.998000
15.721680 511.581000 995.390000
15.738160 519.962000 952.688000
15.754760 512.941000 908.072000
15.771000 524.365000 899.448000
15.787480 531.964000 901.736000
15.803830 530.315000 890.670000
15.820310 478.635000 816.288000
15.836790 505.121000 868.450000
15.853150 511.071000 915.750000
15.869510 503.166000 971.366000
15.885990 516.630000 1025.596000
15.902470 524.926000 1070.058000
15.918820 577.507000 1069.178000
15.935420 570.316000 994.950000
15.951900 565.505000 951.412000
15.968260 569.908000 928.994000
15.984620 563.703000 904.376000
16.001220 559.453000 880.990000
16.017820 585.429000 885.830000
16.034060 571.081000 910.140000
16.050540 573.087000 925.804000
16.066770 582.471000 947.980000
16.083370 557.651000 926.706000
16.099610 557.906000 932.206000
16.115840 582.250000 935.572000
16.132450 564.434000 939.048000
16.148930 566.797000 948.816000
16.165280 580.720000 931.018000
16.181880 610.215000 940.060000
16.198120 608.906000 933.174000
16.214600 579.615000 1010.790000
16.231080 549.440000 1136.278000
16.247440 549.729000 1138.082000
16.263790 544.391000 1203.950000
16.280270 554.914000 1181.114000
16.296750 552.109000 1167.276000
16.313230 570.894000 1161.248000
16.329590 531.896000 1129.810000
16.346070 532.117000 1133.814000
16.362300 540.532000 1168.750000
16.378910 551.650000 1176.362000
16.395260 555.016000 1198.780000
16.411740 554.608000 1204.874000
16.428220 549.593000 1200.342000
16.444580 550.443000 1199.924000
16.461060 521.288000 1204.940000
16.477660 520.234000 1194.820000
16.493900 517.089000 1178.320000
16.510250 515.729000 1120.108000
16.526730 530.757000 1114.190000
16.543090 534.157000 1133.836000
16.559570 546.346000 1184.964000
16.576050 551.242000 1199.858000
16.592290 554.183000 1216.996000
16.608640 548.335000 1184.084000
16.625240 550.936000 1216.996000
16.641600 552.381000 1225.224000
16.658200 559.895000 1271.138000
16.674560 553.775000 1241.416000
16.691040 551.123000 1228.612000
16.707280 535.602000 1251.074000
16.724000 527.391000 1245.948000
16.740230 525.453000 1233.540000
16.756590 586.432000 1169.850000
16.773190 560.184000 1162.568000
16.789550 558.756000 1153.636000
16.806030 559.028000 1145.474000
16.822270 570.350000 1138.258000
16.838750 568.089000 1117.358000
16.855220 555.509000 1049.180000
16.871580 559.266000 1037.652000
16.888060 554.608000 1006.038000
16.904420 523.090000 1030.282000
16.921020 527.493000 1052.964000
16.937260 529.499000 1068.276000
16.953740 519.027000 1151.678000
16.970340 525.011000 1175.306000
16.986570 528.666000 1195.260000
17.003170 535.313000 1173.678000
17.019530 543.592000 1212.486000
17.052370 528.955000 1217.480000
17.068730 524.042000 1174.470000
17.101560 528.717000 1158.190000
17.118290 534.650000 1147.388000
17.151250 601.409000 1120.196000
17.167600 602.905000 1100.748000
17.200440 575.331000 1134.606000
17.216670 599.845000 1106.842000
17.249630 588.200000 1103.520000
17.266240 599.709000 1119.932000
17.298830 578.680000 1122.638000
17.315430 579.326000 1104.246000
17.348390 540.872000 1127.610000
17.364750 551.633000 1118.876000
17.397710 575.909000 1134.122000
17.413940 564.706000 1079.408000
17.446660 567.970000 1152.470000
17.463130 586.687000 1105.852000
17.479860 589.475000 1132.934000
17.496220 579.802000 1210.506000
17.512570 582.471000 1252.174000
17.528810 585.072000 1265.946000
17.545650 645.660000 1301.058000
17.561770 645.235000 1243.814000
17.578250 641.257000 1213.476000
17.594600 635.902000 1267.772000
17.610960 626.994000 1255.078000
17.627560 626.858000 1253.934000
17.643920 636.259000 1231.714000
17.660520 641.155000 1261.634000
17.676760 643.178000 1275.252000
17.693240 650.301000 1291.202000
17.709590 646.153000 1256.464000
17.726070 646.119000 1252.944000
17.742430 606.475000 1225.840000
17.758790 546.686000 1351.900000
17.775270 545.445000 1347.786000
17.791500 575.399000 1406.482000
17.807980 573.954000 1362.130000
17.824580 576.895000 1378.454000
17.840940 595.017000 1410.970000
17.857420 594.677000 1336.192000
17.873780 593.113000 1323.608000
17.890380 577.779000 1361.250000
17.906740 568.089000 1343.540000
17.924560 565.148000 1327.260000
17.939450 539.495000 1391.104000
17.955930 510.306000 1367.718000
17.972410 507.824000 1354.716000
17.988770 506.753000 1330.120000
18.005250 509.711000 1308.582000
18.021730 511.904000 1322.794000
18.038090 521.203000 1357.554000
18.054570 524.705000 1373.526000
18.070800 532.100000 1407.868000
18.087400 542.487000 1397.308000
18.103760 561.000000 1396.780000
18.120240 558.110000 1381.886000
18.136720 553.350000 1401.136000
18.153200 546.057000 1398.628000
18.169560 544.476000 1390.994000
18.185790 550.290000 1360.018000
18.202390 533.800000 1356.124000
18.235230 540.719000 1410.024000
18.251590 521.050000 1436.358000
18.268070 518.041000 1419.770000
18.284550 558.705000 1488.894000
18.300900 571.387000 1465.024000
18.317380 570.129000 1464.056000
18.333740 553.962000 1471.602000
18.350340 560.915000 1507.374000
18.366700 564.026000 1519.188000
18.383180 523.617000 1503.788000
18.399660 493.459000 1526.206000
18.415890 492.524000 1525.524000
18.432370 525.504000 1553.046000
18.448730 523.923000 1703.394000
18.468630 530.757000 1724.822000
18.481810 532.678000 1671.120000
18.498290 531.777000 1645.380000
18.514650 530.094000 1639.286000
18.530880 513.672000 1662.254000
18.547360 513.128000 1695.738000
18.581300 517.939000 1650.704000
18.596800 522.274000 1630.508000
18.613040 519.214000 1617.110000
18.629760 517.752000 1618.672000
18.646000 508.011000 1604.636000
18.662480 504.713000 1594.076000
18.678710 518.942000 1589.918000
18.695310 497.981000 1531.442000
18.711790 497.522000 1528.142000
18.728150 512.686000 1551.418000
18.744510 464.678000 1641.970000
18.760860 463.573000 1641.464000
18.777340 481.967000 1742.994000
18.793820 504.458000 1755.754000
18.810420 512.924000 1781.120000
18.826660 510.748000 1782.770000
18.843020 512.669000 1822.832000
18.859620 514.488000 1827.848000
18.875980 497.777000 1808.466000
18.892580 529.176000 1809.390000
18.909790 528.734000 1806.948000
18.925170 522.019000 1780.680000
18.941650 505.988000 1828.156000
18.958010 505.036000 1827.540000
18.974490 502.690000 1825.626000
18.990840 510.153000 1833.678000
19.007450 515.899000 1849.782000
19.024170 519.707000 1860.892000
19.040280 525.402000 1853.830000
19.056760 526.541000 1856.118000
19.073000 516.749000 1846.570000
19.089480 545.785000 1743.280000
19.105830 538.203000 1715.098000
19.122310 572.747000 1548.690000
19.138670 557.056000 1535.556000
19.155150 552.687000 1516.328000
19.171630 546.414000 1507.792000
19.187990 541.229000 1527.438000
19.204470 539.240000 1519.100000
19.220830 547.808000 1473.340000
19.238040 543.303000 1505.570000
19.253780 542.980000 1502.006000
19.270260 552.942000 1530.276000
19.286620 567.256000 1496.506000
19.302980 567.188000 1493.646000
19.319460 494.666000 1523.896000
19.335690 500.599000 1454.838000
19.352420 499.069000 1450.812000
19.368770 502.707000 1533.268000
19.385250 514.624000 1526.668000
19.401610 520.693000 1551.418000
19.417970 543.660000 1562.352000
19.434450 523.787000 1573.902000
19.450930 525.062000 1577.554000
19.467410 502.248000 1601.556000
19.483760 522.614000 1543.586000
19.500240 519.095000 1529.836000
19.516600 481.797000 1764.422000
19.532960 475.320000 1854.886000
19.549440 477.309000 1859.484000
19.565800 492.048000 1819.356000
19.582280 494.445000 1767.260000
19.598630 495.788000 1769.570000
19.615110 483.463000 1777.534000
19.631710 487.339000 1764.158000
19.648320 483.701000 1755.666000
19.664670 484.993000 1808.114000
19.681640 490.501000 1798.368000
19.697630 490.348000 1796.564000
19.713990 482.919000 1806.860000
19.730350 546.584000 1810.534000
19.747070 543.439000 1802.416000
19.763430 535.279000 1784.662000
19.782470 520.914000 1722.072000
19.796020 521.067000 1722.512000
19.812380 546.584000 1758.306000
19.828860 528.309000 1787.808000
19.845210 529.142000 1787.456000
19.861570 528.105000 1797.488000
19.878050 523.532000 1773.046000
19.894530 521.730000 1769.284000
19.911010 523.719000 1794.936000
19.927370 531.896000 1794.430000
19.943970 534.021000 1800.788000
19.960210 554.761000 1782.528000
19.976810 551.089000 1767.524000
19.993040 553.299000 1777.952000
20.009520 574.821000 1811.502000
20.026120 566.593000 1811.568000
20.042360 568.327000 1817.332000
20.058960 584.290000 1776.698000
20.075320 557.702000 1847.670000
20.091670 556.495000 1845.162000
20.109250 569.024000 1806.970000
20.124630 572.305000 1832.116000
20.140990 575.671000 1844.436000
20.157590 588.897000 1838.914000
20.173950 589.628000 1847.758000
20.190190 588.795000 1842.038000
20.206790 672.520000 1781.780000
20.224730 669.273000 1758.812000
20.239750 667.624000 1749.088000
20.255980 667.080000 1777.160000
20.272460 655.996000 1758.900000
20.288820 656.982000 1761.826000
20.305300 673.574000 1737.098000
20.321660 673.149000 1800.876000
20.338010 672.316000 1798.346000
20.354490 658.988000 1796.828000
20.370850 658.954000 1762.640000
20.387330 658.835000 1756.634000
20.403930 750.516000 1692.966000
20.420290 733.414000 1685.596000
20.437380 732.003000 1676.686000
20.453130 740.792000 1679.502000
20.469480 735.879000 1784.992000
20.485960 737.273000 1803.450000
20.502440 573.665000 1822.744000
20.518800 552.109000 1854.336000
20.535160 552.058000 1854.182000
20.552000 576.912000 1839.112000
20.567990 545.581000 1830.664000
20.584590 543.983000 1825.868000
20.601070 541.331000 1878.580000
20.617430 563.023000 1855.304000
20.633910 565.794000 1862.608000
20.650150 548.420000 1866.546000
20.666630 576.623000 1871.298000
20.683230 575.433000 1868.900000
20.699580 571.523000 1812.294000
20.715820 556.920000 1815.836000
20.732300 556.648000 1813.548000
20.748780 558.229000 1783.430000
20.765500 551.225000 1787.478000
20.781860 549.559000 1782.044000
20.798220 597.295000 1759.340000
20.814580 605.268000 1738.000000
20.830930 605.421000 1741.014000
20.847290 611.796000 1772.232000
20.863770 623.747000 1766.160000
20.881230 626.331000 1779.580000
20.896730 633.624000 1804.616000
20.913210 636.446000 1801.074000
20.929690 636.174000 1797.708000
20.945800 631.669000 1775.730000
20.962400 649.026000 1852.268000
20.979000 645.779000 1835.570000
20.995120 697.544000 1836.890000
21.011720 711.365000 1773.508000
21.028080 711.399000 1773.684000
21.044560 706.010000 1779.712000
21.060910 691.934000 1804.858000
21.077270 692.733000 1812.668000
21.093750 699.193000 1855.194000
21.110230 684.998000 1838.914000
21.126830 686.647000 1848.638000
21.143070 710.940000 1863.444000
21.159670 707.557000 1857.856000
21.176030 706.792000 1852.642000
21.192260 705.602000 1798.214000
21.210820 667.913000 1789.414000
21.225100 665.975000 1773.574000
21.241700 548.182000 1416.272000
21.257930 549.168000 1452.770000
21.274660 549.559000 1459.084000
21.290890 543.490000 1425.820000
21.307250 533.477000 1420.320000
21.323730 540.566000 1452.726000
21.340210 539.903000 1504.536000
21.356690 535.313000 1527.042000
21.373050 530.723000 1505.350000
21.389650 527.136000 1459.304000
21.406130 535.653000 1453.848000
21.422240 532.967000 1445.092000
21.438840 533.171000 1399.288000
21.455200 515.202000 1409.782000
21.471680 522.733000 1442.518000
21.488040 526.286000 1441.462000
21.504640 525.317000 1445.136000
21.521000 524.858000 1441.088000
21.537840 527.408000 1420.650000
21.554080 527.306000 1422.696000
21.570190 525.487000 1414.578000
21.586670 546.754000 1378.300000
21.603150 537.557000 1377.310000
21.619630 537.948000 1381.468000
21.635990 525.232000 1428.856000
21.652340 524.382000 1435.434000
21.668820 524.008000 1432.134000
21.685300 524.246000 1383.008000
21.701660 510.867000 1417.636000
21.718020 507.263000 1402.170000
21.734500 520.914000 1390.554000
21.750850 509.286000 1388.134000
21.783810 517.718000 1354.254000
21.800170 520.268000 1404.458000
21.816650 521.934000 1411.828000
21.832890 514.505000 1385.780000
21.849370 508.351000 1389.872000
21.882320 578.646000 1354.430000
21.898930 570.962000 1351.394000
21.915160 569.585000 1343.672000
21.931640 571.727000 1317.646000
21.948240 603.381000 1328.668000
21.964480 604.792000 1340.460000
21.981080 595.204000 1797.400000
22.243770 566.134000 1381.402000
22.260130 564.332000 1369.192000
22.276860 578.255000 1287.066000
22.293090 572.084000 1142.262000
22.309330 569.517000 1128.468000
22.325810 572.645000 1144.308000
22.342290 578.306000 1188.462000
22.358760 577.966000 1183.600000
22.375120 539.053000 1172.380000
22.391720 555.611000 1110.428000
22.407960 554.421000 1105.808000
22.424440 533.239000 1110.604000
22.440920 557.005000 1202.938000
22.457280 560.184000 1221.880000
22.473880 559.759000 1152.118000
22.490360 539.444000 1193.258000
22.506590 541.025000 1202.168000
22.523440 550.749000 1202.828000
22.539430 552.976000 1217.282000
22.555910 552.194000 1207.338000
22.572390 537.285000 1180.740000
22.588750 537.557000 1156.958000
22.605350 522.665000 1060.466000
22.621700 559.589000 895.752000
22.638180 618.902000 761.112000
22.654540 615.077000 755.238000
22.670900 618.324000 884.158000
22.687260 633.879000 1025.948000
22.703860 646.391000 1140.810000
22.720210 654.959000 1102.838000
22.736570 651.797000 1167.474000
22.753050 651.814000 1167.694000
22.769530 639.506000 1152.756000
22.785890 655.299000 1169.366000
22.802250 655.163000 1164.548000
22.818970 653.871000 1115.532000
22.835330 653.633000 1094.874000
22.851560 651.814000 1080.486000
22.868160 641.104000 1108.096000
22.884400 625.209000 1100.132000
22.901120 627.436000 1119.514000
22.917360 652.681000 1165.010000
22.933840 657.254000 1153.152000
22.950070 657.186000 1148.312000
22.966670 669.681000 1119.008000
22.983150 664.462000 1126.334000
22.999390 662.626000 1107.458000
23.015870 655.333000 1072.632000
23.032350 654.891000 1100.836000
23.048710 656.115000 1127.104000
23.065190 663.034000 1179.706000
23.081670 625.906000 1223.662000
23.098020 632.009000 1262.976000
23.114380 577.184000 1334.036000
23.131100 581.434000 1334.124000
23.147340 577.507000 1311.376000
23.163820 549.610000 1324.224000
23.180180 581.655000 1331.440000
23.196660 580.176000 1319.604000
23.213010 548.862000 1311.640000
23.229370 546.006000 1263.746000
23.245970 544.646000 1259.038000
23.262450 544.697000 1259.104000
23.278690 529.856000 1233.518000
23.295170 531.641000 1243.000000
23.311520 551.905000 1240.800000
23.328000 574.039000 1130.910000
23.344360 570.367000 1100.066000
23.360960 556.546000 940.830000
23.377440 540.396000 928.334000
23.393800 537.642000 917.246000
23.410160 520.472000 939.268000
23.426510 529.567000 1049.158000
23.442990 536.554000 1091.794000
23.459470 553.928000 1042.954000
23.475950 556.172000 1004.168000
23.492310 554.302000 988.372000
23.508790 560.507000 946.000000
23.525270 549.627000 934.384000
23.541500 548.352000 928.686000
23.558110 580.482000 982.322000
23.574580 575.603000 968.264000
23.590940 578.459000 989.758000
23.607180 560.286000 950.686000
23.623660 560.133000 992.134000
23.656490 574.804000 987.690000
23.673220 567.409000 992.046000
23.705930 575.008000 979.242000
23.725100 563.244000 1011.142000
23.738650 561.493000 995.302000
23.755250 553.197000 845.614000
23.771730 555.781000 763.422000
23.787960 554.489000 757.218000
23.804440 547.485000 771.078000
23.821040 556.529000 808.412000
23.837400 555.968000 794.926000
23.853880 560.490000 724.130000
23.870240 553.078000 657.822000
23.886470 547.247000 613.536000
23.902950 541.875000 620.356000
23.919430 540.940000 660.682000
23.936040 544.187000 687.258000
23.952270 550.953000 709.390000
23.968750 549.032000 748.198000
23.985110 552.313000 778.118000
24.001590 557.532000 731.984000
24.017940 572.407000 787.754000
24.034550 571.880000 774.378000
24.053100 559.555000 780.010000
24.067380 561.935000 656.084000
24.083740 557.838000 624.690000
24.100220 600.831000 692.736000
24.116580 619.599000 686.048000
24.133180 624.121000 740.542000
24.149410 647.190000 766.216000
24.165890 646.969000 820.050000
24.182370 649.009000 843.744000
24.198850 644.232000 850.850000
24.215090 644.351000 842.754000
24.231570 643.433000 832.524000
24.248170 635.086000 921.822000
24.264530 641.070000 919.842000
24.297490 645.201000 886.952000
24.313720 646.833000 896.500000
24.330200 645.847000 885.588000
24.346680 649.196000 777.942000
24.363040 659.141000 847.616000
24.396000 653.565000 781.968000
24.412350 674.254000 768.944000
24.428830 675.070000 780.582000
24.445310 672.333000 784.916000
24.461670 672.758000 787.270000
24.478030 671.976000 781.286000
24.494380 665.720000 762.124000
24.510740 658.342000 758.428000
24.527340 658.274000 752.444000
24.543700 658.903000 796.092000
24.560180 643.875000 791.670000
24.576660 642.923000 780.516000
24.593020 663.629000 828.564000
24.609500 637.568000 815.936000
24.625980 638.571000 827.068000
24.642460 648.941000 966.306000
24.658810 636.276000 994.554000
24.675170 635.290000 988.218000
24.691530 655.673000 982.542000
24.709590 644.470000 925.144000
24.724370 645.286000 930.182000
24.740720 647.054000 982.410000
24.757320 662.558000 1017.654000
24.773800 661.674000 1007.864000
24.790160 667.046000 976.580000
24.806760 648.907000 920.238000
24.823000 647.955000 909.920000
24.839360 658.002000 977.812000
24.855960 642.243000 978.846000
