0.000000 45.889719 15.992585
0.032850 77.353230 23.668363
0.049230 84.327610 22.411367
0.082080 64.673120 15.861281
0.098470 37.191246 10.559311
0.131530 15.585846 6.588280
0.147730 1.690315 2.180997
0.180750 -5.945727 -1.114709
0.197130 -9.183862 -2.067411
0.229950 -8.956092 -2.022106
0.246380 -6.082232 -2.227894
0.279210 -2.775845 -2.905713
0.295740 -1.595529 -4.516922
0.328480 -3.176219 -6.913336
0.344990 -6.212169 -8.505262
0.377880 -8.234058 -7.736664
0.394210 -7.731654 -5.258464
0.427260 -6.114138 -2.816811
0.443660 -4.167433 -1.286225
0.476570 0.299666 -1.796499
0.492930 8.792320 -4.631227
0.525720 18.003549 -7.956042
0.542060 21.512475 -9.279130
0.574990 17.099816 -7.373369
0.591370 8.300694 -3.744446
0.624230 0.125477 -1.089576
0.640770 -3.809331 -0.578977
0.673610 -3.015311 -1.204633
0.689910 -0.746677 -1.290566
0.722820 -0.229570 -0.464008
0.739240 -0.015304 0.379049
0.772080 2.689364 1.065689
0.788590 6.487647 1.456305
0.824060 7.415338 0.895759
0.837870 4.538558 0.159004
0.870590 1.373429 0.149986
0.887240 1.238157 1.119533
0.919870 3.809828 2.523238
0.936350 6.177806 2.630523
0.969570 5.349693 1.640157
0.986060 1.038899 -0.228819
1.018940 -3.064761 1.907474
1.035170 -4.147531 14.501823
1.067930 -5.299745 26.747935
1.379950 -10.126566 22.814055
1.412870 -16.607926 2.904663
1.429190 -18.957928 -15.387804
1.462120 -15.108772 -17.344481
1.480560 -9.201989 -10.174166
1.511360 -4.841561 -4.587640
1.527680 -3.102597 -1.799870
1.561050 -3.492716 0.370934
1.577240 -3.043932 3.261573
1.610030 1.087481 5.240217
1.626520 7.853768 4.858271
1.659540 12.660918 2.681535
1.675950 12.231776 0.555678
1.708930 7.456048 -0.092912
1.725060 2.020564 0.001775
1.758320 -0.677217 -0.966160
1.774580 -0.145605 -2.894923
1.812300 2.046613 -4.345011
1.825870 4.191882 -5.672871
1.856310 5.445086 -7.627826
1.872820 5.038523 -8.814484
1.905720 2.411266 -6.354527
1.924330 -0.778271 -0.512676
1.954880 -1.999533 3.954372
1.971490 -0.300242 4.570075
2.004380 2.748644 3.328857
2.020650 5.243140 1.945288
2.053630 7.867424 0.263316
2.070180 11.342954 -1.608413
2.102890 14.047095 -1.731912
2.119240 13.599825 0.959874
2.151970 10.836909 3.785545
2.168620 8.078635 4.093520
2.201520 0.698505 3.340331
2.217900 -17.055278 4.585096
2.250740 -38.799748 7.773865
2.267130 -49.732325 9.615259
2.299880 -42.760873 7.565118
2.316530 -25.965368 2.497006
2.349270 -10.742600 -2.920116
2.367320 -1.284725 -6.170722
2.398500 2.583982 -6.112494
2.415020 2.605257 -3.767144
2.447880 1.594868 -1.626105
2.464950 1.501331 -1.502182
2.497160 2.424159 -2.723522
2.513460 4.803824 -4.287404
2.546400 8.728173 -5.016584
2.563050 11.362325 -3.175012
2.595910 9.444499 1.486224
2.612450 4.425453 7.130650
2.645020 1.565195 10.197554
2.661370 2.750548 8.326399
2.694260 4.257640 3.009946
2.710620 2.068431 -1.587058
2.743440 -3.094539 -1.832259
2.759750 -7.615663 1.879636
2.792800 -9.117569 4.782171
2.809370 -7.419077 3.163531
2.842110 -3.998886 -1.334708
2.858470 -0.891720 -4.549979
2.891360 0.570470 -4.531386
2.907720 0.348803 -2.873909
2.940590 -0.830563 -1.775717
2.956980 -2.630011 -1.250227
2.973430 -4.005558 -0.537145
2.989990 -2.656366 0.585195
3.006330 1.518544 2.047495
3.022710 5.612558 3.014343
3.039200 6.626268 2.125099
3.055620 4.252959 -0.769056
3.071930 1.071134 -3.576630
3.088490 0.435214 -3.775686
3.104870 3.440879 -0.756966
3.137940 6.914439 3.523964
3.154250 7.242127 5.793813
3.186990 4.379622 4.889830
3.203580 1.506911 2.503712
3.236320 0.854571 0.622085
3.252740 1.129080 -0.198934
3.285890 0.740611 -0.489032
3.302270 -0.893329 -0.322312
3.335040 -2.812671 0.421181
3.354250 -3.096551 1.099167
3.384120 -1.167869 0.622775
3.400610 1.758236 -1.642454
3.433620 3.812818 -4.703914
3.450070 5.021679 -5.716754
3.482760 5.956428 -3.460972
3.499230 4.802650 0.379670
3.532120 -0.734077 4.882578
3.548630 -9.191939 10.052164
3.581370 -15.349772 14.014625
3.597880 -15.404384 13.982871
3.630590 -10.623232 10.332699
3.647090 -5.169864 6.253996
3.680020 -2.528065 3.568846
3.696490 -2.827488 1.310767
3.729260 -3.086982 -1.424280
3.745700 -1.538479 -3.553761
3.779060 0.441219 -3.847033
3.795020 -0.089902 -2.595155
3.827740 -2.792384 -1.303377
3.844210 -4.108197 -0.430929
3.877130 -2.357574 0.415851
3.893450 1.519246 0.629433
3.926390 4.692240 0.009768
3.942880 5.468350 -0.324523
3.959230 4.242358 0.765586
3.975770 1.364476 3.275896
3.992140 -1.439647 6.283491
4.008570 -1.409856 8.821925
4.024900 1.610494 9.495041
4.041480 4.699239 7.210481
4.057710 5.478120 1.693629
4.074090 5.215863 -6.333595
4.090560 5.652964 -12.779731
4.123510 5.361171 -13.002202
4.140000 2.923701 -7.681849
4.172730 -0.231729 -1.586987
4.189120 -1.686681 1.864534
4.222090 -1.241663 2.592961
4.238620 -0.618367 1.584360
4.271520 -0.253894 -0.586666
4.287880 1.655941 -2.552293
4.320710 6.259166 -2.928731
4.337120 11.543786 -2.490831
4.369870 14.075641 -2.351804
4.386330 11.958099 -1.651910
4.419220 5.901469 0.348431
4.435570 -0.626249 2.459874
4.468470 -3.265966 2.442657
4.484980 -1.222313 -0.755161
4.517890 2.395591 -4.900085
4.534250 4.417068 -6.977981
4.567140 4.588476 -5.977313
4.583620 4.434356 -2.927226
4.616510 4.054913 -0.110324
4.632870 3.246602 1.655948
4.665710 1.106031 2.984969
4.682130 -4.610399 4.015618
4.714840 -13.126812 4.698777
4.731380 -20.578642 4.672749
4.764230 -22.745597 3.627399
4.780740 -18.204552 1.991944
4.813370 -10.342141 0.737286
4.829690 -3.330388 0.855179
4.862730 0.592627 1.978270
4.879290 1.651721 2.464462
4.912110 1.864771 1.799638
4.928460 2.021073 0.718430
4.961540 1.935837 -0.788702
4.978090 2.395000 -2.446589
4.997230 4.131403 -2.290073
5.010930 6.350070 1.754358
5.027290 7.141239 7.858383
5.043610 5.082612 10.810094
5.060150 0.904035 9.097288
5.076540 -2.514331 5.095293
5.093110 -2.995733 -0.456037
5.109220 -1.347629 -7.873105
5.125620 -0.058313 -14.388740
5.158460 -0.038888 -15.026718
5.174940 0.262734 -9.181433
5.208060 0.935485 -2.255068
5.224430 0.398822 2.095978
5.256980 -1.011343 4.404651
5.273800 -1.880464 4.712624
5.306570 -2.343763 3.250023
5.324880 -4.072556 2.209003
5.355590 -7.111497 3.859286
5.372070 -9.071188 7.540312
5.388650 -8.049928 9.819332
5.404910 -4.030392 8.625665
5.421650 1.236031 5.427749
5.438050 5.120773 3.766011
5.454150 6.584520 4.868932
5.470640 6.639481 5.231290
5.503460 6.136537 1.258527
5.519860 4.681039 -4.647571
5.536360 1.605786 -7.148068
5.552930 -2.546324 -6.173244
5.569270 -5.578880 -5.385471
5.585630 -4.676272 -6.264021
5.602020 0.222860 -7.295664
5.618650 4.612128 -6.124373
5.651330 4.780924 -2.997860
5.667900 2.266158 -0.083198
5.700580 0.024947 1.188699
5.717010 -1.230609 1.430758
5.749990 -2.539450 1.999268
5.766390 -3.766392 2.272530
5.799240 -3.713799 1.516881
5.815750 -2.143718 -0.085834
5.848640 0.742314 -1.506689
5.864970 2.939433 -0.813550
5.897890 2.763986 2.534355
5.914260 1.311597 5.543940
5.947120 0.412871 3.513429
5.963570 -0.091334 -3.274932
5.980000 -0.390609 -7.520594
5.996420 3.362825 -2.321848
6.012760 12.170523 9.871892
6.029260 19.385364 18.902002
6.045630 18.094293 17.030370
6.062150 9.597549 5.329930
6.078490 1.694431 -8.412678
6.095170 -1.856305 -16.868509
6.111260 -2.919064 -16.946538
6.144250 -3.639880 -10.697272
6.160590 -4.208877 -4.078145
6.193460 -3.174167 -0.817988
6.209890 -0.188707 0.571433
6.242860 1.864520 3.182390
6.259210 -2.047547 7.651111
6.292080 -11.863822 11.817236
6.308450 -19.546046 13.733553
6.341560 -18.551230 12.437527
6.357860 -10.900961 7.688488
6.390750 -4.095910 1.398976
6.407120 -2.467794 -3.514144
6.440130 -4.106862 -5.339378
6.456390 -5.424457 -4.165200
6.489290 -4.512697 -1.636910
6.505760 -2.051212 0.798216
6.522150 0.554056 2.241120
6.538510 3.322103 1.718100
6.555000 5.533221 -0.395126
6.571550 5.615018 -2.834466
6.587830 5.023564 -5.349551
6.604260 6.423647 -7.469813
6.622850 9.151086 -7.572961
6.637070 9.615199 -5.511868
6.653490 6.116236 -2.916314
6.669990 1.294213 -0.125552
6.686240 -1.699077 4.704184
6.702560 -1.433347 10.583055
6.719070 1.265717 12.067986
6.735560 2.504729 7.548591
6.752120 -0.719750 1.276565
6.768480 -5.550725 -2.739041
6.784860 -5.773239 -4.233174
6.801350 -0.731935 -4.474253
6.834120 3.063421 -3.570538
6.850770 1.055442 -2.570411
6.883370 -3.433654 -2.545511
6.899850 -5.132758 -2.387995
6.932740 -3.651389 -0.973879
6.949140 -0.446371 1.045445
6.981980 4.339230 2.390391
6.998370 9.944088 3.355064
7.031060 13.336248 4.430888
7.047760 12.493598 4.097764
7.080610 8.991763 1.587142
7.097290 4.813694 -1.266848
7.130180 0.900838 -2.203388
7.146880 -1.514151 -1.223301
7.180700 -1.170130 -0.317516
7.195770 1.338924 -0.547892
7.228500 4.671108 -1.430360
7.244820 7.362744 -2.034011
7.277720 7.080051 -1.752402
7.294210 3.299813 -0.761980
7.326840 -1.154768 0.171551
7.343500 -2.673112 0.342465
7.376470 -1.540622 0.095008
7.392960 -0.061536 0.933689
7.425750 2.437088 3.100888
7.442010 6.574356 4.617392
7.474880 9.664963 3.902468
7.491380 8.899351 1.404655
7.524110 4.931289 -0.947061
7.540610 0.535941 -1.572465
7.573350 -2.140976 -0.710471
7.589890 -2.735194 0.257070
7.622750 -2.892299 0.217557
7.639130 -3.091208 -1.224191
7.672120 -3.028182 -2.941069
7.688340 -5.463712 -2.601741
7.721450 -12.706013 0.404681
7.737870 -21.894402 4.286160
7.770470 -26.000663 6.589926
7.787300 -20.747402 6.307848
7.820320 -9.853443 4.462180
7.840990 0.040319 1.995126
7.869530 4.343567 -0.787978
7.885940 2.462929 -2.855883
7.918810 -0.109474 -3.574362
7.935120 2.658523 -3.069250
7.967740 10.800189 -1.433273
7.984150 19.775553 -0.686174
8.016980 24.753796 -2.164678
8.033490 23.795647 -4.165411
8.066370 18.297002 -4.786967
8.082730 11.352236 -3.743852
8.115690 5.818799 -3.286036
8.131990 2.573712 -3.874115
8.164870 1.017976 -3.233045
8.181190 0.934763 -1.617776
8.214050 2.220757 -0.260979
8.230440 3.511115 0.974717
8.263320 3.239645 2.717061
8.280000 1.792060 3.440455
8.312860 -0.454226 1.778176
8.329110 -4.812928 1.816723
8.361970 -10.713127 6.354142
8.378450 -13.782859 11.498427
8.411210 -10.119951 12.937560
8.427910 -2.000545 11.603675
8.460580 3.916802 10.220021
8.476980 3.929132 7.552680
8.509830 0.058106 2.270550
8.526390 -2.736573 -3.122758
8.559060 -1.445029 -5.948429
8.575450 1.552715 -5.374996
8.608510 2.118674 -2.145609
8.624840 0.756076 1.406435
8.657750 1.007330 2.700391
8.674090 3.074284 1.037759
8.706970 3.626378 -1.643385
8.723370 2.149991 -2.351134
8.756350 1.319671 -0.282248
8.772760 1.571609 1.889203
8.805780 0.738589 1.183877
8.826020 -2.973743 -1.994971
8.855310 -9.124713 -4.304525
8.871560 -14.623700 -3.426460
8.888160 -15.394848 0.224080
8.904450 -10.402688 5.077462
8.920740 -3.508851 9.201908
8.937250 0.471936 10.641513
8.953360 0.833178 8.891746
8.969940 -0.419242 4.987759
8.986690 -1.983897 0.548478
9.003190 -2.673872 -2.773917
9.019420 -1.649658 -4.461601
9.035870 0.269496 -4.959419
9.052300 1.499689 -4.554411
9.068690 2.036692 -3.387261
9.101820 2.848769 -1.646111
9.118060 3.747090 0.299711
9.134510 4.104221 2.380012
9.152010 4.312224 5.111546
9.167080 4.953452 8.030223
9.183380 4.957670 9.261277
9.199880 2.980867 6.964509
9.216250 -0.134236 1.449931
9.232780 -2.322380 -3.992501
9.249370 -2.813923 -5.754896
9.265870 -2.512955 -4.345180
9.281960 -2.318726 -4.914741
9.298510 -1.923590 -10.721802
9.315010 -0.782958 -18.268178
9.331300 0.940047 -20.879198
9.347630 2.669765 -16.372470
9.364070 4.122380 -8.368243
9.396990 5.326334 -1.171954
9.413500 4.554228 3.423602
9.446260 -0.536489 6.906781
9.462730 -8.659781 11.843906
9.495590 -14.446208 17.406647
9.512120 -13.632884 19.047262
9.545000 -8.431472 13.929835
9.561390 -4.149584 4.939762
9.594270 -3.140859 -2.537837
9.610790 -4.796446 -6.337865
9.643520 -7.383063 -6.962111
9.660180 -9.042775 -5.208496
9.693700 -8.433850 -1.903194
9.709270 -5.771148 1.463826
9.742150 -2.906101 1.835708
9.758500 -0.616412 -1.879388
9.791370 2.126780 -6.644193
9.807810 5.516902 -8.846889
9.840630 8.247537 -7.763899
9.857170 9.070685 -4.500503
9.890020 7.877144 0.589689
9.906220 5.311558 5.667821
9.939300 1.211462 6.456612
9.955530 -3.782975 2.024754
9.988360 -6.724251 -2.558450
10.004880 -6.039116 -2.162541
10.037630 -2.830832 1.959491
10.054380 0.753128 4.584235
10.086990 4.151671 3.659022
10.103380 8.645157 1.058329
10.136380 12.254048 -0.720836
10.152740 11.476642 -1.040812
10.185600 6.511535 -0.941312
10.202150 1.113919 -1.107552
10.234830 -1.126643 -1.376792
10.251650 -0.853723 -0.877019
10.284150 -0.069047 0.715100
10.300790 1.261016 2.294754
10.333660 3.130662 2.552040
10.350310 4.050549 1.310501
10.382760 2.733012 -0.357659
10.399240 -0.022829 -0.883570
10.431950 -2.948840 0.227770
10.448540 -4.747794 1.632403
10.481340 -2.778391 1.410153
10.497610 3.818648 -0.834932
10.530770 10.453011 -3.063581
10.547310 11.002641 -3.336685
10.580170 6.090613 -1.810409
10.596520 1.959643 -0.127204
10.629090 0.799691 0.954072
10.645620 -2.478237 2.500950
10.678360 -11.511241 4.258122
10.694880 -21.858537 4.394998
10.711140 -26.115771 2.219431
10.727610 -21.739695 -0.702881
10.744120 -12.716091 -1.847314
10.760450 -3.657414 -0.449210
10.777100 3.834560 2.037510
10.793760 8.516769 3.399507
10.809830 8.561978 2.862597
10.826360 4.270407 2.623162
10.842610 -0.808225 3.921465
10.859270 -2.654409 4.131326
10.875940 -0.623264 1.460832
10.893630 2.516455 -1.485679
10.908750 4.483097 -1.537555
10.925190 5.338933 -0.710196
10.941530 5.957667 -3.087833
10.957930 5.769869 -7.956071
10.974260 3.317974 -10.553089
10.990490 -0.300111 -8.077726
11.023380 -2.358302 -2.519705
11.039840 -2.281716 3.002119
11.072770 -1.249173 6.874775
11.089070 -0.269730 8.459522
11.122270 0.625142 7.955629
11.138410 1.892482 6.289721
11.171400 3.735875 4.427564
11.187770 5.820778 2.173386
11.222580 6.880190 -0.451579
11.237160 6.131383 -2.673284
11.269890 3.986345 -4.689841
11.286270 0.846788 -6.248806
11.319130 -2.139441 -6.412944
11.335590 -3.165854 -4.806004
11.368500 -1.904023 -2.099976
11.384880 0.534794 0.868522
11.417720 2.582390 4.165602
11.434200 2.904339 6.141878
11.467180 1.161104 4.516989
11.483370 -1.444597 0.378879
11.516380 -2.074748 -3.212213
11.532640 0.899842 -4.246184
11.565540 5.895850 -2.332051
11.582110 9.780715 1.557585
11.598530 10.004493 5.382585
11.615100 6.954445 7.262959
11.631410 3.042055 7.108711
11.647750 -0.493584 6.222930
11.664240 -3.530361 5.130760
11.680510 -5.558663 2.879341
11.696970 -5.705969 -1.004173
11.713480 -4.195125 -4.668644
11.729850 -2.197967 -5.703204
11.762700 -0.521806 -3.675099
11.779300 1.013697 -0.395664
11.795590 3.288781 2.294100
11.812120 5.735994 4.099766
11.828380 6.429119 4.585899
11.861560 4.402904 3.062861
11.877730 1.873319 -0.175775
11.894120 3.010072 -3.466818
11.910620 8.477640 -4.291521
11.927150 14.464277 -2.243296
11.960040 15.436769 -0.010136
11.976280 9.170789 -0.022458
12.009150 0.263515 -1.746119
12.025460 -4.494957 -2.819953
12.058250 -2.220493 -2.519372
12.074830 3.381667 -1.900313
12.107670 6.007590 -1.844583
12.124270 4.059162 -3.485992
12.156850 0.546897 -6.063479
12.173520 -1.544652 -5.488916
12.206330 -1.543927 -0.684436
12.223000 -0.582007 4.144324
12.255510 0.520277 5.921314
12.272020 1.415006 5.643715
12.304890 2.294227 4.708606
12.321340 4.561139 1.929085
12.354200 7.839634 -2.305061
12.370500 9.317853 -4.053019
12.403470 7.738205 -2.695109
12.419870 4.720593 -2.148832
12.452930 1.971585 -3.564598
12.469460 -0.166081 -3.934349
12.501910 -1.589655 -1.117384
12.518640 -2.478916 2.563234
12.551510 -3.081740 2.511470
12.567780 -2.288388 -1.052579
12.600610 -0.831403 -3.457006
12.616990 -5.242898 -2.622979
12.649870 -19.995018 -0.213130
12.666410 -37.777773 2.294936
12.699080 -45.280541 4.676221
12.715510 -38.293234 5.762426
12.748460 -24.475001 3.913594
12.764840 -11.723248 0.593659
12.781350 -2.471142 0.073983
12.797730 3.107759 3.733354
12.814230 5.248910 8.394643
12.830520 5.150429 10.083975
12.847000 4.432607 7.352785
12.863450 3.862232 2.116773
12.880090 3.291080 -2.707785
12.896380 3.012996 -5.624438
12.912780 3.393709 -6.444324
12.945520 3.732643 -5.785435
12.963830 3.157356 -4.541886
12.994850 1.130124 -2.363584
13.011340 -1.391296 0.972049
13.044130 -2.255573 3.904098
13.060600 -0.588057 5.010359
13.093720 2.211316 4.168533
13.109940 3.752671 2.162695
13.142770 3.782817 -1.009847
13.159210 3.674024 -4.378588
13.193080 5.152388 -4.704322
13.208550 9.697178 -2.085555
13.241410 15.510334 -0.089280
13.257760 18.479355 -0.761539
13.290480 16.307204 -2.450427
13.306990 11.249130 -2.434399
13.339850 6.894442 -0.763818
13.356410 3.955604 1.273722
13.389280 2.524550 2.972821
13.405490 3.074909 4.166893
13.438520 4.733526 4.595297
13.454940 5.170845 3.598124
13.487740 3.294602 1.160012
13.504100 0.671413 -1.688051
13.520610 -1.088986 -3.334586
13.537050 -1.444465 -1.899660
13.553410 -2.498786 1.861777
13.569870 -8.951447 3.352212
13.586290 -20.728384 -0.225501
13.602600 -30.738229 -6.863400
13.618990 -31.734381 -12.472542
13.635600 -24.129438 -15.330538
13.652020 -14.719557 -16.326306
13.668340 -6.929505 -15.351298
13.684900 -0.915937 -12.410496
13.701350 1.756773 -8.600810
13.733960 0.403576 -4.701605
13.750550 -2.765685 -1.033293
13.767010 -4.077468 2.283687
13.783380 -2.220253 4.873150
13.799760 1.020483 6.190049
13.816400 3.767650 6.126211
13.832780 4.654662 6.016312
13.851510 3.428486 7.555722
13.865820 1.217231 10.029544
13.882110 -0.936614 10.095151
13.898460 -2.633115 4.285829
13.915140 -3.722867 -6.963726
13.931580 -3.589189 -17.210876
13.948040 -2.340952 -19.238011
13.968250 -1.322126 -11.706953
13.980810 -0.823848 -0.145424
13.997280 -0.439746 7.428707
14.030190 -0.714733 6.772375
14.046510 -2.397175 0.140721
14.062890 -4.194102 -6.106131
14.079110 -3.057246 -7.815149
14.095770 0.607550 -5.652611
14.128510 3.138749 -2.118921
14.145070 4.315851 1.306858
14.182870 6.920568 3.527529
14.194290 10.357067 2.876200
14.227000 10.470346 -0.658851
14.243530 5.722556 -4.407477
14.279470 -0.334563 -4.934103
14.292720 -3.274590 -1.761495
14.325580 -2.367781 1.652496
14.341900 0.130514 2.154596
14.374760 2.666164 0.990468
14.391460 4.865666 1.287925
14.424150 6.208294 2.775257
14.440520 5.552173 2.919743
14.473750 3.079503 1.294936
14.489890 1.528670 -0.492611
14.522760 1.396241 -2.232843
14.539140 0.031178 -4.090770
14.572030 -2.914514 -4.310000
14.588410 -5.024614 -1.151833
14.606950 -4.673925 4.805013
14.621370 -2.350581 10.912635
14.637770 0.718630 14.149114
14.654100 3.190713 11.747247
14.670650 2.945333 3.549555
14.686960 -0.587800 -5.857854
14.703560 -4.197097 -10.494572
14.721330 -4.596927 -9.123815
14.736360 -3.090026 -5.380064
14.769140 -2.047708 -3.032193
14.785630 -0.042622 -2.589567
14.818520 4.728389 -1.260414
14.836580 9.709749 2.600181
14.867810 10.677434 6.476055
14.884110 8.005761 5.843955
14.916880 5.033787 0.112524
14.934580 2.385034 -6.485112
14.966340 0.326746 -9.500703
14.983190 1.203736 -7.217234
15.015770 4.281455 -1.465332
15.032190 6.074669 4.233512
15.048670 5.752549 6.891790
15.065050 5.497846 6.314201
15.081390 6.269471 4.918041
15.097640 5.733735 4.393766
15.114120 3.670949 4.338250
15.130680 2.633537 3.107690
15.147030 2.263319 -0.511122
15.163470 0.422153 -5.082420
15.180040 -2.028416 -7.574906
15.213020 -3.395549 -6.559448
15.229440 -6.088092 -2.771768
15.265000 -13.486553 1.388548
15.278740 -22.999304 3.314044
15.311430 -27.515069 2.098258
15.327760 -23.637011 0.017197
15.344100 -14.447996 1.694026
15.360660 -5.045864 8.781553
15.377300 1.667266 16.821263
15.393660 5.091790 19.215617
15.409910 5.814088 13.518207
15.426300 4.268739 3.256601
15.442910 0.512714 -5.897864
15.459450 -3.414394 -11.218173
15.475940 -4.573002 -13.052630
15.508700 -2.421853 -11.682208
15.524880 1.134457 -7.361299
15.557750 4.084593 -1.540221
15.574150 6.196832 3.040966
15.590570 7.859740 4.136092
15.607080 7.768838 2.831185
15.623550 4.471762 2.186079
15.656220 -0.573965 3.145244
15.672620 -3.918292 3.673104
15.705480 -2.993688 2.018566
15.722000 1.429949 -0.594599
15.754870 5.745452 -2.103008
15.771250 7.055198 -2.673128
15.787630 5.112952 -3.234733
15.804090 2.134278 -3.408438
15.820450 0.883193 -2.688880
15.853490 1.852996 -1.194826
15.869720 3.246827 0.089179
15.902610 3.355329 -0.653690
15.919190 1.931846 -3.719100
15.951960 0.277443 -6.919143
15.968510 -0.666116 -7.432056
16.001250 -1.088562 -5.232333
16.017590 -1.251840 -3.305761
16.050600 -1.082737 -2.865367
16.066980 0.608589 -2.135516
16.099870 4.213252 0.514880
16.116250 7.915661 3.633640
16.149090 9.402397 4.233937
16.165500 7.777024 2.705881
16.181850 4.253810 2.948856
16.198320 0.372020 7.612317
16.214760 -2.112445 15.010104
16.231260 -1.124980 21.141761
16.247690 2.712868 23.034100
16.264110 6.096294 19.564595
16.280470 6.619125 11.275423
16.297020 4.704340 0.572320
16.313380 2.328675 -9.200600
16.329880 0.613445 -15.597703
16.346260 -0.271452 -17.669423
16.362580 -0.144185 -15.718112
16.395500 -1.039945 -11.044749
16.411880 -6.971721 -4.958797
16.444890 -17.242545 1.510366
16.461140 -25.395470 6.522540
16.494150 -25.901937 7.778605
16.510630 -19.472891 4.679426
16.543360 -10.629713 -0.055050
16.559870 -2.219031 -2.880627
16.592740 3.217535 -3.057463
16.609030 3.584156 -2.339049
16.641900 1.481825 -2.403195
16.658380 0.712753 -2.698855
16.674890 1.846418 -1.615177
16.692560 4.124258 1.397637
16.707760 6.940387 5.257544
16.723980 9.272051 7.643352
16.740640 8.433166 6.471167
16.756880 4.102531 1.661018
16.773400 0.356742 -4.322907
16.789900 -0.944500 -8.669030
16.806130 -2.052614 -9.718689
16.822580 -4.539323 -7.089604
16.839010 -5.751057 -1.891744
16.855470 -3.095049 4.160849
16.872110 1.477384 9.426622
16.888400 4.732990 12.393636
16.904700 5.667022 11.578626
16.921230 5.104171 6.465894
16.937760 2.880859 -1.092301
16.954130 -0.869997 -7.607731
16.970520 -3.960410 -10.500550
16.987000 -4.850226 -9.902111
17.003270 -3.754476 -7.311157
17.036230 -1.773366 -4.356516
17.052770 0.308062 -1.924534
17.085650 2.206767 -0.162856
17.102010 4.357166 0.172335
17.134820 7.077263 -0.648162
17.151210 8.215113 -1.408989
17.184090 5.903304 -1.381787
17.200580 2.018124 -0.743594
17.233360 -0.540411 -1.024667
17.249870 -1.818111 -3.021148
17.282730 -3.510383 -5.158734
17.299140 -4.890112 -4.884544
17.332010 -4.015059 -1.488493
17.348360 -1.349755 3.307777
17.364780 1.577487 7.892702
17.381260 4.472131 12.056484
17.397600 6.939244 15.197487
17.414110 7.560363 14.778214
17.430620 5.529797 9.385174
17.446870 1.965011 2.213030
17.479860 -1.103099 -2.026774
17.496240 -2.518758 -2.305824
17.512630 -2.159110 -1.908403
17.528970 -0.775323 -3.973055
17.545480 0.720128 -7.554804
17.561990 2.329639 -9.704537
17.578210 4.107378 -8.942128
17.594590 5.492111 -5.678756
17.627470 5.633432 -1.862905
17.644000 5.022091 0.802235
17.677000 5.136698 2.116700
17.693230 5.398088 2.391603
17.725930 3.888958 1.459425
17.742480 0.155897 -2.143804
17.775360 -3.231188 -8.012036
17.791820 -3.259136 -11.362731
17.824730 -0.217048 -8.350925
17.841110 3.050976 -1.633806
17.873960 3.969941 2.040507
17.890800 2.665406 0.599995
17.923080 1.442536 -0.555440
17.939720 2.568165 2.436659
17.972610 5.513977 6.696596
17.989110 6.547677 7.757563
18.021860 3.482257 5.156213
18.038240 -1.750085 2.149031
18.071100 -4.873374 0.715611
18.087580 -3.486527 0.385301
18.120410 0.418850 0.327307
18.136880 4.551179 -0.477845
18.169740 6.125591 -1.770825
18.185930 0.216954 -0.494645
18.218950 -13.623137 5.492125
18.235490 -28.293927 13.133864
18.268230 -33.665731 16.494240
18.284730 -26.977617 13.251871
18.317620 -15.544803 6.914692
18.333990 -7.190963 2.624567
18.366860 -5.195757 3.322123
18.383230 -7.310284 8.048065
18.416290 -9.444658 12.434223
18.432600 -8.933198 13.169743
18.449140 -4.822637 11.569642
18.465560 0.626955 10.615155
18.482160 4.585211 10.710487
18.498360 5.397595 10.134456
18.514900 3.516537 7.238601
18.531250 0.699863 2.407164
18.547720 -2.373824 -2.520435
18.564180 -4.136047 -6.242009
18.580660 -2.934862 -8.323196
18.613440 0.111023 -9.006387
18.630020 2.578334 -8.016445
18.646390 3.657297 -5.241785
18.662720 4.042804 -1.660170
18.679150 3.503804 1.916574
18.712080 1.891815 4.431156
18.728390 0.974511 5.134760
18.761330 2.122817 4.822144
18.777720 4.120614 5.058129
18.794290 5.115420 6.079409
18.810540 5.600604 5.987724
18.826980 6.327740 3.947072
18.843440 5.964987 1.526704
18.859910 4.000622 0.066967
18.876230 1.918341 -0.693692
18.892930 1.254905 -1.687504
18.909270 1.501430 -3.109023
18.925530 0.495505 -4.179649
18.958520 -1.990617 -4.280624
18.974910 -4.470942 -3.426270
19.007790 -5.871160 -1.735513
19.024170 -5.733249 0.146501
19.056970 -4.588151 1.039819
19.073440 -2.861754 0.985124
19.089850 -0.791424 1.468571
19.106240 0.814595 3.184392
19.122930 1.650633 4.818721
19.155480 2.081803 4.691037
19.172170 2.384646 2.933652
19.188290 3.154590 0.600972
19.451110 5.260354 -1.455564
19.467480 7.882756 -2.599804
19.484010 8.400025 -3.764280
19.500220 5.441572 -5.331010
19.516870 0.300463 -4.354917
19.549740 -5.271227 1.778183
19.566110 -9.733353 9.749259
19.582360 -10.346548 13.129102
19.598980 -5.158310 11.596578
19.615320 2.253881 9.880277
19.631790 4.507352 9.623098
19.648400 -0.407215 7.948536
19.664670 -7.406732 3.059398
19.681120 -10.734046 -2.189551
19.697490 -8.409693 -4.327033
19.713920 -2.692699 -2.917055
19.746660 3.013332 -0.358204
19.763360 6.450793 0.827613
19.796080 7.002514 0.422057
19.812420 5.350686 -0.419194
19.845350 2.450987 -1.038801
19.861850 -0.788091 -2.048212
19.894730 -2.852404 -3.480703
19.911100 -1.385272 -3.863112
19.944160 4.129801 -2.406397
19.960510 10.469629 0.211068
19.976880 12.681015 3.052411
19.993220 8.662934 5.898087
20.009750 2.202698 8.270428
20.026240 -0.906539 8.214344
20.042570 1.082460 4.156949
20.058990 4.586864 -2.656671
20.075500 4.688677 -8.527071
20.091870 0.795134 -10.321948
20.108360 -3.326330 -8.077927
20.124750 -4.395234 -4.379719
20.141090 -2.626167 -1.607437
20.157510 0.032694 -0.865010
20.174130 3.091099 -2.135643
20.190450 6.605773 -3.569810
20.207010 9.421725 -3.119813
20.239730 9.519001 -1.188624
20.256110 6.235286 0.402874
20.288980 1.987946 1.344262
20.305510 -0.287545 2.454461
20.338240 -0.036328 3.113421
20.354610 0.961852 1.959370
20.371080 0.751690 -0.417453
20.387500 -0.422919 -1.836830
20.403950 -1.162146 -1.436290
20.436830 -1.516021 0.184412
20.453230 -2.407488 2.141048
20.486110 -4.161130 2.937473
20.502470 -5.841042 1.528667
20.535360 -6.125208 -1.043941
20.551860 -5.583403 -2.250880
20.584750 -5.417553 -1.035144
20.601120 -5.377301 1.001625
20.617610 -4.000352 1.927498
20.634130 -0.667034 1.427534
20.650390 2.797612 0.852134
20.666870 4.392668 1.706435
20.683140 4.118769 3.931643
20.699710 2.866256 5.938579
20.716260 0.729265 6.223686
20.732460 -2.192790 4.570707
20.749000 -4.704234 1.731361
20.765360 -5.828020 -1.253961
20.781840 -6.282021 -2.958308
20.798260 -6.972255 -2.317961
20.814750 -7.353188 -0.032728
20.831250 -6.266179 2.245549
20.847450 -3.487088 3.304394
20.880330 -0.600637 2.473352
20.896880 1.075097 -0.108272
20.913330 1.717214 -3.304324
20.929710 2.530032 -5.591795
20.946090 4.286523 -5.649427
20.978950 5.003140 -3.120929
20.995500 2.931632 0.489591
21.028220 -1.014923 2.648246
21.044720 -4.324257 2.473594
21.061070 -4.262792 1.886441
21.077580 -0.278174 2.857080
21.094020 5.145114 4.300180
21.110510 7.827579 3.148663
21.126900 5.938384 -0.843969
21.143380 1.917941 -3.594345
21.176210 -0.907287 -1.635316
21.192520 -1.675723 3.575992
21.209000 -1.469763 7.089438
21.225570 -1.307711 6.234927
21.241890 -1.248981 2.486388
21.258360 -0.208630 -2.164631
21.274720 2.387589 -6.212621
21.291140 5.367910 -8.112127
21.307450 6.910330 -7.196533
21.324020 6.294099 -4.442780
21.340340 4.197388 -1.983039
21.356870 1.900977 -0.415427
21.373230 1.312270 1.921092
21.389560 3.090422 5.303372
21.406120 5.055220 7.508323
21.422690 4.791178 6.829205
21.439110 2.089343 3.777809
21.455360 -1.257748 -0.095142
21.471880 -3.230437 -3.941733
21.488230 -2.900839 -6.629333
21.521210 -0.041371 -6.544244
21.537500 3.830974 -4.363512
21.570340 5.472630 -2.134959
21.586990 3.113746 -0.091587
21.619580 -1.853509 1.965279
21.636220 -5.499614 2.170143
21.668990 -4.668686 -1.225422
21.685370 -0.350194 -5.558393
21.701730 2.076360 -4.830235
21.718200 -2.966379 2.690907
21.734560 -13.782121 12.080679
21.751110 -21.483283 17.730372
21.767440 -19.633755 17.895797
21.783800 -10.714187 13.936689
21.800230 -2.461183 7.279866
21.816850 -0.213560 -0.434609
21.833360 -3.144910 -6.206459
21.849720 -6.120859 -7.582117
21.866300 -5.033680 -4.866453
21.882630 0.032483 -0.501975
21.899110 5.707593 3.119156
21.915350 8.247138 4.527134
21.931900 6.127175 3.984222
21.948350 0.614001 2.773676
21.964700 -4.267693 1.564682
21.981270 -5.098781 0.403696
22.014180 -2.676963 -1.398527
22.030500 0.646988 -2.953465
22.049210 4.249030 -1.646185
22.063380 8.360916 2.885281
22.079620 11.473420 7.618951
22.096140 10.334627 8.211247
22.112530 3.886640 3.708824
22.129030 -4.221876 -2.285490
22.145390 -8.359759 -5.460432
22.162210 -6.154580 -4.166064
22.178400 -0.611679 -0.691586
22.211320 3.323301 1.232977
22.227800 4.126019 -0.770530
22.260720 4.752730 -6.532823
22.276930 7.402767 -12.936795
22.293320 10.266626 -16.202203
22.309770 10.003965 -14.166053
22.326120 6.031874 -7.480970
22.359140 1.552505 0.496648
22.375460 -0.583081 6.231197
22.392220 -0.613324 7.525388
22.408280 -0.949074 5.017692
22.424770 -2.488703 1.812626
22.441430 -2.969371 -0.196260
22.457670 -0.830338 -1.748079
22.474130 2.346793 -3.446662
22.490480 3.079080 -2.832503
22.506890 -0.650452 2.308822
22.523390 -6.633473 9.912415
22.539910 -10.449445 15.625164
22.556230 -9.627304 17.037272
22.572590 -5.700360 15.021429
22.589830 -2.012418 11.007819
22.605620 0.072382 5.891178
22.621850 0.928008 1.065581
22.638350 1.033858 -2.857096
22.654740 0.763307 -6.242493
22.671450 0.172594 -8.156675
22.706710 -0.648895 -6.697456
22.720510 -1.060404 -2.189089
22.736760 0.117789 1.816055
22.753260 3.249048 2.919707
22.769800 6.378404 2.403225
22.786130 6.779442 1.769894
22.802650 4.262535 0.363549
22.819000 0.782089 -2.474937
22.835350 -2.778109 -5.481552
22.851730 -6.337185 -7.395445
22.868240 -8.159881 -7.896016
22.901260 -6.324562 -6.831823
22.917590 -2.508245 -4.137493
22.950460 1.015434 -0.430875
22.966910 5.913128 3.022797
22.999940 13.138693 5.386578
23.016580 18.389383 6.161562
23.049300 16.565520 5.343768
23.065530 8.974526 3.259477
23.098560 2.412552 0.515575
23.114780 0.851821 -1.897208
23.147630 2.003457 -3.340443
23.164360 1.226479 -3.383423
23.197110 -2.160269 -2.699406
23.213680 -3.599390 -2.875035
23.246410 -0.692572 -4.689548
23.265250 3.552093 -6.918073
23.295650 6.018992 -7.059800
23.311920 6.882385 -4.434941
23.344690 6.960454 -0.686319
23.362330 5.211338 2.152288
23.394160 2.031301 3.095878
23.410530 -0.607557 2.520973
23.443520 -2.231104 1.727903
23.459600 -2.461016 2.096823
23.492510 -0.446702 3.472189
23.508980 3.464841 4.000619
23.541770 6.558027 2.978551
23.558250 6.593864 1.890661
23.591480 5.161879 1.608925
23.607600 4.195921 0.977196
23.640380 3.419350 -1.033752
23.656870 2.766454 -3.458574
23.691950 2.871277 -4.411022
23.706350 1.374266 -2.760276
23.739120 -6.694723 1.253626
23.755560 -20.783958 5.633193
23.772060 -31.969744 7.867406
23.788380 -31.556941 7.866797
23.804750 -20.934116 7.703493
23.821260 -9.116120 8.239657
23.837620 -2.549501 7.950661
23.854300 -1.285586 5.754307
23.870420 -1.395853 2.823665
23.886840 -0.098466 0.876024
23.903360 2.205080 0.311151
23.919800 4.225455 -0.201494
23.936430 5.170186 -1.886451
23.952510 4.635091 -4.185671
23.969010 2.398401 -5.893753
23.985510 -0.547964 -6.994046
24.001870 -2.307174 -7.976238
24.034980 -2.224040 -8.137404
24.051240 -1.598961 -6.178220
24.084000 -1.994915 -2.537347
24.100530 -2.951594 0.418886
24.133370 -3.071435 1.655992
24.149620 -2.391581 2.438784
24.182630 -2.108170 3.939165
24.199020 -2.110185 5.303607
24.215450 0.058053 4.490209
24.231790 5.330490 1.532526
24.248380 10.944204 -1.200322
24.264740 13.604241 -1.823340
24.297760 12.395434 -0.827605
24.313890 8.560745 -0.005716
24.330340 3.139053 -0.187048
24.346870 -2.797498 -0.994345
24.379930 -6.818713 -1.736290
24.396140 -6.876935 -2.433365
24.428810 -3.357993 -2.903751
24.445380 1.231554 -2.172448
24.478380 5.068572 -0.037047
24.494590 7.209563 2.422115
24.527670 6.811477 3.537941
24.543970 4.477699 2.402076
24.577130 1.740464 -0.442495
24.593400 -0.012712 -3.509564
24.609760 -0.769997 -4.928511
24.626110 -1.278350 -3.711377
24.642620 -0.886230 -0.738405
24.659140 1.622295 2.568646
24.675490 6.018030 5.243707
24.692050 9.818498 6.173809
24.708310 9.792555 4.322549
24.724730 5.812785 0.439854
24.741180 1.391523 -3.068880
24.774020 -0.781391 -4.241249
24.790490 -1.161999 -2.996255
24.823350 -1.417420 -1.583262
24.839640 -1.907662 -1.796317
24.872600 -1.514639 -2.956059
24.888830 0.678104 -3.229423
24.921890 4.430157 -2.028780
24.938250 8.448272 -1.378151
24.971260 10.988566 -2.058664
24.987510 10.343689 -1.526861
25.020730 5.934692 1.668355
25.036890 -0.292355 5.287729
25.069740 -4.880572 6.139946
25.086420 -5.107825 4.153094
25.118980 -2.969677 1.691856
25.135510 -5.020022 0.753107
25.168220 -13.077968 1.598806
25.184710 -21.171366 2.065322
25.217630 -22.330727 0.411717
25.234050 -16.032342 -2.478681
25.266770 -7.953797 -3.882285
25.283270 -2.312535 -2.770036
25.299630 -0.311853 -0.882991
25.316270 -1.474140 1.415855
25.334700 -3.537993 4.592185
25.349210 -4.076091 7.376378
25.365520 -1.799529 7.724428
25.381890 1.945838 4.982512
25.398400 3.812613 1.072924
25.414660 1.832347 -0.957983
25.434220 -1.931012 0.407492
25.447640 -3.342885 3.758094
25.464020 -1.757878 5.542418
25.480370 -0.022598 3.384247
25.496840 -0.148355 -1.537921
25.513380 -0.644085 -6.253649
25.529640 1.639632 -8.815075
25.562680 6.255514 -8.932357
25.579180 9.938399 -6.704777
25.611750 10.411968 -2.895709
25.628250 7.947815 0.281712
25.661110 4.404278 1.545160
25.677800 0.282390 1.858447
25.710390 -4.490396 1.996309
25.727050 -8.324882 1.466954
25.743550 -8.410519 0.453195
25.765000 -3.665891 0.713707
25.779480 3.565092 2.743229
25.792770 8.715047 4.431032
25.808960 7.582951 4.435444
25.825430 1.299912 3.151190
25.841880 -3.396833 1.393171
25.858380 -1.362349 0.664120
25.874890 5.385456 2.140516
25.891410 10.250763 4.794412
25.907720 10.361355 6.000851
25.924000 7.396126 4.537907
25.956890 2.826648 1.470390
25.973350 -1.226829 -1.041736
26.006290 -2.291403 -0.935292
26.022660 -0.369600 1.795261
26.039040 2.559592 4.307524
26.055390 5.316857 3.333049
26.071850 7.570957 -0.913466
26.090390 7.511589 -5.257635
26.104760 3.774204 -7.247802
26.121110 -1.118814 -6.613188
26.137590 -2.592006 -4.552638
26.153880 0.292314 -2.295361
26.170370 4.280127 -0.335164
26.186790 6.397689 1.313946
26.203220 6.077173 2.135631
26.219780 4.507553 1.193623
26.236130 3.068868 -1.291193
26.252510 2.651469 -3.228671
26.268880 2.978351 -2.985771
26.302190 2.663113 -1.500016
26.322740 1.298934 -0.205736
26.351660 -0.027985 0.035756
26.367820 -0.425387 -1.986646
26.400820 -0.391795 -6.164559
26.422140 -0.236233 -9.619584
26.449800 1.540733 -9.322622
26.466080 5.745147 -6.311788
26.499140 10.655544 -3.763205
26.515780 12.995751 -1.602319
26.548560 10.725820 1.825913
26.565090 5.806258 5.803161
26.597940 1.581109 8.063752
26.614320 -0.576452 7.645561
26.647020 -1.131020 5.661912
26.663680 -0.714985 3.653533
26.679910 0.380462 2.547817
26.696440 0.323484 1.989590
26.712810 -2.341353 0.944413
26.748890 -5.983046 -0.407893
26.762140 -7.198907 -1.014226
26.778230 -3.878279 -0.313970
26.794750 2.394121 0.931360
26.810990 7.616786 1.590198
26.827500 8.309755 1.616170
26.843990 4.926851 1.427248
26.860700 1.282655 1.600849
26.876760 -0.071773 2.688456
26.893380 0.619754 4.347842
26.909750 1.630281 4.758224
26.926000 2.015937 2.275541
26.942540 2.664616 -1.589312
26.958970 4.045802 -3.691626
26.975480 5.206691 -3.135576
26.991970 4.549353 -1.697400
27.008240 1.306922 -1.340942
27.041130 -2.321423 -2.349233
27.057480 -4.040766 -4.369821
27.090530 -2.791029 -7.222627
27.106750 -1.325455 -10.013402
27.123130 -7.651738 -12.473281
27.139630 -23.328435 -15.204680
27.156000 -38.519265 -16.991171
27.172630 -41.348577 -15.299650
27.188850 -30.222341 -9.510357
27.205490 -15.167184 -3.047597
27.222100 -5.134105 -0.653991
27.238260 -1.664315 -2.869217
27.254610 -1.775961 -6.842700
27.271010 -1.776574 -9.272463
27.287610 -0.645420 -7.311809
27.304010 0.317387 -2.041801
27.320580 0.150047 0.904447
27.336870 -1.563764 -2.823012
27.353130 -4.661332 -9.370022
27.386000 -7.526634 -10.883254
27.404200 -8.232287 -8.511867
27.435500 -6.579688 -11.411414
27.451760 -4.575460 -22.625044
27.484590 -4.047931 -33.352098
27.500980 -4.570241 -33.745758
27.534000 -4.621040 -24.745531
27.550500 -3.690998 -14.599447
27.583090 -2.438335 -8.183144
27.599670 -1.203955 -3.776321
27.632470 0.525150 0.126943
27.648880 2.643534 1.534087
27.681710 3.419071 0.579641
27.698270 1.544851 0.155208
27.731700 -1.823548 1.480346
27.747640 -4.294705 2.437649
27.780380 -4.725050 1.411798
27.796830 -3.123115 0.619798
27.813130 0.347313 2.343221
27.829770 4.523898 6.896609
27.845940 7.324433 12.820711
27.862640 7.181920 16.720456
27.878990 4.656185 15.904413
27.895350 1.648690 10.529959
27.911770 -1.117300 2.376067
27.928140 -3.820542 -7.762006
27.944630 -6.197757 -18.452956
27.960980 -7.078992 -26.592770
27.977540 -7.039819 -22.151354
27.993870 -6.270132 0.265234
28.026750 0.434503 18.125561
28.289820 15.140831 6.876391
28.306140 30.124955 -26.530772
28.322650 34.923392 -50.061863
28.338960 27.841271 -44.736889
28.355370 16.716622 -25.900658
28.371880 6.936006 -11.229977
28.388200 -0.460056 -3.619647
28.404720 -4.318414 -0.825396
28.437490 -4.309360 0.541045
28.454020 -2.498667 2.089144
28.470380 -2.767245 2.597147
28.486850 -5.767259 0.776032
28.503450 -8.326937 -1.992336
28.519760 -7.935306 -3.387211
28.569000 -3.843482 -2.604027
28.585360 2.037580 -0.566615
28.634780 6.283043 1.312662
28.667470 6.234994 2.015903
28.683840 2.195651 1.384510
28.716820 -1.752448 0.990706
28.733330 -3.018454 2.222473
28.766120 -2.655472 4.202284
28.782470 -1.902345 5.356499
28.815390 -1.395342 4.776347
28.833070 -1.126117 2.623148
28.864650 -0.563941 0.354658
28.881170 1.050554 -0.071811
28.914330 3.746838 0.989737
28.930680 6.028438 0.492526
28.963150 6.970946 -2.260675
28.979650 5.276393 -4.732727
29.012630 1.536454 -5.016272
29.029030 -0.559938 -3.568906
29.062020 -0.133824 -1.800542
29.078270 0.307607 0.123512
29.111150 -1.308970 2.154390
29.127500 -3.472600 3.701029
29.160350 -3.641541 4.502946
29.176980 -2.831144 4.458257
29.209790 -2.765380 3.507672
29.226120 -2.837998 1.100586
29.259020 -2.537731 -2.313085
29.275350 -3.474989 -4.340860
29.308140 -6.600269 -3.594180
29.324590 -10.030341 -0.848734
29.357660 -10.267532 2.043531
29.373960 -5.587516 3.302185
29.406900 0.462202 2.349455
29.423250 3.500979 0.432488
29.456110 2.290711 0.289137
29.472490 -1.725635 2.719314
29.505380 -3.922718 4.164825
29.521730 -1.114136 1.145735
29.554630 4.799603 -4.097030
29.571070 8.432052 -6.510649
29.603840 6.580147 -4.165775
29.620370 2.548610 0.633823
29.653090 1.221687 3.737145
29.669580 5.058090 4.179534
29.702450 12.849904 4.438239
29.719000 19.825003 5.318421
29.735230 21.427636 4.248934
29.751750 17.074781 -1.192008
29.768250 10.718486 -8.220340
29.784610 5.402268 -10.375490
29.801100 0.984461 -5.688211
29.817450 -3.787803 2.398082
29.833970 -11.405869 10.220604
29.850370 -22.420640 14.951016
29.866740 -31.892804 14.926529
29.899620 -32.801841 10.557459
29.915930 -24.458319 5.068062
29.949060 -13.524934 1.778938
29.965420 -4.634231 0.486392
29.998550 2.406595 -0.238404
30.015050 6.775246 -0.512430
30.047780 5.464329 0.302559
30.064320 -1.095761 1.997264
30.096860 -7.598948 3.351044
30.113270 -10.384823 3.052766
30.146110 -10.283723 0.750955
30.162490 -8.925541 -2.017729
30.195360 -6.640929 -1.941554
30.211770 -3.329842 3.212465
30.244730 0.106617 9.521579
30.261080 2.624484 10.120931
30.293880 3.523936 4.037037
30.310370 1.779810 -2.307133
30.343140 -1.291695 -2.313401
30.359720 -1.355894 2.649126
30.392730 3.680143 6.116016
30.409030 9.765078 5.384785
30.441780 11.974169 2.466326
30.458290 10.628906 0.021579
30.491020 7.880785 -0.722399
30.507690 3.536166 -0.114476
30.540390 -1.661493 1.581392
30.556920 -3.627899 3.619612
30.589710 -1.177182 3.669693
30.606140 1.603687 2.228873
30.638970 1.860072 1.660189
30.655380 0.929470 1.468838
30.688230 1.216994 -0.108880
30.704900 1.846395 -2.477900
30.737380 1.246600 -1.927472
30.754060 0.404588 2.156495
30.786730 0.427930 5.312046
30.803240 0.595137 5.333109
30.836260 -1.492012 4.514982
30.852600 -5.317653 4.242876
30.885280 -7.345975 3.107589
30.902960 -6.046278 0.582053
30.934770 -2.916519 -1.686013
30.951020 -0.702621 -1.823212
30.983850 -0.250131 0.010033
31.000360 0.222143 2.123313
31.033270 2.166715 2.880944
31.049630 4.775335 0.862521
31.082500 6.390625 -3.280843
31.098870 6.565177 -6.313959
31.131730 5.967078 -5.736525
31.148260 4.814061 -2.520181
31.180870 2.991585 0.170838
31.197300 1.239463 0.409544
31.230250 0.295122 -0.898645
31.246750 -0.688255 -1.365582
31.279590 -3.194123 0.045516
31.296120 -6.876399 2.328765
31.328850 -8.967283 3.981680
31.345320 -6.974918 4.334880
31.378250 -2.352367 3.920475
31.394620 0.866762 3.811032
31.427370 1.376308 4.332864
31.443880 1.514904 4.775549
31.476750 2.208731 3.700500
31.493010 1.548595 2.051769
31.525950 -0.187234 8.380098
31.542510 0.682417 25.909397
31.985880 5.291677 39.572623
32.018840 9.654831 34.588385
32.035240 10.522331 14.640410
32.068100 8.914938 -4.007000
32.084470 6.914821 -11.564783
32.100990 4.784578 -10.604379
32.117360 2.551564 -4.869159
32.133840 1.315972 1.460233
32.150230 1.379993 3.126606
32.166740 2.128082 0.477218
32.182920 2.005772 -2.790406
32.199560 -0.547693 -4.742192
32.216310 -3.330449 -4.456094
32.232480 -3.552925 -2.209767
32.265210 -3.198413 0.371215
32.281560 -4.962602 1.198402
32.298120 -6.758333 -0.083542
32.314430 -4.676413 -0.879646
32.331100 -0.129934 -0.047976
32.347360 2.221825 0.182619
32.363670 2.698650 -2.657924
32.380230 4.107481 -7.268585
32.396730 5.649953 -8.941359
32.413040 5.238776 -5.739439
32.429430 3.221834 -0.460313
32.445920 1.116753 3.370458
32.462320 -0.934863 4.624790
32.478860 -2.767294 4.452677
32.511710 -3.226225 4.534975
32.527940 -2.370205 5.443483
32.560960 -1.388867 6.469368
32.577340 -0.587901 5.105027
32.610230 -0.302905 -3.222305
32.626710 -1.364765 -19.672130
32.661710 -3.412387 -36.882209
32.676260 -4.402921 -44.483992
32.692500 -3.373423 -39.687035
32.709000 -2.855175 -29.084380
32.725420 -4.092278 -19.682947
32.742040 -4.355801 -11.794155
32.758280 -1.501604 -2.355574
32.774470 2.490354 8.780240
32.790970 3.463677 17.540199
32.807480 0.891200 19.135857
32.824020 -1.503611 12.801890
32.840330 -1.101933 2.196398
32.856910 0.395355 -7.915513
32.873240 0.436320 -14.214351
32.889850 -0.723970 -13.727579
32.906120 -1.909497 -3.999122
32.922380 -2.646861 11.227179
32.938930 -2.855207 21.935940
32.955360 -2.051656 20.833249
32.971780 -0.335100 10.624098
32.988070 0.589742 0.558709
33.004610 -0.007740 -3.571675
33.021000 -1.182889 -1.546306
33.037370 -2.400032 3.749339
33.053880 -3.276922 7.348486
33.070250 -2.858842 6.637784
33.103260 -0.775468 3.593019
33.119440 1.943930 1.738445
33.152370 3.471005 1.553193
33.168880 3.172981 0.588668
33.201560 2.307684 -2.148552
33.218100 1.566365 -5.459940
33.251000 -0.235394 -7.523313
33.267380 -2.676767 -7.307030
33.300370 -2.792789 -4.549315
33.316760 -0.117878 -0.290571
33.349450 1.700885 2.786558
33.366000 -0.196507 3.522979
33.398870 -3.376144 3.119423
33.416420 -4.540371 1.915258
33.448190 -4.317125 -1.043823
33.464600 -4.096702 -4.377357
33.497360 -3.320150 -4.751293
33.513810 -1.076660 -2.108309
33.546590 2.073083 0.176026
33.563120 4.560613 0.213597
33.596010 4.470745 -0.889009
33.612320 2.113569 -1.914646
33.645510 -0.099018 -2.127485
33.661940 -0.800364 -0.768302
33.694840 -0.287541 1.087704
33.711160 0.442094 2.110773
33.744140 1.405226 2.388234
33.760470 1.715441 2.174175
33.793450 0.200744 0.830087
33.809700 -1.409214 -1.472269
33.842560 23.381323 10.473941
33.859150 -51.959286 -26.345021
33.891740 -117.215207 -57.986629
