0.131350 652.394400 373.936500
0.147830 660.004800 384.111000
0.164180 661.046400 390.169500
0.180730 690.580800 411.631500
0.197270 691.303200 394.138500
0.213500 691.404000 397.288500
0.229980 691.252800 417.564000
0.246400 668.757600 373.968000
0.262880 669.530400 377.275500
0.279300 652.159200 399.892500
0.295590 714.840000 440.338500
0.312260 714.168000 434.374500
0.328610 685.994400 409.080000
0.345150 673.596000 402.843000
0.361450 673.713600 405.846000
0.377810 682.416000 431.256000
0.394410 682.718400 399.850500
0.410580 683.676000 403.095000
0.427060 688.531200 427.182000
0.443600 696.746400 428.736000
0.459960 695.940000 422.772000
0.476500 516.314400 335.233500
0.492740 525.672000 315.210000
0.509340 528.712800 325.647000
0.525570 526.310400 358.911000
0.542110 570.696000 351.760500
0.558470 570.024000 348.337500
0.574950 557.457600 348.484500
0.591490 565.874400 328.482000
0.607850 564.631200 324.933000
0.624330 561.002400 348.274500
0.640630 516.784800 360.717000
0.657040 516.499200 359.887500
0.673400 545.428800 358.333500
0.689940 721.896000 326.025000
0.706300 721.358400 316.249500
0.722840 727.440000 304.920000
0.739200 745.718400 348.012000
0.755680 745.752000 348.820500
0.772220 732.782400 312.322500
0.788450 723.643200 328.545000
0.821470 743.500800 320.911500
0.837830 716.671200 289.327500
0.854370 717.259200 296.152500
0.870730 689.102400 342.216000
0.887080 691.437600 356.139000
0.903440 692.244000 362.586000
0.920170 693.201600 330.918000
0.936460 706.725600 362.124000
0.952880 706.036800 358.890000
0.969360 711.748800 368.791500
0.985600 701.349600 328.597500
1.002080 702.105600 335.496000
1.018620 716.872800 348.967500
1.035030 691.639200 389.319000
1.051330 692.479200 395.703000
1.067930 713.193600 364.518000
1.084350 712.992000 363.615000
1.100770 712.320000 356.947500
1.117550 725.659200 347.371500
1.133610 741.115200 365.778000
1.149960 741.048000 362.575500
1.166320 685.272000 349.324500
1.182860 547.663200 356.212500
1.199220 547.612800 356.034000
1.215640 541.531200 341.670000
1.232060 529.536000 367.447500
1.265080 523.521600 337.596000
1.281490 526.192800 342.016500
1.297730 524.966400 338.698500
1.314210 528.225600 345.912000
1.330690 502.118400 330.981000
1.347290 502.185600 331.180500
1.363400 539.868000 348.022500
1.379940 614.712000 333.091500
1.412720 611.385600 330.235500
1.429260 571.888800 325.909500
1.462400 600.280800 344.830500
1.478580 580.960800 338.793000
1.495120 582.052800 342.174000
1.511540 587.647200 321.751500
1.527830 585.160800 314.254500
1.544310 585.127200 314.065500
1.560610 591.091200 310.243500
1.577090 589.075200 362.134500
1.610110 578.659200 372.529500
1.626340 607.236000 362.985000
1.642700 607.756800 366.366000
1.659360 597.340800 321.006000
1.675720 512.198400 352.936500
1.692080 512.265600 353.125500
1.708500 501.244800 349.282500
1.724980 484.730400 333.133500
1.757870 492.676800 362.334000
1.774290 498.489600 327.463500
1.790650 495.700800 319.399500
1.807070 481.605600 307.198500
1.823550 482.798400 298.326000
1.840090 481.840800 294.808500
1.856320 488.611200 351.613500
1.872740 472.567200 335.401500
1.889220 472.886400 336.241500
1.905760 499.581600 334.383000
1.922120 510.804000 338.404500
1.938660 508.603200 331.852500
1.955320 486.645600 300.804000
1.971620 561.825600 300.751500
1.989200 563.606400 307.524000
2.004330 577.668000 337.701000
2.020630 607.000800 325.909500
2.037230 607.454400 329.353500
2.053830 597.408000 343.339500
2.070010 552.283200 334.624500
2.086430 554.248800 341.512500
2.102840 616.341600 328.786500
2.119630 594.064800 369.631500
2.135680 595.711200 376.225500
2.152280 587.126400 379.186500
2.168640 611.419200 388.584000
2.185000 609.907200 382.105500
2.201660 578.592000 346.521000
2.217900 513.038400 327.694500
2.250730 501.664800 360.391500
2.267270 524.378400 372.382500
2.283630 526.579200 378.966000
2.300170 500.589600 343.234500
2.316650 525.823200 373.537500
2.350460 518.246400 347.445000
2.365720 498.926400 327.526500
2.382140 495.432000 316.753500
2.398500 525.268800 340.252500
2.415160 511.274400 353.241000
2.432800 510.871200 352.653000
2.447750 571.032000 347.035500
2.464420 553.694400 368.266500
2.480900 556.886400 378.147000
2.497560 594.820800 357.672000
2.513920 750.439200 351.529500
2.530270 749.800800 335.391000
2.550170 744.576000 323.631000
2.563050 706.305600 330.550500
2.579350 706.339200 333.669000
2.595640 751.464000 339.916500
2.612430 752.841600 360.255000
2.628780 753.715200 366.576000
2.649050 756.621600 362.281500
2.661740 760.267200 357.157500
2.677860 759.124800 343.360500
2.694520 751.598400 311.787000
2.710750 755.563200 297.244500
2.727910 756.218400 312.417000
2.743770 709.917600 355.971000
2.760130 706.658400 401.446500
2.776670 706.591200 398.338500
2.792850 690.312000 321.583500
2.809330 711.043200 337.134000
2.825560 710.472000 333.564000
2.842040 715.612800 337.186500
2.858460 704.760000 328.503000
2.875000 705.499200 335.506500
2.891300 697.116000 372.130500
2.907650 698.090400 372.571500
2.924190 697.267200 362.953500
2.940730 698.796000 331.191000
2.957030 685.423200 355.278000
2.973510 685.591200 358.218000
2.989930 686.582400 338.541000
3.006350 707.649600 342.762000
3.022890 708.271200 346.311000
3.039370 722.097600 436.054500
3.055600 697.250400 440.044500
3.072080 695.688000 428.452500
3.088560 739.989600 404.733000
3.104920 722.887200 403.914000
3.121340 723.424800 409.794000
3.137700 725.121600 421.932000
3.154240 717.864000 446.376000
3.170590 717.897600 449.253000
3.187190 729.052800 479.272500
3.203610 723.105600 495.453000
3.219850 723.693600 500.892000
3.236330 734.966400 427.213500
3.252750 728.246400 413.416500
3.285520 703.819200 440.034000
3.302190 715.108800 421.701000
3.318480 714.470400 415.705500
3.335020 716.419200 412.755000
3.351380 715.176000 424.032000
3.384220 703.819200 444.969000
3.400570 707.028000 441.336000
3.433590 735.991200 452.266500
3.449890 751.833600 461.097000
3.466370 751.648800 463.701000
3.482910 753.681600 460.120500
3.499330 774.933600 458.797500
3.515810 775.336800 461.790000
3.532100 752.808000 449.074500
3.548460 737.301600 441.472500
3.564820 736.394400 429.933000
3.581360 738.007200 421.806000
3.597840 741.720000 405.720000
3.614260 742.056000 414.393000
3.632020 720.736800 406.455000
3.646910 688.699200 376.740000
3.663570 689.404800 380.131500
3.679810 726.633600 374.577000
3.696350 725.289600 365.767500
3.712710 724.180800 352.915500
3.729250 725.961600 333.753000
3.745540 767.020800 355.372500
3.762080 767.004000 364.780500
3.778440 740.779200 365.032500
3.794980 707.666400 378.945000
3.811340 708.304800 382.389000
3.827700 706.809600 381.265500
3.846560 775.639200 307.440000
3.860660 775.303200 303.870000
3.876950 725.575200 330.487500
3.893430 708.489600 371.143500
3.909970 709.884000 384.226500
3.926330 818.798400 335.485500
3.942870 802.284000 353.755500
3.975590 800.973600 359.646000
3.991940 801.024000 381.097500
4.024960 794.589600 370.629000
4.041320 786.290400 386.977500
4.075200 790.087200 375.133500
4.090700 789.667200 369.999000
4.123470 814.060800 368.697000
4.139830 757.226400 357.703500
4.156310 756.924000 351.004500
4.175050 633.712800 432.810000
4.189210 623.599200 429.849000
4.205630 621.717600 421.039500
4.221920 661.466400 416.850000
4.238590 665.817600 428.568000
4.254940 666.254400 433.944000
4.271360 658.963200 449.074500
4.287660 619.768800 474.421500
4.304380 621.919200 480.091500
4.320620 663.986400 481.855500
4.337100 680.047200 467.743500
4.353450 678.266400 457.054500
4.370000 692.244000 442.102500
4.386350 672.487200 400.512000
4.402650 673.831200 412.146000
4.419250 675.729600 454.009500
4.435610 675.897600 460.792500
4.451970 676.821600 466.221000
4.468690 674.016000 492.481500
4.484990 676.804800 475.797000
4.517700 685.440000 503.181000
4.534240 689.136000 508.651500
4.550600 689.791200 508.945500
4.566960 687.422400 454.755000
4.583440 683.071200 474.453000
4.599850 681.307200 463.575000
4.616330 683.407200 425.040000
4.632690 676.468800 413.290500
4.649230 676.888800 418.929000
4.665470 678.468000 433.177500
4.681950 679.442400 443.646000
4.698490 681.038400 452.592000
4.714780 654.746400 463.522500
4.731320 644.464800 455.185500
4.747680 641.608800 440.832000
4.764220 675.427200 437.524500
4.780580 665.481600 408.082500
4.797060 664.591200 404.932500
4.813480 679.341600 467.197500
4.831790 665.296800 480.112500
4.846500 666.372000 485.793000
4.862670 744.189600 459.322500
4.879030 726.650400 446.659500
4.911990 718.149600 427.959000
4.928470 706.272000 465.591000
4.944820 706.994400 471.303000
4.961610 705.717600 457.537500
4.977840 738.897600 470.536500
4.994080 738.931200 467.827500
5.010560 714.352800 488.565000
5.027100 728.952000 486.412500
5.043460 728.397600 480.805500
5.059810 715.461600 443.110500
5.076540 702.340800 408.754500
5.092650 701.618400 405.846000
5.109070 611.436000 461.359500
5.125670 610.680000 452.560500
5.141970 611.620800 455.563500
5.160160 634.048800 432.705000
5.174990 609.319200 408.177000
5.191350 607.790400 401.908500
5.207700 619.348800 423.874500
5.224060 609.537600 394.999500
5.256900 629.731200 414.613500
5.273440 672.100800 403.116000
5.289980 672.352800 408.639000
5.306340 649.958400 458.598000
5.322750 622.608000 456.540000
5.339110 624.439200 462.042000
5.355530 661.600800 472.741500
5.372130 631.562400 446.491500
5.388670 630.336000 441.063000
5.404970 652.377600 412.986000
5.421260 654.007200 569.163000
5.437810 654.998400 573.268500
5.651490 651.772800 459.417000
5.667850 656.308800 469.455000
5.684270 654.175200 458.713500
5.700810 642.280800 462.189000
5.721740 643.288800 475.030500
5.733760 642.684000 475.125000
5.750310 634.989600 465.664500
5.766660 647.992800 494.928000
5.783140 651.554400 511.066500
5.799500 648.177600 494.287500
5.818480 657.031200 498.225000
5.833370 655.216800 487.326000
5.848510 643.188000 486.486000
5.864870 609.218400 430.678500
5.881470 606.345600 419.338500
5.897890 639.088800 429.009000
5.914120 642.734400 414.855000
5.947140 626.505600 402.738000
5.963500 629.160000 437.262000
5.996460 642.062400 424.893000
6.013000 627.412800 443.856000
6.029240 627.799200 446.743500
6.045780 632.469600 461.884500
6.062070 629.630400 443.152500
6.078610 630.604800 446.176500
6.094790 655.099200 474.117000
6.111390 630.520800 472.510500
6.127870 629.160000 466.798500
6.144710 641.340000 422.919000
6.160520 700.140000 437.892000
6.177060 699.400800 432.232500
6.193600 684.028800 433.419000
6.209840 678.232800 477.088500
6.242740 695.335200 451.227000
6.259090 687.120000 471.019500
6.275570 687.943200 476.353500
6.291990 668.001600 455.490000
6.308470 693.050400 466.935000
6.325010 693.856800 472.447500
6.341490 682.248000 440.160000
6.357970 624.607200 507.349500
6.374210 623.246400 502.120500
6.390750 526.680000 468.741000
6.407100 517.624800 457.758000
6.423460 516.163200 455.101500
6.440060 543.076800 462.084000
6.456600 526.713600 484.186500
6.472840 528.897600 489.730500
6.489320 518.061600 484.816500
6.505740 533.366400 469.518000
6.522160 534.710400 472.321500
6.538640 539.128800 482.737500
6.554990 545.496000 471.334500
6.571410 546.201600 474.033000
6.587890 582.254400 191.887500
6.604430 605.136000 162.508500
6.620610 605.169600 162.750000
6.637150 575.601600 179.497500
6.653560 618.576000 181.923000
6.669980 617.954400 177.901500
6.686520 617.400000 180.348000
6.702820 615.686400 168.199500
6.719240 615.652800 167.968500
6.735720 601.188000 178.374000
6.751950 504.487200 193.284000
6.784850 489.031200 212.908500
6.801210 501.244800 208.131000
6.817750 502.202400 212.236500
6.834110 528.158400 221.802000
6.850650 521.892000 188.989500
6.866940 521.236800 185.020500
6.883480 496.960800 208.267500
6.916380 495.566400 195.951000
6.932980 511.828800 181.062000
6.949400 522.866400 209.832000
6.965700 525.100800 217.969500
6.982120 612.091200 220.752000
6.998900 603.036000 237.468000
7.031370 624.489600 253.669500
7.047850 596.652000 223.293000
7.064270 598.248000 231.178500
7.080690 597.676800 288.655500
7.097170 627.597600 281.988000
7.113650 626.220000 274.575000
7.130190 618.055200 191.320500
7.146360 711.060000 94.794000
7.163090 710.304000 81.511500
7.179320 795.967200 43.764000
7.195920 755.008800 36.949500
7.212040 754.992000 36.697500
7.228640 766.063200 55.996500
7.246950 766.785600 104.632500
7.261470 766.382400 112.633500
7.278140 782.040000 89.754000
7.294190 791.935200 108.948000
7.311040 792.674400 108.958500
7.327150 837.631200 100.642500
7.343750 847.660800 77.395500
7.359990 848.450400 60.564000
7.376220 849.139200 49.423500
7.392700 837.194400 54.925500
7.425600 825.249600 44.551500
7.442140 818.244000 38.976000
7.458740 817.908000 43.302000
7.475040 835.716000 45.129000
7.491520 853.557600 56.091000
7.507930 853.087200 65.215500
7.524350 849.290400 61.309500
7.540890 847.089600 133.350000
7.557310 847.291200 137.476500
7.574950 937.154400 122.860500
7.590030 937.003200 135.807000
7.606380 937.036800 135.576000
7.622990 927.360000 106.176000
7.639280 938.128800 113.578500
7.675290 948.511200 107.646000
7.688600 950.880000 112.140000
7.705140 952.106400 103.666500
7.721370 957.112800 104.359500
7.737850 907.586400 90.289500
7.754270 908.443200 81.837000
7.770750 901.034400 76.356000
7.787050 900.933600 78.477000
7.803650 900.328800 82.666500
7.820010 884.587200 109.473000
7.836430 878.740800 125.023500
7.869260 880.773600 117.831000
7.886050 879.429600 119.206500
7.902400 880.101600 110.701500
7.918820 885.343200 100.296000
7.935000 894.684000 100.537500
7.967770 553.089600 66.286500
7.984130 548.923200 71.127000
8.017210 575.870400 72.628500
8.033510 581.515200 79.684500
8.066160 563.304000 79.243500
8.082820 559.641600 80.755500
8.115720 594.955200 52.090500
8.132080 585.362400 73.741500
8.148500 586.941600 82.414500
8.164860 586.656000 93.439500
8.181400 599.676000 106.879500
8.198180 601.188000 115.479000
8.214540 590.923200 124.645500
8.231020 608.160000 110.134500
8.247130 606.715200 101.503500
8.263370 705.482400 82.939500
8.280150 720.820800 82.435500
8.296390 720.266400 73.825500
8.313050 722.668800 85.480500
8.329410 726.936000 75.369000
8.346620 727.087200 79.705500
8.362430 725.306400 75.600000
8.378480 724.466400 91.749000
8.395260 725.541600 109.252500
8.411620 707.750400 140.962500
8.428040 830.642400 166.698000
8.444890 831.079200 162.571500
8.461060 851.978400 139.450500
8.477290 856.447200 110.397000
8.493770 856.396800 101.125500
8.510380 884.268000 127.743000
8.526670 895.339200 130.882500
8.543210 893.608800 151.840500
8.563840 894.734400 167.191500
8.575680 880.874400 173.407500
8.591980 880.790400 174.237000
8.608520 880.992000 167.800500
8.625180 871.332000 163.716000
8.641540 871.970400 155.358000
8.658080 951.132000 143.797500
8.674500 975.072000 152.449500
8.691040 975.945600 148.407000
8.707150 971.409600 151.861500
8.723450 965.865600 157.993500
8.739990 965.899200 157.762500
8.756230 958.272000 142.758000
8.772710 963.513600 147.514500
8.805730 955.886400 150.297000
8.822080 950.796000 148.449000
8.854920 944.277600 131.701500
8.871220 888.820800 126.388500
8.887820 889.560000 118.009500
8.904170 878.085600 113.494500
8.920780 884.671200 99.960000
8.953310 891.408000 99.414000
8.970090 903.067200 106.365000
9.002810 899.186400 99.498000
9.019350 905.872800 89.943000
9.035520 905.503200 89.565000
9.052120 882.772800 100.212000
9.068790 889.728000 115.720500
9.085140 888.266400 132.153000
9.101620 914.373600 142.212000
9.117860 751.900800 150.885000
9.134220 752.320800 142.810500
9.150760 495.801600 134.914500
9.166990 500.488800 123.417000
9.183650 496.104000 107.079000
9.200200 497.532000 115.143000
9.216800 490.375200 113.599500
9.249210 475.204800 77.836500
9.265930 509.896800 97.366500
9.298770 461.966400 107.688000
9.315120 473.272800 95.277000
9.331540 476.700000 108.171000
9.348140 511.862400 127.953000
9.364140 597.928800 137.025000
9.380680 601.087200 154.308000
9.397280 668.472000 180.379500
9.413820 652.377600 154.150500
9.430240 650.731200 141.246000
9.446350 601.255200 123.144000
9.462830 602.397600 146.202000
9.479190 599.860800 133.707000
9.495610 615.266400 132.079500
9.512080 625.766400 146.496000
9.528500 626.740800 150.696000
9.545230 522.076800 193.452000
9.561890 531.098400 179.655000
9.578060 531.854400 183.529500
9.594540 531.652800 181.597500
9.610720 527.352000 213.832500
9.627440 529.552800 221.928000
9.643800 534.844800 205.075500
9.661620 534.676800 199.332000
9.676570 532.610400 191.362500
9.692870 510.871200 211.459500
9.709290 510.048000 190.659000
9.725460 511.341600 194.617500
9.742000 565.420800 217.192500
9.758480 564.144000 212.373000
9.774960 562.934400 208.540500
9.791560 545.176800 194.176500
9.808040 529.855200 187.509000
9.824220 531.199200 191.625000
9.840760 578.340000 176.463000
9.856990 611.688000 205.894500
9.873540 611.654400 205.674000
9.890200 643.725600 187.246500
9.906250 632.318400 181.293000
9.922670 632.704800 185.419500
9.939270 632.133600 208.225500
9.955810 639.928800 248.535000
9.972410 641.205600 256.357500
9.989750 633.998400 211.428000
10.005310 629.395200 217.077000
10.021480 629.092800 213.024000
10.037840 659.971200 221.266500
10.054200 690.278400 231.336000
10.070500 689.724000 230.769000
10.086980 709.128000 235.042500
10.103640 699.132000 237.625500
10.120000 699.686400 237.468000
10.136660 666.187200 231.031500
10.153140 701.635200 213.423000
10.169250 700.224000 198.555000
10.185910 709.951200 195.342000
10.205630 689.018400 187.026000
10.218750 689.085600 191.005500
10.234860 674.100000 170.425500
10.251220 645.036000 194.838000
10.267700 645.859200 198.891000
10.284060 499.632000 223.912500
10.300480 554.484000 216.216000
10.316960 553.240800 212.194500
10.333500 571.216800 235.977000
10.349910 521.505600 221.340000
10.366390 521.572800 221.560500
10.382750 569.553600 234.675000
10.399230 553.593600 250.309500
10.432070 540.691200 240.303000
10.448430 498.724800 224.406000
10.481260 527.856000 237.688500
10.497740 521.404800 219.313500
10.514220 524.227200 230.359500
10.530460 600.600000 261.019500
10.547060 606.446400 262.615500
10.563480 606.849600 262.458000
10.579960 619.348800 267.750000
10.596190 585.429600 228.060000
10.612850 581.229600 209.527500
10.629090 568.276800 225.655500
10.645630 516.566400 248.671500
10.662110 518.784000 256.263000
10.678340 553.644000 282.597000
10.695070 536.424000 284.686500
10.711300 537.768000 288.225000
10.727840 556.332000 275.026500
10.744200 511.677600 298.137000
10.760500 510.266400 294.388500
10.777040 529.821600 269.440500
10.793520 493.785600 268.138500
10.810000 492.861600 264.600000
10.826350 533.618400 255.202500
10.842770 577.852800 228.238500
10.859070 576.727200 224.374500
10.875610 593.913600 250.351500
10.891970 617.904000 244.618500
10.908450 620.340000 255.853500
10.924800 613.569600 242.854500
10.941220 601.977600 261.733500
10.957580 601.070400 257.869500
10.974240 631.831200 256.966500
10.990600 580.608000 254.047500
11.007080 582.338400 261.639000
11.023500 597.273600 254.898000
11.039980 643.440000 273.336000
11.056210 643.036800 269.493000
11.073910 571.099200 267.855000
11.089230 520.783200 235.525500
11.105470 517.372800 224.248500
11.121950 556.012800 237.730500
11.138370 551.359200 243.148500
11.154850 553.308000 250.782000
11.171260 569.049600 276.906000
11.187740 565.320000 266.206500
11.204220 566.496000 269.808000
11.220460 547.780800 275.016000
11.237000 552.048000 263.235000
11.253300 550.838400 259.402500
11.269900 561.271200 251.968500
11.286190 525.285600 295.879500
11.302730 527.469600 303.114000
11.319210 516.297600 302.736000
11.335510 521.136000 337.659000
11.352110 520.464000 334.194000
11.368350 515.222400 286.345500
11.385010 514.147200 259.843500
11.401310 509.728800 245.070000
11.417720 535.701600 286.776000
11.434080 526.764000 285.190500
11.466980 599.424000 249.753000
11.483460 602.011200 261.103500
11.499940 603.472800 268.201500
11.516360 642.919200 282.586500
11.532590 633.645600 303.975000
11.549070 634.032000 307.555500
11.565610 628.723200 324.313500
11.581970 612.964800 321.069000
11.598330 613.015200 321.258000
11.614810 598.886400 270.616500
11.631350 626.472000 259.308000
11.647710 627.446400 262.951500
11.664180 636.434400 272.611500
11.680600 636.400800 272.412000
11.696960 636.367200 272.202000
11.713500 655.250400 275.593500
11.729920 579.163200 290.115000
11.746220 578.054400 286.608000
11.762570 538.104000 346.510500
11.779240 520.262400 335.863500
11.795410 519.674400 332.713500
11.812010 546.638400 330.970500
11.828490 543.950400 323.421000
11.845030 541.951200 316.554000
11.861210 514.365600 287.584500
11.877810 515.256000 302.064000
11.894100 516.146400 305.445000
11.910460 529.939200 307.639500
11.927120 534.592800 295.512000
11.943420 538.725600 309.676500
11.959960 553.560000 358.512000
11.976260 554.702400 363.310500
11.992800 553.912800 360.003000
12.009220 634.082400 343.213500
12.025570 679.089600 319.788000
12.042050 678.148800 312.858000
12.058410 670.370400 337.921500
12.075010 664.792800 356.905500
12.107730 675.007200 329.784000
12.124080 677.493600 306.064500
12.140440 676.754400 302.589000
12.157100 680.635200 311.934000
12.173340 661.768800 321.615000
12.189820 662.592000 325.311000
12.206240 699.619200 342.583500
12.222720 733.084800 321.825000
12.239260 732.597600 315.000000
12.255620 722.954400 330.760500
12.271910 704.726400 327.810000
12.288510 705.415200 334.330500
12.304870 718.552800 291.637500
12.321350 709.346400 297.685500
12.337770 710.018400 304.626000
12.354250 714.252000 313.855500
12.370480 762.081600 311.199000
12.386960 761.846400 304.353000
12.403320 775.320000 328.219500
12.420170 813.321600 303.628500
12.436580 813.472800 296.887500
12.452940 798.621600 333.259500
12.469540 842.436000 308.385000
12.485900 842.049600 315.010500
12.504210 834.926400 336.073500
12.518430 799.646400 359.047500
12.535160 799.293600 362.166000
12.551700 549.225600 350.269500
12.567990 574.492800 342.657000
12.584530 575.181600 345.649500
12.600710 551.174400 340.830000
12.617370 550.116000 367.626000
12.633480 550.636800 367.342500
12.649720 572.980800 357.535500
12.666380 567.672000 363.993000
12.682740 564.211200 351.613500
12.699160 556.516800 317.866500
12.715580 550.351200 326.634000
12.732240 552.232800 333.196500
12.748470 569.419200 340.683000
12.764890 635.863200 336.903000
12.781370 637.610400 346.699500
12.797550 696.242400 364.329000
12.814270 709.044000 354.291000
12.830440 709.060800 351.183000
12.847110 702.643200 372.351000
12.863530 680.551200 368.203500
12.879820 678.871200 358.354500
12.896360 702.206400 350.059500
12.912540 697.586400 362.071500
12.931700 699.048000 371.847000
12.945860 674.402400 388.048500
12.962100 700.560000 348.705000
12.978520 699.787200 341.922000
12.994870 703.920000 351.088500
13.011350 694.092000 349.377000
13.044130 728.414400 331.128000
13.060730 739.166400 336.409500
13.076970 739.233600 339.549000
13.093380 779.368800 330.592500
13.109680 738.259200 346.101000
13.126340 738.276000 346.290000
13.142760 760.401600 384.982500
13.159240 763.795200 336.672000
13.192140 556.180800 394.317000
13.208310 553.896000 392.091000
13.241760 523.437600 383.460000
13.257930 527.016000 384.184500
13.274350 526.142400 380.845500
13.290590 569.066400 357.997500
13.307070 544.387200 342.142500
13.323550 544.336800 341.964000
13.339840 551.863200 344.074500
13.356200 558.062400 344.253000
13.372740 555.912000 336.640500
13.389280 534.979200 357.819000
13.405640 505.915200 341.481000
13.422180 503.748000 335.139000
13.438660 625.951200 283.227000
13.455020 605.371200 294.934500
13.471680 608.462400 309.498000
13.489990 634.569600 322.854000
13.504090 648.328800 337.722000
13.520630 649.488000 344.337000
13.537290 635.443200 348.505500
13.553590 640.416000 350.857500
13.570130 639.576000 347.497500
13.586550 632.839200 360.150000
13.602970 628.420800 358.029000
13.619080 629.496000 361.525500
13.635500 644.767200 375.952500
13.652100 724.903200 371.217000
13.668520 724.332000 364.644000
13.684880 720.972000 368.088000
13.701350 710.488800 354.469500
13.717710 709.833600 348.127500
13.734250 710.724000 356.748000
13.750610 711.580800 354.816000
13.767030 711.547200 357.966000
13.783450 716.654400 376.992000
13.800170 730.363200 359.152500
13.816470 731.388000 372.120000
13.832700 756.806400 397.530000
13.849370 772.833600 404.691000
13.865600 772.632000 397.498500
13.882140 783.921600 353.787000
13.898380 790.776000 363.279000
13.931400 792.573600 386.893500
13.947750 716.570400 432.831000
13.964110 717.259200 436.537500
13.980650 581.280000 417.637500
13.997010 566.344800 416.041500
14.013610 562.699200 403.966500
14.029850 572.140800 387.019500
14.046390 579.499200 372.078000
14.079220 559.305600 361.830000
14.095640 538.255200 393.855000
14.128420 547.932000 381.475500
14.144900 543.261600 418.309500
14.177730 569.301600 390.369000
14.194150 554.988000 393.204000
14.210510 555.542400 396.196500
14.227170 693.336000 422.761500
14.245670 705.112800 377.359500
14.259890 705.667200 380.761500
14.276370 668.304000 407.904000
14.292600 660.256800 386.736000
14.309270 660.223200 386.568000
14.325560 692.496000 428.526000
14.341980 693.268800 416.388000
14.358460 694.058400 422.331000
14.374880 721.324800 406.864500
14.391240 717.158400 393.508500
14.424070 701.215200 390.432000
14.440610 695.620800 414.613500
14.456910 695.772000 417.501000
14.473510 737.923200 413.763000
14.489750 715.663200 428.715000
14.506410 715.713600 425.974500
14.522890 708.254400 435.309000
14.539370 708.758400 386.704500
14.555480 708.069600 380.373000
14.571960 658.778400 411.442500
14.588680 700.996800 393.214500
14.604980 701.904000 402.475500
14.621340 732.144000 406.581000
14.637760 759.964800 435.634500
14.654110 760.048800 432.715500
14.670650 765.928800 401.656500
14.686950 739.720800 376.614000
14.703490 739.284000 370.209000
14.719850 725.491200 362.722500
14.736390 747.096000 398.758500
14.752620 747.415200 407.988000
14.769170 748.776000 397.771500
14.785580 737.772000 421.323000
14.802000 738.208800 424.557000
14.818480 737.956800 404.533500
14.834840 717.309600 420.367500
14.851380 716.049600 408.135000
14.867740 606.228000 398.286000
14.884090 605.640000 396.658500
14.900570 604.178400 390.631500
14.916990 646.178400 399.808500
14.933590 662.877600 386.253000
14.949710 663.180000 389.119500
14.966370 636.132000 382.200000
14.982730 637.677600 398.433000
14.999390 638.954400 404.691000
15.019350 655.183200 413.248500
15.031980 626.757600 393.718500
15.048340 625.212000 386.547000
15.064760 612.410400 387.859500
15.081240 652.192800 380.404500
15.097720 651.840000 377.370000
15.114070 576.643200 424.609500
15.130620 577.046400 438.249000
15.146850 580.188000 449.820000
15.163450 550.989600 425.533500
15.179750 548.822400 452.634000
15.196350 551.224800 458.209500
15.212590 509.426400 442.050000
15.229190 521.085600 424.903500
15.245610 514.668000 407.421000
15.261840 560.952000 421.270500
15.278500 570.813600 448.203000
15.311220 540.775200 411.295500
15.327700 561.607200 424.095000
15.360600 566.059200 415.138500
15.376950 539.179200 419.527500
15.410100 498.556800 417.112500
15.426330 498.136800 419.779500
15.459110 503.361600 379.386000
15.475650 521.287200 451.027500
15.492000 522.799200 456.582000
15.508360 542.136000 424.567500
15.524900 572.796000 499.107000
15.541500 575.097600 504.430500
15.557620 626.522400 437.577000
15.574100 631.948800 408.429000
15.590580 627.967200 389.896500
15.606870 622.708800 401.268000
15.623540 608.428800 409.647000
15.640080 608.882400 412.482000
15.656370 588.856800 421.942500
15.672730 549.561600 449.169000
15.689150 555.038400 464.373000
15.705690 532.392000 467.449500
15.721980 546.856800 482.338500
15.738530 544.790400 476.689500
15.754880 553.711200 439.509000
15.771300 547.159200 480.417000
15.787840 546.655200 480.249000
15.804140 565.706400 487.242000
15.820740 584.539200 499.968000
15.836980 587.277600 507.916500
15.853390 559.154400 502.813500
15.869870 540.271200 479.734500
15.886350 538.406400 474.736500
15.902710 545.227200 478.558500
15.919130 580.675200 466.494000
15.935490 580.154400 463.774500
15.951840 548.772000 456.151500
15.968510 539.616000 444.622500
15.987490 539.565600 444.454500
16.001460 551.224800 458.682000
16.017820 653.738400 450.471000
16.034120 655.015200 458.934000
16.050600 679.828800 467.197500
16.066890 701.803200 466.935000
16.083440 702.576000 472.773000
16.099850 690.614400 466.840500
16.116270 675.309600 480.007500
16.132750 674.083200 471.628500
16.149170 630.924000 432.453000
16.165590 660.273600 462.577500
16.182010 658.123200 451.374000
16.198360 651.050400 443.761500
16.215700 645.069600 436.905000
16.231380 646.497600 445.200000
16.247740 760.670400 419.170500
16.264100 785.937600 456.645000
16.280760 786.357600 465.496500
16.297000 787.096800 457.695000
16.315920 790.154400 482.790000
16.329900 789.516000 482.254500
16.346370 790.372800 467.082000
16.362730 785.652000 497.385000
16.379330 786.290400 497.353500
16.395510 787.668000 476.269500
16.411870 812.095200 459.396000
16.428470 812.380800 448.612500
16.444890 798.823200 423.895500
16.461430 832.540800 430.825500
16.493960 894.247200 433.135500
16.510620 876.405600 406.098000
16.543460 899.673600 420.504000
16.559940 887.308800 444.087000
16.592650 850.550400 438.007500
16.609130 839.294400 439.498500
16.625490 839.092800 436.653000
16.644290 812.884800 420.073500
16.658510 541.917600 315.829500
16.674870 545.210400 326.214000
16.691350 538.339200 309.970500
16.707760 532.980000 316.932000
16.724000 531.518400 313.267500
16.740600 544.924800 358.837500
16.757020 542.690400 357.262500
16.773500 543.295200 360.213000
16.789860 553.089600 362.890500
16.806340 557.440800 344.757000
16.822690 560.582400 354.585000
16.838990 559.860000 393.298500
16.855530 546.638400 371.721000
16.874450 544.790400 365.725500
16.888430 560.145600 375.175500
16.905030 514.903200 333.238500
16.921260 513.340800 329.448000
16.937680 561.506400 373.065000
16.954100 570.511200 342.856500
16.973080 572.140800 348.957000
16.987000 560.498400 325.353000
17.003480 568.461600 325.006500
17.019840 567.940800 321.898500
17.036190 561.019200 309.676500
17.052670 557.961600 310.317000
17.069210 556.248000 303.996000
17.088200 528.276000 363.636000
17.101990 518.784000 352.999500
17.134890 559.036800 363.394500
17.151250 591.746400 362.019000
17.167720 593.796000 371.395500
17.183960 605.707200 372.813000
17.201970 621.667200 384.940500
17.217160 623.716800 391.251000
17.233520 620.575200 357.399000
17.249880 614.157600 350.626500
17.266240 609.840000 330.876000
17.282590 587.529600 286.503000
17.300170 595.576800 292.477500
17.315610 594.736800 289.033500
17.331970 581.565600 313.624500
17.348450 567.823200 310.453500
17.364750 570.141600 320.565000
17.381230 601.288800 351.582000
17.397770 613.368000 348.726000
17.414120 613.956000 348.474000
17.430660 621.230400 344.694000
17.446960 613.754400 326.949000
17.463680 612.427200 320.712000
17.479860 580.339200 465.559500
17.496220 578.272800 462.168000
17.512760 579.986400 467.733000
17.529050 538.557600 508.441500
17.545470 572.594400 515.266500
17.562010 572.056800 514.972500
17.578490 611.856000 515.560500
17.595030 601.221600 535.941000
17.611330 603.237600 541.044000
17.629330 563.707200 550.746000
17.644100 571.267200 524.716500
17.660580 567.722400 514.720500
17.676880 547.646400 523.173000
17.693360 522.244800 491.620500
17.709840 520.111200 486.370500
17.726320 526.864800 486.234000
17.742800 516.667200 492.093000
17.775510 510.955200 470.137500
17.791990 476.296800 487.693500
17.808350 479.774400 495.537000
17.824890 528.897600 467.334000
17.841190 534.055200 505.354500
17.857850 533.786400 504.682500
17.874080 559.977600 511.014000
17.890630 544.891200 497.931000
17.906980 544.219200 495.138000
17.923340 511.240800 473.403000
17.939760 529.989600 505.942500
17.956420 532.375200 511.843500
17.972900 513.878400 516.579000
17.989010 514.197600 520.558500
18.005490 512.769600 518.038500
18.021850 517.977600 539.626500
18.038450 587.546400 547.354500
18.054870 587.596800 547.491000
18.071170 569.100000 518.038500
18.087770 579.751200 510.804000
18.120480 593.359200 521.535000
18.136840 604.833600 513.922500
18.153630 606.009600 516.432000
18.170170 601.792800 491.221500
18.188350 617.215200 534.681000
18.203190 615.736800 529.525500
18.218990 589.075200 547.984500
18.235600 583.900800 563.398500
18.251950 583.044000 562.989000
18.268430 560.212800 553.129500
18.284790 557.390400 561.099000
18.301390 559.960800 565.939500
18.317750 553.543200 559.261500
18.334110 561.976800 544.099500
18.350460 560.246400 539.563500
18.367000 524.143200 499.012500
18.383480 553.560000 539.332500
18.399840 554.349600 541.905000
18.416260 549.662400 647.073000
18.630070 753.614400 536.749500
18.662780 572.107200 605.703000
18.679140 522.900000 568.344000
18.695500 525.100800 573.079500
18.712040 542.942400 563.923500
18.728330 535.432800 566.800500
18.745000 538.759200 573.352500
18.761230 520.917600 575.179500
18.777590 524.496000 577.636500
18.794130 519.876000 567.850500
18.810610 510.098400 565.288500
18.826840 528.007200 569.226000
18.843320 526.142400 565.173000
18.859860 521.656800 587.349000
18.876220 516.045600 583.002000
18.892640 519.136800 589.900500
18.909180 521.001600 582.939000
18.925480 556.752000 608.044500
18.942200 556.281600 605.913000
18.958500 564.110400 567.672000
18.974850 591.847200 576.796500
18.991270 590.688000 574.602000
19.007750 587.378400 581.511000
19.023990 562.060800 559.408500
19.040650 563.220000 561.855000
19.057010 587.882400 578.529000
19.073430 576.307200 548.667000
19.089720 574.509600 543.700500
19.106260 532.778400 570.612000
19.122740 531.736800 550.777500
19.139160 533.836800 555.618000
19.155520 551.661600 550.819500
19.172000 612.460800 547.186500
19.204830 701.584800 543.459000
19.221190 725.776800 533.127000
19.237790 725.239200 528.139500
19.254030 701.534400 537.568500
19.270690 691.185600 531.058500
19.286990 690.379200 526.176000
19.303340 693.134400 548.856000
19.319890 689.824800 507.717000
19.336240 690.631200 512.746500
19.352600 686.716800 529.536000
19.369140 810.902400 560.458500
19.385620 810.768000 565.162500
19.401980 901.740000 526.953000
19.418400 888.770400 550.998000
19.434810 888.753600 548.541000
19.451230 871.836000 536.560500
19.467650 898.060800 513.523500
19.484130 898.044000 516.316500
19.500550 860.176800 512.190000
19.516970 871.836000 542.073000
19.533390 871.852800 541.936500
19.549800 873.096000 540.414000
19.566470 863.402400 509.575500
19.599060 851.961600 525.304500
19.615600 785.719200 560.941500
19.632020 785.652000 556.206000
19.648380 602.280000 464.373000
19.664860 580.557600 457.149000
19.681520 581.464800 462.136500
19.697940 607.723200 467.166000
19.714290 612.427200 491.799000
19.730710 614.728800 497.458500
19.747190 594.636000 479.325000
19.763370 581.044800 465.612000
19.779850 576.021600 449.242500
19.796390 602.784000 473.298000
19.812810 606.110400 455.847000
19.834110 606.564000 458.661000
19.845760 597.240000 409.080000
19.862180 600.717600 416.440500
19.878540 601.708800 419.475000
19.895200 592.468800 478.191000
19.911440 577.298400 444.706500
19.928220 577.248000 444.538500
19.944210 584.589600 428.631000
19.960510 538.658400 546.304500
19.976990 542.522400 555.450000
19.993350 478.581600 618.828000
20.009700 483.739200 632.551500
20.026120 482.143200 630.504000
20.044680 509.661600 615.195000
20.059080 466.502400 622.513500
20.075380 463.108800 616.654500
20.091860 488.661600 644.028000
20.108280 499.564800 642.285000
20.124880 497.128800 638.158500
20.141170 536.172000 579.127500
20.157710 538.120800 545.874000
20.174130 538.843200 548.299500
20.190490 515.037600 576.513000
20.206970 534.996000 598.510500
20.223390 537.146400 603.057000
20.239990 558.398400 617.956500
20.256160 548.536800 635.827500
20.272830 549.780000 637.885500
20.289250 529.956000 647.839500
20.305850 525.453600 636.835500
20.322270 525.386400 636.720000
20.338500 548.973600 620.970000
20.354980 583.245600 635.229000
20.371400 583.682400 637.171500
20.387880 626.824800 608.842500
20.404360 634.788000 603.120000
20.420780 635.124000 605.283000
20.437190 621.751200 611.908500
20.453670 606.379200 639.492000
20.470090 606.984000 639.345000
20.486390 609.974400 622.513500
20.503050 630.352800 649.624500
20.519290 628.084800 643.650000
20.535770 645.825600 626.787000
20.552310 576.844800 641.728500
20.568540 579.196800 647.619000
20.585750 548.940000 642.600000
20.601380 532.627200 655.032000
20.617680 532.980000 655.074000
20.634160 555.794400 662.623500
20.650390 524.479200 622.986000
20.666870 518.028000 610.512000
20.683230 527.805600 621.421500
20.699830 525.823200 649.509000
20.716250 526.596000 651.525000
20.732730 507.914400 633.339000
20.749020 522.916800 630.136500
20.765380 527.352000 638.557500
20.781980 608.260800 642.621000
20.798460 637.711200 661.027500
20.815120 639.021600 665.049000
20.831540 651.218400 619.426500
20.848210 620.608800 616.728000
20.864260 620.088000 614.470500
20.880800 620.088000 639.796500
20.897160 624.456000 635.922000
20.913640 623.397600 633.727500
20.930050 622.473600 630.399000
20.946110 627.228000 628.866000
20.962590 628.992000 635.229000
20.979130 646.716000 648.627000
20.995540 650.563200 660.471000
21.011960 651.352800 662.308500
21.028320 755.260800 658.602000
21.044920 759.158400 634.536000
21.061220 758.889600 630.651000
21.077640 776.949600 611.131500
21.093930 779.520000 643.870500
21.110530 779.402400 639.691500
21.126950 784.593600 616.434000
21.143310 758.688000 620.560500
21.160100 758.604000 614.103000
21.176390 733.740000 633.916500
21.192690 766.080000 612.066000
21.209290 766.063200 611.950500
21.225520 763.929600 592.756500
21.242000 740.762400 563.902500
21.258240 741.182400 568.585500
21.274900 758.637600 580.041000
21.291380 777.268800 590.152500
21.307740 777.084000 592.389000
21.324220 595.022400 682.332000
21.340520 564.580800 787.195500
21.359440 564.631200 787.279500
21.373350 599.928000 797.296500
21.389950 595.224000 769.870500
21.406070 593.560800 766.857000
21.422490 568.209600 765.523500
21.439090 553.929600 776.842500
21.471980 577.684800 760.756500
21.488220 569.385600 773.871000
21.504820 571.250400 776.832000
21.521240 554.568000 775.939500
21.537600 549.948000 784.749000
21.554020 552.031200 787.699500
21.570500 596.484000 771.823500
21.587040 549.544800 758.614500
21.620060 545.966400 767.791500
21.636230 574.795200 744.576000
21.652650 574.207200 743.074500
21.669010 555.727200 875.206500
21.685300 547.276800 856.485000
21.701840 545.966400 855.445500
21.718200 542.908800 831.862500
21.734740 540.943200 849.712500
21.751040 543.160800 852.148500
21.767460 574.543200 863.142000
21.783940 530.594400 840.556500
21.816830 557.306400 868.224000
21.833370 560.817600 853.209000
21.849670 562.564800 855.277500
21.866030 551.913600 850.258500
21.882510 544.958400 856.716000
21.898930 542.035200 852.999000
21.915340 712.824000 832.944000
21.931950 696.914400 848.127000
21.948240 694.579200 841.438500
21.964660 715.092000 822.328500
21.981080 691.588800 823.357500
21.997620 692.412000 825.793500
22.013980 738.880800 853.902000
22.030330 721.778400 833.479500
22.046810 722.232000 837.165000
22.063350 729.792000 856.558500
22.079650 724.903200 825.972000
22.096130 724.970400 824.575500
22.112430 739.939200 854.301000
22.129210 711.849600 815.776500
22.145320 710.488800 810.589500
22.161740 713.916000 837.406500
22.178220 710.589600 858.784500
22.194640 710.522400 859.782000
22.211060 592.267200 835.695000
22.227420 589.276800 839.212500
22.244080 591.007200 841.648500
22.260380 607.236000 865.074000
22.276860 576.760800 850.321500
22.293150 578.037600 851.445000
22.309750 598.046400 840.346500
22.326110 610.713600 860.034000
22.342590 611.049600 861.073500
22.358950 577.231200 843.202500
22.375430 562.329600 836.052000
22.391850 561.708000 834.792000
22.408140 586.488000 851.382000
22.424680 603.019200 828.187500
22.441100 599.844000 823.200000
22.457520 653.956800 464.982000
22.473940 728.212800 437.146500
22.490360 727.927200 439.834500
22.506770 673.780800 458.451000
22.523190 708.506400 441.672000
22.539550 709.077600 449.841000
22.556090 686.196000 442.512000
22.572450 702.744000 475.135500
22.588990 704.054400 480.837000
22.605470 722.148000 538.849500
22.622010 716.570400 509.155500
22.638240 715.831200 506.919000
22.654850 689.001600 494.371500
22.671200 675.040800 460.803000
22.687680 676.048800 466.693500
22.704100 689.640000 492.996000
22.720640 686.985600 457.926000
22.736820 686.095200 452.077500
22.753360 680.030400 447.531000
22.769840 687.103200 438.070500
22.786250 686.095200 429.282000
22.802490 624.808800 425.208000
22.818970 622.389600 455.553000
22.835510 622.641600 458.031000
22.851990 646.766400 420.987000
22.868350 649.236000 437.052000
22.886050 651.403200 445.977000
22.901250 648.328800 436.810500
22.917480 639.727200 436.831500
22.934140 639.004800 436.212000
22.950620 654.259200 456.970500
22.966980 660.088800 504.546000
22.983400 661.802400 509.827500
22.999570 659.450400 434.679000
23.016420 643.860000 419.905500
23.032590 640.617600 405.027000
23.049130 601.893600 441.577500
23.065310 623.061600 433.786500
23.081970 624.153600 436.737000
23.098390 646.430400 462.777000
23.114750 681.844800 435.613500
23.131230 681.945600 440.622000
23.147580 639.626400 475.713000
23.164180 641.424000 432.474000
23.180420 644.431200 443.814000
23.197020 672.168000 484.239000
23.213380 659.484000 455.941500
23.229860 657.451200 447.510000
23.246400 688.732800 482.884500
23.262570 667.951200 464.331000
23.278990 668.102400 465.213000
23.295470 664.020000 498.256500
23.312010 663.465600 495.673500
23.328310 663.331200 492.891000
23.344730 659.534400 483.577500
23.361390 689.875200 454.545000
23.377440 688.228800 445.767000
23.393980 642.751200 471.061500
23.410460 620.743200 439.246500
23.426940 620.776800 439.404000
23.443360 676.670400 458.010000
23.459900 631.394400 416.073000
23.476200 632.385600 419.055000
23.492610 665.397600 405.667500
23.509090 641.541600 417.900000
23.525700 641.877600 420.798000
23.542240 633.460800 451.426500
23.558530 638.215200 469.161000
23.575070 639.811200 477.466500
23.591370 641.020800 474.957000
23.607910 674.620800 494.896500
23.624270 675.192000 494.970000
23.640810 650.932800 447.247500
