0.000000 737.671200 347.161500
0.016480 714.134400 332.776500
0.032960 714.873600 328.975500
0.049440 693.722400 321.279000
0.065800 724.684800 326.571000
0.082150 724.668000 325.300500
0.098630 720.602400 312.354000
0.114990 726.331200 326.676000
0.131470 725.373600 322.287000
0.147950 748.624800 306.684000
0.164430 707.616000 319.399500
0.180790 708.388800 316.921500
0.197140 695.469600 349.125000
0.213620 732.211200 330.067500
0.229980 731.505600 333.669000
0.246580 704.592000 353.934000
0.262940 632.570400 301.728000
0.279420 633.091200 297.969000
0.297120 626.404800 284.854500
0.312130 596.064000 256.977000
0.328740 595.896000 255.643500
0.345090 579.264000 266.437500
0.361570 578.407200 269.997000
0.377930 579.717600 278.691000
0.394410 605.925600 303.387000
0.410640 566.647200 283.374000
0.427120 565.219200 279.825000
0.443730 587.176800 294.357000
0.460080 580.608000 293.821500
0.476560 581.952000 302.641500
0.492920 654.410400 182.616000
0.509400 712.555200 58.632000
0.525760 711.866400 62.968500
0.542240 742.610400 43.039500
0.558720 737.318400 45.780000
0.575070 737.402400 55.755000
0.591550 753.715200 92.715000
0.607910 728.498400 63.672000
0.624390 730.279200 53.865000
0.640750 730.228800 56.122500
0.706540 745.046400 14.994000
0.722900 745.096800 47.166000
0.739380 740.964000 70.150500
0.755980 736.915200 63.346500
0.772340 737.604000 58.653000
0.788820 717.259200 57.382500
0.805300 756.672000 63.262500
0.821660 756.806400 32.193000
0.920410 761.913600 5.964000
0.953130 708.355200 5.019000
1.051760 713.848800 45.391500
1.069460 714.974400 61.939500
1.084590 740.745600 59.293500
1.101070 708.456000 34.387500
1.117550 708.456000 34.093500
1.134160 731.556000 72.145500
1.150390 745.332000 40.467000
1.166750 746.306400 44.961000
1.183110 705.297600 51.849000
1.199580 711.950400 52.573500
1.215940 711.631200 41.349000
1.232300 604.144800 66.360000
1.248900 545.714400 110.628000
1.265140 545.664000 115.353000
1.281740 526.579200 103.435500
1.298100 531.955200 156.355500
1.314450 532.106400 162.120000
1.330930 527.906400 132.447000
1.347170 558.280800 133.707000
1.364010 556.802400 123.585000
1.380250 531.938400 112.917000
1.397220 551.191200 107.037000
1.413090 552.619200 111.930000
1.429440 536.138400 151.641000
1.445920 528.360000 130.273500
1.462520 528.528000 135.534000
1.478880 645.556800 67.599000
1.495240 631.982400 77.007000
1.511720 633.192000 82.288500
1.527950 653.335200 114.240000
1.544430 627.295200 89.050500
1.560910 626.035200 83.727000
1.577270 630.991200 73.468500
1.593870 664.826400 79.443000
1.612790 665.935200 84.798000
1.626710 595.677600 108.066000
1.643070 607.538400 86.362500
1.659420 607.504800 86.068500
1.675900 590.184000 77.458500
1.692380 632.822400 78.141000
1.708860 631.999200 68.586000
1.726320 586.488000 61.057500
1.741700 587.328000 65.698500
1.758060 586.572000 51.124500
1.774410 586.488000 36.907500
1.791020 588.369600 41.013000
1.807500 588.184800 39.354000
1.823970 592.200000 13.366500
1.840210 597.861600 26.953500
1.856690 598.466400 41.580000
1.873050 591.897600 67.987500
1.889530 588.016800 54.631500
1.906010 586.723200 49.864500
1.922240 551.510400 65.793000
1.938840 498.792000 97.954500
1.955200 498.842400 98.227500
1.971800 516.364800 169.375500
1.988280 503.664000 158.539500
2.004390 505.495200 164.472000
2.021120 503.277600 121.464000
2.037230 488.644800 109.326000
2.053960 488.426400 104.107500
2.070310 521.656800 125.958000
2.086670 494.071200 148.501500
2.103150 491.971200 147.073500
2.119380 506.402400 156.072000
2.135860 540.758400 117.148500
2.152340 543.933600 137.235000
2.168820 533.618400 180.925500
2.185300 535.063200 194.523000
2.218020 521.203200 194.197500
2.234500 535.281600 146.548500
2.267330 537.818400 153.741000
2.284060 544.773600 165.322500
2.300170 546.252000 174.405000
2.316530 562.816800 173.061000
2.333010 561.355200 190.470000
2.349610 560.095200 172.557000
2.365970 574.560000 91.980000
2.382320 619.516800 66.160500
2.398800 616.744800 55.135500
2.415160 600.230400 69.856500
2.431760 612.393600 102.207000
2.448240 615.451200 132.205500
2.464720 621.600000 161.017500
2.485600 603.909600 195.163500
2.499390 604.178400 190.911000
2.514040 597.475200 155.253000
2.530150 576.794400 120.834000
2.546630 575.534400 111.216000
2.563230 571.267200 117.705000
2.579710 610.646400 126.504000
2.596190 609.420000 121.579500
2.612300 573.081600 96.915000
2.628780 571.368000 96.033000
2.645140 572.745600 101.346000
2.661380 594.904800 95.802000
2.678220 599.138400 139.713000
2.694580 598.382400 125.349000
2.715700 551.728800 108.538500
2.727420 544.202400 81.753000
2.743770 542.505600 76.030500
2.760130 564.228000 76.209000
2.776610 583.514400 129.591000
2.793090 584.841600 140.133000
2.809690 540.489600 113.505000
2.825810 548.620800 108.517500
2.842290 547.243200 99.414000
2.858760 583.867200 106.134000
2.875000 637.795200 107.079000
2.891480 638.148000 120.298500
2.907960 686.901600 99.078000
2.925420 706.440000 128.929500
2.940800 707.347200 134.200500
2.957150 696.024000 131.911500
2.973510 650.344800 110.901000
2.989990 648.715200 76.954500
3.006590 661.197600 22.617000
3.022830 641.222400 14.269500
3.039310 640.617600 17.598000
3.055910 672.974400 89.712000
3.072140 675.914400 86.950500
3.088620 676.519200 112.392000
3.105100 712.538400 112.738500
3.121340 671.512800 95.760000
3.138790 672.000000 91.717500
3.154300 612.477600 71.442000
3.170780 634.351200 70.381500
3.187130 633.897600 74.539500
3.203610 650.479200 111.363000
3.220090 681.945600 132.657000
3.236690 682.920000 151.399500
3.255000 645.472800 174.205500
3.269530 634.586400 183.004500
3.302250 651.957600 195.982500
3.318480 666.506400 195.426000
3.351810 651.823200 209.401500
3.371220 639.458400 217.045500
3.384640 639.828000 212.908500
3.400760 657.686400 210.136500
3.417110 678.115200 194.922000
3.433590 677.056800 190.039500
3.450560 611.503200 144.858000
3.470340 634.704000 160.335000
3.484010 635.544000 169.690500
3.499760 621.012000 200.928000
3.516240 621.717600 195.468000
3.532470 620.793600 186.564000
3.549070 609.520800 176.001000
3.565430 616.106400 163.789500
3.581670 616.492800 159.411000
3.598140 627.631200 120.529500
3.614500 633.964800 118.629000
3.630980 633.948000 118.345500
3.647220 600.499200 129.118500
3.663700 605.606400 133.171500
3.680180 604.615200 124.057500
3.696530 613.620000 93.471000
3.713010 621.784800 94.594500
3.729250 620.659200 89.649000
3.746090 597.828000 119.826000
3.762330 607.975200 125.317500
3.778560 609.974400 143.755500
3.795650 629.512800 171.318000
3.811520 639.374400 189.262500
3.844480 701.215200 150.192000
3.860960 688.766400 140.038500
3.877320 689.908800 130.809000
3.893550 676.821600 119.836500
3.910160 685.053600 109.683000
3.926510 682.970400 98.721000
3.943120 677.796000 114.502500
3.959350 663.868800 125.128500
3.975830 665.666400 140.710500
3.992310 678.770400 136.846500
4.008670 669.530400 142.611000
4.025150 668.942400 133.245000
4.041630 726.549600 107.814000
4.058110 761.073600 92.946000
4.074460 760.334400 97.261500
4.090820 771.456000 145.005000
4.107180 759.578400 147.693000
4.123900 760.183200 161.847000
4.140260 780.410400 167.422500
4.156490 780.141600 143.041500
4.173100 780.360000 133.623000
4.189450 735.403200 104.769000
4.205810 773.572800 134.211000
4.222290 772.766400 129.370500
4.238650 788.104800 135.009000
4.255130 778.394400 139.482000
4.288090 750.036000 105.703500
4.304200 734.260800 108.832500
4.320800 735.033600 113.641500
4.337400 771.271200 114.691500
4.353640 768.196800 142.684500
4.370120 768.314400 133.329000
4.632930 870.928800 75.337500
4.649410 879.950400 99.645000
4.665650 879.026400 108.937500
4.682250 886.586400 111.184500
4.698610 889.072800 110.355000
4.715450 887.779200 114.712500
4.731570 862.814400 105.745500
4.748050 912.391200 142.075500
4.764400 911.164800 151.557000
4.780760 959.028000 178.342500
4.797360 949.905600 165.595500
4.813600 952.862400 152.061000
4.830200 951.384000 128.782500
4.846560 945.151200 116.571000
4.863040 946.579200 102.438000
4.879520 944.613600 100.002000
4.895750 948.931200 103.225500
4.912230 948.897600 108.265500
4.928590 952.106400 100.831500
4.945190 962.724000 93.009000
4.961430 964.236000 83.496000
4.978030 971.779200 103.677000
4.994260 971.863200 110.061000
5.027340 948.712800 120.529500
5.043700 954.861600 93.523500
5.060180 956.457600 83.107500
5.076540 957.247200 46.630500
5.092900 952.879200 6.268500
5.125850 940.968000 3.507000
5.142330 840.940800 50.253000
5.158690 840.201600 75.327000
5.175290 521.404800 132.279000
5.191410 542.606400 148.249500
5.207890 544.185600 162.382500
5.224370 546.302400 161.584500
5.240720 543.648000 151.168500
5.257320 545.160000 160.618500
5.273560 546.050400 166.971000
5.290040 554.467200 149.509500
5.322750 559.994400 146.370000
5.339360 556.936800 149.856000
5.372190 559.120800 190.165500
5.388670 555.021600 192.990000
5.421390 544.420800 194.796000
5.437990 505.092000 211.575000
5.470830 511.425600 193.326000
5.487300 509.224800 203.175000
5.503540 509.208000 198.985500
5.520020 506.469600 181.156500
5.536620 507.830400 170.730000
5.553960 506.066400 165.679500
5.569340 512.282400 170.866500
5.585820 516.180000 173.166000
5.602170 517.910400 182.427000
5.618530 519.052800 210.210000
5.635130 529.368000 195.226500
5.651490 529.351200 191.058000
5.667850 500.942400 182.448000
5.684450 596.013600 134.673000
5.700810 593.762400 115.930500
5.717290 894.835200 86.803500
5.733640 905.301600 85.858500
5.750000 906.360000 76.618500
5.766480 911.030400 76.713000
5.782960 887.779200 86.667000
5.799320 885.595200 100.233000
5.815670 886.704000 103.698000
5.832150 887.980800 123.564000
5.848630 886.939200 133.108500
5.865230 901.756800 127.617000
5.881470 903.100800 109.893000
5.897950 904.394400 105.441000
5.914670 902.798400 119.322000
5.931030 893.104800 101.314500
5.947270 895.574400 86.404500
5.963870 913.802400 71.599500
5.980100 904.629600 74.844000
5.996340 904.444800 64.533000
6.012820 903.655200 84.199500
6.029300 920.421600 104.265000
6.045650 919.144800 119.868000
6.062130 896.112000 103.414500
6.078490 889.896000 94.038000
6.095090 888.669600 98.343000
6.111570 931.660800 112.549500
6.127930 906.007200 139.303500
6.144410 907.485600 133.780500
6.160770 885.645600 106.890000
6.177250 905.469600 107.751000
6.193730 905.251200 102.900000
6.210080 927.544800 98.794500
6.226560 920.539200 140.763000
6.242800 920.640000 150.696000
6.259400 921.396000 127.858500
6.275630 925.478400 92.043000
6.292360 927.847200 68.050500
6.308470 935.810400 54.012000
6.325200 929.308800 61.551000
6.341550 927.880800 72.418500
6.357790 929.493600 82.666500
6.374390 939.976800 45.906000
6.390630 937.389600 59.892000
6.407100 862.831200 83.212500
6.423580 852.482400 99.876000
6.440190 850.953600 119.112000
6.456420 839.832000 128.236500
6.472780 835.984800 116.004000
6.489380 838.908000 96.873000
6.505620 866.174400 100.117500
6.522220 853.305600 59.346000
6.538700 852.348000 47.943000
6.555050 850.668000 52.804500
6.571530 866.443200 83.727000
6.587770 863.755200 114.103500
6.604370 843.998400 146.538000
6.620730 813.103200 137.928000
6.653690 847.106400 188.202000
6.670040 787.231200 179.340000
6.702880 517.658400 168.021000
6.719480 520.480800 184.548000
6.752200 499.800000 192.591000
6.768680 523.303200 189.220500
6.785160 523.152000 185.062500
6.801510 501.278400 178.185000
6.817750 506.217600 147.105000
6.834230 504.436800 137.697000
6.850830 524.092800 154.581000
6.868770 518.767200 138.516000
6.883670 517.003200 133.633500
6.900150 526.428000 147.189000
6.916500 502.840800 167.107500
6.932740 504.588000 172.084500
6.949460 516.331200 168.409500
6.965700 528.444000 157.353000
6.982300 528.393600 157.080000
6.998540 543.278400 156.828000
7.014890 536.676000 161.238000
7.047730 542.304000 158.424000
7.064330 512.013600 191.824500
7.080810 508.452000 177.229500
7.097290 530.006400 157.321500
7.113530 544.488000 123.375000
7.130000 545.966400 128.289000
7.146360 544.269600 170.079000
7.162840 542.102400 168.577500
7.179440 543.732000 178.374000
7.195800 599.457600 160.671000
7.212280 603.271200 156.702000
7.245000 606.715200 148.974000
7.261470 629.277600 163.380000
7.277950 628.908000 167.559000
7.294560 612.544800 180.127500
7.310790 623.212800 192.318000
7.327270 624.506400 197.305500
7.343510 611.822400 176.505000
7.359860 623.683200 165.186000
7.376590 622.742400 155.935500
7.392820 605.337600 156.376500
7.409420 603.439200 160.419000
7.425780 600.969600 145.530000
7.442140 643.036800 108.003000
7.458620 615.367200 122.083500
7.475100 614.359200 112.150500
7.491460 645.254400 107.226000
7.507930 703.432800 107.404500
7.524410 705.684000 117.673500
7.540890 723.223200 114.313500
7.557130 706.641600 106.564500
7.573610 705.902400 110.859000
7.589840 717.309600 122.052000
7.606570 732.883200 139.944000
7.622680 732.295200 154.644000
7.639400 708.960000 166.131000
7.655880 712.723200 153.226500
7.672120 712.975200 162.634500
7.688600 717.914400 177.534000
7.705200 735.016800 178.993500
7.721440 734.899200 169.942500
7.740600 732.261600 152.806500
7.754390 736.108800 135.639000
7.770750 737.856000 126.189000
7.787230 702.072000 153.289500
7.803710 668.589600 132.762000
7.819950 665.649600 111.531000
7.836430 674.738400 108.874500
7.852780 691.840800 115.857000
7.869510 693.235200 131.313000
7.885740 677.140800 144.574500
7.901980 672.722400 174.121500
7.918580 672.873600 187.929000
7.935060 676.418400 175.098000
7.951420 688.195200 180.621000
7.967900 688.800000 176.746500
7.984250 664.944000 157.090500
8.000730 659.988000 144.532500
8.017210 658.207200 130.651500
8.033570 624.288000 80.923500
8.049930 655.149600 97.482000
8.066530 656.812800 112.045500
8.083010 627.127200 103.992000
8.099490 650.798400 116.718000
8.115840 650.781600 116.434500
8.132080 626.270400 137.739000
8.148560 600.616800 111.888000
8.165280 598.365600 91.969500
8.181520 652.646400 89.796000
8.197880 654.796800 61.771500
8.214480 654.158400 52.552500
8.230710 648.698400 74.613000
8.247070 652.629600 101.430000
8.263670 652.226400 105.441000
8.279910 597.844800 77.311500
8.296510 604.581600 68.386500
8.312740 606.580800 87.234000
8.329350 627.463200 153.184500
8.345830 625.363200 191.919000
8.362060 627.278400 210.766500
8.378540 652.713600 223.219500
8.395020 746.054400 188.611500
8.411620 745.281600 192.339000
8.427860 827.971200 212.530500
8.444460 833.196000 214.336500
8.460690 833.616000 218.715000
8.477170 848.181600 221.844000
8.493650 839.176800 201.831000
8.510010 840.924000 189.483000
8.526610 827.820000 166.698000
8.542970 834.724800 138.390000
8.559200 835.497600 113.683500
8.575680 836.052000 92.536500
8.592160 835.161600 74.928000
8.608640 835.144800 75.211500
8.625240 834.439200 98.280000
8.641480 820.461600 110.953500
8.657960 820.444800 126.178500
8.674440 834.355200 125.968500
8.690800 847.812000 116.760000
8.707150 847.459200 111.646500
8.725710 857.119200 94.972500
8.739990 853.692000 109.305000
8.756470 854.145600 114.523500
8.772830 923.462400 114.114000
8.789180 923.748000 132.489000
8.805660 923.580000 127.323000
8.822140 944.630400 130.336500
8.838620 937.372800 136.384500
8.854980 935.978400 145.677000
8.871580 927.460800 158.770500
8.887940 913.365600 160.986000
8.904300 913.516800 165.879000
9.166990 967.528800 120.823500
9.183470 943.420800 137.655000
9.199950 943.269600 132.898500
9.216550 963.496800 113.536500
9.232910 945.907200 124.498500
9.249150 945.873600 129.454500
9.265750 962.304000 154.864500
9.282100 974.349600 151.599000
9.298710 976.281600 146.275500
9.314940 988.831200 137.067000
9.331540 987.789600 82.656000
9.347900 986.143200 80.997000
9.364260 975.391200 103.561500
9.382690 999.650400 122.493000
9.397220 999.079200 129.307500
9.413700 655.116000 156.282000
9.429930 545.311200 164.913000
9.446410 543.832800 155.872500
9.462890 526.898400 170.184000
9.479250 529.485600 182.080500
9.512080 514.600800 177.366000
9.528690 516.012000 160.944000
9.544920 514.382400 152.239500
9.561520 541.296000 158.980500
9.578000 534.206400 165.385500
9.594120 532.526400 155.557500
9.610840 556.416000 101.797500
9.627080 522.849600 97.230000
9.643550 521.119200 87.055500
9.660030 536.054400 100.758000
9.676510 519.036000 103.204500
9.692870 522.278400 121.999500
9.709230 496.876800 150.622500
9.725950 498.993600 166.834500
9.742190 502.740000 185.503500
9.758670 485.654400 193.956000
9.775020 534.559200 200.676000
9.791500 533.047200 192.087000
9.807860 542.757600 154.686000
9.824220 558.566400 144.459000
9.840700 558.331200 148.533000
9.857180 635.056800 161.941500
9.873900 651.604800 171.496500
9.890010 653.553600 185.440500
9.906370 632.234400 205.558500
9.922850 615.585600 194.323500
9.939210 614.594400 185.314500
9.955810 641.860800 202.072500
9.972170 625.531200 169.711500
9.988650 625.161600 173.848500
10.005000 642.079200 184.915500
10.021480 623.935200 205.957500
10.040530 624.842400 214.935000
10.054320 643.154400 184.453500
10.070680 633.628800 182.542500
10.087160 633.998400 178.279500
10.103520 648.379200 183.445500
10.119870 621.028800 176.221500
10.136350 619.735200 171.297000
10.152950 590.604000 193.672500
10.169310 576.189600 196.570500
10.185910 577.483200 205.632000
10.202030 599.222400 226.779000
10.218630 580.692000 248.272500
10.234860 581.112000 239.935500
10.251340 594.904800 188.475000
10.267820 568.898400 143.430000
10.284300 564.648000 119.416500
10.300660 567.739200 125.548500
10.317380 595.795200 127.617000
10.333500 595.980000 129.181500
10.349850 584.892000 113.263500
10.366820 546.420000 116.319000
10.382930 547.713600 129.454500
10.399290 568.176000 175.770000
10.415650 575.500800 183.267000
10.432010 576.777600 192.360000
10.448490 543.043200 219.828000
10.464970 533.618400 212.572500
10.497920 524.361600 207.711000
10.514160 523.588800 223.965000
10.530640 523.538400 223.713000
10.547120 526.243200 234.769500
10.563600 501.530400 227.818500
10.580080 499.766400 219.450000
10.596440 528.460800 196.948500
10.613160 514.483200 203.091000
10.629150 511.005600 185.146500
10.645630 536.709600 165.028500
10.662230 502.891200 180.243000
10.678710 504.520800 188.506500
10.695070 497.280000 199.993500
10.711300 514.500000 184.863000
10.727910 518.011200 203.227500
10.744140 538.708800 215.533500
10.760740 565.084800 291.249000
11.040040 569.738400 199.773000
11.056400 576.844800 204.666000
11.089360 520.480800 227.545500
11.105710 577.348800 276.108000
11.122070 577.164000 279.888000
11.138550 629.025600 234.433500
11.155030 637.408800 244.461000
11.171390 637.862400 240.796500
11.187870 636.585600 261.019500
11.204220 597.912000 211.102500
11.220700 595.761600 194.040000
11.239140 593.191200 221.077500
11.253540 598.130400 195.394500
11.269900 598.836000 207.595500
11.286380 612.444000 219.292500
11.302860 666.422400 208.456500
11.319340 667.380000 213.297000
11.335820 645.456000 189.346500
11.352170 653.503200 178.237500
11.368530 651.672000 164.682000
11.385130 657.686400 202.786500
11.401490 670.269600 210.861000
11.417850 671.378400 227.913000
11.434080 699.400800 239.368500
11.450810 719.510400 261.807000
11.467160 719.997600 248.325000
11.483520 647.253600 222.358500
11.499880 671.361600 177.030000
11.516480 670.336800 172.389000
11.532960 607.840800 194.407500
11.549190 600.919200 211.228500
11.568360 603.355200 225.655500
11.582030 605.673600 215.355000
11.598510 592.922400 184.180500
11.614870 591.780000 175.297500
11.631470 568.680000 185.934000
11.647830 572.325600 202.293000
11.680790 611.839200 178.668000
11.697020 603.472800 161.857500
11.713500 601.658400 138.516000
11.729980 583.766400 125.265000
11.746220 596.668800 105.819000
11.762700 596.215200 108.843000
11.780880 574.896000 150.444000
11.795780 570.813600 191.761500
11.812130 574.694400 223.513500
11.828490 594.417600 228.322500
11.844850 564.631200 252.966000
11.861450 566.008800 261.555000
11.877930 535.449600 292.099500
11.895390 512.904000 287.773500
11.927120 515.558400 252.315000
11.943480 510.804000 262.143000
11.959960 508.989600 249.900000
11.976440 506.318400 226.117500
11.992920 501.160800 220.017000
12.009400 495.650400 193.557000
12.025630 499.716000 203.374500
12.041990 488.644800 184.170000
12.058470 490.408800 196.245000
12.075070 525.235200 229.824000
12.091310 539.313600 249.942000
12.107910 544.202400 267.802500
12.124270 516.885600 267.508500
12.140630 536.726400 237.720000
12.157230 533.450400 223.891500
12.173580 562.514400 207.081000
12.190060 602.481600 232.627500
12.206300 603.674400 242.298000
12.223390 597.324000 244.209000
12.239260 580.255200 259.423500
12.255490 580.356000 255.234000
12.272340 593.376000 206.566500
12.288570 583.682400 208.645500
12.305050 582.237600 203.301000
12.321290 585.211200 205.716000
12.337890 578.440800 203.511000
12.354250 579.600000 217.339500
12.370610 631.562400 252.136500
12.387080 584.572800 282.093000
12.403560 584.606400 282.334500
12.419920 610.612800 240.250500
12.436400 618.828000 224.899500
12.453130 619.584000 216.258000
12.469360 610.528800 206.944500
12.485600 597.072000 245.311500
12.502080 592.838400 226.327500
12.518550 557.340000 203.332500
12.534910 617.988000 232.743000
12.552000 619.936800 250.330500
12.567870 585.681600 235.021500
12.584230 568.646400 247.957500
12.600710 570.410400 248.997000
12.617190 573.216000 219.072000
12.633420 624.254400 174.384000
12.650020 621.566400 164.188500
12.666380 572.023200 224.626500
12.682980 588.117600 220.006500
12.699220 591.696000 246.939000
12.715700 572.208000 306.442500
12.732180 616.358400 318.570000
12.748540 616.677600 314.905500
12.765010 600.801600 339.402000
12.781370 619.063200 332.304000
12.797850 617.164800 316.827000
12.814330 597.273600 303.639000
12.830690 613.200000 276.097500
12.847170 611.923200 271.876500
12.863400 618.744000 312.690000
12.881470 584.589600 268.201500
12.896480 587.008800 280.812000
12.912840 614.241600 298.683000
12.929320 601.473600 282.030000
12.945680 598.836000 268.369500
12.962160 598.533600 247.107000
12.978390 606.312000 265.713000
12.995000 607.320000 273.766500
13.011230 602.666400 273.651000
13.027710 585.328800 313.299000
13.044310 585.564000 309.697500
13.060550 581.095200 282.355500
13.077030 609.117600 256.893000
13.093630 608.143200 248.818500
13.109990 616.761600 243.988500
13.126340 587.344800 246.246000
13.142940 588.621600 255.475500
13.159180 601.120800 259.213500
13.175660 618.475200 260.715000
13.208500 602.582400 260.127000
13.224850 593.325600 277.861500
13.241330 594.199200 289.548000
13.257810 565.824000 274.092000
13.274170 563.371200 250.551000
13.290770 564.849600 255.381000
13.307130 580.675200 262.027500
13.327390 574.812000 264.085500
13.340330 572.443200 243.264000
13.356690 529.905600 222.967500
13.372920 507.780000 207.658500
13.389400 505.898400 205.968000
13.405760 544.588800 246.487500
13.422360 570.410400 258.016500
13.440670 573.182400 275.919000
13.455320 542.102400 289.254000
13.471560 554.887200 278.628000
13.504270 533.601600 289.086000
13.520750 532.996800 271.677000
13.537350 532.963200 267.865500
13.553710 510.232800 254.761500
13.570070 494.995200 238.329000
13.586300 491.416800 225.708000
13.602780 486.276000 212.887500
13.619140 485.620800 227.125500
13.635500 489.384000 243.946500
13.652100 514.197600 250.992000
13.668580 526.276800 277.074000
13.684940 527.654400 276.801000
13.701420 526.041600 234.906000
13.717770 522.547200 291.900000
13.734380 517.221600 274.575000
13.750610 503.462400 252.294000
13.767090 527.856000 250.246500
13.783450 531.266400 268.023000
13.800050 496.406400 291.228000
13.816410 529.015200 311.682000
13.849240 497.145600 266.941500
13.865600 526.293600 240.870000
13.882200 526.159200 237.048000
13.898560 570.662400 318.601500
13.915040 566.882400 300.699000
13.931270 566.832000 300.457500
13.947750 583.632000 306.495000
13.964110 583.884000 305.455500
13.980590 582.422400 301.444500
13.997070 590.788800 330.246000
14.013430 574.459200 306.411000
14.029910 575.736000 314.349000
14.046260 577.197600 330.183000
14.062740 584.001600 324.912000
14.079220 585.295200 329.017500
14.095580 554.517600 333.889500
14.112060 550.771200 313.782000
14.128540 549.276000 305.760000
14.144900 524.563200 306.799500
14.161380 550.872000 281.127000
14.194210 539.313600 297.948000
14.210570 522.026400 298.399500
14.243530 528.948000 313.309500
14.259890 532.812000 287.668500
14.276250 532.845600 291.112500
14.292600 534.576000 328.723500
14.309200 502.269600 307.555500
14.325560 503.714400 308.059500
14.342040 508.754400 324.229500
14.358400 515.054400 290.335500
14.374880 510.081600 272.811000
14.391360 523.101600 258.027000
14.407840 503.983200 276.696000
14.424320 507.780000 290.409000
14.440550 509.846400 330.855000
14.457030 508.267200 332.692500
14.473390 506.620800 328.461000
14.489750 505.428000 282.985500
14.506230 495.684000 337.270500
14.522710 497.481600 341.481000
14.539310 436.262400 633.118500
14.703490 544.992000 363.426000
14.719970 544.958400 366.838500
14.736330 548.738400 371.458500
14.752810 530.661600 389.350500
14.769290 528.914400 377.968500
14.785640 530.191200 376.456500
14.802000 578.524800 469.875000
15.114260 574.711200 453.883500
15.130490 548.973600 264.453000
15.147090 569.688000 287.763000
15.163450 570.897600 299.932500
15.179810 550.989600 332.797500
15.196290 545.126400 349.135500
15.212770 546.705600 353.335500
15.229130 550.435200 357.714000
15.245610 548.553600 367.048500
15.261960 548.520000 363.090000
15.279910 578.256000 361.819500
15.294800 539.431200 353.293500
15.311400 539.179200 352.023000
15.327760 537.516000 332.440500
15.344120 552.316800 303.460500
15.360470 550.821600 300.069000
15.377080 498.086400 312.900000
15.395140 513.542400 345.124500
15.409910 513.895200 349.660500
15.426510 527.503200 327.778500
15.442630 495.969600 347.770500
15.459230 499.615200 362.659500
15.475710 540.640800 373.474500
15.491940 523.068000 350.542500
15.508540 524.731200 358.123500
15.524780 541.766400 367.279500
15.541380 506.805600 340.189500
15.557620 506.620800 336.577500
15.574460 517.406400 332.293500
15.590700 515.659200 343.570500
15.609250 512.148000 324.187500
15.623540 557.239200 322.182000
15.639890 583.144800 330.382500
15.656250 581.246400 329.028000
15.672730 548.335200 335.338500
15.689090 587.160000 346.500000
15.705810 591.124800 366.702000
15.723880 546.016800 356.181000
15.738530 548.906400 355.677000
15.754880 545.983200 336.651000
15.771360 732.228000 305.287500
15.787600 769.843200 325.899000
15.804320 769.221600 314.107500
15.820560 760.418400 282.408000
15.836910 783.501600 317.478000
15.853520 784.022400 329.343000
15.869870 795.816000 346.689000
15.886350 774.127200 334.677000
15.902710 774.345600 326.119500
15.919310 777.487200 309.120000
15.937260 775.504800 322.486500
15.968510 800.167200 308.542500
15.984740 766.332000 312.753000
16.001340 764.635200 311.787000
16.017700 778.176000 325.920000
16.034180 737.318400 346.668000
16.050660 737.385600 355.236000
16.067020 709.984800 310.033500
16.083500 698.124000 319.588500
16.099850 698.846400 335.779500
16.116210 689.757600 343.885500
16.132810 707.834400 355.677000
16.149290 709.615200 355.687500
16.165650 690.396000 331.663500
16.182010 702.156000 315.273000
16.198360 700.711200 302.547000
16.214840 687.708000 329.962500
16.231200 693.453600 306.159000
16.247560 693.907200 315.136500
16.265870 685.087200 333.669000
16.280520 705.213600 335.727000
16.296880 704.239200 331.747500
16.313480 707.784000 338.593500
16.329960 701.164800 328.303500
16.346440 701.786400 324.975000
16.362670 701.181600 326.277000
16.380370 698.863200 332.755500
16.395630 699.417600 328.492500
16.411990 697.771200 317.058000
16.428470 680.484000 305.434500
16.444820 678.283200 295.774500
16.461430 689.203200 305.928000
16.477780 704.592000 302.988000
16.494140 706.641600 311.850000
16.510500 678.888000 321.730500
16.526980 702.861600 344.085000
16.543330 701.954400 340.305000
16.559690 686.582400 332.283000
16.576540 691.672800 347.445000
16.593020 692.126400 355.845000
16.609130 719.056800 370.608000
16.625610 724.012800 398.086500
16.642090 725.020800 401.236500
16.658450 708.909600 365.998500
16.674800 706.188000 359.866500
16.691280 705.852000 351.466500
16.708740 707.868000 347.088000
16.724000 724.164000 360.990000
16.740480 723.391200 364.812000
16.757080 680.786400 369.957000
16.773440 633.225600 395.367000
16.789790 632.049600 391.902000
16.806400 652.545600 356.097000
16.822750 658.308000 353.850000
16.839230 658.946400 361.189500
16.855470 732.799200 479.440500
16.871830 718.300800 509.628000
16.888670 718.536000 516.726000
16.904910 687.993600 524.506500
16.921390 718.065600 500.650500
16.937990 718.267200 484.354500
16.954100 709.363200 478.464000
16.970580 705.180000 414.172500
16.987060 705.717600 410.487000
17.003420 708.153600 433.482000
17.019900 725.239200 432.957000
17.036620 724.516800 442.585500
17.052730 700.929600 455.878500
17.068970 714.252000 453.705000
17.085570 714.285600 454.849500
17.101930 711.698400 459.448500
17.118530 698.829600 437.451000
17.151370 695.553600 456.760500
17.167600 705.364800 458.419500
17.183960 705.650400 464.887500
17.200440 688.363200 450.922500
17.217040 671.781600 431.004000
17.233520 670.118400 419.779500
17.249880 670.303200 435.792000
17.266360 674.284800 436.369500
17.282590 673.730400 429.156000
17.299190 689.102400 392.490000
17.315670 677.342400 391.524000
17.331910 677.880000 399.304500
17.348510 691.689600 411.159000
17.366940 683.474400 442.438500
17.381470 685.557600 450.030000
17.397710 654.360000 424.525500
17.414060 651.000000 428.305500
17.430660 647.539200 412.639500
17.447020 697.368000 395.272500
17.463380 675.292800 394.663500
17.479860 677.409600 402.748500
17.496340 677.460000 406.066500
17.512570 649.941600 402.202500
17.529050 648.429600 387.240000
17.545530 632.520000 385.591500
17.562010 660.945600 376.456500
17.578740 659.736000 362.355000
17.594970 625.010400 354.595500
17.611080 660.021600 345.523500
17.627810 660.156000 356.916000
17.906980 649.807200 413.259000
17.923460 649.521600 416.325000
17.939940 655.502400 399.892500
17.956300 634.250400 412.870500
17.972780 636.266400 423.486000
17.989140 659.131200 402.643500
18.005620 663.818400 426.594000
18.021970 662.508000 411.820500
18.038450 647.119200 390.936000
18.055050 626.018400 403.399500
18.071290 626.354400 399.819000
18.087650 647.102400 402.265500
18.104130 704.424000 419.496000
18.120610 704.709600 425.827500
18.136960 712.303200 386.809500
18.153560 690.698400 402.034500
18.169800 689.421600 408.828000
18.186160 682.130400 429.009000
18.202640 690.765600 447.352500
18.219120 692.496000 448.854000
18.235600 711.463200 418.267500
18.251950 710.152800 412.692000
18.268550 708.792000 401.509500
18.284790 704.844000 396.091500
18.301150 703.264800 452.466000
18.317500 703.617600 460.026000
18.333980 692.025600 408.219000
18.350460 695.133600 418.173000
18.383420 687.775200 408.355500
18.399540 641.121600 429.880500
18.415890 640.735200 432.936000
18.432620 608.479200 417.511500
18.448970 602.397600 419.275500
18.465450 603.724800 423.192000
18.481810 594.736800 457.117500
18.498410 629.412000 459.585000
18.514650 629.126400 462.577500
18.531130 615.585600 452.140500
18.547360 596.265600 466.693500
18.564940 597.861600 466.630500
18.580440 594.972000 453.159000
18.596800 606.110400 416.629500
18.613400 602.431200 401.194500
18.629760 604.161600 398.937000
18.646120 597.475200 393.309000
18.662480 600.264000 401.656500
18.678960 632.990400 425.859000
18.695430 583.665600 424.662000
18.712040 582.052800 420.126000
18.728270 572.090400 348.505500
18.744750 514.836000 351.246000
18.761110 516.835200 362.985000
18.777470 559.759200 385.434000
18.793950 553.358400 381.139500
18.810550 553.425600 378.052500
18.826900 547.730400 390.453000
18.843260 558.364800 381.171000
18.859740 556.987200 373.905000
18.876100 566.294400 375.669000
18.892820 543.160800 381.874500
18.908810 544.639200 388.951500
18.925420 563.304000 374.251500
18.941890 557.810400 374.241000
18.958130 557.659200 377.527500
18.974730 533.484000 369.043500
18.991090 538.288800 390.442500
19.007690 538.322400 390.652500
19.024170 542.337600 402.423000
19.040530 550.704000 375.228000
19.056880 550.737600 371.910000
19.073240 555.424800 371.227500
19.089720 520.615200 340.714500
19.105960 518.918400 332.965500
19.122560 537.230400 363.058500
19.139040 532.072800 318.034500
19.155400 528.712800 305.434500
19.171880 545.714400 338.289000
19.188230 530.392800 318.780000
19.204710 531.938400 326.361000
19.221070 522.446400 372.834000
19.237550 541.380000 362.134500
19.254030 541.464000 358.722000
19.270510 528.645600 357.336000
19.286870 534.004800 328.471500
19.303100 533.954400 328.261500
19.319700 542.892000 316.428000
19.336300 555.223200 342.321000
19.352540 558.129600 358.008000
19.369020 572.409600 350.542500
19.385380 530.208000 337.984500
19.418210 563.455200 415.915500
19.434690 550.569600 365.127000
19.467650 556.315200 405.594000
19.484010 554.988000 409.405500
19.500490 553.476000 405.709500
19.516850 549.292800 395.335500
19.533330 539.716800 395.430000
19.550900 541.245600 399.399000
19.566040 550.872000 377.286000
19.582520 533.618400 389.644500
19.615480 555.492000 371.752500
19.631840 539.548800 351.897000
19.648190 541.111200 356.023500
19.664790 545.126400 365.809500
19.681150 570.780000 369.159000
19.697630 568.075200 357.745500
19.713990 588.840000 346.038000
19.730470 563.572800 377.485500
19.746830 564.076800 371.028000
19.763180 607.723200 300.426000
19.779660 580.742400 291.354000
19.796140 579.146400 286.377000
19.812620 622.692000 308.721000
19.828980 641.961600 312.396000
19.845340 642.432000 324.660000
19.861820 581.246400 336.283500
19.878170 602.918400 332.010000
19.894900 603.993600 339.738000
19.911130 635.426400 367.195500
19.927610 595.896000 357.892500
19.943970 597.021600 365.400000
19.960330 654.662400 368.476500
19.976810 599.340000 339.318000
20.009770 634.687200 416.892000
20.026120 640.214400 411.631500
20.042720 639.811200 401.268000
20.058960 640.281600 393.939000
20.075320 635.745600 388.542000
20.091800 634.603200 384.520500
20.108280 672.487200 405.447000
20.124630 712.857600 396.039000
20.141110 713.932800 407.190000
20.157590 691.639200 344.494500
20.173830 699.804000 357.997500
20.190310 698.829600 353.745000
20.206790 678.098400 362.113500
20.223140 661.936800 370.933500
20.239750 662.356800 367.552500
20.256100 697.082400 346.069500
20.272580 694.965600 330.834000
20.288940 695.184000 319.063500
20.305420 673.646400 346.090500
20.322020 663.919200 354.196500
20.338260 662.659200 349.513500
20.354610 655.284000 336.157500
20.371090 638.299200 337.795500
20.387570 637.224000 334.152000
20.403930 638.568000 338.845500
20.420290 634.972800 315.882000
20.436890 635.241600 311.661000
20.453130 676.670400 303.891000
20.469730 642.566400 285.264000
20.486080 642.280800 273.577500
20.502560 682.365600 245.007000
20.519040 655.082400 295.837500
20.535640 654.729600 309.571500
20.551880 632.100000 283.542000
20.568360 669.278400 327.610500
20.584840 671.680800 360.171000
20.601070 651.672000 385.308000
20.617430 644.431200 389.329500
20.634030 644.095200 378.493500
20.650390 651.168000 359.173500
20.666870 657.417600 321.541500
20.683350 655.519200 309.792000
20.699710 645.472800 327.946500
20.716060 628.975200 345.555000
20.732670 631.024800 356.895000
20.749020 720.837600 343.381500
20.765500 688.111200 336.598500
20.781860 687.069600 332.356500
20.798220 694.058400 337.123500
20.814820 695.973600 337.827000
20.831050 696.578400 334.572000
20.847780 715.108800 334.740000
20.864990 671.428800 327.201000
20.880490 670.807200 307.146000
20.896850 687.220800 292.729500
20.913210 668.236800 273.640500
20.929690 666.993600 256.483500
20.946170 686.515200 237.709500
20.962400 740.292000 233.961000
20.979130 738.796800 257.544000
20.995480 705.297600 274.186500
21.011960 694.310400 322.402500
21.028200 695.688000 335.475000
21.044680 724.617600 338.341500
21.061160 745.634400 304.216500
21.077390 745.617600 296.530500
21.094120 707.044800 331.285500
21.110350 708.808800 344.704500
21.126830 708.775200 363.709500
21.143190 705.852000 368.529000
21.159790 709.480800 389.487000
21.176150 709.766400 396.910500
21.192990 706.708800 370.419000
21.209110 712.370400 366.901500
21.241820 713.714400 364.150500
21.258180 709.195200 358.302000
21.291140 719.997600 376.572000
21.307620 724.432800 377.286000
21.340450 736.562400 384.300000
21.356810 736.663200 381.097500
21.373170 737.385600 377.695500
21.389770 716.436000 365.767500
21.406010 727.272000 365.179500
21.422610 726.986400 350.269500
21.439090 718.754400 327.432000
21.455320 629.664000 317.961000
21.472050 628.824000 310.485000
21.488400 533.299200 354.511500
21.504640 531.955200 361.252500
21.521240 533.467200 368.329500
21.537480 524.664000 390.579000
21.554080 530.997600 390.978000
21.570430 532.560000 397.981500
21.586910 520.111200 390.978000
21.603150 523.756800 396.931500
21.636110 536.743200 406.213500
21.652470 551.829600 405.961500
21.685300 566.697600 399.273000
21.701780 580.960800 395.115000
21.718260 581.095200 392.196000
21.734740 519.926400 401.887500
21.751220 524.949600 363.111000
21.767460 523.303200 355.687500
21.783940 542.539200 374.430000
21.800420 563.001600 397.036500
21.817020 564.312000 403.998000
21.833250 541.564800 401.856000
21.849850 527.436000 405.541500
21.866210 525.840000 398.590500
21.882450 517.490400 402.612000
21.898930 515.776800 391.093500
21.932010 534.811200 393.676500
21.948360 562.464000 403.347000
21.964840 561.052800 391.723500
22.211180 547.612800 330.078000
22.227660 574.425600 303.639000
22.244020 562.312800 330.099000
22.260380 566.496000 353.850000
22.276860 565.840800 380.194500
22.293330 548.570400 410.760000
22.326050 544.891200 356.181000
22.342530 538.238400 351.130500
22.358890 535.080000 339.454500
22.375370 565.740000 309.414000
22.391850 588.168000 316.963500
22.408330 590.352000 336.220500
22.424800 555.525600 339.927000
22.441040 580.372800 361.399500
22.457520 582.825600 376.383000
22.474000 778.780800 364.182000
22.490360 769.440000 367.132500
22.507570 770.196000 363.499500
22.523190 768.717600 342.342000
22.539550 767.037600 370.986000
22.556270 767.188800 363.468000
22.572510 774.261600 343.350000
22.588990 779.822400 341.323500
22.605350 778.999200 344.788500
22.621830 767.121600 370.797000
22.638180 762.854400 353.272500
22.654660 763.963200 341.260500
22.671020 752.556000 356.338500
22.687500 774.664800 333.039000
22.703980 776.277600 306.232500
22.722290 702.542400 262.059000
22.736820 731.136000 252.094500
22.753300 729.741600 267.004500
22.769780 738.746400 305.592000
22.786250 766.735200 315.231000
22.802610 766.063200 348.148500
22.818850 619.248000 360.706500
22.835330 548.671200 362.796000
22.851930 547.293600 347.623500
22.868160 610.948800 305.644500
22.884640 619.550400 278.659500
22.901120 617.551200 261.660000
22.917480 619.130400 297.234000
22.934450 526.948800 299.113500
22.950320 528.477600 310.464000
22.966800 625.850400 329.658000
22.983150 597.643200 298.221000
22.999510 598.567200 310.894500
23.016110 542.455200 304.342500
23.032590 545.932800 348.474000
23.049320 547.461600 356.254500
23.065310 574.744800 372.613500
23.081790 577.970400 355.551000
23.098140 576.710400 347.959500
23.114750 578.877600 336.210000
23.131350 572.157600 344.095500
23.147580 570.897600 336.598500
23.166750 546.806400 309.340500
23.180540 535.264800 327.726000
23.197020 536.743200 331.758000
23.213500 617.383200 389.634000
23.229740 623.061600 347.623500
23.246220 622.137600 339.958500
23.262700 585.194400 356.023500
23.279300 618.290400 315.294000
23.295650 617.097600 311.367000
23.311890 586.723200 376.425000
23.328370 592.099200 308.889000
23.344730 593.476800 313.078500
23.361330 608.596800 278.932500
23.377690 598.382400 279.877500
23.394170 598.701600 275.520000
23.410280 599.138400 276.213000
23.426760 668.925600 315.430500
23.443240 668.270400 317.835000
23.459720 625.060800 293.853000
23.476070 639.928800 338.572500
23.492430 639.660000 343.108500
23.508910 647.623200 361.368000
23.525270 643.204800 385.507500
23.541750 643.221600 385.717500
23.558230 628.857600 389.466000
23.574580 638.299200 383.659500
23.591060 639.088800 390.778500
23.607540 609.050400 381.727500
23.623900 598.365600 412.461000
23.640380 599.659200 416.199000
23.656740 700.072800 369.096000
23.673220 706.372800 367.563000
23.689580 705.348000 363.478500
23.707890 697.788000 363.730500
23.722410 671.260800 384.762000
23.738890 672.201600 377.517000
23.755370 669.765600 357.399000
23.771730 730.464000 345.145500
23.788210 728.632800 329.500500
23.804570 701.148000 275.184000
23.821290 701.450400 310.569000
23.837400 702.979200 331.212000
23.854000 686.246400 331.359000
23.870360 692.546400 342.972000
23.886720 691.992000 346.080000
23.903200 717.141600 365.641500
23.919560 732.362400 343.234500
23.936160 733.068000 340.084500
23.952510 694.713600 363.678000
23.968990 715.394400 357.777000
23.985350 715.411200 330.886500
24.001710 685.960800 342.489000
24.018190 723.391200 306.621000
24.034550 722.450400 302.011500
24.051030 693.655200 312.175500
24.067500 708.825600 304.668000
24.083980 708.859200 325.174500
24.100460 710.959200 341.712000
24.116820 686.128800 343.465500
24.133060 686.565600 351.046500
24.149540 700.711200 340.368000
24.166140 640.516800 338.404500
24.182370 641.709600 342.447000
24.198970 650.059200 338.814000
24.215330 684.331200 333.774000
24.231690 683.860800 337.134000
24.249390 647.270400 366.166500
24.264650 677.023200 378.777000
24.281010 677.594400 363.510000
24.297490 675.343200 337.617000
24.313840 663.952800 266.542500
24.330320 661.063200 249.973500
24.346680 690.211200 290.671500
24.363280 655.989600 305.823000
24.379640 658.728000 338.373000
24.396000 716.049600 323.263500
24.412480 717.948000 329.154000
24.428830 718.166400 336.892500
24.445430 745.264800 362.932500
24.461670 777.168000 333.753000
24.478270 779.536800 309.424500
24.494750 722.618400 300.352500
24.511110 745.416000 312.931500
24.527470 743.769600 304.479000
24.543820 752.892000 394.831500
24.823240 725.995200 431.287500
25.118900 732.480000 405.678000
25.135380 656.292000 375.270000
25.151730 675.292800 386.095500
25.168210 676.351200 390.054000
25.184570 663.196800 372.487500
25.200930 678.686400 344.977500
25.217410 677.157600 333.438000
25.233890 638.080800 332.755500
25.250490 633.393600 356.412000
25.266720 635.829600 363.804000
25.283200 665.599200 349.135500
25.299560 596.685600 345.387000
25.316040 594.014400 333.165000
25.332280 546.369600 354.910500
25.348750 550.905600 347.035500
25.365480 551.056800 351.603000
25.381710 566.546400 370.251000
25.398070 543.513600 394.065000
25.414550 545.025600 398.044500
25.430910 559.238400 397.908000
25.447390 597.408000 406.728000
25.463990 596.114400 402.864000
25.480350 552.552000 375.102000
25.496700 540.657600 414.330000
25.513180 542.203200 418.173000
25.529540 545.076000 375.532500
25.545900 578.608800 350.658000
25.562380 577.298400 346.426500
25.578860 558.919200 355.183500
25.595340 540.472800 362.607000
25.611690 542.018400 366.880500
25.628050 540.456000 361.588500
25.644650 594.300000 350.395500
25.661130 593.443200 339.265500
25.677490 598.550400 315.756000
25.693850 600.129600 327.946500
25.710210 598.651200 323.137500
25.726680 592.754400 318.664500
25.743160 586.370400 319.935000
25.759640 587.664000 328.524000
25.775880 600.936000 352.432500
25.792480 597.861600 347.886000
25.825320 587.395200 341.082000
25.841800 570.612000 360.381000
25.858280 571.687200 370.608000
25.874630 551.174400 366.103500
25.890870 543.698400 375.028500
25.907470 545.277600 379.134000
25.923830 587.412000 372.907500
25.940190 583.396800 357.294000
25.956670 581.229600 338.709000
25.973140 541.816800 325.405500
25.989620 540.926400 325.206000
26.005980 540.556800 330.718500
26.022580 592.771200 352.863000
26.038700 652.360800 411.631500
26.055300 654.511200 433.681500
26.071900 656.308800 444.286500
26.088260 661.096800 438.249000
26.120970 653.520000 366.712500
26.137450 651.151200 371.710500
26.170410 657.585600 397.855500
26.186650 651.974400 391.933500
26.221190 663.885600 395.199000
26.235960 660.996000 389.529000
26.252690 660.357600 382.221000
26.268800 661.752000 376.540500
26.285280 662.289600 367.993500
26.318240 647.824800 351.456000
26.334590 651.453600 383.995500
26.350950 652.159200 391.293000
26.367430 642.482400 402.381000
26.383790 647.472000 385.266000
26.400390 646.732800 377.926500
26.416750 648.446400 375.900000
26.435420 637.324800 378.304500
26.449710 636.535200 371.091000
26.465940 633.427200 362.796000
26.482420 628.454400 377.989500
26.498780 629.210400 371.133000
26.515260 624.288000 353.587500
26.531740 663.028800 322.045500
26.548100 660.693600 313.257000
26.564700 635.678400 338.982000
26.581050 629.328000 366.523500
26.597410 631.125600 382.137000
26.613890 602.616000 387.271500
26.630370 622.372800 384.090000
26.646730 623.515200 387.880500
26.663090 635.577600 368.602500
26.679690 639.727200 369.873000
26.695920 639.408000 373.054500
26.712520 575.467200 346.006500
26.728880 582.002400 382.767000
26.745240 583.598400 382.903500
26.763550 578.575200 386.599500
26.778080 580.692000 353.682000
26.794560 578.020800 337.606500
26.810910 556.281600 306.505500
26.827510 579.835200 326.875500
26.843870 578.575200 323.389500
26.860350 606.933600 322.591500
26.876710 598.432800 323.515500
26.893190 598.365600 328.146000
26.909550 603.960000 340.147500
26.925900 584.740800 338.950500
26.942500 586.185600 339.255000
26.958860 598.802400 328.492500
26.975220 575.652000 294.903000
26.991700 573.888000 293.139000
27.008060 627.463200 345.828000
27.024540 635.510400 360.244500
27.040890 638.316000 380.215500
27.057500 652.327200 384.793500
27.073850 658.207200 383.659500
27.090330 656.880000 369.033000
27.106690 661.096800 351.550500
27.123170 585.127200 355.887000
27.139400 584.220000 344.862000
27.155880 608.294400 344.820000
27.172360 622.725600 330.624000
27.188840 621.936000 336.273000
27.205440 651.084000 360.223500
27.221800 635.846400 368.046000
27.238040 637.257600 368.455500
27.254760 697.267200 384.216000
27.271000 696.998400 329.679000
27.287480 695.284800 310.768500
27.303830 675.057600 300.930000
27.320560 653.049600 315.441000
27.336790 654.998400 328.366500
27.353150 677.661600 366.103500
27.369750 683.793600 349.125000
27.385990 683.054400 351.550500
27.402470 692.412000 327.936000
27.418820 702.340800 344.232000
27.435300 703.281600 348.957000
27.451660 698.426400 343.938000
27.468260 691.236000 348.715500
27.484620 689.388000 329.080500
27.500980 714.571200 299.155500
27.517460 708.069600 307.419000
27.533810 708.388800 315.892500
27.550420 715.898400 339.003000
27.566650 729.136800 343.413000
27.583250 730.161600 354.732000
27.599610 732.698400 359.089500
27.615970 731.085600 360.265500
27.632450 731.068800 359.016000
27.648800 729.590400 370.062000
27.665280 733.941600 346.930500
27.681640 733.084800 350.689500
27.698120 728.700000 374.797500
27.714600 763.375200 373.254000
27.731080 764.316000 370.765500
27.747800 795.379200 338.425500
27.763920 770.112000 366.208500
27.780270 769.339200 361.651500
27.796510 758.469600 345.628500
27.813110 742.392000 340.000500
27.829590 742.459200 355.887000
27.845950 750.187200 397.572000
27.862670 758.788800 404.743500
27.878780 757.999200 407.967000
27.895260 754.672800 412.272000
27.911740 758.536800 420.157500
27.928220 758.419200 427.318500
27.944700 778.276800 422.982000
27.961180 708.624000 411.159000
27.993900 564.664800 463.438500
28.010130 558.600000 451.300500
28.026730 558.549600 448.108500
28.043090 542.690400 418.362000
28.059570 574.240800 410.760000
28.077640 570.360000 384.888000
28.092410 532.845600 352.632000
28.108760 513.240000 314.527500
28.125240 511.408800 313.204500
28.141600 542.371200 364.234500
28.158080 538.171200 400.564500
28.174680 544.672800 430.647000
28.190920 537.280800 419.349000
28.207400 549.528000 404.859000
28.223880 546.336000 386.064000
28.240230 531.132000 392.689500
28.256960 544.017600 366.502500
28.273440 542.556000 359.299500
28.289920 518.196000 389.182500
28.310060 543.396000 403.399500
28.322510 545.059200 411.222000
28.338870 547.192800 391.870500
28.355220 564.110400 378.094500
28.371830 563.959200 381.328500
28.388180 583.279200 406.812000
28.405150 589.209600 434.070000
28.421020 591.561600 447.877500
28.437500 592.687200 447.657000
28.453980 605.203200 439.215000
28.486690 606.043200 437.598000
28.503050 598.920000 434.322000
28.536010 610.411200 433.902000
28.552610 596.803200 427.602000
28.585330 581.078400 433.545000
28.601810 605.908800 445.189500
28.618040 606.480000 438.385500
28.634640 585.900000 431.088000
28.651120 571.704000 403.987500
28.667600 568.663200 392.542500
28.683840 535.819200 407.599500
28.700320 584.556000 435.477000
28.716670 584.640000 439.708500
28.734130 583.077600 437.755500
28.749760 578.323200 422.572500
28.766110 579.566400 429.565500
28.782470 557.306400 454.198500
28.798830 537.835200 467.533500
28.831910 561.624000 431.004000
28.849000 595.324800 410.476500
28.864750 593.090400 396.606000
28.881100 656.510400 377.107500
28.897460 647.203200 376.992000
28.913940 646.749600 380.310000
28.930300 653.956800 404.554500
28.946660 623.784000 382.777500
28.963130 625.984800 393.823500
28.979740 648.127200 428.589000
28.996090 647.892000 392.112000
29.012330 647.438400 395.052000
29.029050 642.717600 424.368000
29.045170 663.180000 424.105500
29.061890 664.036800 417.354000
29.078250 638.635200 410.245500
29.094600 627.261600 375.742500
29.111080 624.590400 367.626000
29.127440 731.875200 368.014500
29.143800 730.380000 395.335500
29.160280 730.615200 410.791500
29.176760 749.716800 420.052500
29.193240 737.318400 438.333000
29.209720 738.746400 424.966500
29.225950 715.159200 397.330500
29.242310 735.369600 382.000500
29.258910 735.168000 366.912000
29.275270 722.853600 370.429500
29.291750 711.614400 378.189000
29.308350 710.455200 391.482000
29.324710 733.555200 400.144500
29.340940 731.287200 414.319500
29.357300 731.606400 436.296000
29.373780 723.777600 470.263500
29.390260 742.946400 439.960500
29.406980 743.568000 421.995000
29.423340 715.041600 411.138000
29.439700 716.436000 359.320500
29.455930 715.982400 345.030000
29.472290 685.053600 383.418000
29.489140 705.549600 371.122500
29.506230 705.516000 389.245500
29.521850 728.028000 392.101500
29.538210 725.844000 425.974500
29.554690 726.146400 439.897500
29.570920 710.018400 435.708000
29.587520 711.211200 441.724500
29.620240 716.284800 454.041000
29.636840 717.040800 460.771500
29.653080 717.477600 451.027500
29.669560 743.215200 418.026000
29.686040 709.077600 407.211000
29.702510 707.851200 396.564000
29.718990 548.301600 455.385000
29.735350 528.124800 427.518000
29.751710 531.316800 441.115500
29.768190 537.885600 452.728500
29.784670 547.377600 450.439500
29.800900 545.815200 436.012500
29.817500 570.259200 424.651500
29.833860 562.934400 395.104500
29.850590 558.885600 373.842000
29.866820 562.346400 354.144000
29.883180 558.280800 378.094500
29.899410 560.817600 399.021000
29.916020 549.343200 437.083500
29.932500 552.736800 442.438500
29.948970 557.239200 463.722000
29.965450 561.842400 497.154000
29.981810 564.950400 500.514000
30.014400 519.036000 519.876000
30.031130 527.721600 500.755500
30.047360 526.058400 494.361000
30.063960 520.632000 505.659000
30.080320 520.598400 507.822000
30.096920 518.918400 501.627000
30.113160 523.101600 474.967500
30.129640 522.194400 473.581500
30.146000 523.840800 479.986500
30.162480 530.745600 465.045000
30.178830 532.039200 469.455000
30.195190 533.635200 469.329000
30.211790 581.733600 480.469500
30.228270 560.548800 466.935000
30.244380 555.693600 453.159000
30.260990 531.888000 460.183500
30.277340 558.684000 473.623500
30.293950 561.674400 484.512000
30.310300 560.632800 507.643500
30.326660 558.684000 470.295000
30.343260 558.734400 466.662000
30.359500 562.564800 477.046500
30.375980 560.515200 460.078500
30.392460 558.868800 455.994000
30.408810 599.642400 449.221500
30.425290 633.343200 466.252500
30.441770 633.057600 470.400000
30.458130 620.894400 489.636000
30.474610 586.723200 488.649000
30.492920 586.908000 485.919000
30.507570 606.564000 434.752500
30.523930 600.146400 412.198500
30.540160 600.112800 411.999000
30.556640 613.838400 406.350000
30.573120 617.568000 424.788000
30.589480 618.508800 431.518500
30.606080 594.350400 468.804000
30.622440 610.730400 467.922000
30.639040 609.504000 464.394000
30.655270 630.235200 451.941000
30.671750 605.371200 464.362500
30.688230 606.412800 471.009000
30.704470 657.350400 458.713500
30.721190 644.632800 488.397000
30.737430 645.741600 491.736000
30.753910 678.552000 499.464000
30.770140 681.324000 479.587500
30.786620 680.820000 472.972500
30.803220 684.163200 451.563000
30.819950 683.659200 503.905500
30.835940 683.256000 506.877000
30.852540 770.952000 354.532500
31.098880 514.600800 556.941000
31.115230 543.950400 557.844000
31.131710 542.455200 549.066000
31.148190 520.749600 520.590000
31.164790 524.277600 510.058500
31.181150 520.951200 500.566500
31.197510 503.748000 519.109500
31.213870 534.139200 514.300500
31.230350 535.735200 520.495500
31.246700 500.908800 567.420000
31.263180 530.527200 533.494500
31.296020 501.849600 550.557000
31.312500 524.546400 563.955000
31.328980 526.176000 569.646000
31.345210 559.591200 527.677500
31.361690 521.892000 524.317500
31.378170 521.757600 521.419500
31.394530 575.601600 563.125500
31.411010 594.955200 553.098000
31.427370 592.704000 541.527000
31.443850 590.167200 510.615000
31.460210 555.559200 513.271500
31.476680 556.819200 521.787000
31.493160 568.075200 548.856000
31.509520 572.023200 565.813500
31.526000 573.367200 568.974000
31.542480 577.600800 549.864000
31.558960 573.283200 531.730500
31.575200 570.729600 519.813000
31.591550 571.065600 512.410500
31.608150 566.714400 533.967000
31.624630 567.991200 542.430000
31.641110 564.412800 529.588500
31.657470 573.132000 568.302000
31.673830 574.728000 571.494000
31.690430 586.286400 551.124000
31.706670 581.666400 541.012500
31.723270 579.146400 532.024500
31.739620 574.744800 519.687000
31.755980 568.999200 558.085500
31.772460 570.376800 561.214500
31.789060 521.169600 525.283500
31.806030 530.779200 523.383000
31.821780 527.385600 510.562500
31.838260 548.083200 512.043000
31.854610 504.235200 516.411000
31.871090 506.016000 524.748000
31.887450 546.285600 516.537000
31.903930 542.572800 562.705500
31.920290 545.865600 572.334000
31.936890 558.163200 552.646500
31.953000 556.348800 554.736000
31.969600 554.803200 551.470500
31.985960 522.160800 513.691500
32.002320 523.101600 546.052500
32.018920 526.394400 555.240000
32.035280 520.128000 546.609000
32.051510 502.908000 531.258000
32.068240 499.212000 519.025500
32.084470 510.249600 524.874000
32.101070 549.444000 515.319000
32.117680 548.066400 512.137500
32.133790 536.575200 508.084500
32.150270 562.766400 510.384000
32.166750 565.471200 522.658500
32.183350 655.670400 523.131000
32.199580 652.579200 536.854500
32.216060 653.284800 542.902500
32.232420 630.739200 541.768500
32.248780 624.792000 558.957000
32.281620 614.863200 551.302500
32.297970 607.891200 561.792000
32.314580 607.303200 550.053000
32.331050 605.791200 526.407000
32.347410 617.702400 489.552000
32.363770 614.779200 470.116500
32.380370 610.159200 457.632000
32.396610 537.986400 454.524000
32.413090 538.036800 457.905000
32.429440 467.174400 497.574000
32.445920 477.775200 499.296000
32.463260 477.842400 499.495500
32.478640 509.443200 478.779000
32.495360 507.360000 468.436500
32.511600 509.090400 477.309000
32.528080 520.060800 486.801000
32.544560 530.947200 515.151000
32.561040 534.290400 525.598500
32.577390 502.471200 533.211000
32.593870 499.195200 508.105500
32.610350 495.532800 495.789000
32.626590 485.251200 533.200500
32.643070 500.623200 549.958500
32.678340 474.751200 525.021000
32.692630 480.866400 530.995500
32.708860 482.966400 539.637000
32.725340 586.219200 505.123500
32.741700 628.807200 527.908500
32.758060 629.042400 524.401500
32.774540 641.558400 526.155000
32.790890 650.580000 485.782500
32.807370 649.471200 482.244000
32.823850 606.345600 513.313500
32.840450 617.517600 512.337000
32.856690 620.709600 528.916500
32.873170 628.185600 503.632500
32.889530 627.748800 513.051000
32.906010 624.926400 493.489500
32.922490 621.129600 457.086000
32.938720 603.926400 472.426500
32.955320 603.640800 475.251000
32.971560 621.432000 464.100000
32.988040 639.912000 496.198500
33.004880 642.364800 515.980500
33.020870 606.261600 536.550000
33.037110 606.530400 534.208500
33.053710 605.707200 525.199500
33.070190 596.383200 513.334500
33.086550 593.661600 500.934000
33.103030 591.393600 488.512500
33.119630 590.452800 484.354500
33.135990 586.588800 475.912500
33.168580 584.136000 483.546000
33.185180 588.319200 470.851500
33.201540 588.100800 473.728500
33.218020 598.617600 485.835000
33.234500 599.172000 495.054000
33.250730 601.490400 504.630000
33.267330 549.175200 562.569000
33.283810 548.268000 552.919500
33.300170 548.200800 555.513000
33.316530 526.730400 563.881500
33.333010 541.951200 551.365500
33.365840 559.288800 532.098000
33.382320 561.708000 508.704000
33.398680 560.179200 505.365000
33.415040 535.096800 566.517000
33.431520 527.940000 564.217500
33.448240 529.569600 567.462000
33.464360 535.970400 543.480000
33.480960 532.526400 527.163000
33.497310 529.368000 515.161500
33.513670 515.743200 515.508000
33.530030 520.665600 529.000500
33.546510 522.278400 537.558000
33.563110 547.831200 542.346000
33.579220 560.767200 562.968000
33.595830 563.707200 571.903500
33.612430 544.790400 565.698000
33.628540 568.209600 564.270000
33.645140 565.488000 552.594000
33.661500 561.254400 557.949000
33.678100 608.479200 522.007500
33.710690 595.123200 516.169500
33.727290 593.544000 520.569000
33.743650 594.669600 526.543500
33.760130 592.536000 533.704500
33.776610 599.474400 521.577000
33.793210 598.399200 515.560500
33.809570 595.072800 505.354500
33.825810 592.502400 506.142000
33.842290 591.141600 503.065500
33.858640 586.740000 506.394000
33.875120 604.699200 538.933500
33.891600 606.530400 553.234500
33.908080 576.676800 542.734500
33.924320 599.625600 550.378500
33.941040 601.104000 550.494000
33.957280 626.253600 557.718000
33.973630 569.116800 539.091000
33.990230 566.395200 530.428500
34.006710 585.883200 565.267500
34.023190 589.344000 541.044000
34.039550 591.712800 553.108500
34.055790 612.091200 589.281000
34.072270 600.532800 566.223000
34.088870 600.684000 563.325000
34.105100 621.532800 560.731500
34.121580 664.742400 538.818000
34.138060 663.012000 529.588500
34.154420 669.547200 554.515500
34.170780 653.738400 560.091000
34.187260 654.427200 565.950000
34.203610 648.278400 206.650500
34.483030 649.992000 220.678500
34.499390 638.652000 572.691000
34.515750 650.916000 565.278000
34.533570 650.176800 559.377000
34.548710 659.534400 492.093000
34.565060 660.962400 524.097000
34.581540 660.576000 526.942500
34.597900 664.322400 490.266000
34.614260 675.074400 551.218500
34.630860 675.612000 548.478000
34.647340 638.836800 509.575500
34.663700 631.176000 491.673000
34.680180 630.302400 485.310000
34.696530 633.712800 508.252500
34.712890 638.836800 486.465000
34.729490 639.307200 495.642000
34.745730 627.715200 530.019000
34.762330 624.254400 558.484500
34.778690 625.413600 561.834000
34.795170 641.037600 570.423000
34.811520 620.088000 529.725000
34.827880 619.113600 523.519500
34.844360 680.198400 542.577000
35.094360 662.222400 548.436000
35.107180 649.185600 552.132000
35.123660 648.480000 546.367500
35.140380 641.104800 510.594000
35.156490 617.080800 501.154500
35.172850 615.854400 497.899500
35.189940 646.447200 537.684000
35.205930 627.496800 523.729500
35.222410 629.563200 533.053500
35.238650 721.560000 568.932000
35.255130 740.023200 562.590000
35.271480 739.368000 565.204500
35.287960 727.876800 552.048000
35.304440 728.750400 533.421000
35.321040 728.884800 539.637000
35.337280 692.176800 548.373000
35.353880 715.764000 562.873500
35.370120 716.990400 550.578000
35.386600 714.890400 509.859000
35.404300 703.920000 497.448000
35.419680 702.895200 478.191000
35.435790 695.150400 488.722500
35.452510 719.728800 497.563500
35.468630 718.334400 497.091000
35.484990 721.291200 465.738000
35.501460 709.783200 477.792000
35.517820 711.916800 484.764000
35.534420 705.448800 492.481500
35.550780 676.435200 505.701000
35.567260 675.309600 502.771500
35.583500 531.064800 528.381000
35.599980 553.089600 537.453000
35.616580 554.685600 544.089000
35.633060 556.332000 561.561000
35.649540 543.664800 555.723000
35.682370 535.264800 546.966000
35.698610 547.579200 521.860500
35.714970 549.007200 530.481000
35.731570 544.202400 553.885500
35.747920 560.196000 555.219000
35.764400 561.741600 554.967000
35.780760 568.209600 539.238000
35.797240 535.819200 538.083000
35.813600 532.526400 528.559500
35.830080 509.342400 519.340500
35.847780 540.640800 555.702000
35.863040 542.320800 564.984000
35.879520 557.390400 525.735000
35.895750 546.487200 533.400000
35.912230 546.588000 527.373000
35.928590 574.576800 547.344000
35.945190 609.789600 519.361500
35.961550 608.109600 518.542500
35.977910 590.133600 535.815000
35.994260 596.769600 543.963000
36.010860 599.172000 556.825500
36.027340 593.090400 571.756500
36.043700 596.047200 534.303000
36.060060 595.308000 522.364500
36.076660 619.836000 535.857000
36.092900 623.599200 509.365500
36.109380 622.238400 505.501500
36.125730 618.710400 530.355000
36.142330 622.792800 538.461000
36.158690 623.464800 547.995000
36.175050 618.660000 559.975500
36.191770 594.602400 549.381000
36.207890 594.837600 546.766500
36.224370 598.701600 515.403000
36.240840 594.266400 526.690500
36.257320 594.451200 523.246500
36.273680 604.396800 511.549500
36.290280 624.187200 512.431500
36.306520 622.759200 508.609500
36.322880 605.203200 545.716500
36.339360 617.920800 540.267000
36.355710 617.752800 543.942000
36.372190 664.792800 564.301500
36.388670 652.629600 578.413500
36.405150 653.335200 584.073000
36.421750 647.472000 565.026000
36.437870 687.892800 545.601000
36.470830 672.369600 567.252000
36.487300 684.112800 518.931000
36.520020 675.091200 533.967000
36.536500 686.061600 543.553500
36.552860 687.136800 546.661500
36.569460 593.292000 560.395500
36.585690 665.851200 566.590500
36.602170 665.229600 560.731500
36.618650 620.306400 546.693000
36.635010 619.936800 533.652000
36.651490 619.029600 527.877000
36.667970 630.957600 526.312500
36.684330 636.837600 543.312000
36.700680 637.627200 548.982000
36.717290 601.826400 519.498000
36.733640 639.895200 526.869000
36.766480 630.369600 556.395000
36.782710 599.608800 513.901500
36.799440 598.550400 507.969000
36.815800 631.276800 525.231000
36.832150 664.692000 536.109000
36.864990 714.638400 529.851000
36.881590 712.454400 525.682500
36.897950 713.210400 522.616500
36.914430 718.048800 519.193500
36.930660 712.555200 492.471000
36.947270 711.564000 488.659500
36.963620 701.366400 509.491500
36.979980 720.820800 501.711000
36.996580 721.173600 514.542000
37.012820 719.779200 541.044000
37.029420 723.676800 547.606500
37.045780 722.887200 550.326000
37.062260 691.622400 544.740000
37.078610 722.114400 556.573500
37.094970 722.803200 554.127000
37.111570 719.880000 570.381000
37.127930 722.215200 542.335500
37.144410 722.030400 536.434500
37.160890 707.952000 529.441500
37.177250 715.293600 505.785000
37.193600 714.621600 508.567500
37.209960 685.188000 536.560500
37.226560 685.708800 537.180000
37.242920 686.733600 540.498000
37.259400 685.389600 544.708500
37.276000 685.860000 535.878000
37.292110 686.515200 532.612500
37.308590 708.372000 512.515500
37.325070 681.609600 516.222000
37.341550 679.795200 515.487000
37.357910 728.145600 514.573500
37.374390 802.519200 519.235500
37.390870 803.476800 526.344000
37.407100 796.202400 521.041500
37.423460 800.251200 520.831500
37.440060 799.965600 510.972000
37.456540 804.501600 514.290000
37.472900 792.943200 517.587000
37.489380 792.876000 518.616000
37.505740 794.942400 530.796000
37.522090 794.892000 542.209500
37.538700 794.539200 547.869000
37.555050 805.896000 533.421000
37.571530 786.945600 540.162000
37.587890 788.054400 537.043500
37.604370 798.722400 512.337000
37.620730 798.268800 517.860000
37.637080 796.908000 510.930000
37.653560 783.232800 525.703500
37.670040 811.003200 531.457500
37.686520 812.011200 538.356000
37.704470 787.281600 543.816000
37.719240 766.365600 523.750500
37.735840 766.668000 511.066500
37.752080 839.193600 502.582500
37.768680 865.872000 506.898000
37.785160 862.612800 518.553000
37.801510 849.895200 507.801000
37.817870 833.532000 549.496500
37.834470 832.053600 562.233000
37.850830 827.887200 551.061000
37.867190 869.584800 537.558000
37.883670 873.062400 525.640500
37.900020 870.912000 527.026500
37.916380 860.479200 518.742000
37.933110 862.243200 505.984500
37.949340 875.196000 477.813000
37.965700 885.477600 491.337000
37.982300 883.108800 500.241000
37.998660 883.831200 529.032000
38.015260 882.302400 516.379500
38.031490 882.554400 520.075500
38.047850 872.743200 511.350000
38.064450 867.535200 507.958500
38.080930 868.089600 498.582000
38.097050 856.447200 479.220000
38.113650 848.803200 503.191500
38.130000 846.837600 512.872500
38.146480 797.445600 521.692500
38.162960 816.194400 528.748500
38.179320 816.715200 532.066500
38.195800 799.176000 532.801500
38.212160 813.153600 511.665000
38.228640 813.657600 505.512000
38.245120 818.815200 506.593500
38.261470 839.143200 503.748000
38.277830 838.471200 509.701500
38.294310 835.951200 536.665500
38.310910 847.240800 517.986000
38.343630 885.847200 524.895000
38.359990 874.977600 548.278500
38.393070 886.956000 512.116500
38.409420 859.404000 525.052500
38.442140 893.323200 544.897500
38.458740 879.228000 537.106500
38.475100 878.925600 533.988000
38.491700 841.092000 554.778000
38.508060 836.001600 542.818500
38.524410 837.009600 548.887500
38.540890 859.034400 559.713000
38.557250 876.103200 534.943500
38.573730 876.657600 521.713500
38.590210 864.981600 514.710000
38.606690 858.295200 544.320000
38.622920 859.420800 541.884000
38.639400 929.308800 499.915500
38.655880 929.359200 501.060000
38.672120 927.948000 507.549000
38.689210 926.906400 525.252000
38.705080 914.138400 538.125000
38.721680 910.156800 553.150500
38.738160 944.008800 562.947000
38.754270 940.581600 574.171500
38.770750 939.052800 580.041000
38.787110 916.456800 610.396500
38.803710 932.080800 597.828000
38.836550 928.082400 592.347000
38.852910 906.998400 588.346500
38.869380 908.275200 585.742500
38.885740 875.817600 587.317500
38.902220 892.248000 562.138500
38.920290 894.751200 553.161000
38.935300 883.108800 537.264000
38.951420 897.153600 544.005000
38.967900 896.700000 537.369000
38.984250 910.392000 551.817000
39.000730 928.771200 551.848500
39.018680 927.141600 558.684000
39.033570 935.289600 531.289500
39.050050 887.224800 563.556000
39.066410 888.938400 563.577000
39.082890 901.387200 566.590500
39.099240 907.720800 552.090000
39.115840 907.704000 548.236500
39.132080 970.435200 564.879000
39.148800 959.229600 545.769000
39.164920 960.691200 543.564000
39.181400 986.076000 521.503500
39.197880 984.849600 523.414500
39.214230 986.798400 514.122000
39.230710 1009.159200 508.536000
39.247190 1014.652800 498.078000
39.263670 1012.418400 505.039500
39.280030 856.598400 560.080500
39.296390 713.025600 534.072000
39.312870 712.454400 536.865000
39.329470 539.834400 582.036000
39.346920 526.562400 585.805500
39.362180 528.242400 588.850500
39.378660 520.447200 596.589000
39.395020 533.601600 582.550500
39.411380 533.568000 582.382500
39.427860 543.933600 582.477000
39.444340 542.606400 596.011500
39.460690 542.656800 598.437000
39.477290 539.884800 594.300000
39.493650 520.833600 581.395500
39.509890 522.446400 584.566500
39.526610 496.893600 586.057500
39.543090 500.018400 610.491000
39.561160 499.968000 610.333500
39.575810 494.659200 608.863500
39.592160 519.069600 606.585000
39.608640 517.389600 601.240500
39.625000 517.708800 599.182500
39.641480 521.791200 597.639000
39.657960 520.178400 592.347000
39.674190 480.614400 593.649000
39.690800 488.460000 605.755500
39.707280 490.375200 613.357500
39.723510 518.683200 618.964500
39.739870 501.916800 664.755000
39.756350 505.646400 674.772000
39.772950 513.391200 651.525000
39.789430 510.736800 652.312500
39.805910 508.670400 644.899500
39.822020 523.084800 625.138500
39.838750 546.252000 618.880500
40.167240 573.652800 672.997500
40.183720 572.880000 664.681500
40.219600 587.260800 670.687500
40.233150 562.060800 665.910000
40.249510 563.404800 670.635000
40.265990 587.277600 677.491500
40.282350 582.019200 670.078500
40.298580 581.901600 672.430500
40.315190 595.190400 695.782500
40.331670 583.212000 650.884500
40.348140 584.438400 656.008500
40.364500 601.339200 677.670000
40.381100 605.656800 677.995500
40.397460 607.101600 680.494500
40.413700 605.169600 688.338000
40.430420 610.596000 679.192500
40.447750 609.134400 676.525500
40.463130 623.364000 682.279500
40.479740 593.779200 697.567500
40.495970 593.812800 697.714500
40.512570 588.520800 687.477000
40.528810 629.815200 660.534000
40.548460 630.084000 658.192500
40.561400 749.464800 656.733000
40.578000 737.184000 641.686500
40.594240 736.444800 638.872500
40.610720 741.350400 664.954500
40.627200 738.561600 662.046000
40.643680 738.595200 667.065000
40.660890 749.464800 651.609000
40.676390 736.764000 676.588500
40.692990 736.814400 681.481500
40.709470 717.729600 682.636500
40.726070 729.640800 680.925000
40.742190 730.380000 678.594000
40.758670 753.681600 638.095500
40.775020 748.809600 621.883500
40.791500 748.843200 611.173500
40.807860 672.487200 612.601500
40.824340 660.357600 612.055500
40.841060 659.752800 606.889500
40.857540 662.659200 598.122000
40.877320 661.987200 612.349500
40.906490 654.074400 606.868500
40.922970 645.842400 626.661000
40.939450 646.245600 623.962500
40.955930 664.238400 607.110000
40.972410 615.249600 618.744000
40.988650 613.687200 617.736000
41.005250 602.296800 628.950000
41.021480 595.728000 631.543500
41.037840 598.113600 642.610500
41.054320 595.761600 670.635000
41.070680 596.685600 672.000000
41.087160 597.962400 674.520000
41.103760 626.875200 662.182500
41.120000 630.067200 663.495000
41.136470 629.479200 655.767000
41.152830 625.581600 651.514500
41.169310 721.946400 642.474000
41.185670 720.182400 636.741000
41.203610 712.504800 675.790500
41.218510 699.451200 680.347500
41.234860 700.156800 690.553500
41.251340 707.800800 699.079500
41.267820 705.180000 682.962000
41.300780 701.248800 661.899000
41.317140 714.453600 682.258500
41.350220 748.725600 639.051000
41.366460 750.573600 639.922500
41.382810 751.447200 637.623000
41.399290 694.209600 675.013500
41.415650 683.256000 662.991000
41.432130 682.785600 658.056000
41.448490 675.897600 662.602500
41.464970 668.892000 654.486000
41.497920 680.584800 645.288000
41.514280 690.748800 643.524000
41.547120 690.580800 617.515500
41.563480 688.749600 615.888000
41.580080 688.615200 623.374500
41.596190 677.930400 628.015500
41.612920 719.258400 638.400000
41.629150 721.224000 643.692000
41.645630 759.578400 633.906000
41.662110 757.965600 621.474000
41.678470 756.504000 615.426000
41.695070 760.972800 638.158500
41.711430 760.334400 645.603000
41.727910 760.048800 656.743500
41.744260 766.264800 643.965000
41.760620 767.306400 650.937000
41.777100 768.331200 643.440000
41.793460 772.598400 650.328000
41.809940 774.127200 634.147500
41.826420 774.564000 623.889000
41.842770 795.328800 635.082000
41.859250 769.776000 622.776000
41.875730 770.582400 625.065000
41.892210 780.511200 618.891000
41.908450 786.710400 598.500000
41.925050 786.021600 595.024500
41.941280 746.424000 623.616000
41.958010 745.500000 631.092000
41.990600 740.342400 646.863000
42.007200 746.020800 631.501500
42.040040 738.360000 647.976000
42.056270 709.682400 617.022000
42.072880 709.128000 619.290000
42.089840 773.488800 652.627500
42.106080 776.580000 637.665000
42.122440 777.033600 645.456000
42.138920 756.806400 630.934500
42.155520 747.381600 580.335000
42.171880 748.238400 571.672500
42.188840 755.311200 572.397000
42.204590 760.183200 553.581000
42.220580 758.637600 552.667500
42.237180 779.436000 606.963000
42.253660 784.039200 619.657500
42.270140 783.367200 631.165500
42.286380 778.797600 651.157500
42.319340 780.057600 634.557000
42.335690 791.448000 586.446000
42.352290 796.219200 579.778500
42.368650 795.530400 576.870000
42.385010 778.125600 584.440500
42.401370 781.216800 590.530500
42.417850 780.948000 596.085000
42.434330 758.184000 604.128000
42.450680 742.341600 583.516500
42.467160 742.358400 589.029000
42.483520 748.792800 589.333500
42.500000 753.900000 619.038000
42.516480 753.832800 624.393000
42.532840 747.348000 629.023500
42.549190 764.937600 648.217500
42.565800 765.727200 645.655500
42.582150 763.173600 626.808000
42.598510 772.800000 625.107000
42.614990 773.001600 619.710000
42.631470 718.267200 637.759500
42.647710 719.930400 636.132000
42.680660 731.572800 640.174500
42.697140 739.569600 642.862500
42.729980 739.670400 646.642500
42.746460 755.328000 635.974500
42.779420 741.148800 644.458500
42.795650 739.132800 635.239500
42.828490 730.749600 627.784500
42.844970 738.460800 609.661500
42.861570 739.233600 606.732000
42.877810 750.657600 617.841000
42.894290 814.111200 616.339500
42.910770 814.077600 608.013000
42.927120 856.363200 621.243000
42.943480 873.264000 596.589000
42.960080 872.188800 602.721000
42.976560 866.560800 629.769000
42.992800 902.596800 656.134500
43.025630 903.184800 659.925000
43.042110 899.136000 628.834500
43.058470 900.261600 623.805000
43.075200 894.196800 615.867000
43.091550 829.416000 650.559000
43.107910 828.794400 655.378500
43.124270 852.213600 653.562000
43.140630 856.094400 659.232000
43.157230 857.354400 656.544000
43.173580 865.687200 633.192000
43.190190 867.568800 622.387500
43.206420 868.156800 614.376000
43.222780 628.034400 631.207500
43.239380 552.031200 626.010000
43.255620 553.644000 631.848000
43.272220 536.474400 661.993500
43.288450 550.502400 663.988500
43.304930 551.964000 666.235500
43.321410 559.994400 662.193000
43.337890 566.832000 649.782000
43.354250 566.479200 651.451500
43.370730 587.916000 669.406500
43.387210 584.253600 662.581500
43.403440 585.648000 668.262000
43.419920 584.724000 695.908500
43.436400 569.940000 666.288000
43.452880 569.704800 668.566500
43.469360 582.590400 638.337000
43.485600 570.309600 613.147500
43.502080 571.872000 616.150500
43.518550 582.002400 702.355500
43.534790 588.268800 669.616500
43.551390 587.042400 664.576500
43.567750 583.312800 651.934500
43.584230 573.652800 649.740000
43.617070 558.751200 612.486000
43.633540 557.172000 629.223000
43.649900 557.323200 626.409000
43.666380 559.876800 602.395500
43.682620 571.956000 636.709500
43.699100 569.016000 631.344000
43.716430 582.607200 628.708500
43.732060 569.604000 636.930000
43.748540 572.426400 647.986500
43.764770 625.934400 665.857500
43.781370 632.788800 636.720000
43.797730 633.645600 641.949000
43.814210 635.930400 644.038500
43.830570 654.628800 675.276000
43.847170 654.360000 667.852500
43.863530 620.407200 651.819000
43.879880 613.334400 660.807000
43.896360 611.352000 650.979000
43.912720 585.093600 625.852500
43.929200 571.452000 606.690000
43.945680 572.661600 614.334000
43.962040 600.297600 631.617000
43.978520 622.137600 630.504000
43.994750 624.036000 641.098500
44.011230 613.048800 646.590000
44.027710 558.734400 650.737500
44.044190 557.306400 645.582000
44.060670 561.472800 639.418500
44.077030 562.934400 671.653500
44.109990 596.131200 674.593500
44.126590 607.152000 672.598500
44.142820 607.605600 667.380000
44.159550 614.023200 654.265500
44.175780 596.282400 607.771500
44.192260 592.788000 591.234000
44.208860 519.103200 639.303000
44.225220 544.202400 612.874500
44.257930 541.934400 602.511000
44.274410 546.453600 644.059500
44.307370 550.687200 632.625000
44.323610 553.644000 633.055500
44.339970 554.988000 637.854000
44.356450 559.255200 631.428000
44.372920 567.705600 649.866000
44.389400 568.730400 659.452500
44.405760 518.431200 655.557000
44.422360 532.761600 662.088000
44.438720 536.256000 672.966000
44.455080 564.916800 689.157000
44.471680 545.277600 714.136500
44.487920 543.715200 709.506000
44.504390 533.803200 718.830000
44.520750 535.248000 709.600500
44.553710 595.728000 709.380000
44.570070 616.056000 681.712500
44.586550 617.047200 686.563500
44.602910 633.696000 702.702000
44.619380 638.400000 699.226500
44.635860 638.164800 689.461500
44.652220 641.524800 655.042500
44.668580 650.899200 632.509500
44.685060 648.664800 616.623000
44.701420 634.939200 622.125000
44.717900 619.046400 618.576000
44.734380 618.744000 621.442500
44.750610 601.608000 677.785500
44.766970 634.284000 663.631500
45.079220 636.199200 674.331000
45.095700 669.396000 692.769000
45.112060 647.018400 708.844500
45.128540 647.757600 713.443500
45.144900 662.995200 689.409000
45.161380 676.200000 654.139500
45.177730 676.720800 659.095500
45.194210 745.668000 662.424000
45.210570 768.129600 647.314500
45.227170 769.826400 647.062500
45.243530 773.606400 673.060500
45.259890 780.544800 677.796000
45.276370 780.040800 670.089000
45.292720 804.568800 695.257500
45.309080 763.106400 694.480500
45.325560 763.089600 695.289000
45.342160 775.420800 674.929500
45.358640 734.882400 684.621000
45.391360 771.086400 654.832500
45.407590 766.852800 673.207500
45.424320 767.709600 675.349500
45.440670 775.689600 686.742000
45.457030 770.128800 686.857500
45.473510 768.516000 686.059500
45.489870 793.296000 708.561000
45.506350 770.851200 684.096000
45.522950 771.220800 692.422500
45.539060 767.961600 702.964500
45.555660 774.916800 703.972500
45.572020 774.244800 701.400000
45.588500 772.884000 715.995000
45.604860 864.964800 723.051000
45.621340 866.191200 721.035000
45.637700 810.415200 692.338500
45.654170 814.346400 675.234000
45.670650 815.388000 665.637000
45.687010 848.097600 692.800500
45.703490 840.218400 653.457000
45.736570 859.958400 703.027500
45.752930 859.706400 697.294500
45.785640 831.986400 668.146500
45.802250 823.620000 675.738000
45.818480 823.048800 680.358000
45.834840 634.384800 694.869000
45.851200 583.413600 750.403500
45.867800 583.312800 752.230500
45.884160 578.961600 680.610000
45.900630 615.669600 715.638000
45.916990 615.703200 715.774500
45.933470 584.908800 734.811000
45.950070 576.643200 724.185000
45.966550 576.828000 722.190000
45.982670 607.101600 727.975500
45.999270 601.003200 741.457500
46.015630 600.969600 741.331500
46.032350 545.126400 740.029500
46.048830 582.758400 733.498500
46.065190 582.556800 735.535500
46.081670 491.870400 732.165000
46.098140 516.079200 731.430000
46.114500 515.978400 727.303500
46.130980 527.402400 709.338000
46.147340 489.400800 706.104000
46.163820 485.452800 698.607000
46.180180 487.620000 707.227500
46.196660 487.536000 711.343500
46.213260 491.551200 720.730500
46.229610 531.501600 712.036500
46.249760 533.988000 699.111000
46.262080 535.550400 703.678500
46.278690 543.396000 718.284000
46.295290 516.297600 707.133000
46.311770 514.584000 702.586500
46.328130 499.027200 721.738500
46.344360 492.643200 717.076500
46.361080 492.777600 718.987500
46.377320 533.416800 708.183000
46.393550 550.519200 716.278500
46.410030 553.425600 723.408000
46.426510 595.156800 756.399000
46.442750 613.099200 777.283500
46.460940 611.032800 769.114500
46.475710 618.710400 737.394000
46.492190 621.314400 753.396000
46.508540 620.390400 749.322000
46.525020 601.188000 742.969500
46.541380 567.453600 745.416000
46.557740 568.764000 749.511000
46.574220 621.364800 680.421000
46.590580 601.792800 693.451500
46.607060 602.851200 698.061000
46.623660 565.992000 722.704500
46.640010 573.048000 701.694000
46.672850 614.443200 716.520000
46.689330 627.698400 701.116500
46.722170 576.324000 694.113000
46.738650 588.638400 734.737500
46.754880 588.487200 736.848000
46.771360 589.243200 726.663000
46.788210 591.511200 740.449500
46.804200 592.704000 744.933000
46.820680 620.121600 707.658000
46.837040 610.680000 767.718000
46.853520 610.881600 765.691500
46.869870 576.256800 756.756000
46.888920 582.355200 745.899000
46.902830 581.061600 741.499500
46.919190 573.048000 750.834000
46.935910 575.836800 748.009500
46.952150 574.576800 743.799000
46.968510 598.080000 729.823500
46.984990 619.886400 737.425500
47.001340 618.962400 733.225500
47.017820 741.014400 725.991000
47.034300 738.326400 729.015000
47.067020 738.276000 743.137500
47.083500 745.231200 712.509000
47.099850 746.138400 714.514500
47.117190 765.290400 724.699500
47.132930 735.218400 728.647500
47.149170 734.361600 725.959500
47.165770 723.055200 726.064500
47.182010 756.470400 718.620000
47.198490 757.226400 716.992500
47.214970 741.132000 702.870000
47.231450 730.951200 690.910500
47.247680 729.304800 690.238500
47.264280 683.558400 690.060000
47.280640 694.848000 698.061000
47.297120 695.990400 712.467000
47.313480 729.607200 718.620000
47.329960 744.475200 746.182500
47.362920 711.933600 749.532000
47.379150 679.812000 761.964000
47.395750 679.308000 757.732500
47.412110 730.884000 720.541500
47.428470 748.204800 738.780000
47.445310 748.238400 734.464500
47.461430 684.801600 786.723000
47.477780 626.875200 713.517000
47.494260 627.748800 718.000500
47.510740 551.947200 793.842000
47.526980 562.144800 788.161500
47.559810 506.100000 765.838500
47.576420 551.426400 796.456500
47.593020 549.948000 792.603000
47.609500 554.820000 789.474000
47.625610 535.735200 797.002500
47.658570 528.679200 787.920000
47.675050 529.653600 782.827500
47.691280 529.603200 781.000500
47.707890 520.581600 759.612000
47.724240 545.512800 793.569000
47.740720 543.984000 789.673500
47.756960 564.849600 710.146500
47.773440 550.166400 719.607000
47.790040 551.594400 723.901500
47.806400 563.035200 754.866000
47.822880 573.988800 733.971000
47.839230 575.265600 738.255000
47.855710 526.327200 758.908500
47.872070 532.106400 750.004500
47.905030 570.074400 718.735500
47.921260 614.863200 565.876500
47.937870 615.115200 562.873500
47.954220 629.731200 490.077000
47.970700 633.158400 452.781000
47.989260 631.680000 451.804500
48.003540 653.940000 471.103500
48.020020 641.440800 486.559500
48.036380 643.104000 500.524500
48.052980 644.280000 517.702500
48.069090 636.921600 529.032000
48.102170 647.119200 535.615500
48.118530 640.936800 523.320000
48.151250 639.962400 503.139000
48.167720 691.437600 467.628000
48.200810 694.696800 454.083000
48.217160 684.096000 487.263000
48.249880 703.399200 449.064000
48.266240 697.636800 456.393000
48.299190 715.411200 464.467500
48.317260 690.496800 462.661500
48.348510 711.412800 469.539000
48.364870 713.378400 466.389000
48.397830 689.505600 465.223500
48.414180 648.396000 455.122500
48.430660 648.832800 451.983000
48.447020 557.088000 447.205500
48.463380 550.620000 432.915000
48.479980 547.612800 422.247000
48.496220 528.259200 416.787000
48.512700 525.403200 420.252000
48.529170 525.453600 420.451500
48.545780 537.600000 417.301500
48.562130 534.340800 418.194000
48.594970 524.008800 431.560500
48.611330 528.712800 437.083500
48.646120 531.820800 417.007500
48.660770 531.400800 410.749500
48.677120 532.996800 414.351000
48.693480 531.384000 440.160000
48.710080 546.907200 440.580000
48.726320 545.311200 436.768500
48.742800 537.616800 432.484500
48.759280 527.570400 469.308000
48.775880 525.789600 459.060000
48.792110 504.453600 732.585000
48.808590 523.118400 833.143500
48.824950 521.472000 829.657500
48.841310 523.790400 860.149500
48.857790 541.951200 859.908000
48.874270 543.631200 863.541000
48.890500 549.746400 852.432000
48.907100 548.520000 857.440500
48.923580 548.620800 855.718500
48.940060 540.724800 836.209500
48.956420 538.423200 822.433500
48.974370 536.592000 820.186500
48.989260 550.099200 863.152500
49.005620 545.882400 860.118000
49.021970 547.579200 863.845500
49.038450 551.140800 850.836000
49.055050 548.721600 846.688500
49.071410 548.637600 848.295000
49.087890 554.114400 827.557500
49.104130 546.705600 842.425500
49.120610 548.234400 845.943000
49.137210 548.436000 845.155500
49.153560 558.684000 853.986000
49.169920 558.768000 852.463500
49.188110 547.377600 837.532500
49.202880 538.372800 854.532000
49.219240 538.322400 854.437500
49.235600 492.676800 835.821000
49.252080 479.354400 838.992000
49.268430 481.353600 842.457000
49.285030 501.211200 837.910500
49.303470 517.524000 834.361500
49.317870 515.793600 830.833500
49.334230 484.075200 823.515000
49.350710 477.187200 825.531000
49.383420 470.769600 833.658000
49.400020 490.156800 844.998000
49.416380 489.972000 843.297000
49.432860 606.967200 859.981500
49.449100 609.151200 856.317000
49.465580 607.992000 852.558000
49.482060 596.887200 861.252000
49.498540 589.629600 866.155500
49.515010 589.310400 867.762000
49.531370 575.198400 855.057000
49.547850 541.346400 857.787000
49.564090 542.992800 863.026500
49.580690 579.398400 868.770000
49.597290 579.213600 901.456500
49.613530 581.784000 907.578000
49.630000 607.924800 901.372500
49.646360 608.445600 922.110000
49.679200 630.789600 874.545000
49.695680 632.570400 873.190500
49.712040 632.503200 866.502000
49.728520 627.160800 841.575000
49.744870 615.686400 826.549500
49.761230 612.612000 815.430000
49.777710 598.533600 831.274500
49.794070 593.863200 844.126500
49.827030 588.789600 807.229500
49.843510 564.916800 802.609500
49.876340 548.587200 780.706500
49.892820 534.828000 790.902000
49.909300 534.760800 792.781500
49.925660 564.076800 823.042500
49.942140 564.816000 836.860500
49.959230 564.866400 836.976000
49.975100 558.196800 810.663000
49.991330 531.165600 816.301500
50.024290 534.475200 802.242000
50.040650 544.639200 785.841000
50.057010 546.420000 788.109000
50.073490 548.990400 796.477500
50.089970 529.032000 787.773000
50.106320 527.200800 783.426000
50.122800 539.044800 821.415000
50.139280 562.480800 815.052000
50.155640 562.060800 818.443500
50.172120 583.195200 836.409000
50.188480 533.719200 863.793000
50.205080 537.146400 870.859500
50.221310 621.196800 901.131000
50.237670 604.632000 891.754500
50.254270 604.833600 890.305500
50.270510 630.789600 893.329500
50.287350 636.820800 892.668000
50.303470 637.224000 891.040500
50.319950 646.514400 859.813500
50.336300 674.469600 884.394000
50.352660 672.688800 883.963500
50.369140 647.606400 867.237000
50.385500 617.702400 886.336500
50.402100 619.432800 887.040000
50.418330 633.998400 874.944000
50.434940 653.990400 854.206500
50.451420 652.512000 847.087500
50.467650 628.756800 856.401000
50.484250 648.160800 863.761500
50.501220 647.673600 865.263000
50.517210 620.894400 860.884500
50.533450 645.775200 845.334000
50.549800 647.068800 847.423500
50.566410 815.404800 812.427000
50.582760 827.484000 806.620500
50.599120 825.249600 809.413500
50.615600 822.696000 819.514500
50.632200 735.117600 830.592000
50.648320 735.268800 841.911000
50.664920 765.962400 853.839000
50.681270 793.682400 848.127000
50.714110 785.736000 847.350000
50.730590 787.533600 844.431000
50.747070 788.894400 839.181000
50.763430 579.633600 846.993000
50.780030 561.103200 847.129500
50.796260 558.398400 838.509000
50.812740 537.163200 856.233000
50.829100 534.055200 850.027500
50.845460 532.257600 846.237000
50.862060 539.011200 851.676000
50.878540 537.986400 849.880500
50.894900 539.448000 853.051500
50.911500 542.808000 847.948500
50.927860 565.572000 851.781000
50.944210 566.882400 858.207000
50.960690 569.755200 864.549000
50.977170 578.810400 878.650500
50.993410 580.322400 882.483000
51.010010 585.715200 879.690000
51.026370 578.793600 881.916000
51.042970 577.533600 878.755500
51.059200 578.474400 860.632500
51.075560 613.132800 857.829000
51.092040 614.376000 859.540500
51.108520 598.348800 600.190500
51.387700 584.186400 702.523500
51.404170 650.109600 870.429000
51.420530 661.096800 873.106500
51.437130 661.567200 871.237500
51.453370 631.243200 851.581500
51.469850 633.528000 831.453000
51.486330 630.722400 827.095500
51.502690 629.882400 812.521500
51.519290 622.440000 835.548000
51.535770 623.683200 838.183500
51.552250 726.885600 828.870000
51.568480 717.040800 863.026500
51.585080 716.133600 861.126000
51.601320 722.534400 859.876500
51.618040 719.712000 867.541500
51.634280 720.636000 869.442000
51.650630 730.833600 865.284000
51.666990 730.648800 864.549000
51.683470 730.548000 861.241500
51.699830 732.060000 861.609000
51.716310 733.118400 859.677000
51.749020 732.160800 858.354000
51.765630 733.135200 857.409000
51.781980 732.312000 858.931500
51.798460 718.284000 881.758500
51.814820 725.995200 865.042500
51.831420 726.868800 870.187500
51.847900 721.392000 868.098000
51.864260 714.084000 861.871500
51.880860 714.067200 861.766500
51.896970 707.716800 854.311500
51.913570 697.149600 861.693000
51.946410 680.232000 849.418500
51.962770 684.045600 837.753000
51.995610 704.709600 865.630500
52.012080 724.634400 857.188500
52.031010 724.080000 858.616500
52.044920 695.486400 854.259000
52.061160 687.086400 851.109000
52.077760 686.599200 847.276500
52.094120 688.598400 861.315000
52.110470 701.030400 865.315500
52.126950 700.711200 862.102500
52.145390 692.260800 839.160000
52.159910 684.667200 927.538500
52.176390 685.188000 930.678000
52.192750 677.644800 922.614000
52.209110 681.962400 918.109500
52.225590 682.399200 916.818000
52.241940 668.925600 914.592000
52.258420 718.586400 910.392000
52.274780 719.208000 905.971500
52.291260 858.883200 900.910500
52.307740 908.980800 851.277000
52.324340 906.326400 854.164500
52.340580 897.842400 863.856000
52.359250 862.680000 854.469000
52.373410 859.689600 865.168500
52.389770 891.055200 875.154000
52.406250 922.857600 902.002500
52.422610 925.848000 897.414000
52.438960 934.029600 868.098000
52.455570 865.216800 891.555000
52.471800 864.914400 889.833000
52.488400 895.658400 907.389000
52.504760 899.304000 895.734000
52.521240 898.060800 898.884000
52.537600 899.925600 929.166000
52.554320 906.544800 930.037500
52.570430 907.972800 928.830000
52.587040 790.339200 729.267000
52.603390 708.422400 580.429500
52.619750 707.414400 577.258500
52.636230 576.962400 429.639000
52.652590 624.842400 430.426500
52.668950 625.749600 437.356500
52.686650 593.661600 455.784000
52.702030 600.852000 467.964000
52.718510 601.944000 474.568500
52.734740 591.746400 472.153500
52.751100 592.032000 502.057500
52.784060 593.460000 487.966500
52.802000 597.962400 476.878500
52.816890 597.156000 467.166000
52.833370 571.048800 458.871000
52.849730 589.411200 432.295500
52.866210 588.016800 428.610000
52.882690 514.113600 445.126500
52.899050 517.087200 464.478000
52.915410 520.514400 477.771000
52.931880 519.472800 475.975500
52.948240 521.623200 461.674500
52.964720 519.926400 454.954500
52.981200 548.772000 440.212500
52.997560 541.144800 462.976500
53.014160 539.632800 456.435000
53.030520 519.019200 464.719500
53.046880 517.456800 446.628000
53.063350 515.440800 436.002000
53.079710 539.666400 389.308500
53.096190 646.800000 417.406500
53.112670 645.607200 413.899500
53.129030 691.622400 389.214000
53.145510 706.322400 410.067000
53.161870 706.944000 424.767000
53.178340 697.771200 418.141500
53.194700 699.854400 428.652000
53.211180 699.468000 420.924000
53.227420 700.476000 405.468000
53.244260 690.564000 390.715500
53.260620 690.110400 382.851000
53.276860 666.808800 385.255500
53.293330 677.745600 414.025500
53.309690 678.787200 428.253000
53.326050 675.729600 413.710500
53.342530 689.068800 434.952000
53.359130 689.556000 442.732500
53.375490 661.718400 467.974500
53.391850 669.631200 466.420500
53.408450 670.034400 453.495000
53.424680 659.803200 421.123500
53.441280 662.323200 409.069500
53.457520 660.979200 404.617500
53.474000 680.853600 384.436500
53.490480 698.863200 384.027000
53.506840 698.325600 387.523500
53.523320 629.748000 402.465000
53.539790 646.783200 388.164000
53.556270 647.875200 391.986000
53.572630 658.828800 428.673000
53.605470 659.534400 432.537000
53.621830 655.821600 427.518000
53.638310 668.404800 425.974500
53.654790 668.925600 422.289000
53.671260 691.185600 387.607500
53.687500 687.456000 434.500500
53.703740 686.532000 420.231000
53.720580 657.636000 407.179500
53.736820 647.925600 390.432000
53.753300 646.497600 390.442500
53.769780 648.463200 418.435500
53.786130 673.932000 453.442500
53.802610 675.561600 464.572500
53.818970 686.212800 459.627000
53.835450 671.798400 441.399000
53.851810 671.344800 444.265500
53.868290 650.630400 433.272000
53.884520 656.460000 445.756500
53.901250 657.787200 459.343500
53.917600 620.340000 470.830500
53.933960 669.849600 463.995000
53.950440 670.320000 460.887000
53.966800 627.244800 482.254500
53.983400 674.990400 461.055000
53.999630 674.940000 450.775500
54.016240 625.044000 420.840000
54.032590 623.414400 422.866500
54.048950 621.818400 421.774500
54.065430 622.591200 418.183500
54.081790 633.595200 410.791500
54.098390 635.712000 422.877000
54.114750 652.797600 418.540500
54.131230 667.413600 420.525000
54.147580 666.691200 402.769500
54.163940 656.577600 420.504000
54.180420 656.880000 396.333000
54.196900 655.082400 395.262000
54.213380 698.023200 420.010500
54.229740 702.172800 443.173500
54.246090 703.180800 464.436000
54.262450 693.604800 462.598500
54.278930 699.098400 493.594500
54.295410 699.972000 480.574500
54.311890 714.705600 412.975500
54.328610 709.682400 412.125000
54.344850 708.036000 394.390500
54.361690 713.680800 385.969500
54.377690 695.503200 392.931000
54.394170 695.688000 410.812500
54.410640 707.212800 454.912500
54.427120 696.544800 485.257500
54.443600 697.821600 495.169500
54.460080 699.249600 463.816500
54.476320 624.321600 440.223000
54.492920 621.852000 415.054500
54.509160 523.320000 452.277000
54.525760 531.350400 395.440500
54.541990 528.158400 381.202500
54.558470 527.133600 380.205000
54.574710 489.938400 370.135500
54.591190 490.106400 373.674000
54.607790 533.349600 424.809000
54.624270 549.040800 403.326000
54.640630 550.603200 410.959500
54.657100 542.354400 391.030500
54.673580 562.262400 413.847000
54.689940 563.589600 424.326000
54.706420 544.504800 457.779000
54.722780 559.910400 436.380000
54.739140 561.288000 443.194500
54.755740 565.689600 508.840500
55.018190 581.162400 521.713500
55.034670 579.768000 514.825500
55.051270 634.351200 477.214500
55.067750 572.913600 515.224500
55.083980 574.156800 521.136000
55.100460 613.720800 484.974000
55.116820 597.844800 503.118000
55.133180 599.104800 510.279000
55.149660 594.249600 508.378500
55.166020 597.643200 462.640500
55.182620 596.803200 452.949000
55.198970 539.700000 375.627000
55.215450 540.825600 365.799000
55.231810 540.741600 368.907000
55.248290 557.978400 361.378500
55.264770 547.831200 391.881000
55.281130 549.544800 392.154000
55.297610 572.896800 399.598500
55.313960 558.096000 383.848500
55.330570 553.795200 361.767000
55.346800 565.941600 344.001000
55.363530 657.602400 319.200000
55.396120 765.055200 301.591500
55.412600 745.735200 311.713500
55.428960 744.374400 310.558500
55.445430 751.749600 308.343000
55.461790 745.953600 298.704000
55.478270 747.415200 307.597500
55.494750 764.484000 312.217500
55.511110 741.804000 334.582500
55.527590 740.980800 330.729000
55.544070 746.692800 335.989500
55.560420 703.701600 335.023500
55.576660 703.416000 346.993500
55.593260 719.544000 377.632500
55.609740 724.147200 363.405000
55.626100 725.088000 367.269000
55.643680 740.628000 370.734000
55.658940 741.434400 356.979000
55.675540 741.350400 341.376000
55.691890 726.230400 335.968500
55.708250 723.424800 317.110500
55.724730 724.365600 313.320000
55.741210 726.633600 285.925500
55.757690 733.689600 313.257000
55.774050 732.933600 316.816500
55.790410 718.720800 294.504000
55.806760 665.985600 312.952500
55.823240 667.245600 317.614500
55.839720 689.152800 324.334500
55.856080 725.088000 294.630000
55.872560 724.903200 285.894000
55.888920 668.673600 260.253000
55.905400 668.068800 281.473500
55.922000 668.136000 292.782000
55.938230 684.986400 303.313500
55.954710 695.923200 323.368500
55.971680 696.343200 332.104500
55.987790 669.530400 329.469000
56.003910 676.284000 328.944000
56.020510 675.780000 321.573000
56.036870 710.942400 327.967500
56.053100 697.838400 308.962500
56.069700 698.191200 316.428000
56.086060 713.983200 376.687500
56.102540 714.050400 380.782500
56.118900 713.428800 384.142500
56.135380 709.195200 364.234500
56.151860 757.377600 360.475500
56.168210 758.133600 357.178500
56.184690 762.064800 375.490500
56.201170 755.664000 383.911500
56.217530 755.664000 383.701500
56.233890 724.684800 375.406500
56.250490 760.334400 393.445500
56.266850 759.511200 403.767000
56.283200 728.196000 412.744500
56.299680 723.525600 408.271500
56.316040 724.214400 405.111000
56.332520 732.345600 376.719000
56.349000 725.541600 340.389000
56.365480 725.373600 332.787000
56.381840 729.271200 350.143500
56.398190 735.201600 440.055000
56.414790 735.268800 446.649000
56.431030 754.572000 478.180500
56.447630 735.016800 499.684500
56.464230 734.227200 496.524000
56.480590 724.533600 486.034500
56.497190 697.183200 482.926500
56.513430 698.023200 486.391500
56.530030 727.288800 507.255000
56.546390 725.625600 511.759500
56.562740 725.457600 505.449000
56.579220 704.911200 480.259500
56.595950 706.087200 479.913000
56.612180 706.389600 470.211000
56.629150 707.448000 481.089000
56.644780 698.527200 421.533000
56.661250 698.460000 420.388500
56.677730 718.216800 452.067000
56.694090 717.645600 486.076500
56.710330 716.856000 489.436500
56.727050 705.818400 439.257000
56.743290 706.456800 432.222000
56.759890 706.221600 443.026500
56.776250 715.730400 459.154500
56.792850 723.105600 474.894000
56.809200 724.365600 467.512500
56.825810 747.801600 461.863500
56.845340 737.990400 420.525000
56.858640 736.982400 409.846500
56.875000 724.735200 395.325000
56.891480 736.327200 436.474500
56.907960 736.545600 457.999500
56.924320 739.737600 469.182000
56.940670 742.375200 454.513500
56.957280 742.341600 447.972000
56.973140 739.989600 440.748000
