0.000000 732.950400 436.170000
0.016480 740.292000 477.298500
0.032960 760.905600 426.573000
0.049800 760.368000 423.979500
0.065670 747.667200 442.386000
0.082280 716.772000 435.613500
0.098630 717.931200 446.092500
0.115110 740.124000 464.583000
0.131470 735.621600 465.297000
0.148070 736.125600 470.568000
0.164430 733.471200 471.030000
0.180790 729.388800 449.463000
0.197270 728.851200 444.045000
0.213620 726.919200 463.470000
0.230100 706.792800 445.158000
0.246460 706.137600 439.803000
0.262940 734.748000 445.200000
0.279420 711.832800 438.133500
0.295780 712.588800 440.874000
0.312260 577.080000 389.151000
0.329710 548.906400 365.746500
0.345210 547.394400 359.929500
0.361570 558.448800 368.109000
0.378050 547.663200 351.876000
0.394290 546.134400 345.933000
0.410770 558.213600 355.047000
0.427120 543.127200 354.574500
0.443970 544.908000 363.258000
0.460080 533.988000 363.615000
0.476560 564.211200 373.275000
0.492920 565.639200 379.060500
0.509400 497.918400 166.015500
0.526000 495.952800 138.043500
0.542360 495.633600 134.211000
0.558590 481.824000 123.196500
0.575320 484.394400 123.112500
0.591550 488.241600 144.039000
0.608150 505.125600 173.082000
0.624630 510.720000 199.311000
0.640990 513.374400 206.220000
0.657230 515.088000 177.817500
0.673710 491.366400 120.634500
0.690310 488.695200 113.484000
0.706670 494.172000 122.062500
0.723140 487.771200 156.303000
0.739500 492.676800 174.688500
0.755860 489.501600 168.042000
0.772220 487.300800 160.828500
0.788820 480.799200 135.786000
0.805300 495.465600 109.284000
0.821780 486.578400 98.742000
0.838130 487.821600 102.154500
0.854610 469.291200 102.994500
0.870850 496.658400 123.942000
0.887330 500.001600 138.799500
0.903810 494.676000 122.535000
0.920410 490.476000 146.023500
0.936650 489.182400 142.443000
0.953130 493.500000 128.278500
0.969600 478.497600 110.827500
0.987670 476.565600 100.149000
1.002440 491.685600 119.448000
1.018800 500.623200 105.084000
1.035280 501.244800 112.423500
1.051640 646.934400 92.137500
1.067990 682.567200 81.879000
1.084840 683.995200 88.840500
1.100950 686.246400 88.966500
1.117310 693.067200 62.611500
1.133790 692.361600 59.115000
1.150020 678.787200 98.185500
1.166500 687.909600 85.596000
1.182980 689.875200 107.425500
1.199580 689.371200 123.060000
1.215940 680.383200 138.253500
1.248660 681.374400 140.532000
1.265260 698.762400 114.450000
1.298100 675.276000 117.022500
1.316650 672.285600 120.361500
1.347660 697.704000 112.444500
1.363770 691.236000 142.086000
1.396480 691.336800 129.118500
1.413090 707.448000 132.972000
1.445920 722.366400 119.406000
1.462400 721.408800 111.930000
1.495360 710.102400 105.325500
1.511720 706.692000 109.441500
1.544560 712.387200 129.685500
1.561040 716.688000 112.339500
1.577390 715.814400 90.321000
1.593630 730.111200 72.450000
1.610350 721.744800 45.318000
1.626460 719.779200 15.907500
1.708740 762.081600 0.808500
1.790770 741.837600 2.667000
1.807250 746.239200 4.830000
1.856570 700.056000 53.224500
1.872920 700.509600 64.186500
1.889530 668.152800 35.448000
1.906010 681.676800 78.372000
1.922490 682.483200 82.393500
1.938840 677.224800 69.237000
1.955080 672.638400 74.497500
1.972530 671.815200 70.612500
1.988040 685.994400 84.157500
2.004640 681.273600 92.379000
2.020750 682.752000 107.320500
2.037350 669.194400 99.655500
2.053710 662.760000 94.678500
2.070070 661.970400 83.412000
2.086550 614.611200 50.872500
2.103150 587.580000 62.758500
2.119380 588.403200 89.239500
2.135860 581.196000 153.079500
2.152340 582.556800 170.866500
2.168700 583.800000 200.004000
2.185300 626.438400 223.398000
2.201660 603.876000 170.898000
2.218020 603.523200 158.319000
2.234620 591.158400 156.618000
2.250980 591.662400 157.059000
2.283690 472.718400 201.831000
2.300170 539.683200 189.504000
2.316650 537.516000 171.391500
2.333130 508.267200 128.394000
2.349490 502.807200 101.944500
2.365720 492.122400 71.883000
2.382320 485.066400 68.586000
2.398680 483.739200 57.204000
2.415040 481.185600 50.022000
2.431520 467.661600 49.203000
2.447880 472.399200 71.683500
2.464480 472.920000 73.080000
2.480590 491.349600 103.404000
2.497310 489.602400 67.431000
2.533200 475.339200 119.731500
2.546880 498.506400 78.183000
2.579220 474.079200 84.850500
2.595830 462.184800 97.324500
2.628660 449.366400 107.919000
2.645260 474.583200 104.485500
2.661500 477.204000 111.415500
2.677980 499.615200 137.455500
2.694460 452.020800 154.045500
2.710820 457.951200 168.283500
2.727290 517.708800 171.612000
2.743770 493.180800 148.291500
2.760010 490.526400 141.277500
2.776490 483.352800 131.187000
2.792970 508.956000 124.351500
2.809450 508.519200 123.144000
2.825810 548.032800 112.098000
2.842160 547.663200 150.024000
2.858760 557.121600 177.975000
2.875000 565.387200 188.464500
2.891600 552.468000 192.412500
2.924440 584.606400 217.318500
2.940800 594.434400 197.295000
2.973750 581.296800 214.924500
2.990230 579.549600 184.033500
3.022950 584.220000 197.211000
3.039550 557.054400 182.479500
3.073610 591.208800 189.157500
3.088750 576.290400 188.181000
3.121580 592.620000 197.557500
3.137940 629.664000 225.004500
3.269530 661.516800 230.170500
3.285770 662.474400 179.728500
3.302250 660.206400 164.367000
3.318600 666.590400 166.719000
3.335210 671.764800 175.381500
3.351680 673.243200 188.622000
3.367920 720.871200 203.868000
3.384400 723.643200 205.821000
3.402470 724.281600 222.505500
3.417360 699.468000 258.814500
3.433840 705.264000 270.280500
3.450200 706.994400 284.907000
3.466550 713.076000 291.669000
3.483030 707.498400 258.730500
3.499510 707.397600 263.403000
3.515870 699.955200 300.793500
3.532350 707.145600 316.438500
3.548710 707.817600 313.183500
3.565060 746.995200 269.818500
3.581670 780.528000 236.901000
3.598140 779.486400 194.796000
3.614260 777.016800 170.016000
3.630740 784.425600 156.460500
3.647340 783.988800 153.058500
3.663820 774.244800 150.465000
3.680050 766.617600 161.857500
3.696530 767.155200 175.108500
3.713130 774.379200 198.880500
3.729370 771.792000 186.217500
3.762210 759.561600 190.459500
3.778690 748.658400 183.666000
3.795170 748.826400 192.538500
3.811650 838.572000 231.073500
3.828130 842.083200 253.617000
3.844360 842.553600 243.915000
3.860960 839.193600 196.182000
3.877200 833.935200 167.905500
3.893680 834.153600 143.073000
3.910160 859.656000 136.300500
3.926640 853.288800 139.587000
3.942870 853.507200 143.167500
3.959350 828.290400 149.383500
3.975950 894.818400 118.335000
3.992190 894.801600 118.503000
4.008670 934.197600 115.185000
4.025270 951.300000 133.077000
4.057860 939.792000 131.796000
4.074460 926.436000 131.344500
4.090940 927.494400 120.876000
4.107300 914.508000 103.761000
4.123540 901.773600 88.620000
4.140140 902.496000 74.371500
4.156490 912.727200 70.549500
4.173100 926.217600 78.823500
4.205810 926.167200 73.069500
4.222170 933.290400 88.599000
4.238890 932.181600 98.784000
4.255000 944.680800 115.185000
4.271480 877.900800 135.198000
4.287960 877.312800 149.247000
4.304320 539.313600 151.221000
4.320800 490.543200 162.403500
4.337160 488.460000 151.504500
4.353640 513.172800 145.488000
4.370120 510.148800 109.840500
4.386600 510.568800 116.140500
4.403080 501.194400 133.224000
4.419430 499.917600 175.948500
4.435790 506.553600 203.920500
4.452150 517.507200 214.189500
4.468750 536.373600 228.091500
4.501710 484.142400 214.809000
4.517940 498.859200 196.749000
4.534300 499.447200 195.079500
4.550780 488.308800 196.266000
4.567260 479.623200 187.414500
4.583860 474.297600 166.288500
4.600100 477.489600 146.905500
4.616700 486.763200 140.458500
4.632930 484.260000 132.174000
4.649410 473.944800 154.098000
4.665770 474.700800 153.226500
4.682250 476.582400 160.849500
4.698850 480.732000 150.297000
4.715210 478.312800 144.417000
4.747920 485.553600 179.235000
4.764280 492.710400 218.631000
4.797240 491.080800 211.470000
4.813600 497.061600 210.945000
4.846560 510.031200 211.911000
4.862920 501.328800 213.507000
4.896000 470.786400 227.713500
4.912230 483.403200 218.589000
4.945190 502.756800 227.650500
4.961550 480.832800 215.218500
4.994380 483.168000 241.258500
5.010740 492.021600 225.582000
5.027220 493.567200 231.598500
5.043700 462.957600 358.816500
5.060180 456.052800 361.126500
5.076420 458.388000 369.232500
5.093020 455.616000 363.016500
5.109380 475.137600 360.843000
5.125850 477.019200 366.681000
5.142210 500.656800 359.646000
5.158690 494.608800 377.443500
5.175170 493.382400 374.713500
5.191280 481.924800 350.343000
5.207890 488.392800 360.318000
5.224370 488.359200 360.213000
5.240840 485.940000 341.533500
5.257200 492.693600 357.535500
5.273800 495.885600 367.972500
5.290040 489.300000 376.425000
5.306400 497.145600 391.230000
5.323000 498.859200 396.669000
5.339230 496.171200 403.861500
5.355960 493.970400 402.790500
5.372190 490.274400 390.001500
5.388790 468.417600 374.671500
5.405150 470.803200 376.057500
5.421390 466.384800 359.614500
5.437870 468.820800 349.891500
5.454470 470.971200 337.932000
5.470950 470.366400 336.010500
5.487300 455.952000 326.308500
5.503780 454.053600 351.204000
5.520020 455.851200 356.496000
5.536620 464.066400 339.202500
5.553100 465.813600 341.470500
5.569210 464.268000 336.630000
5.587520 467.006400 326.823000
5.602170 472.802400 338.688000
5.635130 468.585600 320.659500
5.651370 453.348000 316.732500
5.668090 453.868800 319.977000
5.684330 442.948800 331.632000
5.700810 443.856000 333.102000
5.717160 448.240800 347.445000
5.733890 521.824800 357.640500
5.750000 523.000800 375.238500
5.766360 524.966400 383.596500
5.782960 528.091200 395.965500
5.799190 509.174400 387.607500
5.815800 508.452000 382.641000
5.832280 494.508000 375.753000
5.848510 503.714400 347.592000
5.864990 499.212000 333.679500
5.881470 504.672000 344.988000
5.897950 520.951200 343.696500
5.914310 521.068800 344.116500
5.930790 505.360800 336.577500
5.947140 504.016800 336.903000
5.963500 505.932000 344.872500
5.980100 482.143200 381.738000
5.996220 479.068800 392.647500
6.012940 481.605600 397.792500
6.029300 478.682400 393.319500
6.045780 466.519200 378.042000
6.062130 462.823200 367.069500
6.078490 460.840800 358.417500
6.094970 471.660000 354.438000
6.127810 467.947200 344.662500
6.144290 464.083200 344.841000
6.177120 465.830400 344.746500
6.193730 470.853600 356.412000
6.226560 457.850400 338.352000
6.245360 456.422400 342.216000
6.259520 456.960000 344.988000
6.276000 484.377600 344.011500
6.292360 489.602400 347.749500
6.308590 491.383200 353.671500
6.325070 497.851200 351.508500
6.341550 497.935200 360.538500
6.358030 498.321600 363.153000
6.374390 500.035200 366.145500
6.391110 505.948800 365.452500
6.407350 506.772000 365.274000
6.423580 512.433600 364.759500
6.440060 487.233600 363.279000
6.456540 481.656000 348.516000
6.472900 476.784000 343.161000
6.489380 485.100000 351.267000
6.505980 486.108000 353.503500
6.522460 489.518400 332.283000
6.538570 490.190400 325.930500
6.555050 488.292000 318.318000
6.571410 480.362400 338.593500
6.588010 487.015200 350.217000
6.604250 485.419200 345.030000
6.620850 436.296000 346.447500
6.637210 445.603200 342.048000
6.653560 448.862400 350.479500
6.670040 463.680000 361.882500
6.686400 480.060000 372.634500
6.703250 481.790400 378.010500
6.719360 473.608800 356.506500
6.735600 475.003200 352.516500
6.752200 470.920800 338.089500
6.768800 439.723200 333.879000
6.785030 445.687200 312.511500
6.801510 437.220000 284.865000
6.817990 426.972000 282.124500
6.834350 436.060800 255.265500
6.850710 437.942400 262.804500
6.867190 445.737600 272.002500
6.883540 461.008800 300.951000
6.900020 469.291200 329.028000
6.916380 483.520800 325.122000
6.932860 463.814400 310.527000
6.949340 461.731200 302.253000
6.965700 467.728800 291.301500
6.982180 442.696800 333.133500
6.998540 436.884000 315.850500
7.014890 457.564800 370.261500
7.031250 451.584000 379.533000
7.047970 453.986400 387.796500
7.064330 483.369600 398.370000
7.080690 484.528800 410.256000
7.097050 488.208000 421.365000
7.113530 517.876800 460.624500
7.130000 495.600000 486.549000
7.146240 493.348800 479.020500
7.162960 472.500000 449.253000
7.179320 476.061600 448.728000
7.195560 472.298400 438.354000
7.212160 496.456800 436.800000
7.228640 487.737600 442.218000
7.245000 489.921600 449.736000
7.261470 492.458400 460.257000
7.277950 503.983200 452.991000
7.294190 507.494400 463.491000
7.310670 486.259200 476.007000
7.327150 469.744800 490.560000
7.359990 548.150400 446.544000
7.376340 550.620000 438.511500
7.409300 537.398400 430.605000
7.425660 537.163200 428.841000
7.458620 545.143200 447.825000
7.475220 539.296800 433.125000
7.508060 544.269600 431.560500
7.524410 541.396800 430.300500
7.540890 541.027200 427.434000
7.558590 569.738400 432.180000
7.573610 733.034400 367.279500
7.590090 732.631200 371.899500
7.606570 922.135200 323.589000
7.622800 911.467200 318.654000
7.639160 913.399200 309.036000
7.655640 922.185600 296.152500
7.672120 907.821600 253.879500
7.688600 908.510400 236.449500
7.705200 906.393600 230.716500
7.721440 900.648000 254.929500
7.738040 899.253600 271.225500
7.754150 925.008000 278.502000
7.770630 936.264000 288.477000
7.787230 936.919200 285.621000
7.803710 925.898400 289.569000
7.820190 919.128000 293.517000
7.836550 918.523200 297.045000
7.852910 927.225600 302.767500
7.869630 923.109600 300.468000
7.886470 922.051200 311.797500
7.902470 914.877600 303.523500
7.918580 920.320800 330.330000
7.935060 919.783200 336.042000
7.951420 917.700000 322.287000
7.967900 925.360800 320.502000
7.984380 926.452800 311.818500
8.000980 968.133600 327.841500
8.017330 972.652800 314.622000
8.033690 971.980800 316.900500
8.049800 970.015200 301.696500
8.066410 966.453600 315.115500
8.083130 966.554400 314.338500
8.099370 963.093600 313.110000
8.115720 973.056000 302.557500
8.132200 976.046400 282.649500
8.148440 978.331200 275.919000
8.165040 977.172000 265.156500
8.181400 976.298400 271.624500
8.197880 982.447200 282.093000
8.215580 957.868800 302.946000
8.230960 955.735200 317.625000
8.247560 939.909600 328.807500
8.263920 932.248800 335.485500
8.280270 931.660800 341.008500
8.296750 920.186400 343.833000
8.312870 929.712000 338.614500
8.329470 930.199200 335.800500
8.345830 910.912800 333.228000
8.362180 906.746400 338.268000
8.378780 906.712800 335.475000
8.395140 915.734400 357.672000
8.641480 927.628800 310.422000
8.657710 925.797600 287.679000
8.674190 926.940000 278.785500
8.690670 909.652800 283.867500
8.707030 914.390400 274.543500
8.723510 914.340000 271.719000
8.739990 934.550400 287.983500
8.757570 937.070400 309.057000
8.772950 937.104000 311.902500
8.789310 941.052000 295.428000
8.805660 946.545600 288.130500
8.822140 947.167200 282.492000
8.838620 959.565600 309.823500
8.854980 957.734400 312.228000
8.871580 955.701600 325.699500
8.887940 904.764000 347.140500
8.904170 919.312800 324.124500
8.920650 921.849600 308.091000
8.937130 938.212800 316.911000
8.953610 955.298400 277.578000
8.969850 955.567200 262.458000
8.986450 940.060800 278.932500
9.002810 911.013600 310.957500
9.019290 910.425600 334.750500
9.035640 914.020800 306.904500
9.052120 912.996000 284.140500
9.068600 913.550400 264.306000
9.084960 920.942400 270.438000
9.101440 903.823200 271.057500
9.117800 903.168000 288.687000
9.134280 917.935200 314.254500
9.150630 921.228000 317.362500
9.167240 919.077600 333.868500
9.183590 907.099200 351.561000
9.200200 894.868800 371.868000
9.216430 894.499200 376.813500
9.232790 897.926400 358.092000
9.249270 910.728000 338.142000
9.265630 911.668800 330.834000
9.282100 905.772000 336.588000
9.298460 916.473600 353.398500
9.314940 914.978400 366.492000
9.331420 916.087200 390.621000
9.347780 903.319200 391.975500
9.364380 902.496000 401.698500
9.380620 940.800000 407.085000
9.397090 944.428800 387.030000
9.413570 946.999200 371.752500
9.429930 955.466400 373.453500
9.446410 938.834400 357.336000
9.479250 923.160000 365.463000
9.495480 920.388000 368.424000
9.512330 917.330400 395.619000
9.529540 902.395200 417.931500
9.545040 773.539200 419.328000
9.561400 773.875200 397.204500
9.577760 530.728800 341.743500
9.594360 518.128800 296.131500
9.610600 504.386400 240.849000
9.627080 484.344000 261.513000
9.643680 503.781600 239.662500
9.660160 504.420000 247.999500
9.676640 520.228800 251.590500
9.692990 512.198400 269.262000
9.709470 519.876000 296.320500
9.725710 514.634400 335.359500
9.742310 501.379200 309.918000
9.758790 498.422400 300.783000
9.775270 477.355200 294.976500
9.791750 482.227200 325.857000
9.808110 484.142400 332.241000
9.824710 499.984800 343.108500
9.840940 478.195200 312.585000
9.857180 477.153600 305.655000
9.873780 467.073600 287.458500
9.890010 475.910400 297.045000
9.906370 469.644000 273.409500
9.922850 458.337600 259.885500
9.939330 445.435200 243.190500
9.955690 441.840000 233.236500
9.972290 440.076000 232.543500
9.988650 449.265600 255.192000
10.004880 452.155200 266.689500
10.021480 458.404800 284.172000
10.037720 463.713600 272.317500
10.054320 463.411200 269.262000
10.070560 454.692000 259.654500
10.087040 465.208800 239.295000
10.103520 465.712800 245.164500
10.120000 470.803200 288.088500
10.136600 470.752800 282.597000
10.152830 478.564800 309.162000
10.169430 476.498400 327.369000
10.185790 482.781600 341.502000
10.218630 486.981600 340.525500
10.234990 489.753600 343.812000
10.251340 490.173600 346.668000
10.267820 494.776800 374.262000
10.284300 504.420000 372.004500
10.300780 505.696800 374.766000
10.317020 490.694400 377.548500
10.333620 505.209600 323.032500
10.350100 503.143200 313.897500
10.366460 493.651200 310.726500
10.382810 483.201600 289.968000
10.399290 481.773600 286.692000
10.415890 495.028800 303.513000
10.432010 494.860800 381.192000
10.448610 496.725600 387.177000
10.464970 498.456000 383.743500
10.481320 506.620800 383.502000
10.514400 518.061600 381.727500
10.530640 503.798400 344.085000
10.547120 505.327200 349.366500
10.563600 512.685600 371.448000
10.579960 523.572000 382.651500
10.596440 525.033600 387.796500
10.612790 503.563200 317.289000
10.629270 501.832800 302.620500
10.645750 500.287200 296.940000
10.662110 506.536800 313.540500
10.678710 506.184000 305.350500
10.694950 503.025600 293.643000
10.711430 495.650400 289.705500
10.727780 492.525600 285.243000
10.744380 491.215200 282.135000
10.760740 478.430400 275.047500
10.777100 507.696000 282.072000
10.793580 510.552000 291.249000
10.809810 502.807200 294.913500
10.826290 508.351200 309.151500
10.842770 504.050400 289.527000
10.859130 490.761600 257.050500
10.875610 465.696000 224.983500
10.892090 462.604800 218.053500
10.908450 441.252000 381.937500
10.925050 446.426400 407.232000
10.944460 456.036000 435.120000
10.958010 469.509600 429.985500
10.974370 470.433600 429.471000
10.990840 472.113600 434.185500
11.007200 472.264800 454.209000
11.023560 475.423200 434.437500
11.039920 474.516000 429.418500
11.056400 480.984000 439.089000
11.072750 470.349600 424.452000
11.089230 438.362400 245.637000
11.187870 468.417600 201.610500
11.203980 535.600800 375.669000
11.220580 533.652000 407.578500
11.236940 535.180800 412.912500
11.253660 534.374400 443.278500
11.274050 542.136000 419.695500
11.286620 540.640800 414.330000
11.303100 533.467200 415.747500
11.319700 525.168000 431.140500
11.352420 732.883200 420.640500
11.368770 887.191200 413.133000
11.401610 906.460800 415.579500
11.417970 899.808000 413.815500
11.434330 898.968000 423.559500
11.450680 932.702400 431.886000
11.467040 925.478400 449.200500
11.483520 924.319200 458.839500
11.500000 914.004000 448.843500
11.516480 923.260800 446.082000
11.549320 910.156800 452.004000
11.565670 903.756000 449.022000
11.582030 904.797600 441.924000
11.598510 935.827200 452.949000
11.615110 936.297600 433.440000
11.631470 938.834400 413.353500
11.647950 932.467200 401.184000
11.664180 939.607200 401.079000
11.680660 940.312800 392.952000
11.697020 940.396800 379.249500
11.715330 945.000000 395.902500
11.730100 943.588800 408.985500
11.746460 936.028800 421.260000
11.762820 926.032800 442.029000
11.779170 925.948800 442.690500
11.795650 932.198400 430.689000
11.812010 930.820800 420.472500
11.844970 931.879200 410.382000
11.861210 941.522400 419.653500
11.877930 941.589600 416.556000
11.894410 946.394400 415.327500
11.910640 949.267200 394.411500
11.927120 949.250400 396.921000
11.943600 918.304800 319.746000
11.959960 907.536000 337.512000
11.976320 907.435200 334.750500
11.992800 920.606400 316.648500
12.009160 926.469600 300.835500
12.025630 927.679200 291.774000
12.041990 902.932800 273.483000
12.058590 917.347200 278.638500
12.074950 915.835200 292.950000
12.091310 928.183200 288.781500
12.107790 942.211200 310.180500
12.124150 939.590400 333.438000
12.140750 917.397600 385.255500
12.157100 926.234400 367.626000
12.189940 935.541600 363.279000
12.206420 917.128800 368.917500
12.239380 937.860000 355.887000
12.255620 934.584000 350.385000
12.272220 934.584000 350.385000
12.288570 904.411200 429.124500
12.304930 922.017600 470.358000
12.321290 923.748000 458.482500
12.337770 909.081600 454.954500
12.354250 899.673600 434.385000
12.370610 900.933600 420.063000
12.387210 915.297600 427.455000
12.403690 894.062400 442.039500
12.436520 908.544000 395.934000
12.452760 910.963200 398.601000
12.469240 912.844800 387.334500
12.485720 900.496800 370.755000
12.502080 909.283200 344.809500
12.518550 910.711200 327.537000
12.534910 916.574400 326.140500
12.551270 918.052800 338.005500
12.584110 933.760800 345.912000
12.600710 924.016800 336.031500
12.633540 934.180800 338.299500
12.649780 930.938400 344.977500
12.682860 950.896800 342.006000
12.699220 980.162400 356.107500
12.715700 976.970400 371.805000
12.732060 965.798400 395.430000
12.748410 967.394400 414.991500
12.764770 963.967200 436.443000
12.781370 956.508000 427.035000
12.797970 947.352000 441.336000
12.818240 946.041600 448.087500
12.831050 934.315200 442.722000
12.847170 928.687200 442.596000
12.863650 927.511200 452.151000
13.129030 836.169600 535.216500
13.142820 649.286400 503.601000
13.159550 647.388000 491.809500
13.175660 625.480800 479.335500
13.192140 624.489600 464.740500
13.208500 621.549600 452.896500
13.225100 526.226400 556.794000
13.243650 506.940000 523.950000
13.257930 508.519200 522.910500
13.274170 496.742400 516.054000
13.290890 483.856800 517.450500
13.307130 477.002400 502.435500
13.323610 511.761600 486.706500
13.340090 476.246400 502.887000
13.357420 478.951200 509.827500
13.373050 505.310400 503.517000
13.389160 515.020800 501.574500
13.405760 516.969600 508.599000
13.422240 504.705600 507.055500
13.438480 521.001600 532.654500
13.456790 522.748800 537.537000
13.471440 479.220000 527.845500
13.487920 476.280000 536.161500
13.504150 474.415200 531.646500
13.520750 476.716800 525.346500
13.537110 474.398400 518.941500
13.569820 473.373600 520.600500
13.586300 472.416000 512.221500
13.602780 474.280800 516.862500
13.619140 468.552000 537.694500
13.635620 473.894400 527.016000
13.652100 476.263200 533.841000
13.668460 480.866400 537.568500
13.684940 483.235200 556.531500
13.701290 483.184800 556.426500
13.717770 489.669600 556.720500
13.734010 488.863200 525.168000
13.750610 483.470400 507.675000
13.767090 466.032000 524.811000
13.784550 461.311200 481.141500
13.799930 458.119200 476.038500
13.816280 469.660800 478.002000
13.832760 475.776000 516.274500
13.849120 484.713600 540.592500
13.865480 482.126400 576.565500
13.882080 490.324800 546.178500
13.898440 491.551200 548.058000
13.914920 495.012000 546.913500
13.931270 492.962400 530.061000
13.947750 488.594400 516.127500
13.964230 462.453600 497.070000
13.980470 476.582400 497.626500
13.997070 473.272800 490.539000
14.013430 493.567200 593.481000
14.029910 480.732000 618.093000
14.046260 482.714400 622.335000
14.062870 469.711200 591.003000
14.079220 481.202400 576.901500
14.095580 482.580000 578.781000
14.113770 465.040800 596.463000
14.128420 475.809600 581.007000
14.144900 473.793600 576.460500
14.161250 475.826400 621.841500
14.177860 467.359200 630.619500
14.194210 465.460800 626.818500
14.210570 454.137600 628.908000
14.227050 464.805600 613.651500
14.243410 465.847200 617.851500
14.260010 475.171200 620.455500
14.276490 473.474400 637.812000
14.292850 476.313600 641.581500
14.309450 469.610400 663.736500
14.325810 466.418400 650.769000
14.343750 463.024800 645.036000
14.358890 467.409600 623.826000
14.375120 454.238400 624.781500
14.391480 458.354400 632.898000
14.407840 465.880800 640.458000
14.424440 468.703200 644.637000
14.442260 470.668800 648.511500
14.457280 470.752800 647.829000
14.473390 469.912800 649.141500
14.506350 458.203200 639.271500
14.522830 465.276000 652.690500
14.539310 465.830400 654.643500
14.555540 455.246400 658.885500
14.572140 453.247200 675.570000
14.588380 454.692000 677.386500
14.604980 484.075200 658.392000
14.621340 498.456000 666.162000
14.637820 496.658400 662.466000
14.654170 470.736000 679.665000
14.670780 451.500000 672.388500
14.687130 449.416800 668.661000
14.703490 461.714400 667.999500
14.719850 480.547200 663.579000
14.736570 478.665600 659.893500
14.752810 467.258400 640.080000
14.770020 467.040000 638.694000
14.802000 451.315200 635.995500
14.818480 452.491200 653.667000
14.834840 451.886400 651.661500
14.851200 449.349600 666.393000
14.867680 456.842400 638.431500
14.885130 456.674400 638.137500
14.900630 434.263200 649.929000
14.917110 430.264800 678.121500
14.949830 419.563200 655.284000
14.966310 417.564000 656.649000
14.982790 415.396800 652.974000
14.999390 416.119200 644.227500
15.015750 412.305600 644.857500
15.032230 415.228800 650.569500
15.048340 421.528800 663.568500
15.064940 441.470400 663.453000
15.081180 445.099200 669.165000
15.097780 454.053600 652.722000
15.114140 446.241600 657.436500
15.130620 439.672800 645.372000
15.147090 459.967200 625.390500
15.163450 535.752000 607.414500
15.179930 536.306400 611.268000
15.196290 531.602400 624.214500
15.212650 561.943200 670.855500
15.229250 566.512800 682.374000
15.245610 594.535200 674.971500
15.262080 576.391200 682.279500
15.278560 575.198400 680.263500
15.294920 550.015200 670.761000
15.311520 571.821600 666.823500
15.327640 572.846400 668.535000
15.344360 574.660800 702.502500
15.360600 559.305600 684.589500
15.377080 556.970400 675.517500
15.393430 554.114400 660.418500
15.409910 544.656000 645.004500
15.426270 540.540000 637.255500
15.442750 583.917600 600.190500
15.459230 593.964000 624.624000
15.475590 596.517600 631.144500
15.492190 624.405600 630.294000
15.508540 626.455200 623.983500
15.524900 626.505600 625.789500
15.541380 621.768000 633.675000
15.557740 622.456800 639.870000
15.574340 622.188000 635.250000
15.590580 604.984800 603.718500
15.606930 598.752000 611.352000
15.623410 593.997600 599.392500
15.639890 501.547200 524.706000
15.656250 489.400800 524.916000
15.672850 498.405600 547.837500
15.689330 475.070400 546.619500
15.705570 509.426400 559.807500
15.722170 513.072000 569.184000
15.738400 496.221600 563.902500
15.754880 490.156800 571.693500
15.771480 488.493600 567.724500
15.787840 481.219200 529.305000
15.804200 494.155200 551.964000
15.820800 491.887200 545.055000
15.837160 451.953600 544.204500
15.853520 448.106400 531.835500
15.869870 446.544000 529.357500
15.886350 458.774400 528.402000
15.902710 452.340000 540.466500
15.919190 453.952800 542.934000
15.935550 458.908800 529.095000
15.952030 473.491200 496.324500
15.968380 472.063200 493.836000
15.984860 461.798400 515.875500
16.001340 479.068800 550.956000
16.017700 482.932800 560.164500
16.034180 527.284800 663.085500
16.050540 526.696800 692.895000
16.067020 524.109600 689.356500
16.083370 503.664000 679.203000
16.099850 501.748800 638.505000
16.116330 504.403200 642.264000
16.132690 514.718400 671.244000
16.149050 513.391200 667.107000
16.165530 510.602400 663.243000
16.182130 513.996000 666.928500
16.198360 515.188800 685.492500
16.214840 514.668000 683.508000
16.231320 449.366400 751.978500
16.247800 465.242400 741.615000
16.264160 460.773600 733.582500
16.280400 422.150400 714.871500
16.296880 462.067200 740.344500
16.313350 462.134400 740.449500
16.329830 449.433600 715.302000
16.346310 466.586400 742.602000
16.379150 431.020800 751.159500
16.395510 446.913600 758.068500
16.428470 457.850400 718.095000
16.444820 426.720000 759.055500
16.461180 429.559200 763.759500
16.477660 456.204000 774.501000
16.494140 427.324800 744.849000
16.510620 429.038400 746.497500
16.526980 436.111200 753.889500
16.543330 457.413600 739.000500
16.559810 453.230400 732.427500
16.576290 521.673600 736.281000
16.592650 505.344000 714.976500
16.609380 507.511200 719.953500
16.625610 519.859200 754.047000
16.642090 535.987200 732.112500
16.658450 539.280000 738.853500
16.674800 524.412000 742.224000
16.691280 530.208000 742.234500
16.724240 537.264000 752.230500
16.740840 516.583200 758.719500
16.773560 531.367200 742.833000
16.789790 536.743200 756.315000
16.822630 538.053600 758.562000
16.839360 535.516800 752.713500
16.871950 494.810400 597.880500
16.888670 475.036800 588.325500
16.904790 477.271200 594.321000
16.921390 498.993600 599.088000
16.937870 510.787200 613.263000
16.954350 512.534400 617.379000
16.970580 495.600000 597.985500
16.986940 497.095200 592.546500
17.003420 496.272000 592.357500
17.019780 486.091200 615.604500
17.036500 497.952000 610.239000
17.052860 499.900800 611.740500
17.069090 501.799200 611.100000
17.085690 477.960000 555.964500
17.102050 470.282400 536.560500
17.118530 461.983200 539.920500
17.134770 452.709600 535.447500
17.151490 448.644000 526.186500
17.167850 473.676000 516.736500
17.185550 471.895200 521.598000
17.216920 462.117600 496.839000
17.233400 462.033600 495.474000
17.249880 462.487200 497.973000
17.266360 479.421600 498.760500
17.282590 472.718400 510.058500
17.299320 472.164000 507.433500
17.315670 478.783200 420.934500
17.331910 461.428800 384.415500
17.348390 459.480000 378.714000
17.364870 461.277600 383.523000
17.381470 465.931200 398.422500
17.397710 467.930400 404.218500
17.414180 449.047200 370.251000
17.430540 441.487200 386.043000
17.463620 461.025600 408.555000
17.479860 462.336000 403.000500
17.512700 455.498400 389.067000
17.529300 471.189600 395.524500
17.545650 473.440800 403.599000
17.561890 467.577600 406.749000
17.578370 481.807200 425.071500
17.594970 483.336000 427.906500
17.611330 475.120800 420.913500
17.627690 469.694400 402.927000
17.644530 468.249600 400.092000
17.660520 489.669600 407.032500
17.677120 479.102400 407.904000
17.693600 482.882400 419.013000
17.709960 465.124800 350.952000
17.727780 477.775200 359.131500
17.742920 479.858400 367.143000
17.759160 481.807200 352.831500
17.775760 485.536800 363.321000
17.791990 489.031200 374.451000
17.808350 497.011200 374.293500
17.824950 492.592800 373.957500
17.841310 490.072800 362.334000
17.857790 477.876000 360.538500
17.874270 481.924800 357.052500
17.890750 449.400000 113.095500
17.989140 422.436000 84.052500
18.005620 501.664800 364.255500
18.022090 506.704800 367.752000
18.038570 509.712000 372.141000
18.056520 498.220800 341.376000
18.071170 511.257600 330.991500
18.087650 505.948800 311.797500
18.104130 819.016800 302.326500
18.120610 949.804800 314.842500
18.137080 947.671200 323.673000
18.153440 920.438400 390.012000
18.169920 928.704000 393.960000
18.186280 926.738400 411.211500
18.202640 911.618400 419.790000
18.219240 912.189600 432.022500
18.251950 913.012800 436.684500
18.268430 959.985600 375.595500
18.284790 958.675200 382.567500
18.301270 970.468800 400.144500
18.317750 982.917600 414.225000
18.334230 981.288000 423.580500
18.350710 983.908800 422.173500
18.367070 968.856000 430.479000
18.399780 975.189600 414.193500
18.416380 963.967200 413.794500
18.449100 963.648000 419.517000
18.465580 960.052800 400.449000
18.481930 958.809600 406.959000
18.498540 955.886400 423.402000
18.514770 955.970400 421.669500
18.531250 958.675200 409.069500
18.547730 963.900000 398.391000
18.564090 975.878400 365.799000
18.580570 980.263200 337.102500
18.596920 981.590400 324.124500
18.613530 951.434400 324.355500
18.629760 950.157600 332.094000
18.646360 937.137600 368.308500
18.662720 947.167200 353.577000
18.679080 945.840000 364.171500
18.695920 908.577600 382.042500
18.712040 911.148000 375.039000
18.728390 910.207200 382.063500
18.745000 925.730400 399.441000
18.761600 930.148800 405.069000
18.777950 930.098400 407.599500
18.794310 907.989600 423.633000
18.810910 905.419200 391.429500
18.827150 906.242400 381.885000
18.843630 910.476000 360.664500
18.859740 913.399200 354.574500
18.892580 910.005600 374.661000
18.909060 900.748800 355.309500
18.925540 903.890400 328.944000
18.942020 902.361600 287.217000
18.958500 913.483200 267.813000
18.974850 915.129600 241.972500
18.991210 928.132800 250.078500
19.007690 899.404800 263.161500
19.024050 898.531200 276.160500
19.040650 903.537600 292.477500
19.057010 910.039200 293.601000
19.073360 909.014400 302.085000
19.089840 895.557600 323.977500
19.106320 914.659200 332.587500
19.122680 912.643200 351.718500
19.139040 968.587200 362.869500
19.155520 969.192000 374.062500
19.171880 966.302400 391.314000
19.188480 967.377600 409.552500
19.204960 954.727200 402.969000
19.221190 953.366400 412.503000
19.237670 962.774400 436.716000
19.254030 962.488800 437.682000
19.270630 963.832800 430.867500
19.286990 962.488800 398.254500
19.303470 963.799200 397.782000
19.319820 965.210400 388.374000
19.336180 945.033600 382.861500
19.352780 953.013600 386.127000
19.385620 965.109600 387.828000
19.401980 957.381600 391.503000
19.418330 958.742400 383.922000
19.434810 950.443200 444.633000
19.451170 952.459200 447.016500
19.467650 952.509600 444.570000
19.484010 938.733600 418.530000
19.500490 944.832000 434.857500
19.516970 944.798400 437.398500
19.533450 928.015200 439.551000
19.549800 943.622400 431.214000
19.566040 944.899200 421.743000
19.582520 955.500000 431.235000
19.599000 950.040000 413.973000
19.631710 910.576800 441.987000
19.648440 900.345600 446.334000
19.681270 912.357600 441.976500
19.697750 915.852000 428.536500
19.730710 918.153600 437.440500
19.747190 926.755200 437.871000
19.779790 923.277600 436.789500
19.796260 837.916800 423.339000
19.828980 527.016000 424.473000
19.845580 539.616000 420.651000
19.878300 531.585600 417.931500
19.894780 513.324000 445.588500
19.911130 487.032000 214.704000
20.009890 440.563200 219.135000
20.026610 533.517600 391.366500
20.042600 535.416000 398.013000
20.075560 535.315200 398.433000
20.091920 540.624000 450.198000
20.108280 541.800000 452.508000
20.124760 540.069600 426.646500
20.141110 538.608000 393.267000
20.157710 536.995200 387.429000
20.174070 586.975200 417.018000
20.190550 587.697600 419.317500
20.206910 587.899200 422.184000
20.223270 580.540800 423.643500
20.239750 593.392800 441.126000
20.256350 593.258400 438.774000
20.272830 587.697600 386.746500
20.289060 590.066400 412.293000
20.305540 587.580000 401.572500
20.322020 586.152000 380.142000
20.338380 727.490400 402.475500
20.354980 727.792800 410.203500
20.371340 930.048000 413.637000
20.387820 921.110400 418.729500
20.404300 918.892800 435.981000
20.420650 940.632000 473.854500
20.437010 923.412000 472.857000
20.453250 924.705600 467.838000
20.469970 948.091200 434.784000
20.486210 943.723200 412.230000
20.502690 944.983200 400.060500
20.519040 947.923200 413.721000
20.535520 937.658400 434.364000
20.552000 936.314400 444.517500
20.568240 928.636800 438.385500
20.584840 946.209600 450.082500
20.601200 947.620800 442.669500
20.617550 918.607200 422.656500
20.634160 933.492000 381.318000
20.650390 933.508800 378.525000
20.667110 918.086400 415.873500
20.683230 905.704800 413.122500
20.699950 903.789600 430.573500
20.716190 916.927200 450.534000
20.732790 921.244800 465.507000
20.749020 921.261600 467.932500
20.765630 914.071200 462.000000
20.781860 908.124000 432.222000
20.798460 908.023200 429.733500
20.814820 900.312000 432.022500
20.831180 913.903200 468.594000
20.847660 913.936800 470.998500
20.864010 917.683200 455.563500
20.880370 909.552000 437.104500
20.896850 910.492800 427.633500
20.913330 917.380800 428.347500
20.929810 916.927200 426.940500
20.946290 918.086400 419.233500
20.962770 920.539200 397.383000
20.979130 924.336000 414.897000
20.995610 923.210400 419.034000
21.011960 924.604800 422.079000
21.028440 929.628000 461.716500
21.044920 928.351200 474.285000
21.061040 923.395200 461.317500
21.077880 922.051200 460.110000
21.093990 923.126400 450.933000
21.112060 952.341600 452.035500
21.126950 915.734400 428.799000
21.159910 944.143200 439.362000
21.176150 916.608000 445.903500
21.209110 948.729600 429.523500
21.225340 926.536800 353.556000
21.258180 915.129600 364.980000
21.274780 908.594400 344.547000
21.291140 907.603200 352.191000
21.307740 920.724000 386.242500
