0.000000 53.676961 18.989546
0.016600 90.505356 30.225546
0.032710 98.917490 31.799728
0.049070 75.845254 24.884975
0.065670 42.280823 16.898006
0.082030 15.069545 11.224547
0.098390 -0.703518 7.418881
0.114750 -5.568152 4.930318
0.131350 -4.417641 2.368268
0.147710 -1.540569 -1.322482
0.165280 1.092984 -5.770531
0.180660 2.600198 -9.415858
0.197020 2.633527 -10.363903
0.213620 1.793346 -7.736221
0.246340 0.115900 -2.459586
0.262700 -4.767087 2.633916
0.295650 -12.516817 4.586171
0.312010 -17.723012 2.716638
0.344970 -16.184959 -1.352026
0.361330 -10.098949 -4.856852
0.394290 -5.070595 -4.976395
0.410640 -2.891172 -0.909857
0.427250 -1.142187 3.490575
0.443600 2.115510 2.377735
0.459960 6.577777 -4.278480
0.476320 10.010145 -10.385283
0.493650 9.241200 -12.101850
0.509280 3.872850 -11.779469
0.525630 -1.960874 -12.357017
0.541990 -3.594028 -12.373724
0.558590 -0.971180 -9.885041
0.591310 1.815400 -6.137365
0.609130 2.131444 -3.214154
0.624270 1.079066 -1.468366
0.640870 0.683197 -0.214255
0.657230 1.039962 0.767419
0.673580 0.779785 1.928348
0.690190 -0.935443 4.644194
0.706300 -2.710240 8.464538
0.722900 -1.709165 9.440465
0.739260 2.096966 4.329785
0.755620 5.604809 -5.019745
0.771970 6.642792 -12.638147
0.804930 5.758763 -14.411005
0.822750 4.238037 -11.399159
0.837890 1.946691 -6.750045
0.854250 -0.678680 -2.694457
0.870610 -1.618627 -0.025256
0.886960 -0.198085 0.947370
0.903560 1.706847 0.004932
0.919920 1.683144 -1.366514
0.969240 -0.335493 -0.450189
0.985600 -2.237459 3.569830
1.002200 -2.680664 8.453669
1.018550 -1.908578 10.705372
1.034910 -0.195720 9.029182
1.051510 1.950665 4.701991
1.067870 2.629390 -0.612209
1.084230 0.320524 -5.144023
1.100590 -3.578107 -7.236962
1.116940 -5.637676 -5.812983
1.133540 -4.432853 -1.292433
1.150390 -1.686263 4.322109
1.166500 1.572176 8.583132
1.182860 6.124444 10.064423
1.199220 10.952535 9.063717
1.231930 12.625845 5.926152
1.248540 9.077538 0.813015
1.266600 3.003943 -5.146238
1.281490 -0.565085 -9.610301
1.297850 0.584887 -10.250063
1.314450 4.993129 -6.923544
1.330570 8.000161 -1.347716
1.346920 6.124016 3.993343
1.380130 1.690992 5.708573
1.396480 -0.658581 2.280965
1.412840 -0.021636 -3.529162
1.429200 -0.101261 -7.330258
1.445560 -2.471753 -7.492594
1.478760 -2.970628 -5.795118
1.495120 0.030140 -2.843646
1.527830 0.102558 2.330733
1.544190 -8.448481 8.227971
1.576900 -21.376183 11.222241
1.594730 -28.650916 9.890259
1.626460 -26.305268 6.643421
1.642820 -18.615783 3.947677
1.675540 -9.670911 2.250085
1.691890 -1.261607 1.467466
1.708500 3.433188 2.292660
1.724850 1.654439 5.958309
1.741460 -4.066636 11.711694
1.757810 -7.019033 16.066103
1.774410 -4.084692 15.698982
1.790530 0.856631 10.850161
1.823490 3.043879 5.317078
1.839840 2.266185 2.201328
1.872800 1.096273 1.521829
1.889400 0.524169 1.550266
1.922120 0.508067 0.913677
1.938480 2.400827 -0.251119
1.971190 6.425526 -1.103740
1.987790 10.100539 -1.269953
2.004150 10.712959 -1.400915
2.020510 8.015566 -2.645544
2.037110 3.798022 -5.357577
2.053470 -0.583422 -8.578883
2.069820 -4.048499 -10.555176
2.086430 -6.090481 -10.444561
2.102780 -6.171264 -9.551815
2.119140 -2.211397 -9.327274
2.135500 5.857279 -9.163517
2.168460 13.977018 -7.772320
2.184810 16.885590 -4.568500
2.201420 13.625164 0.585040
2.217770 8.578565 7.162594
2.234130 5.092209 12.922085
2.250730 2.904681 14.165132
2.267090 0.696701 8.954244
2.283450 -1.935354 -0.190244
2.300050 -4.394757 -7.739933
2.316410 -5.475169 -10.557391
2.332760 -3.270007 -10.591076
2.365720 3.379075 -10.040285
2.382080 12.195694 -8.023560
2.414790 17.721980 -4.159868
2.431400 16.188509 -0.409552
2.448000 9.385991 2.548975
2.464110 2.963723 7.357138
2.480710 0.196365 14.055719
2.497070 -0.651652 16.762612
2.513430 -2.054670 10.786313
2.529790 -3.496303 -0.726007
2.546390 -2.146524 -9.177229
2.562740 2.787181 -9.772697
2.579100 7.978998 -4.955906
2.595700 9.559361 0.436176
2.612060 7.158624 4.272348
2.628660 3.266193 7.152258
2.645020 0.018193 9.298418
2.661380 -1.783486 10.370159
2.677730 -1.751764 9.553615
2.694090 0.401799 5.691693
2.710690 3.472702 -1.558136
2.727050 4.990412 -9.983019
2.743410 4.106301 -15.548120
2.759770 2.441879 -16.678536
2.776370 1.774947 -14.826131
2.809330 2.822074 -12.298640
2.825680 3.020001 -9.523684
2.858400 -2.073381 -4.695741
2.875000 -13.160879 2.014944
2.891600 -26.950890 7.944579
2.907960 -36.669047 10.877267
2.924070 -37.071605 11.260645
2.940670 -29.067078 11.370578
2.956790 -17.259113 11.173486
2.973390 -7.085035 8.931706
2.989990 -1.097741 4.087034
3.006350 0.880430 -2.914992
3.022950 -0.241460 -9.733307
3.039060 -2.970439 -12.319769
3.055420 -5.631714 -8.527967
3.072020 -6.816160 -1.130336
3.088620 -6.068391 3.990739
3.104980 -4.417747 3.797688
3.121090 -3.027295 0.010314
3.137940 -1.309225 -3.796632
3.154050 1.631466 -4.619463
3.170650 4.659106 -1.846705
3.187010 5.299169 2.361556
3.203610 2.764654 4.878518
3.219970 -1.015429 4.654588
3.252930 -3.689002 3.500531
3.269040 -3.497417 3.082752
3.285640 0.729674 3.025295
3.302000 7.426351 2.529338
3.318600 12.584053 2.020410
3.334960 13.266009 2.293254
3.351320 10.066878 3.031289
3.367680 6.062222 3.032260
3.384030 3.055087 1.723384
3.400630 0.757317 -0.296429
3.416990 -0.862985 -2.230534
3.433590 -0.132377 -3.867255
3.449950 4.205201 -5.327088
3.466310 9.884431 -6.265495
3.499020 12.786860 -5.487684
3.515630 11.635689 -2.497660
3.548580 8.276599 1.022027
3.566160 4.291407 2.664340
3.597900 0.474797 1.954084
3.614010 -2.037322 0.799425
3.630620 -2.047387 1.024456
3.646970 0.382732 2.775685
3.663570 3.837178 5.449981
3.679930 6.914774 8.636450
3.696530 8.396171 11.424038
3.712650 7.979134 12.269655
3.745850 7.141024 10.265838
3.761960 7.371376 5.602687
3.794920 8.508339 0.195113
3.811520 8.936199 -3.409251
3.844240 7.475721 -4.243474
3.860600 5.061328 -2.783975
3.893550 3.069872 -0.255560
3.909910 1.700752 2.569728
3.942870 0.673620 4.645506
3.959230 -0.412901 4.047235
3.991940 -1.868057 0.716408
4.008540 -3.546874 -3.065282
4.041260 -4.568169 -4.964838
4.057860 -4.175804 -4.562391
4.074220 -2.844263 -3.133986
4.090580 -1.348909 -2.226625
4.106930 0.012299 -2.948523
4.123290 1.166979 -5.400195
4.139890 1.831342 -8.542882
4.156490 2.309531 -10.366455
4.172850 3.645804 -9.974230
4.189210 5.473176 -8.624402
4.205570 6.248838 -7.235015
4.238530 5.259393 -5.316609
4.254880 3.639599 -2.507064
4.287840 2.979731 -0.611513
4.304200 3.164646 -0.940966
4.336910 2.633272 -1.600815
4.353520 0.848274 -0.574484
4.386230 0.036418 1.464247
4.402830 0.180828 2.292020
4.437990 -5.660349 1.755647
4.452150 -23.309036 1.253409
4.484860 -45.517695 1.060589
4.501220 -56.912327 0.382830
4.534180 -50.967704 -1.283781
4.550540 -34.726044 -2.866228
4.583500 -18.671731 -3.169553
4.600100 -7.384003 -2.793414
4.616210 -0.558546 -3.024075
4.632810 2.884546 -3.311577
4.649170 4.076047 -1.524340
4.665530 4.196229 3.509664
4.682130 4.817972 10.720121
4.698490 6.746441 16.845438
4.714840 9.411287 18.335571
4.731200 11.892915 14.196238
4.747800 13.097309 6.423473
4.780760 11.906253 -1.146125
4.797120 8.226380 -4.756201
4.829830 4.064406 -3.689049
4.846190 1.520190 -0.660050
4.879150 0.802389 1.215824
4.895750 0.528896 2.373135
4.928470 -1.270305 5.061897
4.944820 -4.918908 8.443986
4.977780 -7.820321 9.751390
4.994140 -6.896642 8.219758
5.026860 -2.883544 5.837597
5.043460 0.289102 3.943962
5.076420 0.356721 2.462871
5.093260 -1.452004 1.464467
5.125490 -2.559697 0.224833
5.142090 -2.020665 -1.703411
5.174800 -1.032132 -3.173583
5.191160 -0.915176 -2.865703
5.224370 -1.645925 -0.928390
5.240720 -1.910529 1.041801
5.273440 -1.308556 1.671181
5.289790 -0.891109 0.221410
5.322750 -0.946027 -3.052786
5.339110 -0.951322 -5.891119
5.372070 -0.866994 -6.136901
5.388430 -1.241198 -4.432094
5.421140 -1.801869 -3.158423
5.437740 -2.094618 -2.968141
5.470460 -2.823774 -2.243388
5.487060 -4.175523 -0.823135
5.503420 -4.759028 -1.246388
5.519780 -3.368066 -5.438515
5.536380 -1.162586 -11.357276
5.552980 -0.198261 -13.750707
5.569090 -0.337416 -9.446823
5.585450 0.438186 0.161454
5.602050 3.551275 10.986544
5.618410 8.036108 18.161856
5.635500 11.065683 18.688752
5.667720 10.524244 13.326361
5.684080 7.196571 6.135529
5.717040 3.868259 0.975952
5.733400 2.053777 -1.840833
5.754640 0.667639 -4.390434
5.766850 -1.951746 -8.432673
5.782960 -5.563285 -13.446813
5.799320 -7.989146 -16.890073
5.815670 -7.087719 -16.380334
5.832030 -3.393911 -11.533014
5.848390 0.280924 -3.816789
5.864990 2.523280 5.352150
5.881350 3.487890 13.289194
5.897950 3.026461 15.349828
5.914060 1.038013 9.777492
5.930420 -0.928230 0.817680
5.947020 -0.561117 -4.826803
5.963380 1.305200 -4.568201
5.979980 1.679760 -0.564695
5.996340 -0.599402 4.368934
6.013180 -3.150667 8.153624
6.029050 -2.834381 9.394840
6.062010 -0.667482 7.900179
6.080320 0.066998 5.039459
6.111330 -1.537330 2.558333
6.127690 -2.520574 1.282089
6.160400 0.544992 0.890691
6.177250 6.434848 0.689906
6.209960 10.542469 0.675861
6.226320 9.831237 0.474700
6.242680 5.276885 -1.093867
6.259280 0.543964 -4.056047
6.275630 -1.926014 -6.774639
6.291990 -2.494657 -7.119143
6.308590 -2.206480 -4.281687
6.324710 -1.732409 0.437722
6.341310 -1.435054 4.415818
6.357670 -1.054866 4.612087
6.374020 -0.239616 0.382366
6.390380 0.563749 -5.262352
6.406980 0.153122 -8.710935
6.423340 -1.605715 -8.062860
6.439940 -2.850655 -3.388505
6.456300 -1.827943 3.209155
6.472660 1.146833 8.804783
6.489260 3.237085 11.445485
6.505620 1.060840 10.817935
6.521970 -5.116861 7.876581
6.554690 -10.292982 4.281102
6.571290 -9.238692 2.099801
6.604000 -3.200640 2.053839
6.620360 1.221533 2.283216
6.653320 0.831922 0.869362
6.669680 -1.449224 -1.175354
6.702880 -1.578170 -1.546549
6.719240 0.573551 0.076500
6.751950 2.632209 1.965950
6.768310 3.830530 2.525643
6.801270 4.587094 1.895841
6.817630 4.867639 0.417769
6.834230 3.813850 -2.413467
6.850590 0.699801 -6.430277
6.866940 -2.838506 -9.770608
6.883300 -3.312176 -9.911794
6.899900 0.608717 -6.262284
6.916260 6.132889 -0.257720
6.932620 8.687778 5.784796
6.950440 6.991833 9.270490
6.965330 4.105374 9.138299
6.998290 2.334397 6.701653
7.014890 1.471899 4.232475
7.047610 0.869712 2.814125
7.063960 -0.000674 1.860826
7.096920 -0.948981 0.841208
7.113280 -1.213524 0.018619
7.146240 -0.975270 -0.465058
7.162600 -0.775266 -0.429016
7.195560 -1.083622 -0.137056
7.211910 -1.424314 -1.053957
7.228270 -0.852223 -4.447725
7.244630 -0.325531 -9.869016
7.261230 -1.022633 -14.794220
7.277590 -2.622991 -16.244782
7.294190 -3.703872 -13.206799
7.310550 -3.489213 -7.234904
7.343510 -2.978993 -1.338181
7.359620 -2.873034 2.805898
7.376220 -2.250836 6.077875
7.392580 -0.323166 9.650427
7.409180 1.750871 13.036796
7.425540 1.886245 14.605690
7.441890 0.167459 13.519563
7.458500 -1.059031 10.416934
7.491210 -0.561550 6.667479
7.507570 1.052540 3.459794
7.540530 2.125625 1.494240
7.557130 1.800155 0.893970
7.589840 0.882736 1.223477
7.606200 -0.193454 1.607100
7.639160 -0.767995 1.335036
7.655520 -0.207975 0.128315
7.672120 0.747264 -2.585459
7.688480 0.104794 -7.205742
7.704590 -2.153285 -11.879239
7.721190 -1.635316 -12.425425
7.737550 3.856661 -7.036270
7.753910 10.804316 0.937891
7.770510 14.255789 5.685579
7.787110 12.231102 3.642787
7.803220 7.324983 -3.402158
7.819820 3.306542 -9.510140
7.836180 1.804087 -10.244210
7.852780 1.934863 -6.857114
7.885500 1.902449 -2.916530
7.902100 1.803133 0.608312
7.918460 2.400996 4.834862
7.934810 2.467562 8.972253
7.951170 1.163401 10.429282
7.967530 -0.224014 8.328673
7.983890 -0.414744 3.798393
8.000490 0.301385 -0.994586
8.017090 0.974526 -3.232475
8.033200 2.001501 -1.103128
8.049800 2.861011 4.596961
8.066160 -0.108446 10.279808
8.082520 -8.322241 11.393015
8.099120 -17.192481 6.485134
8.115480 -20.371378 -1.339694
8.132080 -16.755799 -7.640983
8.148190 -11.322607 -10.887763
8.164790 -8.196800 -12.305524
8.181150 -7.266925 -12.408430
8.197750 -7.142891 -10.962352
8.230470 -6.993732 -8.481626
8.246830 -6.537922 -5.690232
8.279790 -5.183580 -2.703863
8.296140 -1.766720 0.345724
8.329100 1.928051 2.506905
8.345460 1.861266 2.775131
8.378420 -2.220687 1.263964
8.394780 -6.310356 -1.286021
8.427490 -6.785906 -3.490132
8.444090 -4.054146 -3.535943
8.476810 -0.500747 -1.682738
8.493410 2.997849 0.096695
8.526370 5.126691 1.072904
8.542720 4.786393 2.698363
8.559080 4.029085 6.362397
8.575440 5.504761 10.917890
8.591800 8.735848 14.149905
8.608640 10.839093 14.998887
8.624760 10.872977 13.383004
8.641110 9.814238 9.349867
8.657710 7.200926 3.115878
8.674070 2.346051 -4.306892
8.690430 -2.928824 -9.748941
8.706790 -5.737437 -9.510238
8.723390 -5.641918 -4.621262
8.739750 -4.293443 0.323945
8.756350 -2.654193 2.565447
8.772710 -0.415399 2.910692
8.789060 1.867669 2.927613
8.805420 2.046691 2.545664
8.821780 -0.756475 2.054225
8.838380 -4.479784 2.387701
8.871090 -5.392926 3.185011
8.887700 -2.267270 3.040331
8.920410 1.961284 1.272758
8.937010 4.357960 -1.700845
8.969730 4.427462 -4.922929
8.986080 4.018439 -7.531556
9.002690 4.896082 -8.897984
9.019040 6.334613 -8.179722
9.035640 6.616019 -5.220017
9.051760 4.443331 -1.069566
9.068360 0.411447 2.954868
9.084720 -1.977892 6.374727
9.101320 1.098090 9.128019
9.117680 9.175965 10.523417
9.134030 16.656234 9.968153
9.166990 17.686757 7.632754
9.183350 12.515899 4.065515
9.199710 6.163394 -0.472876
9.216310 0.852564 -5.754476
9.232670 -3.936250 -10.296735
9.249020 -7.166904 -11.688792
9.265630 -6.459660 -8.341525
9.281980 -1.958904 -1.216012
9.298340 2.764630 6.076824
9.314700 5.225871 9.796318
9.331300 5.283523 8.551470
9.347660 3.389898 3.811323
9.364010 0.921648 -1.839107
9.380620 -0.878938 -6.729886
9.396970 -2.129113 -9.845367
9.413330 -3.084109 -9.771201
9.429690 -3.315698 -6.167407
9.446040 -2.025216 -1.329712
9.462650 0.327600 2.465549
9.479000 2.157708 5.344507
9.495610 2.580350 8.077145
9.511960 1.721143 9.868885
9.528320 0.988917 9.514887
9.561280 1.831492 7.193491
9.577640 3.594924 3.770468
9.594240 4.317189 -0.330174
9.610600 3.361896 -5.207036
9.626950 1.341017 -10.552346
9.643310 -1.526518 -14.974659
9.659670 -4.672365 -16.154219
9.676270 -6.098877 -12.548611
9.692630 -4.125776 -4.736618
9.708980 -0.434411 5.216967
9.725590 1.454258 14.855883
9.741940 0.335934 22.265443
9.758300 -1.776255 25.968917
9.774660 -2.533473 24.180252
9.791260 -1.507413 16.151895
9.807860 0.901429 5.629950
9.824220 3.644689 -1.650507
9.840580 4.914768 -4.195186
9.856930 4.246336 -5.004052
9.873290 1.774722 -6.111244
9.889650 -4.084363 -5.737335
9.906250 -13.222299 -2.650473
9.922610 -21.168899 1.408402
9.939210 -22.639408 4.191602
9.955570 -17.142292 5.079862
9.971920 -9.441194 4.852578
10.004640 -3.405423 4.048415
10.021240 0.261806 2.913289
10.053960 1.882447 1.435591
10.070560 2.150006 -0.619844
10.103270 1.577450 -2.670561
10.121090 0.420649 -3.754961
10.152590 -0.418455 -3.390156
10.168950 -0.518872 -2.435028
10.185550 -0.720940 -2.251254
10.201900 -1.825758 -2.579771
10.218510 -3.573430 -2.730115
10.234860 -4.854443 -3.891433
10.251220 -5.301755 -8.117844
10.267580 -5.207091 -14.421318
10.283940 -4.429418 -18.271776
10.300540 -3.061669 -16.135924
10.316890 -1.718774 -9.208648
10.333500 -0.776473 -1.593797
10.349850 -0.037483 4.029923
10.366210 0.765955 6.932499
10.382570 1.313439 6.844807
10.398930 1.313684 4.624513
10.415530 1.794552 2.515851
10.449710 4.557637 2.490973
10.464840 9.397790 4.578788
10.497560 12.879475 6.301434
10.513920 11.637083 5.298518
10.530520 6.144062 1.160829
10.546880 -0.257381 -5.121186
10.563230 -4.793284 -11.426052
10.580080 -5.205873 -15.854233
10.596190 0.349970 -17.362387
10.612550 9.262880 -15.216475
10.628910 14.957360 -9.343815
10.645510 13.818488 -1.077347
10.661870 8.973801 6.756586
10.678470 5.730917 11.123609
10.694820 4.553587 10.927358
10.711180 3.411110 7.384946
10.727540 3.196739 2.961293
10.743900 5.180688 0.636789
10.760500 7.643432 1.153992
10.793460 7.202758 2.166487
10.809810 3.276008 2.187764
10.842530 -0.627640 2.119001
10.859130 -2.221013 2.309013
10.875490 -2.217411 0.262254
10.891850 -1.126782 -5.425708
10.908450 1.113056 -10.904539
10.924800 3.647698 -11.253386
10.940920 4.352567 -6.283792
10.957760 2.193136 0.576404
10.974120 -1.384110 6.559676
10.990480 -4.473239 10.339971
11.007080 -6.086743 11.105605
11.023440 -6.096935 8.707754
11.039790 -5.014907 4.297337
11.056150 -3.626053 -0.167895
11.072510 -2.243610 -2.971677
11.089110 -0.897844 -3.224183
11.105470 0.022205 -1.575338
11.121830 0.156329 -0.247517
11.138430 -0.252607 -1.298464
11.154790 -0.729256 -4.284664
11.171140 -1.085577 -6.981330
11.187500 -1.236202 -8.025614
11.204100 -1.123434 -7.224582
11.220460 -0.718611 -4.573716
11.236820 -0.140905 0.064693
11.253170 0.445858 6.009203
11.269780 1.130590 11.151805
11.286130 1.788451 13.621224
11.302730 2.325381 12.522989
11.335450 2.642927 8.818521
11.351810 1.706041 6.063253
11.384770 -1.005506 6.321638
11.401120 -4.361776 7.377992
11.417720 -6.457409 5.561399
11.434080 -6.251135 0.216158
11.450440 -3.999399 -5.490672
11.466800 -0.469715 -8.271271
11.483150 1.989502 -6.953627
11.499760 1.407384 -2.294374
11.516110 -0.849255 3.205992
11.532710 -1.695837 6.481796
11.549070 -0.137427 6.514423
11.565430 1.373109 4.755059
11.581790 0.728133 3.092707
11.598140 -1.332416 2.315324
11.614750 -2.943303 2.156426
11.631100 -3.212184 2.224253
11.648930 -2.627869 1.682245
11.663820 -1.812890 -0.531112
11.680420 -0.920009 -3.936986
11.696780 0.113490 -6.692613
11.713130 1.464958 -7.204860
11.729490 3.073605 -4.742347
11.746340 4.201965 -0.049130
11.762700 3.736978 4.564356
11.779050 1.728862 6.797649
11.795410 -0.336912 6.232765
11.811770 -1.275484 4.261161
11.828370 -1.060861 2.529967
11.844730 -0.397616 1.609412
11.861080 -0.079781 1.261788
11.877440 -0.601788 1.655542
11.894040 -1.723083 2.264689
11.910400 -2.385280 1.387408
11.927000 -1.809055 -1.979248
11.943360 -0.442771 -6.218673
11.959720 0.889016 -8.115746
11.976070 2.127742 -7.244625
11.992680 3.256902 -5.824539
12.009030 3.345072 -4.867000
12.025390 1.561837 -3.475542
12.041750 -1.015051 -1.236020
12.058350 -2.108322 0.418702
12.074710 -1.100592 0.321233
12.091060 0.441424 -0.778368
12.107670 0.798253 -1.210570
12.124020 -0.177227 -0.281859
12.140380 -1.293525 1.192698
12.156980 -1.568195 2.331921
12.173340 -0.982904 3.263466
12.189700 -0.156036 4.620215
12.206050 0.556654 6.506810
12.222660 1.309841 7.837530
12.239010 2.309289 7.327253
12.255620 3.282949 5.333343
12.271970 3.281132 3.547760
12.288570 1.826243 2.700561
12.308110 -0.458773 1.616042
12.321290 -2.411837 -0.371686
12.337890 -2.968729 -2.052540
12.370850 -1.783484 -2.520274
12.387210 0.541953 -2.469831
12.403560 2.355704 -2.818443
12.419920 2.031177 -3.390954
12.436040 0.025964 -3.639864
12.452880 -1.701505 -3.478976
12.468990 -2.325922 -2.935790
12.485350 -2.141027 -2.097966
12.501950 -2.107964 -1.203743
12.518310 -3.847804 -0.149529
12.535160 -7.584849 1.295642
12.551030 -11.139675 2.935165
12.567630 -11.325004 4.500143
12.583980 -7.747359 5.532026
12.600590 -3.563957 5.083381
12.616940 -1.158900 2.682521
12.634770 -0.627285 -1.134501
12.649660 -0.602566 -5.627620
12.666260 -0.121657 -9.370416
12.682620 -0.337288 -10.171674
12.715330 -2.358495 -8.014356
12.731930 -5.180160 -5.390241
12.764650 -6.315798 -3.620862
12.781010 -4.823138 -1.544099
12.797610 -2.460310 1.422837
12.813960 -0.504032 3.402510
12.830320 1.239759 3.282777
12.847170 2.800994 2.300971
12.863280 3.394297 1.103966
12.879640 2.556143 -0.121353
12.896240 1.125814 0.049772
12.912600 0.129771 2.172968
12.928960 -0.267875 4.495727
12.945310 -0.617670 4.270706
12.962160 -1.351531 0.606580
12.978270 -1.884265 -4.236683
12.994870 -1.597445 -7.118725
13.011230 -1.562258 -6.183960
13.027590 -2.658969 -2.458783
13.043950 -3.657563 0.565500
13.060300 -3.378432 -0.015834
13.078130 -1.821539 -3.171051
13.093510 1.172950 -4.145137
13.109860 5.811927 -0.148746
13.126220 10.365443 6.290873
13.142580 11.524265 10.427501
13.158940 8.850209 10.447115
13.175290 4.959521 7.837071
13.208250 1.676840 3.844434
13.224850 -0.018274 -0.586247
13.257570 0.252855 -3.954599
13.273930 1.638410 -5.070752
13.291260 2.461377 -3.947834
13.306880 1.914200 -1.973874
13.323240 0.670381 -0.657650
13.339840 -0.698545 -0.511266
13.356200 -1.909061 -0.551766
13.372560 -1.768253 0.494856
13.389160 1.739392 2.285050
13.405270 8.278122 3.546826
13.421880 13.903132 3.541837
13.438480 14.472787 2.020371
13.455080 10.025768 -1.200131
13.471190 4.143688 -4.996825
13.487550 -0.778218 -6.313772
13.503910 -4.093104 -3.282697
13.520510 -5.265057 2.501499
13.536870 -3.831548 7.543972
13.553220 -0.606897 9.201854
13.569820 2.193937 6.827811
13.586180 2.924215 1.391876
13.602540 1.571177 -4.489630
13.618900 -0.578351 -8.485478
13.635500 -1.626098 -10.085069
13.652100 -0.363973 -8.859509
13.668210 2.526686 -4.662091
13.684570 5.227649 0.779703
13.701170 6.312811 4.691196
13.717530 5.827943 6.482653
13.734380 4.915667 8.388618
13.750490 4.310424 11.006039
13.766850 3.545565 12.125061
13.783200 1.701313 10.164516
13.799800 0.145581 6.066910
13.816410 -0.734017 0.825153
13.832520 -5.701445 -7.067871
13.848880 -17.376183 -17.694046
13.865480 -29.603971 -26.185789
13.881840 -32.541424 -26.516634
13.898190 -24.511448 -18.228270
13.914790 -12.976461 -6.709166
13.931150 -4.182897 3.009739
13.947510 0.564575 8.674361
13.964110 2.923418 9.503087
13.996830 4.488315 6.613481
14.013430 5.062122 2.828797
14.046140 3.578158 0.183082
14.062500 0.422620 -0.741727
14.095460 -1.665575 -0.529276
14.111820 -1.203094 -1.157899
14.144530 0.129987 -3.660282
14.161130 0.440424 -4.421830
14.194090 -0.078758 2.788848
14.210450 -0.109591 17.109537
14.243410 0.340303 28.832920
14.259770 0.424953 29.990700
14.292720 1.013490 21.525673
14.309080 2.905224 10.513077
14.341800 4.375059 2.466906
14.358400 3.647891 -1.570815
14.391110 2.320469 -3.121189
14.407710 3.435095 -3.697894
14.440430 6.442682 -3.115219
14.456790 8.126235 -1.816628
14.473390 7.432675 -2.038918
14.489500 5.837193 -4.933405
14.506350 4.549689 -8.491442
14.522710 3.507186 -9.641435
14.539060 2.573325 -8.212755
14.555420 2.267663 -5.410819
14.571780 2.319066 -1.007226
14.588130 1.405689 4.166972
14.604490 -0.558315 7.484303
14.637450 -2.054650 7.635553
14.654050 -1.822913 5.761409
14.670410 -0.726407 2.614910
14.686770 -0.772009 -2.709914
14.703370 -1.677525 -8.940909
14.721440 -2.693239 -11.841154
14.736330 -5.709106 -9.367271
14.752440 -11.284919 -3.449795
14.769040 -15.603096 2.667051
14.785400 -14.202489 6.231651
14.802000 -7.582338 6.879257
14.818360 -0.741258 6.591213
14.834720 2.998490 6.482249
14.851320 3.207759 5.412571
14.867430 -0.142677 1.912654
14.884030 -5.931859 -3.313299
14.900390 -11.176545 -7.752543
14.933350 -12.378867 -10.102340
14.949710 -8.487593 -10.249595
14.982670 -2.674587 -7.128860
14.999020 1.282073 -1.098334
15.015380 2.301794 4.540018
15.031980 1.694850 6.829051
15.048340 1.408644 6.059740
15.064700 1.913589 5.045836
15.081050 2.112608 4.627082
15.097410 1.108377 2.855246
15.114010 -0.187625 -0.805049
15.130620 0.200889 -4.449892
15.146730 2.221970 -5.212555
15.163330 3.160830 -1.023689
15.179690 1.545229 6.483195
15.196040 -0.495298 12.857861
15.212650 -0.101781 14.762313
15.229000 2.274427 12.455219
15.245360 3.560654 8.715838
15.278320 2.074486 5.243738
15.294680 -0.646768 2.131929
15.311280 -2.391117 -0.913650
15.327640 -3.622400 -4.110497
15.343990 -5.373921 -6.732586
15.360350 -5.937029 -7.035191
15.376710 -2.586845 -4.049514
15.393310 3.761562 0.701061
15.409670 8.029714 3.819307
15.426270 6.823152 2.988696
15.442630 1.947619 -0.572623
15.458980 -2.141256 -3.106124
15.475340 -2.557573 -1.953313
15.491700 0.213690 1.989139
15.508300 3.373893 5.351134
15.524900 3.756808 5.435527
15.541020 0.665537 1.996583
15.557620 -3.385125 -3.178466
15.573970 -5.980386 -6.991378
15.590330 -6.409382 -8.439961
15.623050 -4.044614 -10.088213
15.639650 1.447950 -13.115366
15.672610 8.070029 -14.869114
15.688960 11.301652 -12.342027
15.721920 9.240172 -7.035584
15.738280 5.166159 -3.183981
15.771240 2.240259 -1.711023
15.787600 0.784183 -0.713432
15.820310 -0.146714 0.922161
15.836670 -0.418606 2.759742
15.869630 0.125239 3.634512
15.886230 -0.007162 2.980607
15.920900 -1.212887 1.623286
15.935550 -2.043750 0.916238
15.951660 -1.254492 1.475451
15.968260 0.542523 2.794588
15.984860 2.180114 4.421566
16.001220 3.606375 6.324611
16.017580 4.481166 7.598622
16.033940 4.114754 7.251648
16.066650 2.865051 5.646750
16.083250 1.540259 3.760283
16.099610 -0.260317 1.705583
16.116210 -3.323844 -0.944834
16.132570 -6.270616 -3.700300
16.148930 -6.335775 -5.558757
16.165530 -3.922260 -5.873364
16.181880 -2.706370 -4.483227
16.214840 -4.190887 -2.031166
16.231200 -6.229755 0.321643
16.249270 -6.388047 1.819394
16.263920 -4.707745 2.898882
16.280270 -2.577504 4.179466
16.296880 -0.365221 4.973578
16.313230 1.796815 4.403251
16.329590 3.318406 3.213436
16.362550 3.880047 3.017260
16.378910 3.511543 3.468478
16.395510 2.974454 2.023503
16.411870 3.323829 -2.545001
16.428220 4.538838 -8.270701
16.444580 5.548148 -11.681096
16.461180 5.433723 -10.378913
16.477540 4.503944 -4.951909
16.494140 3.510907 1.344582
16.510250 2.499642 5.240588
16.526860 1.586051 6.223020
16.543210 1.466283 6.313597
16.559570 2.430738 6.600459
16.578130 3.612136 6.046431
16.592530 3.805758 3.741464
16.608890 2.847660 0.326826
16.625490 1.734554 -2.593004
16.641850 1.278960 -3.786032
16.658200 0.598539 -3.542564
16.674560 -1.884303 -3.244134
16.707520 -5.829865 -3.522646
16.724120 -8.802457 -3.627931
16.740480 -8.721544 -2.561664
16.756840 -5.915167 -0.562144
16.773190 -2.420781 1.511084
16.790040 -0.224257 3.446662
16.806150 -0.427920 4.781009
16.822510 -2.262053 4.477966
16.838870 -3.606527 2.060087
16.855470 -3.678672 -1.650766
16.871830 -3.588613 -5.152586
16.888180 -3.877701 -7.440277
16.906250 -3.568698 -7.971602
16.921140 -1.062804 -6.579893
16.937500 4.871013 -3.933768
16.954100 12.733186 -1.183109
16.970460 18.467292 1.060228
16.986820 18.758783 3.175816
17.003420 14.017926 5.666048
17.019530 7.909493 7.848722
17.036130 3.042908 8.171090
17.052490 0.093872 6.169150
17.068850 -1.138186 3.257995
17.085450 -1.810490 1.213251
17.101560 -2.788127 0.729585
17.119140 -3.558166 1.361515
17.150880 -2.801215 2.080575
17.167480 -0.357031 1.786039
17.184080 2.248863 -0.005163
17.200440 3.662555 -2.455403
17.216800 3.269369 -3.999285
17.234380 1.089447 -3.605643
17.249760 -1.122027 -1.623890
17.266110 -1.738174 0.881636
17.282470 -1.829659 3.533211
17.298830 -3.426592 6.149654
17.315430 -6.029262 7.961865
17.331790 -6.562676 8.035735
17.348140 -4.082339 6.540857
17.364750 -1.193450 4.737943
17.381100 -0.301319 3.127886
17.397460 -1.476117 1.840865
17.413820 -3.465330 1.236371
17.446780 -5.181853 1.110995
17.463380 -6.542065 1.038709
17.496090 -7.623942 0.478165
17.512450 -7.568452 -0.539253
17.545170 -5.770925 -1.142585
17.562260 -2.676290 -0.689340
17.594480 0.304718 0.732357
17.611080 1.790145 2.011413
17.643800 1.712224 2.209450
17.660400 1.107756 1.542114
17.693360 0.995199 0.682100
17.709720 1.380597 0.288436
17.742430 1.694063 0.552008
17.758790 1.605566 0.941696
17.775390 1.126260 0.518649
17.791750 0.271172 -1.528400
17.808350 -0.984982 -4.976295
17.824710 -1.826195 -8.201556
17.841060 -0.955368 -8.891624
17.857420 1.235311 -5.664458
17.890380 2.673211 -0.750532
17.906740 1.662092 0.962290
17.939700 -0.937534 -1.486929
17.956050 -2.502513 -3.160891
17.989010 -2.372857 0.038162
18.005620 -1.831018 6.001578
18.021970 -1.960338 9.929787
18.038330 -2.238065 11.046005
18.054690 -1.278888 11.474051
18.071040 0.729946 11.410088
18.087650 2.355757 9.560368
18.105220 2.475819 5.835586
18.120120 1.311715 2.105252
18.136720 0.244195 0.420054
18.153320 0.041426 0.747521
18.169680 0.218748 1.219682
18.185790 0.119571 0.587281
18.202390 -0.120025 -0.415097
18.218990 0.350047 -0.532900
18.235350 1.868589 0.059136
18.251710 3.495346 0.052710
18.268070 3.647710 -1.013481
18.284670 1.440284 -1.746735
18.300780 -2.237944 -0.588371
18.333980 -5.522633 2.192548
18.350100 -7.073213 4.024415
18.366700 -6.703666 2.158613
18.383060 -5.332079 -2.555644
18.399660 -3.918881 -6.343837
18.416020 -2.319635 -6.390768
18.432370 0.272731 -3.239840
18.448970 3.884729 0.544492
18.465330 6.783954 3.283810
18.481690 7.467486 3.837800
18.498050 7.470303 1.521085
18.530760 8.561289 -2.324331
18.547610 9.740222 -5.150807
18.580320 8.858408 -5.607828
18.596920 5.628172 -4.162146
18.629880 2.536028 -2.040542
18.646240 1.187490 -0.504810
18.678960 0.924080 -0.309272
18.695560 1.228407 -1.263533
18.728270 0.715395 -1.363158
18.744630 -2.584449 2.083999
18.777590 -7.462912 8.475330
18.793950 -10.464978 14.005249
18.826900 -9.894449 15.331939
18.843260 -7.232657 12.285104
18.877690 -4.393829 6.971797
18.892580 -1.720242 1.447249
18.925780 -0.026100 -2.042660
18.941890 -0.113139 -1.949028
18.958250 -0.829927 0.266929
18.974850 -1.039867 0.784579
18.991210 -1.054196 -2.001359
19.007570 -1.129034 -5.430373
19.023930 -0.802696 -5.710966
19.040530 -0.117227 -2.282272
19.056640 -0.007864 1.428612
19.073240 -0.438316 2.315897
19.089840 -0.609641 1.003898
19.105960 -0.329115 0.494295
19.122560 0.347811 1.864079
19.138920 1.537239 3.391348
19.155520 3.018329 3.456957
19.171880 3.101635 2.243294
19.188230 1.060866 1.242508
19.204830 -0.711587 1.472231
19.221190 0.253710 2.801262
19.237790 3.234849 4.158371
19.254150 5.306157 4.163488
19.270260 5.283154 2.559774
19.286870 4.234883 0.210969
19.319820 3.231499 -2.094436
19.336180 2.456136 -3.889186
19.368900 2.256259 -4.161968
19.385250 3.834258 -1.882108
19.418210 7.046022 2.104479
19.434810 9.733846 5.367028
19.451170 9.728478 6.179517
19.467530 7.130777 5.104597
19.484130 4.029327 3.751489
19.500240 1.493541 2.761542
19.516850 -0.585215 1.898586
19.534910 -2.211845 0.943070
19.549560 -3.279289 -0.117261
19.565920 -3.709082 -1.270302
19.582520 -3.433507 -2.833784
19.598880 -2.477595 -5.849157
19.615230 -1.665314 -10.493237
19.631840 -1.951501 -14.468270
19.664550 -3.163794 -14.873157
19.680910 -4.517378 -11.419844
19.713870 -4.987425 -6.797773
19.730220 -3.329180 -2.759320
19.763180 -0.044033 -0.554163
19.779540 1.924066 -4.427544
19.812740 0.653954 -15.639251
19.828860 -2.169718 -27.628926
19.861820 -3.383532 -31.782609
19.878170 -2.726560 -26.625242
19.894530 -1.742094 -17.964680
19.910890 0.176641 -9.422735
19.927250 3.606084 -1.488440
19.943850 6.764690 4.375729
19.960210 7.478394 6.599346
19.976810 5.499109 5.388344
19.993160 2.190516 2.550162
20.009770 -1.591176 -0.785000
20.026120 -4.735803 -3.665114
20.042480 -4.740850 -4.321718
20.058840 -0.658636 -2.365098
20.075200 4.889137 0.859219
20.091800 8.053866 3.826413
20.108150 7.249099 5.640049
20.124760 4.102268 6.140525
20.140870 1.065606 5.802953
20.157470 -0.551235 6.002488
20.173830 -0.940919 7.136327
20.190190 -1.235899 7.135506
20.206790 -1.990863 4.434266
20.223140 -2.597921 0.562313
20.239750 -2.020989 -1.283573
20.256100 -0.223188 0.256668
20.272220 1.579869 2.953208
20.288820 2.465770 3.472858
20.305180 2.488567 1.115617
20.321780 2.323226 -2.290532
20.338130 2.456213 -4.794551
20.354740 2.677177 -5.274786
20.371090 2.309737 -3.734036
20.387450 -0.562281 -0.481673
20.403810 -7.438347 4.077255
20.420170 -16.155380 8.634128
20.436770 -21.849079 10.881279
20.453130 -20.956299 8.169050
20.469730 -14.922901 1.126680
20.486080 -7.877239 -5.375915
20.502440 -2.362313 -7.409227
20.519040 0.875448 -5.629368
20.551760 2.633028 -3.062738
20.568120 3.777497 -1.247912
20.601070 4.527304 0.083284
20.617430 4.714681 1.259919
20.633790 4.186511 2.272039
20.650150 3.812003 3.369938
20.666750 4.036334 4.529556
20.683110 3.566520 4.748689
20.699710 0.807268 3.080784
20.716060 -3.868429 -0.161211
20.732420 -7.491599 -3.604875
20.749020 -6.709347 -5.542631
20.765380 -2.002371 -4.955332
20.781740 2.186601 -2.272133
20.798100 2.594345 0.746966
20.814700 0.137527 2.335767
20.831050 -1.596348 1.979971
20.847660 -0.482969 -0.147474
20.863770 1.944165 -3.110440
20.880370 2.747272 -4.890207
20.896730 0.739189 -3.704948
20.913090 -2.073361 -0.377793
20.929690 -2.236422 1.760697
20.946040 0.823587 1.009968
20.962400 4.303144 -1.263701
20.979000 5.876330 -2.851618
20.995360 5.848474 -2.412355
21.011720 5.192194 -0.155771
21.028080 3.064744 2.523906
21.044680 -1.232485 3.708060
21.061040 -5.728609 2.471690
21.077390 -7.269036 0.427787
21.093990 -5.340190 0.168935
21.110350 -2.250086 1.788383
21.126710 0.397037 2.454952
21.143070 2.396148 0.492242
21.159420 3.866170 -2.084168
21.192380 4.289835 -3.175985
21.208740 2.445934 -3.680848
21.241460 -1.048560 -4.996656
21.258060 -3.295448 -6.368241
21.291020 -2.694602 -6.113998
21.307370 -0.710617 -4.901553
21.340090 0.108642 -5.267120
21.356690 -0.558645 -7.860319
21.373050 -1.517611 -10.921621
21.389400 -2.928676 -12.291114
21.406010 -4.644556 -11.073170
21.422360 -4.736675 -7.335428
21.438960 -1.691962 -1.149790
21.455080 3.380091 5.983980
21.471680 7.220755 10.874508
21.488040 7.287338 11.523157
21.504640 4.166720 8.698601
21.521000 0.765144 4.463000
21.537350 -0.519380 0.549203
21.553960 0.386013 -1.845136
21.570310 1.480430 -2.166518
21.586670 0.966216 -1.148117
21.603270 -1.020423 -0.213090
21.619630 -2.890634 -0.214817
21.635990 -3.088111 -1.601350
21.652590 -1.941598 -4.057605
21.668950 -1.271380 -6.154169
21.685550 -1.576102 -6.481691
21.702150 -2.035609 -4.699317
21.734620 -2.472873 -1.718228
21.751220 -3.255652 1.658598
21.767580 -3.545034 4.654352
21.784180 -1.480100 5.495403
21.800540 2.384593 3.423583
21.816890 4.985822 -0.075571
21.833250 4.814457 -2.696422
21.849610 3.150564 -3.105577
21.866210 1.840294 -1.875007
21.882320 1.295504 -0.407045
21.898680 1.067168 0.055129
21.915280 0.797154 -1.597422
21.931880 -0.230689 -5.135004
21.948240 -1.690443 -8.250281
21.964840 -1.736351 -8.307834
21.981200 0.061334 -4.782595
21.997560 2.043853 -0.008890
22.014160 2.492178 3.109449
22.030520 1.664869 3.821691
22.049070 1.192318 3.279584
22.079590 1.332712 2.671246
22.095950 1.250575 2.172313
22.128910 0.301863 1.383498
22.145260 -0.940782 0.126305
22.161620 -0.744974 -1.653880
22.178220 0.955157 -3.836626
22.194580 1.963944 -5.876165
22.210940 0.283668 -7.102736
22.227540 -3.302981 -7.231172
22.243900 -5.957893 -6.286412
22.276610 -5.888384 -4.166745
22.293210 -3.348350 -1.018182
22.325930 0.018855 2.260440
22.342290 2.573726 4.653447
22.358640 3.643392 5.932820
22.375240 3.651851 6.733343
22.391600 3.378152 7.362556
22.408200 2.678520 7.098660
22.424560 1.119503 5.650743
22.440920 -0.521670 3.786623
22.473880 -0.991201 2.269325
22.490230 -0.256470 1.352355
22.539550 1.179314 1.245854
22.572270 3.376223 1.802404
22.588870 5.861866 2.151791
22.621580 7.341660 1.705180
22.638180 6.719638 0.374218
22.654540 3.987856 -2.161579
22.671140 0.129606 -6.103543
22.687500 -3.489501 -10.201518
22.703860 -4.949762 -12.015244
22.720210 -3.228861 -9.776606
22.736570 0.310963 -3.919578
22.753170 2.993453 2.949576
22.769530 3.351694 7.418979
22.785890 2.652351 7.636742
22.819090 2.590849 5.501750
22.835210 2.752273 4.331416
22.868160 1.815716 5.011240
22.884520 -0.168652 5.651101
22.917240 -1.970207 4.264226
22.933840 -2.930323 1.425711
22.966800 -3.438356 -1.275984
22.983150 -3.783016 -3.029557
23.016110 -3.863425 -3.358696
23.032470 -3.717547 -1.990238
23.065190 -3.179650 0.479051
23.081540 -2.491326 2.145052
23.114500 -1.783437 1.805154
23.131100 -0.554702 0.070268
23.163820 0.843099 -1.961386
23.180180 1.593087 -4.014746
23.196530 0.935669 -6.611592
23.213130 -1.415692 -9.810409
23.229490 -4.412611 -12.852697
23.246340 -6.419040 -14.520225
23.262450 -6.695108 -13.763961
23.279050 -4.877556 -9.999788
23.295170 0.385825 -3.206078
23.311520 9.090721 5.382359
23.328130 17.394703 13.164255
23.344480 20.341459 17.301948
23.361080 17.256717 16.802422
23.377440 11.544136 13.055417
23.410160 5.762348 8.185957
23.426760 1.019490 3.656926
23.460940 -1.617931 0.140160
23.476070 -2.062215 -2.042621
23.492430 -1.465828 -2.865028
23.508790 -0.716213 -2.567098
23.525390 -0.103102 -1.488079
23.558110 0.186861 -0.015093
23.574460 0.101083 1.267105
23.607420 -0.167699 1.563095
23.623780 -0.300105 0.310663
23.640380 -0.318174 -2.659129
23.656740 -0.402814 -7.100752
23.673100 -0.669909 -11.646471
23.690190 -1.023675 -13.894168
23.705810 -0.862977 -12.225796
23.722410 0.188220 -7.118515
23.738770 1.502303 -0.763527
23.755370 1.924469 4.393223
23.771730 1.313395 7.145823
23.789790 0.831423 7.780885
23.804690 1.192415 7.381045
23.821040 1.770745 7.053628
23.837400 1.579242 6.946453
23.853760 0.859883 6.216538
23.870360 0.510895 4.253784
23.903080 0.449091 1.164102
23.919430 0.000119 -1.659516
23.936040 -1.136520 -2.365118
23.952390 -2.536303 -1.157742
23.968750 -3.486314 0.021770
23.985350 -3.492231 -0.683930
24.001710 -2.342409 -3.207484
24.018070 -0.559150 -5.569115
24.050780 0.788918 -6.229218
24.067380 1.256754 -4.446426
24.100340 1.204344 -0.121440
24.118160 1.066790 4.601568
24.133060 0.786967 6.585966
24.149410 0.150644 6.103174
24.166020 -0.484078 6.040960
24.182370 -0.428680 7.264315
24.198730 0.181986 7.329866
24.215330 -0.033096 4.487896
24.248050 -0.307970 0.938847
24.264400 4.474442 -0.988403
24.297360 17.281973 -1.848381
24.313720 32.390867 -2.706526
24.330080 40.148020 -3.266427
24.346680 37.083967 -3.013085
24.363040 27.740424 -2.739587
24.379390 17.217004 -3.975099
24.396000 6.901849 -6.706318
24.412350 -1.467200 -8.122964
24.428710 -1.812256 -4.604498
24.445800 10.189457 4.350845
24.461910 29.838822 13.749757
24.478030 44.225467 16.614255
24.839600 36.877556 11.809185
24.855960 2.537750 4.889828
24.890140 -42.284275 1.101155
24.905270 -70.855919 0.957211
24.938230 -68.990705 1.803580
24.954350 -45.900245 1.581409
24.987300 -21.366212 -0.047628
25.003660 -10.157428 -2.193993
25.036620 -15.001818 -3.520165
25.053220 -26.221253 -3.795689
25.069580 -30.748686 -4.009908
25.085940 -25.090636 -4.646998
25.103760 -15.825484 -5.573616
25.118650 -7.595041 -7.103184
25.135250 -1.112150 -8.975627
25.151610 2.810352 -9.582117
25.184570 4.128326 -7.691286
25.200930 4.326018 -4.277579
25.217290 4.909141 -1.492861
25.233890 5.241891 -0.429870
25.250240 4.139791 -0.259993
25.266360 1.773201 0.892323
25.283200 -1.255439 4.191407
25.299800 -3.865974 8.708998
25.315920 -4.306524 11.323650
25.332280 -1.402198 9.717151
25.348880 3.244051 4.735771
25.365230 5.632946 -0.772388
25.381590 3.276677 -4.254112
25.398190 -1.620991 -5.479579
25.414550 -4.032891 -5.486716
25.432370 -2.117527 -4.462517
25.447270 1.406523 -2.482041
25.463870 3.084827 -1.094929
25.480220 1.972932 -2.466967
25.496580 -0.476977 -6.083574
25.512940 -2.640814 -8.279207
25.529540 -3.068338 -5.918257
25.545900 -1.252047 0.546680
25.562500 1.471866 7.587770
25.578860 3.183893 11.563472
25.595210 3.311904 10.700492
25.611570 3.138221 6.038660
25.628170 3.738125 1.008674
25.644530 4.298353 -1.439754
25.660890 2.952689 -0.871096
25.677250 -0.426654 1.081066
25.693850 -3.552636 2.830709
25.710210 -4.467955 4.031632
25.726560 -3.256075 4.386067
25.742920 -1.486335 3.437704
25.776120 -0.791252 1.730838
25.792480 -1.620818 0.488606
25.825200 -2.666628 0.525225
25.841550 -2.304967 1.530685
25.874510 -0.554479 1.820372
25.890870 1.358571 0.432478
25.923830 2.224753 -1.347199
25.940190 1.599277 -2.206755
25.956540 -0.238808 -3.067769
25.973140 -1.969756 -5.861720
25.989500 -2.156302 -9.454862
26.006100 -1.294466 -9.657589
26.022460 -0.662227 -5.001406
26.038570 -0.595003 1.049966
26.054930 -0.585852 3.687178
26.071530 -0.194386 1.181815
26.088870 0.098986 -4.037527
26.104490 -0.337259 -7.891002
26.120850 -0.996016 -7.428061
26.137450 -0.775252 -3.134369
26.153560 0.315639 2.161268
26.170170 1.097305 6.404359
26.186520 1.190714 8.415695
26.219480 1.101018 7.397252
26.235840 1.006593 3.790287
26.252440 0.834045 -0.166321
26.268550 0.609984 -2.601657
26.285160 0.204932 -3.952558
26.301510 -0.496617 -4.732888
26.318120 -0.546288 -3.985075
26.334470 0.714662 -1.725994
26.367430 1.896770 0.465117
26.383790 1.342063 1.665495
26.416750 -0.243974 1.359989
26.433110 -0.938798 0.231095
26.449220 -0.395175 0.266951
26.465820 0.265622 2.164305
26.482180 0.247378 4.830667
26.498540 0.053692 6.626257
26.515140 0.506490 7.601518
26.531740 1.227615 7.778311
26.548100 1.060441 5.146720
26.564700 -0.195723 -0.633052
26.581300 -1.743030 -6.802361
26.597660 -2.796689 -10.360128
26.614010 -3.003380 -10.307147
26.630370 -2.378365 -7.707481
26.663090 -0.438885 -4.517474
26.679930 2.643616 -1.867679
26.712400 4.614854 0.195716
26.729000 3.683126 1.736980
26.761720 0.460619 2.406833
26.778080 -2.869726 1.560348
26.811040 -4.621059 -0.085561
26.827390 -5.030492 -1.273218
26.861330 -4.765565 -1.960840
26.876950 -3.581462 -2.459782
26.909670 -1.078970 -2.970459
26.926030 2.180551 -2.578932
26.942380 4.446559 0.040266
26.958980 4.333778 3.972751
26.975340 2.439925 6.523435
26.991940 0.191727 5.197696
27.008060 -1.853165 0.106489
27.024660 -3.411189 -5.442257
27.041020 -3.420947 -7.616871
27.057370 -1.113594 -4.809147
27.073970 2.612509 1.268620
27.090330 5.311679 7.112241
27.106690 4.404957 9.991781
27.123290 0.379181 9.551071
27.139650 -2.941687 7.208000
27.156010 -2.792282 4.679231
27.172360 0.280455 3.638615
27.188960 4.171654 5.060128
27.205570 7.307721 8.468255
27.221680 8.362472 11.857716
27.254640 6.656405 12.737818
27.271000 3.736282 10.469446
27.303960 0.672974 6.465058
27.320310 -2.372739 2.477986
27.353030 -3.613910 -0.270543
27.369630 -1.337962 -1.437645
27.402340 2.363194 -1.134461
27.418950 2.376692 0.681502
27.451900 -1.969466 3.340566
27.468020 -6.094477 4.717089
27.500980 -6.760107 3.656967
27.517330 -4.624296 1.806939
27.550540 -2.139297 1.084499
27.566890 -0.688014 1.099264
27.599850 -0.407983 0.408350
27.616210 -0.740826 -0.749438
27.648930 -0.922160 -1.753057
27.665040 -1.025151 -2.753948
27.681640 -1.685752 -2.410546
27.698000 -2.540449 0.667351
27.714600 -2.756736 4.528579
27.730960 -3.111942 5.038559
27.747560 -4.793352 1.435608
27.763670 -6.422654 -2.132448
27.796630 -5.403225 -2.350986
27.812990 -2.075651 -0.106743
27.845950 0.721809 1.860805
27.862300 1.491068 2.231050
27.895260 0.821593 1.737526
27.911620 -0.259762 1.639879
27.927980 -0.752077 2.543563
27.944580 0.189935 4.037202
27.960940 2.121189 5.179702
27.977540 3.141061 5.251064
27.993900 1.898119 3.862613
28.010010 -0.947881 0.827399
28.026610 -3.809002 -3.211474
28.042970 -5.878979 -6.072876
28.059330 -6.904657 -6.119808
28.075930 -6.138870 -4.040867
28.092290 -2.907603 -1.197553
28.108640 1.262984 1.536300
28.125240 3.531127 3.446814
28.141600 3.804436 3.393022
28.157960 3.618914 1.619659
28.174320 2.739132 1.137050
28.190920 0.342425 3.778929
28.207520 -2.557978 7.512160
28.223880 -3.528770 9.225128
28.239990 -2.041278 8.737561
28.256590 0.368883 7.879300
28.272950 2.451757 6.854450
28.289550 2.967294 4.706012
28.305910 1.355751 1.525938
28.322270 -1.106416 -1.601298
28.338870 -2.857630 -4.191661
28.355220 -3.025082 -6.230371
28.371580 -0.320039 -6.755532
28.388670 6.019888 -5.394645
28.404540 13.430939 -3.650436
28.437260 17.047191 -2.407874
28.453860 14.621395 -1.101019
28.470210 8.783662 0.732448
28.486570 3.662724 2.288942
28.503170 1.121813 2.770165
28.519290 0.689530 3.405771
28.535890 0.842057 4.705568
28.552250 0.443733 4.765961
28.585210 -0.270205 2.459250
28.601810 -0.585623 -0.456087
28.617920 -0.076721 -1.138961
28.634520 1.284535 0.799373
28.650880 2.651946 3.110268
28.667240 2.851079 3.899520
28.683840 1.784183 3.258821
28.700200 0.849124 1.969047
28.717290 1.318962 0.259113
28.732910 2.250002 -1.684175
28.749510 1.554449 -3.077251
28.765870 -1.008344 -2.707768
28.782470 -3.008421 -0.384014
28.798580 -2.123297 2.741848
28.814940 0.897504 4.935636
28.831540 3.372068 4.627722
28.847900 2.805349 2.173819
28.864500 -1.931644 -0.339888
28.880860 -8.761969 -1.470581
28.897220 -13.061926 -1.452201
28.913820 -11.951904 -1.369196
28.930180 -7.974983 -1.740172
28.946530 -5.514905 -2.248329
28.963130 -4.682731 -2.333129
28.979250 -3.047846 -1.855642
28.996090 -0.700001 -1.335660
29.012210 -0.110740 -1.183404
29.028560 -1.577491 -1.327685
29.045170 -2.894743 -1.395406
29.061520 -2.414756 -1.084285
29.078130 0.099274 -0.304582
29.094480 3.101051 1.202730
29.110840 4.249151 2.899998
29.127200 2.944338 2.684473
29.143550 0.554516 0.485827
29.160160 -1.571052 0.489184
29.176760 -3.043321 5.291855
29.193120 -3.434026 10.816524
29.225830 -1.939059 10.913458
29.242190 0.494132 5.384811
29.275150 1.781045 -0.033695
29.291500 1.441541 -1.215926
29.324220 0.549282 1.089282
29.340820 0.556033 3.950746
29.374020 1.782988 4.785260
29.390140 3.061697 3.059274
29.406490 2.807327 -0.684546
29.423100 0.659454 -6.121056
29.439450 -1.715506 -11.430681
29.455810 -2.363847 -13.331428
29.472170 -0.814398 -10.589308
29.489010 1.443777 -5.825433
29.505370 2.046455 -2.078299
29.521480 0.114952 0.442589
29.537840 -2.637866 2.968791
29.554440 -3.666340 5.258097
29.570800 -2.570436 5.177295
29.587160 -0.644671 1.861167
29.603760 2.134360 -2.318580
29.620120 6.640535 -3.901216
29.636470 11.274870 -2.515442
29.653080 12.122760 -1.228423
29.669430 7.943276 -1.608456
29.685790 2.527466 -1.943742
29.702150 0.137812 -0.288709
29.718750 0.644106 2.842186
29.735350 1.499985 5.260919
29.751710 1.901277 5.545536
29.768070 2.716688 3.563450
29.784420 3.598215 0.151465
29.800780 2.652182 -3.156620
29.817140 0.615322 -4.993566
29.833740 -0.931671 -4.828791
29.850340 -3.576059 -2.470110
29.866460 -8.042735 1.997032
29.883060 -11.312919 7.242020
29.899410 -9.833514 10.919125
29.915770 -4.846369 11.303830
29.932370 -0.892194 9.104366
29.948490 0.354143 6.801172
29.965090 -0.089784 5.726245
29.981450 -1.183909 5.457164
29.998050 -2.109163 4.668342
30.014400 -1.589278 2.102408
30.030760 0.045626 -1.872374
30.047360 -0.328888 -5.490507
30.063720 -4.497041 -6.942025
30.080080 -9.680605 -5.573750
30.113040 -11.050379 -2.634016
30.129390 -7.561099 -0.109819
30.162350 -2.760915 0.633065
30.178710 0.222367 -0.654494
30.211430 0.824107 -2.568991
30.228030 -0.199063 -3.135147
30.260990 -1.442741 -1.524737
30.277340 -1.660054 1.467260
30.310060 -0.850052 3.990806
30.326420 -0.307873 4.944433
30.359380 -0.545571 3.536422
30.375980 0.334216 -2.229833
30.408690 4.082767 -12.229345
30.425050 8.430473 -21.528664
30.441410 8.233710 -24.261820
30.458010 2.044072 -19.690848
30.474610 -5.642334 -12.368197
30.490970 -9.306087 -6.605526
30.507320 -7.640836 -4.282061
30.523680 -3.756150 -5.085912
30.540040 -0.744739 -6.379666
30.556400 0.587476 -5.667211
30.573000 0.808922 -3.119441
30.606200 0.522117 -1.013241
30.622560 -0.279945 -1.030464
30.655520 -1.214751 -2.633704
30.671630 -1.453615 -3.813808
30.704590 1.078333 -2.888384
30.720950 9.438316 0.082334
30.753660 21.725322 3.424832
30.770260 30.303648 4.750117
30.802980 29.162249 3.196611
30.819340 20.138835 0.473070
30.835940 10.364276 -0.433957
30.852290 3.883946 2.230974
30.868650 0.275004 6.766819
30.885250 -1.832021 10.170343
30.901610 -2.803190 10.719893
30.918210 -2.432216 8.507713
30.950680 -1.575695 5.338932
30.967530 -0.894098 3.208988
31.000240 1.006820 2.580336
31.016600 5.251531 2.556297
31.032960 9.599531 2.015422
31.049320 10.258481 -0.248426
31.065670 6.920078 -3.919889
31.082280 3.242919 -6.208659
31.098630 2.085755 -5.150459
31.115230 2.920970 -2.425271
31.147950 3.112016 -1.291869
31.164310 1.623633 -1.832827
31.180660 0.969201 -1.272596
31.197270 3.544907 1.082697
31.213620 7.498074 3.376610
31.229980 8.288669 3.775064
31.246830 4.517629 1.485200
31.262940 -0.615705 -2.568162
31.279300 -3.265877 -5.747298
31.295650 -2.130218 -5.226221
31.312260 1.107508 -1.166145
31.328610 3.596083 2.703341
31.345210 3.416924 4.053533
31.361570 1.029844 3.622770
31.394290 -1.588568 2.149330
31.410890 -3.126739 -0.064775
31.443600 -3.258357 -2.425787
31.460210 -2.016411 -3.916057
31.492920 0.083743 -4.209920
31.509280 1.939017 -3.935871
31.525880 2.736398 -2.908024
31.542240 2.725641 -1.341981
31.558840 2.021560 -0.189361
31.575200 -0.984997 1.164421
31.591800 -7.319120 3.966051
31.607910 -14.003145 7.772918
31.624510 -15.713512 10.145746
31.640870 -10.831799 8.868527
31.657230 -3.463627 4.761350
31.673580 1.452143 0.905661
31.690190 2.392741 -0.333175
31.706540 1.258090 0.981474
31.723140 0.201615 2.920534
31.739260 -0.536305 4.461713
31.755860 -2.200574 4.462410
31.772220 -6.072571 -0.458002
31.788570 -10.689788 -10.589646
31.805180 -12.637347 -20.804759
31.821530 -10.703182 -24.970863
31.838130 -7.537046 -20.954703
31.854250 -6.099202 -12.193107
31.870850 -5.395826 -3.199048
31.887210 -2.713120 2.463083
31.903560 1.584371 4.078125
31.919920 4.001068 4.569817
31.936520 2.596096 5.042589
31.952880 -0.562290 4.066027
31.969480 -2.087749 1.709374
31.985840 -0.986217 0.260864
32.002200 1.033312 0.675140
32.018550 1.997731 0.589261
32.035160 1.370386 -2.008577
32.051510 -0.009659 -5.976649
32.067870 -1.900555 -8.534056
32.084470 -4.825475 -7.870261
32.100830 -8.480736 -4.943940
32.117190 -11.365495 -2.291455
32.133540 -11.146286 -0.870289
32.150150 -7.691573 0.404709
32.166500 -3.813871 2.325847
32.183110 -1.444931 3.514950
32.199460 -0.783997 2.516701
32.232180 -1.551558 0.760257
32.248780 -3.114479 0.356582
32.265140 -3.815995 1.547885
32.281490 -1.811005 3.509229
32.297850 1.730968 4.974396
32.314450 2.653867 4.310876
32.330810 -1.562609 0.358153
32.347410 -8.237604 -5.559796
32.363770 -11.923843 -10.436278
32.380130 -10.131619 -12.645795
32.396730 -5.505915 -11.554776
32.429440 -2.012563 -7.430022
32.445800 0.127251 -2.115007
32.478760 2.213229 1.683719
32.495120 3.373701 2.443045
32.527830 2.122666 1.663170
32.545410 -0.785534 1.171832
32.560790 -1.580702 1.013691
32.577390 2.254908 0.494466
32.593750 8.694297 0.050188
32.610110 13.579389 1.051641
32.626710 14.234980 2.878256
32.643070 11.212334 3.707733
32.676030 6.900236 3.178734
32.692140 3.401808 2.596559
32.708740 1.806377 2.758158
32.725100 1.311893 3.112965
32.741460 0.514667 3.633039
32.758060 -0.233126 4.530742
32.774410 0.613626 5.195932
32.790770 2.398465 4.637726
32.807370 1.672707 2.705661
32.823730 -2.487174 0.541152
32.840090 -6.957698 -0.674223
32.856450 -8.273934 -0.416427
32.873290 -5.655022 1.531954
32.889650 -1.289862 4.556486
32.905760 2.229029 6.984405
32.922360 3.321082 7.361969
32.938720 1.936235 5.359171
32.971440 -0.313825 1.807491
32.988040 -2.406819 -1.967693
33.004390 -4.934479 -4.352694
33.020750 -8.098366 -4.354511
33.037350 -10.386930 -3.179400
33.053960 -9.236616 -2.837207
33.070070 -4.072673 -4.467884
33.086430 2.329602 -5.207181
33.102780 6.643645 1.963979
33.119380 7.417127 18.036809
33.135740 5.683474 33.804145
33.152340 3.249293 38.235122
33.168700 0.932563 29.055949
33.185060 -1.186033 14.239866
33.201420 -2.999067 1.990755
33.218020 -3.835771 -4.375251
33.234380 -2.772888 -5.307004
33.250730 0.076024 -3.937903
33.267330 2.647386 -2.800260
33.283690 3.058175 -2.413382
33.299800 1.746548 -2.291672
33.316410 0.685002 -1.532031
33.333010 0.944340 -0.049138
33.365720 1.323076 1.172583
33.382320 1.168943 1.743573
33.398680 1.587609 2.623158
33.415040 2.815298 4.297776
33.431640 3.757571 5.503975
33.448000 3.305731 4.968184
33.464360 1.610363 3.545817
33.480710 -0.021319 2.658851
33.497310 -0.850697 1.881120
33.513670 -1.096265 0.618915
33.530030 -0.852871 -0.549898
33.546630 0.142113 -0.806922
33.562990 1.375869 -0.311126
33.579350 1.778277 0.221578
33.595700 0.355398 0.407108
33.612300 -2.162908 -0.500481
33.628660 -2.372354 -2.254253
33.661620 1.512920 -2.938318
33.677980 7.422352 -1.375039
33.694340 11.057537 1.132584
33.710690 9.447917 1.925904
33.727050 4.577619 0.435542
33.743650 0.320712 -1.490275
33.760010 -1.836966 -2.409322
33.776610 -2.795075 -2.076922
33.792970 -2.906811 -0.680403
33.809330 -0.055854 0.853224
33.825680 6.249784 0.963328
33.858640 12.698928 -0.640597
33.875000 14.990115 -1.931607
33.891600 11.196449 -0.937263
33.907960 3.555752 0.941185
33.924320 -3.557046 1.079321
33.940920 -6.410254 -0.507553
33.957280 -4.235348 -1.593998
33.973880 -1.427623 -0.920189
33.989990 -5.008762 -0.128802
34.006590 -16.079080 -1.275657
34.023190 -27.054346 -3.630836
34.039310 -29.621204 -4.494607
34.055660 -24.241285 -3.081011
34.072270 -17.404558 -1.484824
34.088620 -11.248506 -1.454414
34.104980 -4.582645 -1.912762
34.121580 1.937450 -0.738673
34.137940 6.480287 1.957164
34.154300 8.102882 4.139372
34.170650 7.478394 3.172471
34.203860 5.801266 -3.514933
34.220210 3.917344 -15.190510
34.252930 2.035400 -26.148530
34.269290 0.014769 -29.871814
34.285890 -1.192112 -24.935432
34.302250 -0.232274 -15.855513
34.318850 2.005678 -7.345851
34.351560 2.728962 -0.614545
34.367920 0.790996 3.734300
34.384280 -1.904548 3.984745
34.400630 -2.936533 0.389303
34.417240 -1.975858 -3.636288
34.433840 -0.249752 -4.283985
34.449950 1.778001 -1.253449
34.466550 3.520936 2.770543
34.482910 3.777420 5.264494
34.499510 3.259370 4.574891
34.515630 3.687152 -0.445765
34.532230 5.345170 -10.218827
34.548580 6.619008 -21.210339
34.564940 6.142297 -27.154944
34.597900 4.906229 -24.465853
34.614260 3.852522 -15.471287
34.631100 2.365888 -6.441762
34.647220 -0.144997 -0.849267
34.663570 -3.161816 1.381515
34.696530 -5.041891 1.266262
34.712890 -4.407486 0.631471
34.745850 -0.558356 0.955832
34.762210 6.821850 1.818126
34.794920 15.329868 1.518651
34.811520 20.515285 -0.381302
34.827880 20.169669 -1.792563
34.844240 15.704048 -0.985441
34.860840 9.834729 1.061134
34.877200 3.649725 2.608634
34.893550 -2.090548 3.443797
34.909910 -5.560787 4.340682
34.926510 -5.888034 4.422714
34.942870 -4.243291 2.672883
34.959230 -2.456842 1.719922
34.992190 -1.127159 4.763061
35.008790 0.175036 10.211725
35.024900 1.222437 12.502397
35.041500 0.953157 9.015496
35.057860 -1.021418 2.575706
35.074460 -3.374321 -3.273918
35.090820 -3.551424 -6.055788
35.107180 -0.638700 -4.440266
35.123540 3.000967 0.392844
35.139890 4.029412 4.525722
35.156740 1.982214 4.880336
35.173100 -0.244554 2.427019
35.189450 -1.137610 -0.104163
35.206300 -2.317918 -1.189276
35.239010 -4.686240 -1.113008
35.255370 -6.169207 -0.213487
35.288330 -5.099415 0.952207
35.304440 -2.957697 1.080561
35.337400 -1.092731 0.480390
35.353760 0.938413 0.166166
35.370120 2.795759 -0.186921
35.386720 2.550066 -1.767724
35.402830 -0.270427 -4.473066
35.419190 -2.989139 -5.603576
35.435790 -3.357491 -3.857493
35.452150 -1.847238 -1.113316
35.485110 -0.055945 1.385471
35.501460 0.701448 3.327728
35.534420 0.135360 3.824016
35.550780 -0.920097 2.365647
35.567140 -1.340503 0.283513
35.583740 -0.153172 -0.055058
35.600100 1.810473 0.910998
35.632810 1.273241 0.345784
35.649170 -3.346263 -2.218841
35.666020 -9.540490 -4.277404
35.682130 -12.922412 -3.712594
35.698730 -11.575930 -0.645441
35.715090 -7.589876 3.319581
35.731450 -3.675733 5.794315
35.747800 -1.301393 5.139179
35.764400 -0.769709 1.716048
35.780760 -1.538339 -3.076484
35.797360 -2.735580 -7.466804
35.813720 -3.660443 -11.112981
35.830080 -4.246133 -15.276658
35.846680 -4.475324 -19.020935
35.862790 -3.840834 -18.830665
35.879390 -2.088455 -12.953597
35.895750 -0.451192 -4.838275
35.928710 -0.690074 0.198118
35.945070 -2.484056 1.053798
35.961430 -3.532156 -0.457982
35.977780 -2.495196 -3.403809
35.994380 -0.291441 -6.214967
36.010740 1.745485 -5.574585
36.027100 3.539869 0.103914
36.043700 5.281671 8.390163
36.060060 6.122665 14.570796
36.076420 5.146320 15.335674
36.093020 3.020043 10.633407
36.109380 1.733628 2.080517
36.125730 2.035036 -8.118972
36.142090 2.960421 -16.539359
36.160890 3.716231 -19.275524
36.175050 4.089308 -15.127949
36.191650 4.158697 -7.289779
36.207760 3.498308 -0.651040
36.224370 1.450819 2.125409
36.240720 -1.436989 1.232664
36.257080 -3.678853 -1.839704
36.273680 -4.130898 -4.892201
36.290040 -2.806704 -6.128734
36.306640 -0.807503 -5.236035
36.323000 0.534522 -2.382268
36.339360 0.902085 2.187903
36.355710 1.289518 7.261065
36.372070 2.872798 10.747512
36.388670 5.058362 11.410010
36.405030 5.587670 9.884910
36.421390 3.707825 6.987641
36.437990 1.096867 2.928751
36.454350 -0.395459 -1.441362
36.470700 -0.642095 -4.689535
36.487060 -0.420017 -5.942328
36.503660 0.006201 -5.390705
36.519780 0.300323 -3.853239
36.536380 0.304691 -1.953366
36.552980 0.120463 -0.091623
36.569340 -0.684199 1.244800
36.590090 -2.221609 1.319165
36.602290 -3.369250 -0.531101
36.618650 -2.412150 -3.617740
36.635010 0.154165 -6.037099
36.651610 1.310956 -5.807035
36.667970 0.099338 -1.986928
36.684570 -1.516358 3.893966
36.700930 -1.532269 8.510456
36.717290 0.924930 9.425928
36.733890 3.916687 7.295637
36.750000 3.193209 5.129389
36.766360 -2.645513 5.327031
36.782960 -9.498105 6.795811
36.799070 -11.757318 5.452373
36.815670 14.003714 11.067369
36.832030 -51.907937 -33.076771
36.848390 -109.486886 -66.026562
