0.000000 145.975899 64.327478
0.016480 64.502490 29.311142
0.032840 -32.807120 -16.207525
0.049320 -3.136004 -1.719574
0.065730 -0.309268 -0.926742
0.082090 2.580655 2.331255
0.098630 4.485354 4.127405
0.114990 3.558614 0.499071
0.131530 -0.964866 2.717984
0.147770 -4.861287 -1.084936
0.164370 -4.403636 -6.947893
0.180730 -0.518253 -11.490053
0.197020 2.904940 -5.770081
0.213620 1.812277 4.771510
0.229980 -1.431933 1.927246
0.246340 -2.804923 -1.268303
0.262880 3.011190 -2.232630
0.279240 -1.478213 0.879212
0.295590 -25.223477 -8.266158
0.312130 -41.162986 -19.118277
0.328610 -28.860420 -15.880380
0.344910 -4.645772 -3.901936
0.361510 4.106967 4.206947
0.377810 2.887138 1.205565
0.394350 3.937565 3.068848
0.410640 4.408709 5.605528
0.427120 0.839621 5.577515
0.443600 -2.713061 0.430510
0.460330 -2.319524 -6.961672
0.476680 4.304647 -0.410184
0.493100 -0.011934 -4.738483
0.509520 -6.700240 -7.110457
0.525940 -10.302268 -18.200837
0.542360 -6.275112 -19.591104
0.558960 3.950825 -8.888853
0.575200 5.264271 0.347487
0.591670 2.593584 9.345110
0.608090 -2.769484 1.235276
0.624510 -2.427431 0.471721
0.640930 -0.682517 -4.883498
0.657290 4.821605 -8.571518
0.673770 -4.160970 -5.865722
0.690190 -7.104714 1.185239
0.706600 -2.662638 9.016297
0.723140 0.904730 -1.995330
0.739560 1.283516 -15.555389
0.755920 -3.035158 -16.125273
0.772400 -1.244397 -0.317195
0.788760 1.142258 16.603310
0.805240 1.648974 18.953092
0.821900 6.529380 8.694859
0.838130 7.766438 -3.422115
0.854610 3.986264 -6.479823
0.870970 -1.268001 -11.016541
0.887330 -1.413137 -5.493291
0.903690 5.639707 -0.641124
0.920100 1.652256 2.470013
0.936770 -2.616193 -3.158729
0.953060 -3.639238 -10.164303
0.969600 0.713779 -3.311846
0.991090 -0.218997 2.303491
1.002560 -4.979106 6.406021
1.018680 -1.140269 4.718054
1.035160 4.868978 4.963019
1.051510 8.244937 5.708379
1.067930 1.821327 -0.039781
1.084410 -2.814272 0.460968
1.100890 -0.970701 4.278222
1.117370 -1.512856 0.590527
1.133850 -1.700856 -3.846698
1.150150 -1.650234 -5.920193
1.166560 -1.187211 5.797928
1.182980 -1.635349 9.062418
1.199460 -3.571378 3.820425
1.215760 -0.139036 -1.192656
1.232180 5.491787 -3.733549
1.248660 4.324339 1.733477
1.265200 9.827319 2.081212
1.281620 11.283555 0.342556
1.298030 9.580977 -5.055511
1.314390 0.319445 -6.380225
1.330930 -6.525169 2.058006
1.347350 -1.935003 9.320330
1.363650 2.480572 7.549002
1.380130 0.945970 -0.042247
1.396670 0.403517 -10.642749
1.412900 3.759510 -4.728393
1.445860 4.415007 1.984929
1.462340 12.009614 2.600484
1.495060 12.700035 -2.046300
1.511720 10.499613 -8.491169
1.527950 1.275924 -5.282243
1.544430 -5.659962 -4.331098
1.560910 -1.706591 -3.193123
1.577270 1.355255 5.338331
1.593690 1.357774 12.712926
1.610050 3.569919 7.507087
1.626530 1.640554 1.673245
1.642940 -0.643399 0.385486
1.659550 -2.749130 0.653224
1.675840 -4.693277 6.561913
1.692260 -3.017323 5.457799
1.708680 -4.693410 0.916631
1.725160 -1.699563 -7.959948
1.741460 2.578633 -13.634147
1.757870 -4.399227 -12.307188
1.774290 -4.372474 -2.619546
1.790770 -0.649830 6.989601
1.807130 6.109456 16.544428
1.823610 1.777700 10.888414
1.839970 -12.460060 -7.544837
1.856450 -4.364618 -0.162814
1.873110 9.391322 -4.943087
1.889220 13.187574 -13.749302
1.905760 12.855973 -17.324703
1.922360 13.647797 -6.520246
1.938660 16.007633 13.193458
1.955020 10.403410 7.852643
1.971500 -0.634647 1.256099
1.988100 -0.488914 1.477135
2.004330 -2.390865 1.812045
2.020750 -0.598744 1.787638
2.037230 3.194549 1.772388
2.054020 3.405953 4.178002
2.070310 -2.938555 3.472504
2.090150 -12.836713 0.297284
2.103210 0.106449 -2.482839
2.119570 14.421915 -2.438561
2.136110 13.880576 0.576541
2.152340 3.213743 2.796138
2.185360 -5.396942 5.048611
2.205930 0.458117 4.196152
2.217900 2.529039 -1.677120
2.234250 0.965629 -8.311657
2.250850 -0.229373 -10.350237
2.267150 -0.273763 -4.630058
2.283630 -0.149280 2.335834
2.300480 3.082663 3.764669
2.316590 4.799195 4.897069
2.332950 3.700501 7.741981
2.349240 0.095177 4.795482
2.365840 -1.063491 -5.505930
2.382320 0.445585 -11.388344
2.398560 3.209102 -8.505237
2.415040 9.806169 3.206135
2.431520 12.451773 7.899738
2.447880 5.079918 6.096743
2.464230 -2.036180 4.116569
2.480960 -2.261940 0.389071
2.497310 3.699507 1.953290
2.518740 1.533674 -0.023392
2.530330 -6.708826 -2.661254
2.546510 -4.079187 -0.928711
2.562870 0.398710 0.702226
2.579280 5.206423 3.827781
2.595760 -2.013207 -3.396795
2.612180 -6.387228 -7.322229
2.630860 -5.599229 -5.914744
2.645200 -1.874071 2.837722
2.678220 1.182537 10.560349
2.694580 1.039092 1.529908
2.711120 1.033754 -5.531580
2.727720 -1.407899 -8.462120
2.748720 -1.451692 -7.829790
2.760070 -0.569107 -2.309644
2.776670 5.164288 0.631696
2.792970 -0.084502 6.572956
2.809450 -31.464130 7.968215
2.825810 -46.626619 0.403906
2.845030 -45.134153 -0.366715
2.858830 -24.382827 -0.843885
2.875180 -8.435057 -0.161964
2.891540 -7.942436 -3.793262
2.908080 2.301821 -5.642284
2.924320 1.732615 -2.286853
2.940800 2.000145 3.841228
2.959590 1.815625 6.910433
2.973750 2.235684 2.897726
2.990230 -0.969408 -1.636406
3.023500 -2.860153 -2.775854
3.039610 -3.032738 -0.580001
3.072510 -2.184300 1.109157
3.088680 0.652979 2.269532
3.105220 1.964441 4.830850
3.121580 0.672738 5.440933
3.138060 -0.602291 1.879901
3.172790 -0.870485 -4.889818
3.187560 1.173884 1.999992
3.203740 3.830255 9.489709
3.220150 2.169514 13.717478
3.236570 0.577759 9.655898
3.269410 -2.522342 1.475415
3.285950 0.229871 4.255140
3.302310 2.906896 2.424285
3.318850 4.380265 4.004911
3.335210 2.117832 1.012562
3.368040 -1.071116 -1.683128
3.384460 -1.105692 -6.310069
3.400760 -1.816388 -8.444923
3.417420 0.909504 -5.437639
3.433650 -2.229850 -4.623138
3.450010 -4.232345 -1.990502
3.466670 -3.214539 -1.807570
3.483090 -3.164580 0.724209
3.502260 0.564797 3.942069
3.515930 2.275101 5.410476
3.532290 2.833334 2.663368
3.548830 1.521409 -4.651855
3.565190 -0.679799 -12.427171
3.581540 -1.148590 1.808916
3.598080 -3.153507 23.112224
3.614260 -3.731763 28.622266
3.630920 -2.904045 19.889526
3.647280 0.932080 4.199322
3.663760 -2.162486 -0.222942
3.680180 -1.187377 -2.160899
3.713070 1.400904 -3.514606
3.729370 2.957650 -1.870826
3.745910 0.445917 -3.241648
3.762330 -6.672326 -6.549026
3.778690 -4.113995 0.223128
3.795170 4.365712 3.630884
3.811460 10.455490 0.991636
3.829040 5.673255 -0.162627
3.844480 0.484671 0.633561
3.860900 -0.580080 5.397712
3.877140 1.752903 4.469794
3.893740 1.261967 2.678928
3.910160 0.242833 4.589718
3.926640 0.593506 4.658879
3.943050 -2.785198 5.475659
3.959410 -6.886349 4.621004
3.975950 -2.698607 2.607301
3.992250 2.774789 -1.251002
4.008670 3.152082 -4.756343
4.025090 0.010840 -6.161615
4.041930 -0.469222 -6.480714
4.058040 3.715651 -3.133700
4.074400 2.755329 2.278544
4.090820 -1.764639 4.087686
4.107240 -3.050142 3.946980
4.123660 -4.599791 -5.611972
4.140010 -7.628166 -11.595948
4.158020 -9.521372 -12.503541
4.173100 -7.654819 -5.958710
4.189390 -3.945488 4.154444
4.205750 3.098410 1.481465
4.222290 4.724738 -1.280072
4.255070 1.550648 -5.098255
4.271480 0.004144 -5.097219
4.304440 -0.250557 -3.392714
4.320800 4.894471 0.540344
4.337340 6.122451 9.035980
4.353820 7.224090 13.503059
4.370120 2.504872 8.881083
4.386660 -4.028200 5.942259
4.402950 -10.012664 1.706749
4.419430 -0.842671 -0.061330
4.435970 16.990151 2.970368
4.452640 31.428002 5.827370
4.468990 34.048534 2.471567
4.503660 15.407094 -6.161885
4.518250 3.557023 -5.067777
4.551090 0.241440 3.333663
4.567140 2.721747 5.897671
4.583800 0.669025 0.747643
4.602420 -2.778999 -8.494090
4.616700 0.561979 -7.046414
4.649290 2.932621 -3.310271
4.665770 -1.605447 1.923412
4.682190 -1.533177 5.032823
4.698790 0.973419 -0.419529
4.715210 0.669257 1.488738
4.747860 0.149843 3.278031
4.764220 -0.734929 6.354512
4.797180 3.059226 4.905254
4.813600 3.327385 0.337583
4.830020 1.115207 1.349275
4.846560 0.997222 3.487049
4.862920 -2.196499 0.104592
4.879270 0.093818 -4.275528
4.895810 4.880117 -7.459909
4.912110 3.162558 -0.811625
4.928830 -0.738742 3.747265
4.945010 -5.395284 1.003943
4.961550 0.577494 2.433671
4.977840 2.213075 0.056378
4.994200 -2.838936 0.279900
5.010860 0.362807 -7.324819
5.027160 8.546576 -7.258082
5.043820 13.703190 -1.680849
5.060180 8.427896 1.616577
5.076540 0.274028 0.364788
5.092830 -0.264679 -3.311866
5.109500 -2.013638 -2.479378
5.125790 -2.464626 0.540924
5.142150 -1.817316 4.177484
5.158810 3.612386 3.003084
5.175050 3.358779 6.571133
5.191470 0.806735 1.763354
5.207760 -9.596326 11.452572
5.224430 -15.366784 18.338841
5.240910 -9.547197 18.348889
5.257260 -4.862646 11.296185
5.273560 0.724420 -1.694503
5.290040 -3.331529 0.334599
5.306640 -1.860943 -1.946204
5.322880 -2.579992 -5.043846
5.339170 -4.247959 -7.382046
5.355770 -6.672757 -1.451774
5.372250 -0.002420 7.300598
5.388610 8.163519 12.464216
5.405150 3.656642 5.117773
5.421690 -1.532945 -5.652789
5.438170 -5.101732 -8.653711
5.454470 -2.719095 -4.661883
5.471010 0.812569 2.389642
5.487300 1.237303 2.520942
5.503780 -2.083089 2.295348
5.520320 -4.429428 -1.399520
5.536870 -5.835231 -3.729177
5.553220 -0.608192 -2.074375
5.569700 4.655949 5.491737
5.586120 3.121318 12.649858
5.602360 1.109273 7.491982
5.618650 -3.085117 -6.097779
5.635190 -4.420643 -15.227331
5.651490 -4.696626 -11.928487
5.668330 -3.629425 -0.705189
5.684570 -4.216432 8.176506
5.703670 2.782248 5.329774
5.717470 4.213946 3.272085
5.733640 -1.630642 3.495026
5.750180 1.415192 3.547053
5.766480 1.305296 3.240011
5.782900 2.030313 -0.748596
5.799380 -5.532596 -0.058781
5.815730 -3.183078 -6.556526
5.832090 4.448788 -10.639330
5.848880 7.888765 -19.001655
5.865050 7.706435 -20.067804
5.881530 3.621204 -10.609329
5.897950 0.106415 -1.847807
5.915830 -0.895149 4.459330
5.930790 5.076537 1.864155
5.947140 2.378566 5.618581
5.963500 1.817018 12.554178
5.979980 2.020632 13.532148
5.996700 0.456326 6.037258
6.012880 -0.309732 -1.430516
6.029300 -2.153900 -4.202989
6.045780 0.912786 -4.083853
6.062130 2.078481 -2.484455
6.078610 -0.941959 0.682148
6.094970 2.212014 3.178288
6.111510 1.880502 12.853814
6.128780 -1.827958 11.105529
6.144530 0.035671 7.130493
6.160830 1.331949 -0.501847
6.177190 0.933207 -10.301816
6.193850 -0.217969 -7.184425
6.210020 -0.517656 -6.661780
6.226560 2.168951 -3.017753
6.244380 1.780154 1.873105
6.259460 -2.769285 5.012124
6.275940 -4.793394 7.922467
6.292300 -5.653597 0.915657
6.308590 1.629647 -2.701719
6.325200 8.839827 -0.035016
6.341490 5.173703 -1.883693
6.358090 -0.065706 -2.650957
6.374390 -3.830818 -4.147876
6.390810 -0.512717 -0.251701
6.407290 3.628199 3.778862
6.423650 5.774930 3.455307
6.440190 -0.644659 0.505287
6.456600 -5.410467 -3.763198
6.473020 -5.259663 -5.094194
6.489440 0.026620 -5.171788
6.505920 1.999813 -0.892804
6.522280 -3.854256 4.188465
6.538700 2.011980 4.846928
6.555050 5.445806 6.385032
6.571660 5.522054 6.414163
6.587890 0.252778 3.266035
6.604250 -1.437138 1.094549
6.620790 0.456227 -5.730155
6.637210 1.586551 -0.146425
6.670100 6.006854 5.575216
6.686650 -4.101696 -0.152247
6.702940 -14.467330 -5.857206
6.719240 -19.234945 -11.877871
6.735960 -7.062944 -6.635550
6.752200 4.358253 3.920003
6.768620 2.019605 7.058597
6.785160 -2.632073 9.458858
6.801640 -5.877101 4.703281
6.817870 -2.291909 -4.001824
6.850770 -2.220269 -8.127878
6.867190 -1.692634 -7.619489
6.883790 -1.376737 -1.179748
6.899960 0.983597 4.062884
6.916440 2.872452 8.221321
6.932920 3.368857 6.610086
6.949220 3.608076 4.125105
6.965700 3.863141 0.822378
6.982060 0.243529 -0.174520
6.998600 -3.273515 -5.166733
7.015140 -3.571378 -11.008937
7.031560 1.359796 -5.881365
7.047850 -1.012604 -4.809737
7.064270 -2.600413 -2.559252
7.080810 -12.021117 -5.188156
7.097290 -17.173169 -6.369368
7.113770 -12.776380 -3.594915
7.130000 -4.106105 -7.313631
7.146360 2.579727 -7.977394
7.162840 -5.061486 -9.589700
7.179440 -1.322899 -7.968443
7.195740 -0.580014 0.025444
7.212160 0.315500 5.681071
7.228640 -0.952766 8.998002
7.244870 2.279444 8.257808
7.261540 4.488404 -15.998807
7.277830 -4.900273 -30.338469
7.310730 -9.889974 -26.539242
7.327330 -2.384003 -12.380595
7.343630 2.711735 3.411175
7.360170 1.023908 0.563343
7.376530 -2.042777 3.311680
7.392940 -0.487853 0.682666
7.409240 4.026078 -4.906165
7.425720 5.054558 -0.701625
7.442500 2.420900 2.678058
7.458620 -0.621685 3.348540
7.474850 -3.214439 -1.519051
7.491580 -4.818456 -3.375413
7.507870 -3.232971 -2.480083
7.524230 -0.431231 1.724132
7.540710 -0.943318 4.390935
7.557250 -4.056611 2.950477
7.573610 -2.641256 5.222053
7.590030 -1.555057 4.162151
7.606510 -0.453277 3.506588
7.622860 -0.862462 2.725153
7.639220 -0.178188 0.672514
7.655760 1.082818 2.402219
7.672120 -0.031129 -1.489753
7.688600 1.952241 6.919404
7.705020 2.502187 11.268339
7.721680 -1.753500 6.356129
7.754520 0.763141 -1.694027
7.771180 7.470070 -6.301057
7.803590 11.521575 2.199417
7.820010 7.763123 0.241548
7.836360 -1.644300 1.506453
7.852840 -5.250248 0.796458
7.869200 -3.673351 2.054235
7.885740 -0.339037 3.474473
7.902100 1.676390 0.996795
7.918640 2.142397 3.441114
7.935180 -3.355100 -10.207420
7.951350 3.562460 -10.731613
7.967900 7.938889 -2.806808
8.000850 8.414304 4.354759
8.017150 4.163987 5.320989
8.050170 -4.220377 -4.429204
8.066350 0.281653 1.322899
8.101500 1.581909 4.643132
8.115910 2.014997 1.298139
8.148800 -1.137783 -5.255370
8.165040 -2.004189 -2.913265
8.197940 1.039854 1.314425
8.214480 2.869966 3.815411
8.247310 0.299919 1.341319
8.263550 -2.461079 -0.555511
8.296570 -2.571141 2.999417
8.313230 -0.033350 -6.065353
8.329470 4.571381 -9.619660
8.345890 4.846999 -6.278742
8.362180 1.385820 -0.500791
8.395080 -3.101195 2.990383
8.411440 -2.547736 0.810547
8.428160 2.027428 6.514942
8.444580 1.453449 8.047963
8.460820 3.175752 7.542662
8.477290 2.997697 5.677528
8.493590 2.047220 3.461834
8.510070 -1.484014 -1.720382
8.526430 -4.038543 -1.038110
8.542850 0.079397 -4.666980
8.559270 -3.210793 -9.896032
8.592100 -6.203042 -8.761472
8.608640 -8.500530 -2.531198
8.641600 -5.632082 6.011648
8.658020 -0.259574 6.189503
8.674320 0.211140 9.665988
8.690730 -1.766761 -0.775283
8.707150 -3.938493 -11.707478
8.740050 -3.776484 -16.444047
8.756470 -0.516927 -5.402250
8.773070 0.838593 8.113333
8.789250 -2.229153 6.413127
8.805790 1.317429 8.241896
8.822450 3.399157 7.466581
8.838930 5.596809 8.812544
8.855530 -1.786287 1.549053
8.875240 -6.635860 7.715854
8.888060 -3.364249 17.318508
8.904300 -2.193317 16.977898
8.920780 -0.319644 7.853555
8.937260 -3.296057 -3.907758
8.953670 0.616911 -2.021871
8.970150 0.761914 -3.756340
8.986510 -3.099637 -4.376784
9.003050 -1.491274 -1.541593
9.019410 4.761071 2.267294
9.035770 10.622502 2.757020
9.052310 5.838182 2.513172
9.068790 -1.135959 0.140416
9.086980 -3.461846 -1.386819
9.101560 0.053606 -4.760238
9.117980 2.004090 -0.529238
9.134400 1.536028 4.711631
9.150880 -2.034887 3.430568
9.167300 -3.932427 -3.218546
9.183650 -1.893266 -9.662839
9.200130 -1.882956 -4.747496
9.216550 2.186123 -1.614277
9.232910 4.354705 -1.865398
9.249450 3.334678 -0.797162
9.265870 2.679413 0.140665
9.282170 -3.500534 2.188974
9.298770 -3.302091 3.343049
9.331480 -2.329568 3.596158
9.347900 -1.831439 2.667429
9.364440 5.839342 -4.626515
9.380920 4.857939 -8.122428
9.397160 10.398935 -7.360891
9.416140 11.206978 -2.412558
9.430180 7.593689 3.954190
9.446470 5.157823 4.831948
9.462890 0.430038 5.642243
9.479430 3.591368 4.927465
9.495790 -1.213533 1.946473
9.512270 -5.363061 2.671469
9.528810 -6.427772 3.095016
9.545100 -0.890011 2.806974
9.561520 6.168962 -1.500838
9.578000 5.570487 -6.367068
9.594360 3.873053 -6.878152
9.610900 -2.878618 -0.798033
9.627140 -4.830921 4.090711
9.643680 -7.822496 4.459040
9.660220 -4.244047 2.203726
9.676570 2.038932 -5.010405
9.693050 1.822223 -4.437036
9.725890 -3.273017 -3.622658
9.742490 3.245436 3.764711
9.758790 14.970379 2.482922
9.775020 16.458102 -3.970248
9.791440 8.702849 -5.224478
9.808040 -1.764771 -3.728182
9.824280 1.780982 -0.255575
9.840880 -4.306537 -1.150596
9.857300 -7.335676 1.375775
9.873600 -4.132924 1.831791
9.890200 -4.487011 2.038509
9.906430 2.847356 -1.399872
9.922910 5.603207 -4.328487
9.939270 7.199393 3.072764
9.955870 2.991166 10.337494
9.972230 -3.655847 15.221551
9.988770 -0.244424 7.209723
10.005000 2.078780 -2.712307
10.021550 4.398332 -3.785057
10.037840 -2.256801 0.495155
10.054320 -9.460906 1.839208
10.073000 -11.744577 -1.099978
10.087160 -4.047958 -6.305200
10.103820 8.462274 -9.318901
10.120060 7.545388 0.183596
10.136350 7.173535 3.154316
10.169430 7.526426 2.951099
10.185910 9.556413 0.301137
10.218810 10.218099 -1.915083
10.235170 -4.963260 1.895027
10.251530 -11.686001 -0.136894
10.267940 -12.071738 -1.629299
10.284420 0.943616 -2.330198
10.300960 11.967845 -1.625632
10.317260 8.614336 0.749549
10.333680 1.870557 4.652953
10.350220 -8.186227 6.457902
10.366520 -8.901455 2.009647
10.382870 -4.055881 -0.651131
10.399480 5.374333 -3.481621
10.415890 7.892378 -1.581437
10.432250 7.191602 -0.261853
10.448610 -1.232330 1.609118
10.465150 -7.107598 4.680241
10.481570 -4.022366 1.729167
10.500430 5.003306 -1.230905
10.514340 9.209159 -1.690546
10.530760 0.327136 1.046314
10.563600 -5.150994 4.626598
10.580140 -7.899207 3.211253
10.596440 -2.631542 -6.427465
10.613040 2.169846 -15.039786
10.629700 0.986713 -9.707633
10.645750 -3.940714 2.711665
10.662230 -3.615800 5.171291
10.678590 1.753898 -0.817343
10.711490 1.054838 -4.305633
10.728030 6.023131 -3.932020
10.760740 -16.350565 5.199676
10.777280 -27.011355 10.291374
10.810000 -25.460810 14.967582
10.827270 -14.186948 3.664781
10.842900 3.815304 -6.470106
10.859380 -5.122749 -2.818888
10.875790 -1.161055 0.851095
10.892270 -0.494550 4.689647
10.908690 -6.103058 -1.107769
10.925170 -4.559413 -4.117501
10.942750 -0.101410 -3.683221
10.957890 2.305501 -2.026368
10.974490 0.487356 2.572803
10.991090 -0.144075 0.871421
11.007450 -0.002652 -1.250857
11.023990 5.402180 0.088327
11.040340 8.425874 -4.759182
11.056820 6.702427 -5.531456
11.073300 4.290790 -7.320634
11.089420 -0.179315 -0.919988
11.105900 -0.550542 4.537007
11.122250 3.407876 7.817544
11.138610 3.298643 9.754666
11.155090 1.300655 6.722011
11.171510 -1.593645 2.587058
11.187870 -2.256801 -4.650716
11.204410 1.558206 -7.721138
11.220700 -2.525160 -6.455561
11.237120 -1.231534 1.592108
11.253660 1.347630 3.169316
11.270140 4.815273 0.505888
11.303040 4.224786 -3.025171
11.319210 4.613715 -3.747327
11.335880 2.293699 -1.167586
11.352230 -3.344591 -2.283828
11.368650 -2.861081 -1.067842
11.385130 -2.267808 -0.354117
11.401550 1.074033 0.227894
11.417850 -0.104725 3.168156
11.434390 1.828024 0.741240
11.450740 4.996941 -0.978665
11.467100 2.689126 -3.572932
11.483640 -0.328197 -1.609160
11.500120 -1.469693 3.609274
11.516480 0.226158 1.153662
11.532840 3.616198 2.580117
11.549260 4.632114 3.079228
11.565800 3.670201 2.652407
11.582280 2.031738 0.786554
11.600650 1.071248 -5.695761
11.615170 -1.683220 -4.798404
11.631410 -0.029571 -1.545157
11.647890 3.792960 -0.762229
11.664430 2.827366 0.631904
11.680790 -3.367664 0.571941
11.697140 -2.804757 3.062031
11.713620 5.898848 2.595760
11.746460 11.247554 1.990875
11.763060 2.874209 -1.357107
11.779300 -7.502690 1.663238
11.795840 -7.568329 7.297159
11.812260 -4.406951 2.515513
11.828740 0.193272 -6.130951
11.845090 -2.752312 -14.698488
11.861570 4.088237 -8.819320
11.877870 10.618457 3.269889
11.894350 8.895521 8.049932
11.910890 5.748707 2.395983
11.943790 1.152336 -6.712646
11.960140 5.687776 -4.958233
11.976560 1.882757 4.513698
11.993100 -2.565008 9.963328
12.009460 -4.775558 5.152457
12.025820 -4.743899 -0.685650
12.042240 -3.512866 -1.087567
12.058780 2.754964 -3.303019
12.075130 14.397947 -1.839913
12.091550 11.033700 3.417619
12.107850 5.748840 5.848711
12.140870 -3.035854 3.819162
12.157230 -3.355398 -4.475947
12.190000 -1.778529 -6.034419
12.206600 -2.246624 -2.464771
12.223080 3.632641 3.909706
12.239320 11.123836 7.518648
12.255860 -9.842734 7.695487
12.272340 -34.081546 9.745529
12.288640 -37.280923 8.816937
12.305110 -21.848144 4.298009
12.321530 1.454112 -1.168767
12.338010 0.382366 0.510694
12.354370 -3.342469 -5.431091
12.370790 0.480361 -11.917651
12.387150 3.164381 -11.701511
12.403630 2.414303 -1.610631
12.436340 -1.370670 6.763968
12.452880 -6.208710 3.347234
12.469360 -1.628387 4.346617
12.485960 0.837466 6.724601
12.502320 -0.531016 2.251029
12.518490 1.831041 -0.798053
12.535340 4.721124 -2.046735
12.551700 -0.096569 2.274691
12.568240 -6.998001 3.945074
12.584530 -10.784343 -0.216042
12.600950 -2.714420 -0.370921
12.617310 3.883330 -3.342801
12.633610 3.187918 -2.943495
12.650090 0.316528 3.424187
12.666690 -2.140474 8.506957
12.683170 3.634763 7.681087
12.699580 1.717034 -1.296585
12.732240 -2.656406 -3.740573
12.748540 -3.564814 -1.467065
12.781490 -1.523630 -1.834733
12.798030 1.358371 -1.367405
12.830870 -2.536100 -1.190895
12.847110 -3.340845 0.099992
12.863650 1.569942 -0.884495
12.880000 4.120592 -0.093466
12.896300 1.409788 2.836997
12.913090 -1.515209 1.498228
12.929380 -2.913924 -0.675746
12.945800 1.723134 -1.335103
12.962280 10.194031 -1.948980
12.978640 12.270673 -3.221592
12.995000 8.686008 4.202741
13.011540 3.320755 8.426815
13.027890 3.001012 7.324032
13.044310 0.769506 -4.000187
13.060730 -3.096985 -9.566515
13.077270 -5.522551 -3.280580
13.093690 1.489119 1.101304
13.109990 4.239538 2.007906
13.126460 0.367746 -4.192008
13.142880 -0.783330 -3.397604
13.159360 -2.260183 -3.010916
13.175780 0.308605 -2.053034
13.192140 -1.267802 -0.896305
13.208500 -3.338524 1.557216
13.225160 -3.061513 1.389077
13.241700 -2.295389 6.056920
13.258000 -1.172028 8.532338
13.274410 -0.734034 7.794691
13.290770 -2.347337 -0.303727
13.307130 -2.096184 -6.154529
13.323670 -0.891105 0.691969
13.340030 -0.387902 -6.315519
13.356510 0.787673 -9.660311
13.372860 1.773159 -8.839873
13.389340 -0.073529 1.419929
13.405760 -1.946307 9.215077
13.422240 -8.320289 3.845786
13.438660 12.208582 0.392593
13.455020 28.247815 -2.715394
13.471500 28.779246 -1.802245
13.487920 9.082756 2.745354
13.520810 -9.122570 4.454503
13.537230 0.443132 -1.602923
13.570010 2.591197 -3.739868
13.586490 0.984458 -4.658672
13.619200 -4.480481 0.013468
13.635860 -4.486879 3.253230
13.668580 1.651593 -0.643714
13.685120 3.105040 -2.891075
13.717830 -0.266768 -6.192031
13.734440 -1.475262 -2.416495
13.750730 -3.578505 2.487936
13.767270 -0.868694 1.577438
13.783570 -1.996830 1.983457
13.800170 -0.348983 1.118791
13.816530 0.281852 1.814573
13.832890 4.509455 0.269167
13.849300 6.230723 1.395127
13.865660 5.494373 6.157865
13.882200 -3.323208 1.180411
13.898620 -3.855881 -16.465346
13.914980 5.462083 -28.437871
13.931400 1.946805 -17.551485
13.947940 -4.090889 2.024855
13.964360 -10.866523 9.423905
13.980770 -2.137424 3.946462
13.997130 3.684257 0.138261
14.013670 1.287394 0.161509
14.030030 -4.204597 -0.588994
14.046450 -2.310606 -1.067096
14.062870 2.676495 -0.762457
14.079280 6.091488 -1.925339
14.095890 5.198102 -2.740630
14.112120 -2.255774 -1.675421
14.128660 3.807613 2.056970
14.145140 6.401782 1.337424
14.161320 6.437684 -0.746855
14.177920 2.076956 -5.145412
14.194400 -3.270233 -6.226301
14.210750 -2.315711 -2.965603
14.227230 0.386411 -0.243744
14.243530 0.923294 6.816388
14.259950 -0.584456 7.716828
14.276550 -0.542884 6.606190
14.292910 -0.343646 4.055633
14.309390 1.272244 0.935776
14.328130 -1.136457 -0.552797
14.342290 -2.047187 -3.867728
14.358400 -0.279465 -3.970351
14.375310 -0.865877 -1.476845
14.391720 0.479168 0.172076
14.408080 2.025340 4.180302
14.424620 2.902487 3.170000
14.441160 1.711696 1.947012
14.457280 -0.166187 -1.334233
14.473630 -1.218208 -1.865273
14.490170 -2.864065 -0.334185
14.506410 -3.443016 -1.232894
14.523190 -1.927875 -5.103414
14.539550 1.474897 -7.233654
14.556090 2.159005 -2.476416
14.572390 5.797704 5.006758
14.588620 4.066655 9.063599
14.604980 0.176331 5.416712
14.621400 0.573715 3.231599
14.637820 -0.458581 2.518207
14.654420 -0.356210 2.181764
14.670650 2.204787 1.064216
14.687070 4.846236 -2.604773
14.703610 10.313373 -9.517825
14.720030 -5.900108 1.685635
14.736390 -20.955891 16.164742
14.752870 -20.085012 20.261516
14.769350 -6.021739 12.503064
14.785770 7.538327 -4.780440
14.802310 3.060949 -6.662630
14.818480 -1.409788 -7.774614
14.835140 -0.501081 -7.341457
14.851500 6.713898 -4.280480
14.867860 0.869291 -4.488420
14.884340 -2.392655 -0.262723
14.900700 -6.003373 5.386089
14.917110 -4.847496 9.255894
14.949950 -2.688596 9.126067
14.966310 -3.531563 5.886607
14.982850 -0.644924 3.616318
14.999210 0.318782 -0.705085
15.015750 2.896752 -4.802154
15.048460 6.581029 -2.447533
15.065060 4.586730 -0.176468
15.098630 0.581572 2.858897
15.114440 -2.270758 -4.147586
15.131230 -3.324335 -2.735658
15.147400 -1.333607 6.088704
15.163820 -1.093062 1.953083
15.180360 1.412507 -2.197241
15.196960 0.688020 -7.706593
15.216610 4.133355 1.759563
15.229550 6.380068 2.065320
15.245850 6.054857 -7.279299
15.262080 3.100035 -2.211413
15.278500 -6.920660 5.155813
15.294980 -11.972254 9.908381
15.314330 -5.058403 5.291836
15.328000 7.603635 -0.786616
15.344420 14.001640 0.805512
15.360780 5.898019 -5.004976
15.377260 -7.989875 -7.566448
15.393490 -11.929755 -4.316615
15.409970 -7.582252 -1.461388
15.426510 3.982684 1.996241
15.443050 11.670122 0.831805
15.459410 2.965507 -0.434840
15.475770 -7.286348 -2.917388
15.492250 -11.160401 -4.547533
15.508610 -1.083017 0.044091
15.524960 4.998963 1.671981
15.541380 0.523524 -2.243342
15.557980 -0.328197 -0.082194
15.574220 -1.469759 2.228590
15.590700 1.948197 5.487075
15.606930 -2.112262 4.113295
15.623470 -4.638910 0.396634
15.640080 -3.960506 1.346374
15.656560 -0.031195 -0.611226
15.672850 8.646559 -1.639555
15.689330 13.272902 -7.761084
15.705870 14.100161 21.027434
15.722170 -32.352079 27.300413
15.738710 -66.279241 17.784628
15.756470 -50.665533 -13.514206
15.771360 -16.720613 -52.759520
15.804380 48.352924 46.847663
15.820680 46.576217 63.757785
15.837220 34.946895 44.106453
15.853640 -3.148568 -34.104158
15.870120 -43.998689 -82.046431
15.886720 -25.516696 -18.598564
15.903020 -16.927234 -2.394118
15.935850 -10.100613 25.960581
15.952150 18.665081 14.784512
15.970340 40.918541 3.713140
15.985050 41.457107 -1.039891
16.001340 14.375472 -0.367771
16.018190 -11.157617 0.328011
16.034420 1.762650 0.252115
16.050780 3.089559 -0.904427
16.067260 3.161994 -4.201622
16.084720 3.594882 -5.133250
16.099980 -1.721277 0.626599
16.116520 -7.542670 3.141179
16.132870 -2.263100 -1.097802
16.149290 -11.359668 0.377282
16.165890 -22.725408 3.252029
16.182190 -28.844345 4.435192
16.198610 -12.814602 1.499222
16.214970 6.016335 -4.022295
16.231380 5.660260 -4.926885
16.247860 -1.465350 -4.939834
16.280880 -6.825948 -2.414858
16.300480 -0.214323 0.792542
16.315250 3.019179 4.630804
16.330140 4.958817 7.299977
16.346740 1.286864 5.248657
16.363220 -1.831074 0.715486
16.379580 4.201116 0.335283
16.396060 2.801310 1.598096
16.428830 -1.917665 1.178173
16.445010 -2.763849 -4.592162
16.461240 2.658726 -2.604462
16.477910 10.084369 4.258890
16.494690 5.946188 4.086256
16.511050 -1.266741 -0.609817
16.529420 -3.937963 -8.402552
16.544010 -2.875402 -1.072960
16.560120 -2.723371 1.778832
16.576480 1.330723 6.977522
16.592900 6.806555 6.172659
16.626220 10.597175 2.911193
16.642270 1.302810 -2.344950
16.658510 -7.925562 -9.256722
16.675110 -8.904471 -3.911073
16.691530 2.860683 -4.715754
16.707890 5.234170 0.185212
16.724370 -3.064497 4.111036
16.740720 -2.783905 4.145762
16.757260 0.303963 2.416930
16.773620 8.575981 -2.363453
16.790040 -1.758672 0.126348
16.806520 -9.759261 5.123740
16.822880 -11.328640 5.080188
16.839360 1.130490 4.064335
16.855900 7.188453 -0.576769
16.872130 2.924963 -2.910406
16.888670 -4.575923 3.078047
16.905090 -7.834696 0.637954
16.921570 -2.395174 -5.013036
16.937870 2.772369 -8.052977
16.954710 5.210202 -4.324923
16.970700 0.736189 1.424052
16.987300 -2.481931 0.478766
17.003660 -4.732992 0.062055
17.020140 -1.149585 -0.615908
17.036620 -0.485069 -0.904572
17.052920 1.808564 0.052172
17.071470 1.995007 2.646398
17.085820 3.900436 3.656742
17.102290 8.588246 3.345328
17.118650 11.948220 1.646061
17.135130 6.984973 3.940743
17.151550 -1.172890 3.880553
17.167910 -3.824752 0.824160
17.184330 2.149060 -0.092906
17.200620 -6.307036 -0.703883
17.217100 -17.117975 0.227438
17.233640 -15.585141 -2.513296
17.250120 -2.247387 -0.479346
17.266360 10.955498 4.303624
17.282960 10.964913 10.981194
17.299260 4.100039 13.283171
17.315730 -1.187775 10.461187
17.332150 -5.093941 3.062487
17.348630 -6.646237 -2.795827
17.365110 -4.020675 -1.163483
17.381470 1.680932 2.893561
17.398010 5.624590 -0.581472
17.414250 2.400280 -8.490982
17.430730 0.002718 -8.135316
17.447140 -1.351277 -2.576201
17.463560 2.886607 4.183803
17.479980 1.075558 1.283014
17.496520 -2.408269 -0.689794
17.513000 -2.624150 0.288892
17.529300 0.042997 1.819628
17.545650 3.127252 2.092649
17.562070 4.901599 0.290633
17.578550 -0.878109 -0.749694
17.595150 -3.466686 0.952890
17.613400 -6.933954 1.639617
17.628050 -6.647165 -3.074297
17.660580 -4.124106 -8.228407
17.677120 5.691621 -4.046744
17.693480 5.496063 2.492266
17.710140 -5.806622 3.382768
17.726810 -0.963739 4.239766
17.742860 3.941477 3.383825
17.759220 10.185545 3.308531
17.775570 -0.966093 -0.543866
17.792240 -3.763986 -3.223001
17.808650 0.926477 -1.299424
17.824890 8.738254 -0.733015
17.841490 17.471082 3.256980
17.858030 17.702298 4.568895
17.874210 6.335778 4.888305
17.890690 -11.050972 1.577438
17.907170 -7.524404 1.540723
17.923400 2.598855 0.686872
17.956360 9.568115 -0.231789
17.972780 4.194121 3.938464
17.989380 1.707254 -1.564613
18.005920 9.793108 -6.299275
18.022460 -7.741840 -4.735127
18.038760 -23.547707 0.052607
18.055420 -26.078406 5.482020
18.071590 -9.654969 -6.775322
18.088010 8.798953 -10.575432
18.104370 3.590141 -5.209912
18.120790 1.471582 -6.348794
18.137150 -5.196179 14.769325
18.153440 -30.742030 31.843175
18.170100 38.531906 10.228367
18.186460 124.389803 -16.780804
18.219360 38.858717 -68.940793
18.235660 -2.696021 -46.969442
18.252140 -73.583698 6.425973
18.482240 -39.861312 37.525915
18.498600 -22.714337 49.930635
18.515010 -52.812306 9.943313
18.531370 23.916640 2.218064
18.547790 5.190908 -0.249235
18.564270 0.020985 0.532781
18.580630 -1.694159 0.299355
18.598450 1.923135 0.707343
18.613530 -0.170928 3.410035
18.646300 2.396898 2.261119
18.662840 0.222179 -1.776615
18.695740 -2.910410 -6.093076
18.712100 -0.357436 -5.660310
18.728520 -1.653483 -4.468716
18.744930 -1.033589 -5.623699
18.761350 0.457354 -2.328168
18.777710 3.553012 7.311662
18.794250 8.911002 13.658243
18.810670 -0.703701 6.484443
18.827090 -10.020190 -3.340584
18.843440 -3.270233 -5.064669
18.859990 12.714621 -1.637587
18.892880 22.336118 1.577542
18.909180 14.919859 -8.350589
18.927190 1.498368 -9.829897
18.942200 -3.107328 -5.056443
18.958440 -4.087176 0.929229
18.975040 -5.494605 6.551243
18.991330 -4.288503 5.105921
19.007810 3.876932 6.112448
19.024350 9.167157 2.103133
19.040770 5.166807 -0.255181
19.057310 2.407838 -5.424876
19.073610 -1.434088 -5.470976
19.089970 -0.248535 -3.477850
19.106380 -4.097486 -1.638271
19.122860 2.745549 1.463274
19.139280 11.018484 -0.106415
19.155580 10.934415 3.094726
19.172060 3.005189 3.401830
19.188480 -4.815539 0.987036
19.205200 -4.243948 3.635028
19.221310 -1.495252 0.252923
19.237790 2.264592 -4.669135
19.255490 1.212207 -2.710877
19.270570 -0.768080 2.762158
19.287110 -4.062147 8.653918
19.303650 -1.083680 -1.717709
19.319820 2.338188 -8.498690
19.336360 3.446298 -4.286675
19.352840 0.760489 -0.818317
19.369200 -2.650173 1.950721
19.385560 -4.846634 -2.676006
19.402040 3.588948 4.964159
19.418460 7.721088 5.318461
19.434940 2.905073 -2.081026
19.451350 -0.523159 -3.520532
19.467830 7.136174 -3.165856
19.484190 19.947611 2.114923
19.500670 10.767635 -1.981406
19.517090 -4.258766 0.551305
19.533690 -10.137940 6.604885
19.549930 -4.641595 4.366611
19.566280 0.261232 0.547782
19.582820 -0.739007 0.192464
19.599180 1.134269 -4.414162
19.615540 1.401401 -7.496064
19.632080 -0.816548 -7.802399
19.648440 0.459277 -0.295916
19.664980 0.669588 7.891139
19.681400 0.502705 6.565166
19.697810 0.798812 2.875058
19.714230 1.501816 -3.061264
19.730590 2.605850 -4.614684
19.746950 1.885939 -2.344950
19.763490 -0.448901 0.738381
19.779970 -1.129495 -0.140976
19.796450 -1.692767 1.413526
19.812810 -1.564008 5.452329
19.829220 -0.108371 7.162898
19.845580 -1.786253 7.292248
19.862240 3.082597 1.339040
19.878420 4.785040 -2.897850
19.894960 12.085595 -5.952681
19.911560 12.815265 -7.368578
19.927730 5.593627 -3.414842
19.944210 5.325468 -2.292406
19.960570 4.707168 -1.026092
19.977110 10.740551 -2.208865
19.993470 2.333381 -3.497347
20.010010 -6.737402 -1.435489
20.026370 -7.890456 -0.556982
20.042850 1.110665 0.962069
20.059200 8.305968 2.712638
20.075560 6.875310 3.011413
20.091920 0.260104 -1.044077
20.108460 -4.449617 -2.150809
20.124940 -0.466835 0.465505
20.190550 7.780693 -4.297822
20.207090 -13.848719 2.886247
20.223450 -45.401049 5.684614
20.272830 -51.187772 8.762963
20.289370 -27.745616 6.013575
20.305730 -3.233567 -0.364663
20.322080 -1.564339 8.033791
20.338440 -1.179520 5.860376
20.371280 2.282427 1.392641
20.387820 2.412181 -2.382328
20.404300 -5.053563 -2.138667
20.420590 0.528928 0.243558
20.437070 1.422651 2.868097
20.470340 0.242534 -1.520688
20.486510 -4.760972 -8.100197
20.519530 -3.832211 -7.887907
20.535830 -0.680727 -2.165561
20.568910 0.086359 2.563686
20.584960 -3.921155 7.250748
20.601500 -7.411525 14.912906
20.617980 -3.665195 17.686569
20.634280 -4.172507 10.759293
20.651060 4.850016 0.092181
20.667540 10.439842 1.337672
20.684020 7.318537 -1.894529
20.700130 -1.183863 -7.736180
20.716430 -7.413382 -9.954688
20.732850 -6.281875 -6.848669
20.749210 -0.326573 0.413997
20.765810 2.791563 0.753278
20.785890 3.308257 3.917165
20.798890 4.774431 5.568958
20.814940 4.000453 4.861059
20.831360 4.389680 1.023709
20.847840 -5.108064 -5.142201
20.864200 -13.306086 -7.978285
20.880620 -9.073938 -0.320759
20.898250 -2.963253 3.627569
20.913640 0.296372 1.169057
20.929990 -4.440467 -0.483158
20.946470 2.983575 -0.721474
20.962830 9.118161 4.319661
20.979190 16.876515 2.665854
20.995670 16.883708 1.022280
21.012270 8.083692 0.581783
21.028500 2.663500 -2.685227
21.045170 -3.739354 -6.720768
21.061460 0.108703 -1.953787
21.077700 2.360598 2.615588
21.110600 2.073343 3.982307
21.127140 -2.587020 1.954927
21.160030 -6.893443 -2.353673
21.176330 -1.082785 5.334953
21.192870 7.533885 7.694306
21.209720 13.167352 5.086569
21.226010 -1.956651 1.177303
21.242310 -22.102722 2.438375
21.258610 -22.151019 7.132358
21.275150 -22.611512 7.178479
21.291380 -15.270882 7.165695
21.307860 -15.559052 6.753194
21.324280 -0.309732 4.282138
21.340760 12.360808 -2.207497
21.357120 7.652399 -3.894601
21.373660 -1.732383 1.269526
21.389950 -4.377878 1.575283
21.406310 2.968226 -3.209885
21.422910 2.968856 -1.652588
21.439390 3.927752 -1.852883
21.455690 1.885873 -2.208492
21.472290 -0.472769 -2.732198
21.488770 -6.535844 2.066377
21.505310 -8.968585 8.126096
21.521670 -1.778861 5.880308
21.538150 6.300373 2.070210
21.554630 0.931947 2.343666
21.570800 -3.677196 -0.539930
21.603450 -6.513102 -4.685607
21.619930 5.624291 -0.577929
21.636350 15.483637 4.265873
21.652950 12.431120 7.103433
21.669250 6.525998 -0.982851
21.685730 -2.592192 -2.713405
21.702090 -2.271056 2.956175
21.718570 -1.578429 2.641840
21.734990 -0.537215 -3.506899
21.751340 -1.450796 5.858574
21.768010 4.862480 -38.889129
21.784360 10.043693 -72.955864
22.983520 10.658603 -68.794791
22.999940 4.020410 -29.018257
23.016360 -3.227600 15.400394
23.032590 -1.298036 -3.543841
23.049190 1.571964 -0.357474
23.065730 -0.255961 1.992926
23.083310 -4.520461 1.245615
23.098450 -3.216594 0.771698
23.114990 1.968883 0.618167
23.131350 5.774200 0.227003
23.147890 4.821373 0.339634
23.164180 1.549653 -2.083222
23.180600 0.129555 -2.956362
23.197080 1.338580 -2.478591
23.229860 2.590103 -0.131652
23.246400 3.978009 1.814904
23.262700 3.210329 2.037473
23.279240 3.875771 2.711499
23.295590 1.530558 5.179289
23.312070 -2.906962 2.551917
23.328490 -6.134618 -2.383654
23.344970 0.441640 -2.742495
23.361330 4.348506 -0.792915
23.377990 3.127782 2.375346
23.394470 -1.805382 2.311116
23.410710 -9.131421 -3.875601
23.427060 -8.391331 -9.117075
23.443420 -8.298774 -7.629931
23.459960 -6.223330 0.657803
23.476320 -5.287145 8.761596
23.492680 -4.702626 1.574890
23.509090 -2.892840 -6.258271
23.525700 -4.542539 -7.943725
23.541930 -1.308047 -7.080559
23.558410 5.425949 -0.885096
23.574950 8.875398 3.273825
23.591310 4.682338 5.628444
23.607670 -2.966502 5.048736
23.624210 -4.584940 1.916699
23.640560 -2.551217 1.177821
23.657040 -0.063717 -0.452120
23.673400 1.072210 -1.964416
23.689820 -3.351022 0.101298
23.706300 -1.702016 3.798214
23.722660 0.993840 3.352435
23.739140 5.478758 3.642611
23.755620 2.677026 -0.776236
23.772090 -5.437386 -3.810397
23.788390 -2.169117 -2.890909
23.804930 -0.524585 -1.264926
23.821350 0.907117 0.641953
23.837650 -0.524883 0.455021
23.854190 1.459383 3.154440
23.870540 4.498614 4.424190
23.886900 2.244933 0.806465
23.903440 -2.930533 -2.094514
23.919980 -0.867402 -0.054741
23.936340 0.627652 3.607367
23.969180 0.733769 4.111617
23.985660 -1.310434 -1.659032
24.002140 -4.112702 -8.497612
24.018430 -0.889646 -10.655864
24.034850 -3.114489 -6.717930
24.051390 -2.213307 1.170196
24.068180 -0.938378 6.632835
24.084350 5.314661 4.612944
24.100590 2.968491 1.020995
24.117070 4.266523 4.629437
24.133610 15.113553 0.115926
24.166380 18.080862 -7.498737
24.182680 17.750795 -10.002777
24.199280 7.507928 -3.541107
24.215640 6.220545 5.249424
24.232120 0.672108 0.630598
24.248600 -5.260890 -2.329846
24.264950 -2.502783 -1.357439
24.281310 -0.559427 4.504664
24.297910 3.047092 8.203938
24.314390 1.993913 6.648706
24.330690 4.462347 2.720595
24.347230 -1.446553 -2.534741
24.363590 -7.679185 -2.351788
24.380000 -8.312730 -5.698952
24.397340 -6.643220 -3.135834
24.412900 -4.087143 3.897419
24.429200 1.636907 3.156823
24.445560 7.852465 2.647931
24.462340 8.164016 0.745923
24.478520 1.039987 3.691654
24.494930 -4.596443 -1.208300
24.511350 -1.571069 -9.686562
24.527830 -2.028721 -7.264381
24.544190 0.850925 -2.068200
24.560550 -2.300031 -3.649594
24.577090 -6.281178 0.544882
24.609990 -8.331428 8.347191
24.626340 -6.192334 8.532006
24.642760 -0.198145 -0.115346
24.659180 -0.128163 -8.324752
24.675660 2.426834 -1.202622
24.692140 4.051041 3.014459
24.708440 4.084656 1.823710
24.725100 0.216179 -0.611826
24.741330 -3.588948 1.550130
24.757870 -2.435818 3.720040
24.774230 -2.066116 1.881020
24.790590 -3.233766 -2.670723
24.807250 -4.946949 -4.347694
24.823490 -1.971635 -3.820798
24.839970 1.986089 -0.033068
24.856450 2.387782 -0.465112
24.872680 1.362846 -0.423237
24.905640 1.815261 -0.143068
24.922180 1.113185 -2.851811
24.938420 -1.537653 -0.292891
24.954960 -3.544525 -0.529570
24.971370 1.320777 3.650091
24.987790 2.429983 3.419649
25.004210 11.600771 0.688944
25.020570 10.282278 1.435406
25.053590 10.025262 7.260113
25.070130 3.362028 2.988725
25.102910 -6.133060 -7.932081
25.119260 2.317468 -10.997583
25.135680 -0.762445 -0.805139
25.152100 1.344945 9.776151
25.168580 -1.169939 6.461984
25.185000 0.738278 3.776707
25.201350 6.291190 2.287060
25.217830 4.313101 5.636276
25.234250 -1.168282 3.436888
25.250670 -4.027769 1.158055
25.267210 -3.570052 -4.421455
25.283630 1.237236 -7.258932
25.300110 5.651608 -6.299358
25.316350 3.391864 0.767554
25.332760 0.087320 2.709655
25.349370 -1.090476 -1.735611
25.365600 -2.255277 -10.689532
25.382080 -3.295892 -14.548630
25.398500 -4.474613 -3.052189
25.414980 3.843615 -4.620299
25.431340 12.505377 -3.088987
25.447750 10.999854 -7.970473
25.464230 1.543189 -5.543018
25.497130 -7.121554 -1.052033
25.513490 -5.768697 -6.767511
25.529910 -3.679019 -4.900240
25.546200 -0.316196 -4.392634
25.562680 -0.223970 -0.939195
25.597050 -1.428983 1.758112
25.612000 1.837837 4.294258
25.628420 3.349033 5.422866
25.644960 2.521447 4.509368
25.661380 2.677556 2.393641
25.677730 1.953269 -0.759329
25.694150 5.037120 2.586270
25.710630 3.742736 4.473109
25.743470 2.805387 5.146925
25.760010 1.561820 -0.762146
25.776370 0.171856 -10.758527
25.792660 3.098443 -13.735938
25.809200 2.361095 -6.183122
25.825620 -4.827141 5.567425
25.841980 -11.427693 12.612170
25.858400 -4.924241 6.183744
25.874880 4.380795 -3.892322
25.891360 7.964117 -5.662610
25.907530 0.507479 -2.337201
25.924190 -3.036650 1.729478
25.940550 5.270537 12.077539
25.957090 6.490261 19.232206
25.989810 0.667533 14.989896
26.006290 -4.179038 6.580560
26.022640 -0.293819 -3.671639
26.039120 5.437320 -1.961495
26.055540 2.213804 -4.670295
26.072020 -2.923438 -5.341729
26.088440 -4.344926 -0.633976
26.105040 -1.038926 0.659025
26.121340 0.374145 2.151078
26.137700 -0.298759 2.231491
26.154170 -0.822084 -1.777299
26.170410 -0.459410 -4.456927
26.187070 2.298903 -4.521198
26.203430 -0.899426 1.879073
26.219790 -1.605546 6.940020
26.236390 0.024399 3.670790
26.253780 2.857335 -0.438259
26.269100 2.663003 0.191137
26.285580 1.016383 3.721159
26.301880 -3.627635 4.875625
26.318420 -7.027572 2.913389
26.334840 -5.392897 2.005275
26.351320 0.074424 -2.655370
26.367680 5.166111 -5.138264
26.384220 4.756298 -4.146798
26.400570 3.717508 0.487654
26.433470 3.088432 4.407946
26.449950 1.093128 4.004207
26.467960 -5.149270 2.933757
26.482730 -7.576219 -1.926603
26.499150 -3.340944 -7.276253
26.515560 0.565924 -4.531289
26.532040 0.962811 2.842032
26.548460 -3.619513 3.556957
26.564940 -6.505411 -0.053353
26.581300 -3.536072 -3.725220
26.597720 -4.855353 -3.902039
26.614440 -2.943594 -4.068562
26.630800 -2.441818 -2.393040
26.647340 0.744609 -0.199487
26.663760 -1.092863 1.999494
26.680180 -8.697080 -0.578717
26.696470 0.071010 0.931052
26.712890 2.503612 2.945525
26.729250 -0.866871 4.478371
26.745730 -3.590042 -0.071047
26.762150 1.186548 0.025278
26.778440 10.724970 1.277606
26.796810 5.096792 5.356771
26.811340 -2.108085 3.772170
26.827700 -3.342204 -3.537895
26.844180 -3.539486 -1.192698
26.860600 -4.740949 0.021362
26.877140 -5.461188 4.853559
26.893490 0.385714 2.273261
26.909970 2.987917 1.028330
26.926330 0.596689 3.691115
26.942750 -4.906837 -3.275669
26.959170 -2.746908 -9.505062
26.975590 4.236223 -13.754565
26.992130 4.518173 -0.839617
27.008360 2.705602 10.081924
27.024960 1.043998 10.257602
27.041500 -4.434202 3.842885
27.057860 -3.232871 -3.560065
27.074220 2.356951 -0.850639
27.090760 4.461982 3.262160
27.107060 4.412388 6.237738
27.125790 -1.444332 2.430190
27.139950 -0.862628 -0.505204
27.156370 -1.549355 -2.776392
27.172670 -1.619304 -1.045341
27.189330 -3.143860 -5.056277
27.205570 -3.783213 -4.828177
27.222170 -4.583017 -0.650966
27.238890 0.382134 1.471417
27.254940 3.970451 2.592403
27.271360 2.228524 -0.800312
27.287660 2.906366 -0.554516
27.320620 3.050275 3.283750
27.337040 -0.155247 -0.078195
27.370000 -5.646934 -4.297802
27.386350 -0.772059 -4.324157
27.402710 0.371028 0.030686
27.419250 2.015129 9.544097
27.435610 0.715237 1.774916
27.468870 -1.979658 -1.149622
27.501460 -1.641151 -4.381239
27.517700 -7.834563 -6.431775
27.534180 0.306019 3.422570
27.550600 11.148235 -0.398374
27.567380 8.107958 4.514444
27.583620 0.041505 -1.290660
27.616330 -7.299807 -5.269977
27.632750 -1.902084 -5.262104
27.649350 3.765047 -5.083192
27.665590 1.718294 2.939662
27.682190 1.442442 7.814167
27.698610 -1.197389 7.359151
27.715090 -1.234850 2.864782
27.731510 -1.773755 1.825865
27.748050 -0.437961 -1.196842
27.764530 1.550084 -1.153165
27.782410 -1.052054 -4.777104
27.799620 -1.116367 -4.443666
27.813600 -0.742786 -2.177102
27.830080 2.519491 -2.819447
27.846370 2.672219 0.404590
27.862850 -0.142318 4.394271
27.879520 0.177989 5.352544
27.896610 2.729902 2.342029
27.912290 7.579368 -4.884783
27.928770 1.501584 -11.520158
27.961300 -6.485554 -9.027630
27.977720 -8.195078 1.131596
28.015380 -4.674647 11.036182
28.027340 4.477928 8.696144
28.043760 6.522550 -1.308893
28.076350 6.961436 1.188305
28.092830 6.000257 7.576683
28.125730 -1.431602 5.802238
28.142090 -6.222369 0.349186
28.158570 -10.139731 -1.270852
28.175050 -1.104466 -2.068780
28.191650 5.672029 -3.024073
28.208130 3.721784 -5.369824
28.224610 -0.323655 0.111678
28.241030 -2.292538 7.974804
28.257200 1.155253 7.332734
28.273440 -0.403218 -0.384968
28.290160 -1.360261 -11.326249
28.306760 -1.395500 -14.522545
28.323120 -0.982436 -6.966251
28.342220 -1.940771 1.821887
28.355650 -2.568555 4.483303
28.372190 -0.975342 4.852108
28.388610 3.025478 4.982454
28.405090 4.544926 5.538066
28.470760 4.928219 2.445233
28.487060 0.258082 -3.747016
28.503600 -2.473478 -9.715693
28.519840 -8.544090 -1.828704
28.536320 -5.593196 1.457162
28.552670 2.175316 -0.200503
28.569150 5.037916 -6.119886
28.585570 3.451205 -6.401566
28.602050 -3.704479 2.776392
28.618410 -0.826592 2.095881
28.634830 0.797850 3.508971
28.651310 0.847246 3.704894
28.667720 3.489992 -0.361597
28.684200 -1.153762 -5.273873
28.700380 -6.717279 -8.725462
28.717040 -5.560476 -2.044891
28.733580 -1.387146 1.490354
28.749820 4.931004 -1.282683
28.767700 -1.462399 -0.309467
28.782900 -1.180249 6.801387
28.799190 5.235861 15.107101
28.815800 1.262067 9.552675
28.832150 -0.870882 0.246459
28.848450 -3.494334 -5.126516
28.865170 3.726923 -2.992683
28.881650 5.514330 -1.979293
28.898010 0.557836 -2.461643
28.914370 -2.103643 0.405211
28.930540 -1.455438 2.495705
28.947330 2.345613 3.759241
28.963810 7.539985 0.978209
28.980040 3.035058 -0.059838
28.998960 -5.041695 -0.742794
29.012940 -9.417147 -0.935880
29.029240 -4.757624 -1.743733
29.045590 5.396610 -2.835919
29.062130 3.454918 -4.466851
29.078430 3.173431 -7.607948
29.094790 3.834067 -7.821771
29.111330 -2.193350 1.026838
29.127870 -7.338991 4.810421
29.144350 -8.818379 3.584224
29.160770 1.301782 -3.456716
29.177250 11.326286 -12.003138
29.193730 7.079552 -8.989196
29.212340 8.815362 -7.700999
29.226620 4.666094 0.291751
29.242860 1.957082 2.425632
29.259520 1.353763 -1.290432
29.275760 -3.382714 -0.102044
29.292300 -2.078382 0.775055
29.308780 -2.102582 -6.794861
29.341550 -0.753096 -12.878594
29.357850 1.234319 -9.783072
29.390560 1.526083 3.839674
29.407410 5.391870 11.883113
29.441890 7.164850 4.963144
29.456300 32.132462 15.690433
29.472720 -66.726108 -32.609003
29.489140 -147.232280 -71.856756
