0.000000 61.854982 54.240127
0.016480 27.147485 26.220130
0.032710 -13.864969 -7.900895
0.049380 -1.391511 -0.608169
0.065610 -1.083335 3.112185
0.082090 0.642371 10.360071
0.098690 -0.060737 3.505334
0.115170 -0.299066 -6.217832
0.131530 -0.203045 -12.827102
0.147890 -0.326171 -7.516889
0.164370 0.470287 5.132326
0.180790 0.826983 5.689712
0.197390 0.669504 -1.353778
0.230160 1.734053 -6.167656
0.246520 -0.859385 -12.473684
0.262940 -7.496435 -15.191597
0.279420 -9.369310 -15.502166
0.295840 -10.195035 -13.944528
0.312320 -8.682061 -6.200650
0.328550 -7.785864 -4.679223
0.345030 -4.646001 -1.741956
0.361510 1.248680 3.442490
0.377990 0.721103 1.619906
0.394470 0.999080 1.607677
0.410770 0.577552 2.940744
0.427250 0.231055 5.951579
0.443730 -1.357767 -1.400829
0.460020 -1.294530 -7.009700
0.476500 0.085865 -8.128176
0.492860 0.689195 -0.461277
0.509460 0.370735 0.752227
0.526060 -1.024236 -6.416160
0.542300 -1.272975 -8.995660
0.558720 0.374097 0.964029
0.575200 0.307753 0.109876
0.591550 0.653572 -10.015112
0.624510 -1.337879 -12.494503
0.641780 -0.394804 -8.644156
0.673770 0.638995 2.473143
0.722900 -0.812561 -1.136914
0.739380 1.161473 3.762339
0.755740 0.140881 1.372277
0.772340 1.712385 -1.729673
0.788570 -1.904724 -6.735569
0.821470 -2.908676 -1.778277
0.837950 -1.159101 1.763050
0.870850 -0.478127 -2.307387
0.887150 2.150199 0.771238
0.903690 -0.490896 2.651201
0.919980 -1.815440 10.773996
0.936520 -1.620418 5.263388
0.952940 0.710071 3.947361
0.971010 2.832246 3.624020
0.985780 1.205755 -0.825819
1.002260 -0.179216 -2.869437
1.018620 -0.709534 -6.805962
1.035030 -0.510360 -1.601882
1.051570 0.434424 3.189560
1.070740 0.371569 0.765114
1.084350 -1.246293 -0.754549
1.117250 -2.977449 -3.957232
1.133670 -0.540629 -5.929278
1.150150 1.418885 -4.184990
1.166500 0.862789 -2.659701
1.182980 -0.387770 -0.426052
1.199220 -0.782998 2.309142
1.215580 0.653826 2.761260
1.232240 1.482249 6.595021
1.248600 1.825483 1.564392
1.265140 1.149778 -6.846176
1.281560 1.115412 -4.447077
1.300780 -1.003459 1.061695
1.314390 -1.711693 8.631361
1.330750 -1.925134 0.093882
1.347290 0.434001 -1.073174
1.363830 2.734672 -0.185205
1.380370 0.016371 9.881695
1.413150 -2.492233 14.844453
1.429440 -2.529522 15.480634
1.445740 0.873468 19.144479
1.462160 3.079953 14.090337
1.478450 2.828249 10.589855
1.495000 0.463239 2.983938
1.512080 -1.507278 3.472413
1.527710 -1.376129 2.377159
1.544070 -0.015410 -2.753345
1.560610 1.476740 -10.178544
1.577150 -1.125836 -4.832859
1.593380 -1.232733 2.297407
1.609860 0.445781 6.239255
1.626590 2.032116 4.888391
1.642940 0.588004 2.858487
1.659240 -3.055856 5.704098
1.675840 -0.472039 -1.550847
1.692080 1.690520 -8.460964
1.708620 2.015039 -10.381293
1.725710 -0.653911 -9.947846
1.741330 -1.881799 -0.263312
1.757930 -0.276579 3.636085
1.774110 0.292526 5.802421
1.790770 -0.443860 5.024790
1.807130 -0.079481 -3.825914
1.823610 0.461784 -3.375478
1.856570 0.651015 -1.031223
1.872740 -0.187621 -1.277463
1.889470 -0.468974 -1.953630
1.905580 -4.190391 -7.248845
1.922120 7.382985 -4.306254
1.938480 29.707039 -0.261631
1.954960 36.485994 -0.754603
1.971190 27.028245 1.566165
1.987980 6.872828 3.304061
2.004210 0.952454 3.015287
2.020630 0.433845 -0.663701
2.053470 -2.415733 -0.770543
2.070010 -0.583018 0.813700
2.102720 -0.167366 1.839165
2.119380 0.362190 -2.689734
2.135620 1.672596 0.298664
2.152100 2.260797 7.509303
2.169190 0.190177 4.264614
2.185000 -1.412896 1.576310
2.201350 -1.437530 -2.764185
2.217830 1.793688 0.340597
2.234250 3.973335 2.948622
2.250670 2.849139 0.224615
2.267210 2.195639 0.140275
2.283510 0.537592 -5.299800
2.299870 1.075637 -8.946654
2.316410 0.457406 -6.021734
2.332760 -0.916901 2.859054
2.349180 -1.386016 11.176624
2.365600 -0.699153 8.903662
2.382080 0.501320 -0.952202
2.398500 1.309318 -9.957589
2.415040 0.980958 -7.653799
2.431340 0.488184 0.449614
2.447750 0.592411 3.215097
2.464290 1.489693 0.075694
2.480650 1.554837 -3.299345
2.497130 1.231716 -0.293309
2.513490 -0.522691 -2.560427
2.529910 -0.688870 -5.121761
2.546390 1.359207 -4.709657
2.562810 -0.533553 5.665126
2.579280 -1.809734 16.155014
2.595640 -2.069787 8.652089
2.612120 -0.113606 -0.322336
2.645020 0.834511 -8.330287
2.661380 1.567676 1.091526
2.677730 1.693176 3.644365
2.694270 0.441204 0.058256
2.710570 -0.816714 -4.317514
2.727110 -1.582295 -6.493408
2.743470 -1.541969 1.806007
2.759890 -0.680042 3.297262
2.792720 2.326562 4.575379
2.809200 0.334194 -4.018979
2.825620 -3.397197 -9.719598
2.842160 -5.729966 -7.914714
2.858640 -2.131781 -2.076758
2.875000 1.654205 4.314718
2.891420 1.224470 5.810244
2.907780 -0.766232 5.094397
2.924260 -2.994653 4.705764
2.940670 -2.376480 2.958383
2.957090 -2.547983 -2.915921
2.973510 -1.523282 -5.796846
2.989870 -1.524369 -6.036851
3.006350 0.449086 -4.739105
3.022710 2.591827 -2.742963
3.039250 1.462870 -0.315792
3.055790 1.525584 3.693737
3.072080 0.529216 2.885851
3.088500 0.251437 -0.587568
3.105100 -0.066514 -3.292235
3.121340 0.022572 -2.825768
3.137760 0.927495 -1.511327
3.154240 0.668784 -0.890583
3.170650 -0.651001 -0.177820
3.187070 -1.796400 -0.373171
3.203490 -1.144679 5.747181
3.219730 0.243541 6.577747
3.236330 1.675901 6.097482
3.252810 0.341539 1.689093
3.285580 4.761909 -5.958835
3.302120 -11.242540 2.947507
3.318540 -31.630261 14.652255
3.334720 -34.785545 21.600466
3.351320 -22.164641 9.215044
3.367860 -2.355278 -3.873294
3.384220 -3.396675 -3.014190
3.400570 -1.889229 5.724625
3.417110 2.166782 8.399071
3.433350 2.241587 4.969989
3.450010 0.784594 0.906358
3.466430 -0.974150 -2.724263
3.482910 -1.497334 0.420112
3.499390 0.616833 -1.872232
3.515750 0.841828 -2.291302
3.532530 0.136065 -0.818855
3.548520 -2.243579 -4.266863
3.565000 -3.826663 -4.981066
3.581540 -1.951717 -4.658860
3.597840 -2.859352 0.200286
3.614200 -0.436571 0.891954
3.630620 0.877309 -5.419583
3.647090 2.573295 0.232000
3.663640 1.126345 4.747989
3.680110 -2.056891 7.531220
3.696660 -1.121175 -1.083886
3.713010 -0.438295 -5.322100
3.729370 0.205729 -3.365406
3.745610 -0.653995 2.116625
3.762390 -0.756330 3.889763
3.778500 -0.123833 -1.303474
3.795040 -0.156843 0.958874
3.811520 1.555444 0.453599
3.827760 2.230838 -0.498859
3.844240 2.451172 -2.880642
3.860840 0.617949 -5.873051
3.877500 0.492746 -6.976798
3.893680 1.796485 -6.509201
3.926510 1.673019 -1.637801
3.942870 2.581770 4.533172
3.959410 -0.005636 2.831983
3.975830 -1.532223 -2.323967
3.992310 0.062248 3.339925
4.008670 0.003503 16.073712
4.025020 0.696172 19.265443
4.041500 -4.258077 16.197292
4.057860 -5.727960 6.254902
4.074280 -3.357676 2.264541
4.090940 0.926944 0.196264
4.107600 3.722944 -3.537213
4.123660 1.316296 -0.209736
4.140320 -0.056725 2.250247
4.156680 -1.107912 2.773763
4.172910 0.834568 0.592540
4.189450 -1.388361 -2.194385
4.205930 -1.730536 -6.261903
4.222410 1.031256 -3.504127
4.238650 4.416007 0.461295
4.271360 4.049298 2.241198
4.287840 3.064981 3.174517
4.304380 3.236824 1.205168
4.320620 3.965820 2.491752
4.337160 0.381541 0.133000
4.353520 -2.926501 -1.660668
4.370060 -1.840554 0.470087
4.386350 1.019603 0.833478
4.402710 1.082911 4.790835
4.419250 -1.801019 8.329648
4.435730 -1.421526 1.334951
4.452090 -0.447786 -7.115189
4.469970 0.837421 -11.090512
4.484990 -0.205517 -7.830960
4.501460 -2.377285 -3.930946
4.517880 -1.863437 -2.718761
4.534240 0.164202 1.330235
4.566960 2.664316 1.556258
4.583500 0.780794 -1.398197
4.599850 -2.443332 -3.716842
4.616330 -2.392695 -2.222499
4.632690 1.334065 -1.947342
4.649110 1.924046 4.408142
4.665650 -0.382459 10.686513
4.682070 -1.933793 10.998588
4.698490 0.047982 4.564612
4.714900 3.535437 -3.005781
4.731200 2.874112 -0.990991
4.748290 0.045369 -0.976184
4.764590 -2.852784 -1.321918
4.780940 -2.545766 -0.868611
4.797420 0.494596 -1.595192
4.813960 2.949948 -3.375076
4.830020 2.746748 -0.464713
4.846560 -0.241168 4.802881
4.863040 -3.312943 9.348206
4.879520 -0.446925 4.453420
4.895810 0.317018 0.937378
4.914000 -1.077868 3.657398
4.928530 -0.197084 0.698285
4.945070 1.327596 -5.244889
4.961550 2.539989 -10.886246
4.978030 -0.421825 -5.464988
4.994570 -0.647060 1.944453
5.010930 2.262577 3.703096
5.027400 1.197167 1.739214
5.043640 0.635351 -1.012377
5.059940 0.568794 -1.256624
5.076720 0.269573 2.388767
5.093080 -0.303628 0.019486
5.109620 -1.104268 -4.093192
5.126040 0.502040 -6.597343
5.142460 0.027939 -1.909650
5.158810 -0.341327 5.484035
5.175350 0.587128 3.960047
5.208070 1.992566 1.825748
5.224850 -1.575374 -3.142053
5.243160 -7.691766 -4.558781
5.257570 -8.123346 -3.673228
5.273860 -4.592369 1.441702
5.290160 0.069000 4.628242
5.306640 -0.325239 2.221237
5.323060 0.150967 1.273953
5.339540 0.855656 1.318902
5.356020 0.394832 2.044441
5.372130 0.596564 -0.563951
5.388610 -1.445185 -3.692348
5.404850 -1.153959 0.200596
5.421390 -0.139638 0.658235
5.454280 1.878663 -2.519390
5.470640 0.806798 0.182207
5.487120 -1.436781 6.848790
5.503660 -0.070992 13.134330
5.519900 0.622582 2.987045
5.536440 -0.640224 -5.660813
5.552860 -4.008322 -4.208187
5.569270 -1.791146 -3.820339
5.585750 4.202708 -3.359447
5.602290 6.852249 -3.902559
5.618590 6.968707 -0.862561
5.634950 1.018021 0.093699
5.651550 -4.100755 -1.556879
5.667910 -1.406356 -1.130754
5.684450 2.683201 -2.118325
5.700810 2.675531 -3.319654
5.733640 -1.639007 -0.064325
5.750000 -3.486791 4.075279
5.766360 -0.349181 1.505898
5.782710 0.519442 -2.512937
5.799070 -1.988427 -1.816188
5.815550 -0.414593 2.850573
5.832090 4.015130 0.768020
5.848450 6.690902 -3.285910
5.864810 5.336704 -2.145031
5.881470 1.917930 4.523521
5.897830 0.256324 7.432330
5.914250 -0.217622 6.126473
5.930790 -2.213903 1.684907
5.947140 -3.324454 -4.893856
5.963560 -1.820455 -1.428047
5.979920 0.956465 -2.257558
5.997990 1.485413 -2.647436
6.012940 1.305095 -7.530800
6.029300 0.517832 -6.366935
6.045650 0.906506 1.456325
6.062130 0.008644 6.277477
6.078490 -0.468790 7.387949
6.094850 1.115751 6.218307
6.111510 -1.056130 -5.216630
6.127870 -2.598437 -11.758803
6.144290 -3.600750 -9.300809
6.160770 -1.484834 -0.364159
6.193480 0.959940 8.956141
6.209960 0.552960 4.077947
6.226560 2.038627 2.065224
6.242860 -2.218422 3.282474
6.259280 -5.254907 4.296969
6.292110 -5.282973 1.115472
6.308650 -1.898523 -1.280735
6.325200 1.038983 1.865908
6.341430 -1.063051 6.582683
6.357790 -0.450597 4.119990
6.374210 -1.104579 -0.034584
6.390810 -1.631478 -0.986019
6.407290 -1.042938 0.284425
6.423520 -0.255533 -2.504620
6.440000 -0.204443 -4.492684
6.456480 1.221999 -2.048846
6.472960 3.165691 2.023932
6.735660 3.774909 2.249004
6.752260 1.751822 2.150278
6.768550 -1.262918 4.150132
6.785030 -2.175299 7.324886
6.801330 1.608328 -1.168646
6.817990 2.043359 -11.014143
6.834230 0.165374 -10.548490
6.850590 -1.185429 -5.413386
6.867130 -0.340593 4.622118
6.883670 3.873967 6.048275
6.899960 0.941521 6.562503
6.916500 -1.569414 3.185941
6.932800 -1.212012 -5.327566
6.949520 -1.839424 2.251691
6.965640 -3.058582 14.619664
6.982360 -4.214742 22.083122
6.998470 -0.752008 8.423072
7.015010 1.546588 -3.729546
7.031560 0.635181 1.451664
7.047910 1.327808 6.046575
7.064270 0.727360 4.555162
7.080750 0.848608 -2.530412
7.097170 -0.324109 -0.944963
7.113650 -0.806163 -0.842801
7.129820 0.368094 -4.191516
7.146360 -2.206868 -2.636413
7.162660 -1.388884 0.479775
7.179200 1.000733 3.191407
7.195740 1.920840 -2.160624
7.212280 0.170247 -9.053568
7.228640 -2.357030 -9.136445
7.245000 -1.710676 -3.507911
7.261410 0.005466 4.572070
7.277770 0.642187 4.159381
7.294250 1.985433 2.086739
7.310610 3.832327 0.902519
7.327150 3.880662 0.264172
7.343630 1.776216 1.736600
7.359860 -1.144411 2.784420
7.376340 -0.642399 4.973298
7.392880 0.392022 0.962018
7.409300 0.440272 -1.722781
7.425600 -0.048293 -0.446671
7.442140 -0.066048 5.178426
7.458500 -0.441685 5.805565
7.474910 -0.886547 1.224325
7.491520 0.219034 -2.761608
7.507870 1.197365 -5.125636
7.524230 1.268469 -2.116918
7.540830 0.444171 1.091983
7.557130 0.181716 2.795516
7.573670 1.390480 0.037948
7.590030 -1.387344 -4.224309
7.606380 -0.947665 -4.123353
7.622680 1.530104 -2.337566
7.639400 -0.274672 3.964196
7.655760 -0.101374 4.271707
7.672120 -0.515897 -1.247649
7.688720 2.934312 -2.494603
7.704960 2.524861 -1.529040
7.721560 -1.450553 4.660249
7.737920 -1.371425 0.632059
7.754270 0.983670 -2.190291
7.770750 0.490161 -3.431906
7.787110 -1.004433 -1.683115
7.819760 -1.291182 1.361986
7.836490 0.006554 2.801858
7.869260 2.441708 4.335867
7.885800 0.892917 1.261560
7.918520 2.052653 -2.044258
7.935120 -2.909594 -0.461075
7.951540 -7.326190 -0.141171
7.967830 -6.584726 0.114848
7.984380 -3.889617 -0.287002
8.017150 -0.913610 -0.378179
8.033630 -1.497914 5.224161
8.050050 -0.118169 2.402933
8.066350 1.410241 0.535600
8.082950 0.444425 -4.476141
8.099240 0.227862 -4.452579
8.115720 0.474256 -0.071472
8.132020 -0.002373 -0.017822
8.148620 0.955081 2.765264
8.165040 1.854566 2.633708
8.181340 2.832769 4.595010
8.197940 1.783984 1.663575
8.214290 -0.950505 -5.797138
8.230650 -2.334529 -9.018564
8.263550 -2.438445 -8.967237
8.280030 -0.858410 -3.258071
8.296390 -0.079551 5.244560
8.312810 -0.271847 8.636113
8.329410 0.080554 5.109953
8.345640 2.074716 0.843733
8.362180 4.156717 0.695123
8.378540 1.048079 3.876895
8.395020 -1.465681 3.866055
8.411380 -2.015251 1.562418
8.427730 0.768054 -0.838944
8.444210 3.691968 -2.644255
8.460630 2.136004 -2.188719
8.476990 2.691450 -0.975142
8.493470 1.293032 -0.310966
8.510680 0.781416 -3.113720
8.526370 -1.744223 -0.077668
8.542600 -3.279198 3.140590
8.559270 -3.040715 3.508021
8.575620 1.560840 1.492957
8.591980 3.607036 -1.155741
8.608340 0.909316 -0.757638
8.625060 -1.117432 -1.598830
8.641360 -3.063498 -2.170823
8.657650 -2.345659 -0.173251
8.674320 1.984444 -2.920070
8.690490 5.802073 -2.690209
8.706970 6.058127 0.071399
8.725040 1.657539 3.248127
8.739870 -1.971492 0.107080
8.756230 -0.482873 -0.315189
8.772830 -1.187647 5.072334
8.805600 -1.546814 8.590251
8.821960 -0.479567 -1.426292
8.838440 0.418520 -9.407467
8.854860 -0.589756 -4.293806
8.871400 -0.354223 -2.012123
8.887700 0.762658 1.189320
8.904110 3.203885 0.317510
8.920650 0.599530 5.649717
8.936890 -2.291137 4.617494
8.953490 -1.090976 -1.833846
8.969910 1.347992 -2.221110
9.002750 4.683446 0.285814
9.019290 -3.200975 -2.865068
9.035580 -9.118584 -4.933029
9.052000 -9.071605 -2.348388
9.068480 -1.890147 -2.379353
9.084720 4.672132 -1.794655
9.101380 1.693402 -4.150973
9.117740 0.960406 -1.175373
9.134160 -1.134495 0.775972
9.150630 -1.609246 0.001755
9.166930 -0.602567 6.216808
9.199830 -0.026258 6.046465
9.216370 0.833946 6.001846
9.249210 0.098507 -2.706953
9.265630 -0.450626 -7.833573
9.298460 0.687048 -6.247974
9.314880 -0.253400 -3.321902
9.331360 -0.252030 7.304340
9.347780 -0.080893 7.111423
9.364260 0.959573 5.959749
9.396910 0.195898 -3.361641
9.413450 -0.804764 -3.166108
9.446230 -0.809228 -1.855781
9.462710 -0.949078 3.483216
9.495610 -0.103549 9.313294
9.511960 -1.312285 -0.363300
9.528500 -0.303600 -0.530793
9.544800 1.143380 -2.773325
9.561400 -0.219077 0.549291
9.577760 -1.436287 -0.487964
9.594240 -2.198365 -8.831150
9.610840 -1.027994 0.879835
9.626950 1.038884 4.160003
9.643490 1.746271 1.856457
9.659850 1.058814 -3.022123
9.676390 -0.390030 -5.382659
9.692750 -1.314869 -1.309799
9.710330 -0.352980 2.451720
9.725650 0.784763 1.317842
9.742000 1.042175 -5.095512
9.758610 -0.270279 0.257043
9.774840 0.576252 6.767155
9.791380 1.174652 7.451816
9.807680 0.008517 -2.139273
9.840640 -2.176514 -6.223425
9.857300 -1.630899 -3.458283
9.873600 1.907633 -2.365552
9.890010 2.387412 -2.556241
9.906560 1.660985 1.774329
9.922910 -0.242510 4.056214
9.939390 -0.179075 0.946535
9.955810 -1.303923 2.753419
9.972170 -0.539047 1.987702
9.988590 0.465386 0.708467
10.005070 2.156753 -3.018211
10.021420 1.829551 -2.649812
10.037900 -0.078054 1.822348
10.054380 -0.852012 0.319905
10.070920 -1.425651 -0.396550
10.087100 0.090752 0.241322
10.103700 0.623740 -0.583272
10.120060 0.843763 1.300952
10.136600 0.378292 2.899890
10.152890 0.571210 3.859731
10.169430 1.419351 -1.482793
10.185850 2.879931 -9.915675
10.202150 -0.499498 -2.828144
10.218690 -2.669415 6.288846
10.235110 -1.493973 8.807917
10.251460 -1.534299 3.492776
10.267760 -1.235135 -2.917018
10.284550 -2.167672 -4.630691
10.300720 -0.308699 4.086795
10.317080 1.161318 8.699742
10.333740 -0.277102 7.829534
10.349910 1.352088 -1.265161
10.369630 1.151487 -10.598738
10.382750 -0.172097 -7.991596
10.399410 -0.810993 -5.118215
10.415710 -0.386343 -0.720440
10.432310 0.739606 -1.008191
10.448550 2.799519 -0.639207
10.465030 2.941106 2.869236
10.481510 1.552591 8.375272
10.497920 0.317372 -0.945219
10.514340 1.357484 -6.864528
10.530580 4.574346 -6.161423
10.547180 2.262365 2.228439
10.563480 1.708445 8.895199
10.579900 2.932999 3.798587
10.596500 1.977678 4.806372
10.612670 -0.688870 1.939884
10.629390 -2.574665 -4.573825
10.645750 -1.961463 -6.796256
10.678830 0.088196 -4.567135
10.697810 0.994546 4.215315
10.727970 2.056184 7.032805
10.744630 1.464282 2.179579
10.760930 -1.502829 -1.955494
10.777340 -2.355773 -4.687338
10.793820 -1.249161 -8.959633
10.810180 -1.337935 -7.560284
10.826780 -1.720239 -1.228913
10.842770 -0.850543 2.116589
10.859380 0.560305 4.919557
10.875920 1.732358 2.164992
10.892030 1.369222 3.982000
10.908690 0.503368 6.398174
10.924990 0.223159 4.143497
10.941470 -1.401907 3.481278
10.958070 -1.230332 -0.034383
10.974240 0.916351 -2.574593
10.991030 -0.401160 -1.761679
11.007260 -3.866269 -5.784215
11.026670 -5.782228 -7.876365
11.039980 -4.102153 -6.613903
11.056400 -1.525754 -0.860769
11.073000 -0.667315 1.966608
11.089420 -2.269343 0.720915
11.105650 -2.312211 2.939830
11.122010 -1.685393 5.736342
11.138490 0.935546 7.881300
11.155030 3.708438 5.488459
11.171390 3.282899 3.405255
11.187740 0.720580 -2.275783
11.204410 -0.811431 -8.033857
11.220580 0.702698 -6.722701
11.236880 -0.626678 -5.801397
11.253660 -0.268853 2.499319
11.269900 -0.614432 1.635626
11.286500 1.835498 0.795055
11.319210 3.412650 -0.565011
11.335630 -1.028912 -3.084071
11.352050 -1.777713 1.744808
11.368650 -2.134888 0.860495
11.385010 0.002627 -0.162320
11.401430 0.449128 -4.068790
11.417720 -1.733036 -6.678593
11.434330 -1.320505 -4.458154
11.450620 -0.600928 4.216869
11.467100 0.575631 11.451427
11.483640 1.498775 11.416368
11.500060 1.911673 3.065719
11.516360 2.066792 -3.346944
11.532900 -0.517041 -4.273096
11.549260 -2.184367 -2.100503
11.565610 -2.417117 -0.715979
11.582030 -0.783337 -1.186560
11.598630 2.036466 -1.851778
11.614990 2.181486 -3.824726
11.631350 1.283880 -2.920088
11.647890 -2.190286 -5.158502
11.664250 -3.912443 -4.993770
11.680730 -0.949671 -2.983609
11.697020 2.014996 -0.827282
11.713500 2.520850 -0.611495
11.729920 0.254714 -2.019727
11.746340 -0.585716 -0.316907
11.762760 0.773435 0.970737
11.779240 0.039832 -1.686369
11.812130 -2.118122 3.060180
11.828490 -1.205261 7.477004
11.861390 1.393630 6.249912
11.877870 1.397147 2.030969
11.894230 -0.539118 -3.491313
11.910770 -2.050323 -0.746853
11.927190 0.105371 0.221435
11.943480 1.401850 -1.946117
11.959840 1.023445 -2.241290
11.976380 0.500557 -1.848031
11.992920 0.454524 -1.435176
12.009220 0.972539 -1.458592
12.025700 0.415073 -2.317240
12.042110 -1.563622 -3.254031
12.058530 -0.462081 0.018590
12.074830 0.843198 6.116273
12.107850 0.982766 9.754126
12.124210 0.989108 11.229157
12.140750 -0.337161 3.086502
12.156980 0.429043 -0.750655
12.173650 -1.802671 -6.502895
12.189880 -1.966393 -9.592925
12.206480 -0.080596 -2.755466
12.222840 0.887974 4.953136
12.255620 1.411441 5.774235
12.271850 -0.397516 0.676332
12.304990 -1.284798 -5.123443
12.321350 -1.152928 7.146702
12.337710 -0.800329 19.047204
12.354370 -0.209020 17.059533
12.370610 -0.781585 10.727531
12.387270 0.384366 1.973517
12.403500 2.058939 4.607586
12.419860 0.355777 5.023967
12.436520 -0.765229 1.666737
12.452760 -1.524497 -0.833899
12.469360 -0.151390 -2.757842
12.485720 0.866914 -2.167899
12.502140 0.500726 1.134318
12.518490 -1.613639 1.093117
12.534970 -1.887308 -2.498424
12.551330 -0.440442 -6.094430
12.567810 0.043603 -1.355807
12.584230 3.371773 3.568397
12.600650 4.151322 6.136399
12.616940 4.614517 -1.176379
12.633670 1.165640 -3.667982
12.649960 -3.263576 -0.910927
12.666320 -1.297807 -0.188605
12.682800 -1.303852 -1.522715
12.699280 -2.367510 -3.746345
12.715760 -0.987159 -2.252202
12.732060 5.004870 -1.350744
12.748470 10.156475 0.494453
12.765010 4.867732 1.458683
12.781310 -0.354760 3.696333
12.797730 -0.887324 2.935681
12.814390 0.323191 0.728848
12.830630 -0.678375 -4.593786
12.847110 -3.811394 -8.819159
12.863530 -0.599671 -3.938404
12.879940 0.911365 5.552819
12.896360 -0.050539 11.138567
12.912960 -0.346313 6.823674
12.929260 0.020269 -0.622810
12.945740 0.843777 -2.745284
12.962160 1.488393 -3.724940
12.978520 1.105822 -2.005908
12.994930 0.553116 0.695763
13.011540 -0.235815 -2.626268
13.027710 -4.955758 -4.819899
13.044370 -6.053197 -4.197804
13.060610 -6.361950 -2.634878
13.077030 -3.780107 -0.839785
13.093630 -0.722925 -3.697923
13.109990 -0.410906 1.197875
13.142940 1.537393 5.348623
13.159180 1.218835 6.092913
13.175660 0.170671 3.970740
13.192140 -0.523439 0.581481
13.208560 0.902904 -1.667468
13.224980 1.501515 -4.226703
13.241330 1.476656 0.361253
13.257750 2.101229 8.588149
13.290710 2.283651 13.695629
13.307130 2.439420 7.499780
13.323610 -1.764139 -1.547465
13.340030 -5.359247 -4.782280
13.356380 -1.997764 -0.704189
13.372740 2.005716 -0.187417
13.389160 4.234814 -3.310697
13.405760 -0.006949 2.423534
13.422120 -1.008529 10.755461
13.438480 2.029983 13.472630
13.455020 2.439053 8.016400
13.471370 -0.455852 -2.178665
13.487920 -4.157268 -4.188902
13.504150 -3.093428 -4.498570
13.520570 -1.149467 1.647306
13.536990 0.339378 8.594163
13.553590 1.194681 6.280036
13.570010 1.429323 1.207289
13.586300 -0.009209 -3.664107
13.602840 -1.727259 -2.641202
13.619260 0.673290 -3.968345
13.635620 3.373764 -5.527302
13.652100 4.878312 -3.632283
13.668640 3.979974 1.157131
13.684880 1.732485 5.713219
13.701350 2.856089 0.021076
13.717900 -0.478678 -4.115493
13.734190 -2.619822 -5.088602
13.750790 -2.303454 2.584500
13.767090 0.236959 4.292764
13.783630 3.180381 -2.259496
13.799990 2.614695 0.419326
13.816410 0.087348 2.829497
13.832700 -1.000930 4.554376
13.849240 -3.001038 2.392879
13.865660 -3.728199 -3.198517
13.881960 -2.574609 -5.342555
13.898620 -0.277426 -3.604827
13.915040 1.073377 2.608227
13.931400 0.296269 11.160684
13.947750 -1.352272 1.168701
13.964110 0.519498 -8.589008
13.981020 4.927085 -8.618894
13.997310 1.028855 -4.603163
14.013670 -3.507611 1.930196
14.030030 -6.321328 2.562529
14.046750 -3.755050 5.059374
14.079470 -0.393166 4.040658
14.096190 -2.821243 2.251087
14.112180 -0.732770 -0.478477
14.128780 1.851981 -2.492903
14.145200 0.700410 -3.161666
14.161560 -1.466260 -2.268416
14.178160 -3.484997 0.853951
14.195860 -0.824666 1.613910
14.210880 0.776387 3.326910
14.227110 -0.655464 2.727480
14.243590 1.485498 6.034292
14.259950 1.637015 4.167113
14.276250 -0.256098 0.138337
14.292720 -0.966268 -3.344861
14.309200 -0.314956 -2.819589
14.325740 2.420493 2.505845
14.341980 0.620957 5.536204
14.358520 -0.498354 4.911148
14.374760 0.577537 2.534360
14.391360 1.066696 2.170110
14.407780 1.566998 -2.274796
14.424190 1.039279 -4.343434
14.440800 -1.108477 -12.130537
14.456970 -1.175175 24.405845
14.473390 -1.751243 20.001640
14.489990 -1.122235 -10.857347
14.769100 -0.333276 -31.556269
14.785770 4.868622 -29.774235
14.818600 25.715993 0.980919
14.834900 35.705972 -15.204191
14.867860 27.517532 -17.968689
14.884280 9.946936 -3.117687
14.900630 -3.092313 8.355732
14.917110 -1.833478 11.074811
14.933530 -2.476314 3.221275
14.950010 0.395454 -3.416698
14.966490 2.797132 -0.199445
14.982850 1.031440 1.040326
15.015810 -1.276167 1.246205
15.032100 0.357613 -4.465923
15.048650 2.611023 -5.702123
15.064880 0.969630 -2.945624
15.082090 0.059296 -2.709841
15.097900 0.363687 -2.925499
15.114140 2.195328 -4.747568
15.130620 2.243904 -4.070288
15.147090 0.455301 3.990408
15.163700 -0.877041 8.299049
15.179930 -1.238977 7.991358
15.196530 -0.569811 9.208171
15.212770 0.819539 7.730206
15.229250 1.015055 10.137453
15.245610 1.020564 4.969349
15.262150 0.776684 0.413257
15.278500 0.057375 -0.369716
15.294980 -1.545260 -1.988013
15.311460 -1.991549 0.120076
15.327820 -1.202436 -0.165829
15.344240 0.769325 0.304861
15.360660 2.118447 -0.872834
15.376950 0.702486 0.946590
15.393680 -1.385677 3.064695
15.409970 -2.428191 2.117704
15.426390 0.157944 3.718067
15.442870 2.452627 -2.076685
15.459290 2.285516 -6.309922
15.475590 -0.653699 -2.390997
15.492000 0.044126 0.393589
15.508480 3.943418 2.988727
15.524960 3.138727 -6.010437
15.541560 -1.070382 -8.600250
15.558110 -4.999036 -4.610804
15.574220 -0.772348 -1.385676
15.590760 -0.083972 3.744627
15.606990 3.920706 1.148868
15.625670 -15.793454 8.119530
15.640010 -32.643521 19.475895
15.656490 -30.515746 23.596145
15.672850 -16.474253 16.801847
15.689090 3.251302 3.436768
15.705630 -0.781698 -0.251285
15.722170 -0.231153 3.276807
15.738590 1.126853 0.965747
15.754940 0.668007 -0.738189
15.771550 -0.550559 -3.709019
15.787900 -2.246192 -6.545631
15.804080 -2.082301 -4.772684
15.820740 -0.402163 -1.580258
15.836980 -1.638738 7.914403
15.853760 -3.280159 11.812049
15.870000 -4.661835 7.782776
15.886410 -2.575372 3.130957
15.903020 -0.144215 1.297972
15.919310 -0.873849 1.872415
15.935730 -0.751259 -1.629119
15.955440 -1.279388 -4.155488
15.968690 -0.356031 -1.655751
15.984990 0.341469 1.583366
16.001530 0.320691 3.903930
16.017760 0.511659 -0.215933
16.034120 0.670804 -1.512058
16.050600 0.321369 0.600053
16.067140 0.327245 1.556002
16.083560 -0.244205 -2.716824
16.099910 -0.825966 -8.072517
16.116520 0.029832 -6.148828
16.132810 0.465753 0.914017
16.149230 -0.352811 5.587257
16.165710 -0.389465 0.878701
16.182250 0.391711 -2.386061
16.198790 1.566899 -3.282273
16.215210 -0.421119 -0.574443
16.231570 -2.813022 2.888082
16.247990 0.218017 0.756267
16.264470 3.252630 1.517524
16.297180 3.607813 1.378730
16.313660 2.509380 0.567918
16.330080 0.582043 1.312888
16.346560 0.846927 -0.441663
16.362920 -0.613923 1.555581
16.379270 -0.761330 3.874299
16.395750 1.322836 4.580606
16.412350 -0.385114 1.651492
16.428890 -1.903382 -4.097104
16.445130 -6.471742 6.014916
16.461490 2.799166 -23.862116
16.478090 26.299261 -66.592989
16.494200 34.927425 -73.975618
16.510800 28.647239 -49.588713
16.527160 8.760072 -4.535128
16.543760 -0.069523 -0.907107
16.559940 1.209399 -1.231015
16.576480 -1.653894 2.851176
16.592900 0.081769 -2.353616
16.612000 -0.015890 -4.037715
16.625730 0.501461 -6.292447
16.642090 0.831898 -6.849174
16.658630 0.545432 -2.256334
16.675170 1.231985 5.188608
16.691530 2.012863 7.298254
16.707890 1.175471 4.692438
16.724240 -0.921111 3.335063
16.740720 -1.555811 3.405566
16.757140 -1.345464 4.119076
16.773620 -1.465511 -0.894494
16.789980 -1.538650 -6.844695
16.806460 -0.423478 -8.948976
16.822880 0.049338 -3.894552
16.839170 -0.613358 5.737128
16.855770 -1.764690 4.556003
16.872130 -1.579908 2.311683
16.888790 -0.603499 -2.490216
16.905030 0.907918 1.199246
16.921390 2.667776 -2.579583
16.939210 3.152117 -10.938798
16.954280 0.068929 -9.678433
16.970760 -2.839478 1.660467
16.987060 -3.112483 16.775325
17.003540 -0.339731 9.584206
17.020020 3.053950 -2.206139
17.036680 2.781227 -10.044743
17.052980 2.162530 -7.556299
17.069210 1.575035 -2.771442
17.085820 1.960912 -3.828272
17.101990 1.832842 -1.814159
17.118590 1.330379 0.280806
17.135070 1.564696 2.717207
17.151490 -1.207182 4.205152
17.168090 -3.433611 3.622997
17.184200 -2.912051 5.384651
17.200620 -2.227166 0.867496
17.217160 0.575278 -9.812363
17.233700 1.350634 -16.032476
17.249880 1.424959 -16.413744
17.269100 0.304221 -5.102239
17.282710 -1.566461 1.120974
17.299130 0.275237 0.043706
17.315800 0.641438 -2.000589
17.332030 -0.830697 -6.290327
17.348570 -0.128310 -1.444937
17.364990 1.076442 0.091451
17.381350 1.823732 -0.439798
17.397950 0.394070 1.846788
17.414370 -1.089564 4.158138
17.430730 -1.233242 6.938613
17.447140 -0.745002 5.998483
17.463620 1.059238 3.241382
17.479980 3.014358 1.811399
17.496460 -1.065961 1.094250
17.513000 -4.491363 3.064494
17.529110 -4.803295 5.194292
17.545650 -0.317965 2.427025
17.562010 2.309824 -1.515403
17.578610 -0.327414 -5.015687
17.595830 -0.378066 -5.452924
17.611690 -0.458945 -1.304607
17.627870 0.551830 0.091012
17.644290 0.179004 -1.431703
17.660710 -0.897141 3.341461
17.677060 -2.061919 7.621829
17.693790 -0.290859 11.051194
17.709960 2.022934 8.250774
17.726500 2.913958 4.390960
17.742860 0.436345 4.389534
17.759400 -1.512349 1.463326
17.775700 -0.748208 -0.934636
17.792110 1.127418 -2.593878
17.808590 0.822830 -2.523265
17.824890 -0.935575 -1.718467
17.841550 -2.270967 2.944491
17.857790 0.028843 2.557301
17.874270 4.161816 0.401357
17.890750 0.941408 -4.055866
17.907040 -1.757811 -2.640033
17.924740 -2.950273 4.702163
17.940000 -0.173171 4.098438
17.956540 2.182333 2.208314
17.972840 1.071244 -1.698634
17.989260 0.356271 2.617677
18.005800 -0.384719 5.307897
18.022340 -0.178778 3.940214
18.038510 0.297865 -2.457844
18.054990 0.942905 -7.764753
18.071350 -1.126500 -5.767307
18.087890 -0.472519 4.180366
18.120610 0.219910 6.056226
18.137080 -0.229840 0.978140
18.170100 -0.829921 -1.217141
18.186460 -1.450341 -2.388840
18.202940 1.716722 -0.200779
18.219360 3.607290 -4.119935
18.235600 0.960886 -3.589107
18.253360 -1.518578 -0.902866
18.268550 -1.654276 0.383974
18.284850 -0.853664 3.955532
18.301330 0.234699 5.005304
18.317750 -0.014097 2.875962
18.334230 0.203991 -1.012487
18.350770 0.186519 -7.937746
18.367130 -0.117688 -6.983762
18.383610 -0.418633 -13.940982
18.399900 -0.077503 -17.884829
18.416500 -0.012303 -14.559674
18.432800 0.197000 -4.948054
18.449280 0.454524 10.853728
18.465820 -1.836741 6.739481
18.481990 -1.024024 -2.558526
18.514950 -0.847661 -5.528618
18.531620 0.135853 -1.155906
18.564270 0.813550 7.319220
18.580870 0.719902 4.624458
18.597230 1.413857 1.949736
18.613650 0.652202 2.620730
18.630000 -0.506334 -0.038405
18.646360 -1.780637 -5.224435
18.662840 -2.206077 -8.814278
18.680480 1.449126 -5.476742
18.695800 3.190127 2.459800
18.712100 2.869917 10.825378
18.728640 -3.401505 0.779043
18.744870 -7.746725 -11.859153
18.761470 -5.433628 -18.937572
18.777890 -0.392431 -10.922146
18.794250 2.349091 -4.285562
18.810790 -1.144608 -8.604454
18.827090 -2.171655 -9.239428
18.843570 -2.143518 -1.327365
18.860170 -0.239967 10.638934
18.876460 -0.084255 14.894591
18.892760 0.921421 9.828320
18.912840 -2.258890 -9.095665
18.925900 -9.775845 -17.053337
18.958620 -19.198662 -15.294139
18.974980 -18.230255 -1.707134
19.008000 -9.413224 7.031836
19.024410 -0.673474 8.811372
19.040890 2.812217 7.164999
19.057310 0.301509 4.114323
19.073790 0.659193 -1.280333
19.090090 0.795272 -6.461273
19.106810 1.267113 -4.544341
19.123170 0.033787 -6.465075
19.139040 -3.382776 -3.593659
19.155760 -5.132756 -3.091054
19.172000 -3.337110 -1.006418
19.188480 0.474129 -0.985671
19.205020 1.842518 -5.008174
19.221250 1.388517 -1.504765
19.237730 1.144750 1.289545
19.254330 0.720185 0.060102
19.270570 1.280278 -4.423972
19.286990 0.322612 -4.594316
19.303470 -0.188101 0.384303
19.319820 -0.423661 5.676441
19.336240 0.014167 6.787500
19.352840 1.483040 6.002102
19.369080 0.746245 2.333435
19.385620 0.974093 2.145196
19.401980 3.800475 7.304121
19.418520 -3.427876 -3.902961
19.434880 -12.020066 -13.346563
19.451230 -14.043754 -16.896345
19.467770 -7.450953 -8.083630
19.484250 1.307553 3.247085
19.500790 0.363828 3.087233
19.517330 1.212168 5.949257
19.533810 1.818322 3.763838
19.550350 1.381313 -1.492902
19.570980 0.061288 -3.124304
19.583070 -0.897324 -3.556753
19.599060 -0.367331 -4.182047
19.615600 -0.115556 -2.049248
19.632080 -1.759294 0.830919
19.648500 -2.493264 3.107085
19.665280 -1.184850 1.947762
19.697940 -0.648586 -0.121721
19.714170 -1.463746 -2.243648
19.747070 -3.235440 -2.059210
19.763490 0.282271 2.122365
19.779970 3.874885 7.741612
19.796260 3.998039 11.325815
19.812870 2.018838 5.596214
19.829040 -0.602750 -1.936246
19.845640 -0.973274 -8.313964
19.862060 -1.553368 -11.240599
19.878480 -2.158561 -7.213750
19.895080 -0.986791 -3.064476
19.911320 0.518411 8.138815
19.944210 0.953725 14.190046
19.960570 0.293260 10.168107
19.993470 -2.033839 5.199593
20.009830 -1.382415 3.538126
20.042790 0.866659 5.343523
20.059200 0.097447 0.498950
20.091980 0.831008 -4.062355
20.108580 0.367783 -0.393296
20.141360 0.801925 6.504119
20.157840 0.994447 4.658275
20.173950 0.801261 2.746436
20.190860 2.413317 2.511292
20.206970 2.478334 1.362041
20.223510 0.838480 -0.125889
20.239810 -0.908511 -4.075736
20.256160 -1.119057 -0.214434
20.272640 -0.873962 -1.454790
20.289060 1.222917 -3.593750
20.305600 -0.826036 -3.482082
20.338500 -4.874837 -3.523777
20.354860 1.286351 1.520503
20.371340 8.025914 2.990463
20.387700 9.946329 3.873184
20.404110 3.085801 2.206194
20.420590 -2.760647 -3.153203
20.436950 0.388547 -5.189430
20.453490 1.155894 0.331677
20.469850 -1.030677 5.439452
20.486270 -3.330895 7.955952
20.502750 -3.609409 3.870205
20.519100 0.692104 0.823205
20.535580 4.369254 4.501202
20.552000 5.118476 -1.998103
20.568420 0.687768 -0.134005
20.584780 -2.816808 1.933230
20.601260 -2.288016 2.693956
20.634030 -1.676212 0.029448
20.652340 2.063176 -5.237523
20.667180 -0.878552 -0.433620
20.683470 -2.258424 0.541851
20.699950 -2.981051 1.396113
20.716190 -0.477618 -0.588591
20.732730 3.843372 -1.546003
20.749080 -1.173070 -6.542981
20.766240 0.328375 -3.982932
20.782530 1.102728 -0.647579
20.798710 -0.580235 0.692271
20.831670 -2.946389 0.278137
20.848140 -6.028945 1.679057
20.864440 -2.270797 5.631401
20.884400 -1.751935 3.238037
20.897280 -2.297847 3.441704
20.913570 -0.532027 0.714078
20.929870 0.817025 0.406165
20.946530 -0.652202 -2.220762
20.962890 -0.264078 -2.656210
20.979430 -0.281254 -0.626923
20.995850 -0.144695 -0.130532
21.012330 5.895339 0.460216
21.028930 8.669660 0.000018
21.045290 8.752176 -2.290607
21.061650 4.579205 -2.842146
21.078060 -0.067503 -1.283477
21.098570 1.886135 0.018133
21.110900 0.939388 2.771954
21.127140 0.159682 4.691378
21.143490 0.088973 1.626395
21.159910 0.163425 -2.225423
21.176330 0.750793 -11.437645
21.192810 -0.048194 3.588266
21.209230 0.365834 56.950950
21.225590 -2.599511 88.779082
21.242070 8.469217 54.878880
21.258610 16.290442 -28.791923
21.570680 14.216650 -67.502754
21.587160 7.021421 -38.118238
21.603640 -1.980744 1.227798
21.620000 2.024615 15.889978
21.638430 0.511292 11.699049
21.652890 -0.857125 2.272291
21.669130 -0.279446 -4.951289
21.685610 0.143028 -7.596714
21.701970 0.860642 -2.359593
21.718870 -1.179101 7.216729
21.734920 4.425640 -6.445315
21.751340 10.841841 -20.699413
21.767880 12.740088 -23.262310
21.784120 4.174345 -9.864293
21.800660 -2.987492 7.662244
21.817020 0.598838 8.748931
21.833560 0.405850 3.710938
21.851560 -0.652484 -2.317423
21.866330 14.271891 4.543792
21.883060 -35.402219 -24.887758
21.899170 -79.298854 -49.103168
