0.000000 28.750472 4.267356
0.016480 50.986042 7.793822
0.032710 58.106661 9.660379
0.049070 46.351023 8.723617
0.065550 26.906188 6.281174
0.081910 10.466799 3.751051
0.098510 0.474590 1.330837
0.114870 -3.061997 -1.093678
0.135380 -2.499918 -3.486353
0.147950 -1.526142 -5.269110
0.164310 -2.367270 -5.822625
0.181150 -3.921657 -4.717535
0.197390 -3.631791 -1.885115
0.213750 -1.513990 1.374638
0.230220 0.311787 3.385551
0.246700 1.091695 4.120261
0.263180 0.942180 4.746680
0.279300 -0.967579 5.953149
0.312260 -4.693285 7.225734
0.328610 -8.029945 7.166556
0.345210 -8.951823 4.916084
0.361690 -8.022407 1.256788
0.378050 -6.652940 -1.931877
0.410890 -4.797945 -3.041289
0.427120 -2.412050 -2.094367
0.443850 -0.660253 -0.477334
0.460080 -0.395329 0.595263
0.477050 -1.135961 0.399517
0.492920 -1.925779 -1.363189
0.509280 -2.274955 -3.912380
0.525880 -2.150726 -5.807214
0.558840 -1.809244 -6.208293
0.575200 -1.293946 -5.191438
0.591800 -0.389161 -3.159622
0.607910 0.913274 -0.413317
0.624510 2.180591 2.234435
0.640870 2.537481 3.674950
0.657230 1.136333 3.846885
0.673580 -0.330453 2.635451
0.690060 2.779005 -0.906541
0.854250 11.494596 -6.063938
0.870730 20.184393 -9.693330
0.887210 21.976186 -9.021206
0.903560 16.056919 -5.132450
0.920040 7.915984 -1.810961
0.936400 1.981848 -0.689203
1.002200 -0.984590 -0.498419
1.018430 -1.881506 0.194090
1.035030 -2.222784 1.189951
1.051510 -2.994315 1.299408
1.100710 -4.066322 0.229166
1.118900 -4.551504 -1.133487
1.133670 -3.797014 -1.562817
1.150020 -2.328565 -0.611187
1.166380 -0.972100 0.680495
1.199340 0.164838 1.193200
1.215580 1.541858 0.644149
1.232180 2.062757 -0.439287
1.265010 -1.482328 -0.743883
1.445560 -9.415369 0.561394
1.462160 -17.012689 2.787142
1.478520 -18.962539 4.051868
1.494870 -15.090857 3.358375
1.511350 -9.520848 1.853477
1.527830 -4.752292 0.988057
1.544070 -1.097817 0.956933
1.560670 1.302884 1.188047
1.577150 2.523692 1.273829
1.593630 3.085374 1.402005
1.609860 3.225812 1.598293
1.626460 2.282494 1.070683
1.642820 -0.295519 -0.872197
1.659060 -2.473991 -2.965922
1.675660 0.311132 -2.174221
1.938720 8.593371 1.975075
1.954960 14.965580 5.792053
1.971190 11.583785 5.986606
1.987670 0.688096 3.418435
2.004270 -8.149989 1.075475
2.020750 -10.171664 -0.305040
2.037110 -8.061565 -1.934112
2.053590 -5.326650 -3.884132
2.069950 -2.621684 -4.755306
2.086430 -0.080726 -3.656080
2.103150 1.449509 -1.488273
2.119380 1.733535 -0.037946
2.135740 1.250742 -0.178026
2.151980 0.671075 -1.399956
2.168700 0.101036 -2.516651
2.184940 -0.898166 -2.403650
2.201420 -2.200593 -0.571773
2.217770 -3.085567 2.385480
2.234250 -3.243974 4.535511
2.250730 -2.873705 4.405522
2.267090 -1.935369 2.653107
2.283450 -0.210519 0.943273
2.299930 1.728509 0.084666
2.316410 2.514252 -0.794369
2.332760 1.492822 -2.808461
2.349240 -0.524518 -5.358047
2.365720 -2.215430 -6.428693
2.382080 -2.838843 -4.646580
2.398560 -1.971112 -0.790210
2.415040 0.876434 2.712005
2.431400 4.861079 4.004374
2.447880 7.603989 3.388241
2.480590 7.357961 2.491453
2.497190 4.853891 2.274227
2.513670 2.105453 2.076094
2.530030 -0.303340 0.928830
2.546390 -2.234686 -0.712373
2.562870 -2.452941 -1.488775
2.579220 -0.270359 -0.857478
2.595700 2.696113 0.366697
2.612180 3.390485 0.822448
2.628540 0.721024 -0.218629
2.645020 -3.279753 -2.412281
2.661500 -5.957717 -4.689896
2.677730 -6.225544 -5.686751
2.694210 -4.614487 -4.486376
2.710690 -1.852768 -1.036646
2.727050 1.442000 3.730270
2.743530 4.034102 7.631467
2.760500 4.556637 8.276507
2.776370 2.764049 5.075496
2.792970 0.244014 0.106579
2.809200 -0.569549 -3.540599
2.825810 1.125490 -4.539529
2.842160 3.677611 -3.457530
2.858520 4.832601 -1.142202
2.874880 3.889508 1.524530
2.891360 2.275363 3.436508
2.907840 1.687358 3.607325
2.924070 2.048208 1.988336
2.940670 2.194043 -0.083684
2.957030 1.611941 -0.999238
2.973510 0.891392 -0.445405
2.990110 0.782915 0.267614
3.006350 0.884378 -0.568778
3.022830 0.094332 -3.097501
3.039310 -1.642634 -5.577842
3.055790 -3.107259 -5.990371
3.072020 -3.139946 -3.485362
3.088380 -1.754747 0.945637
3.105220 0.048116 4.924859
3.121700 1.486198 5.963402
3.138060 1.922669 3.685743
3.154300 0.767958 0.614476
3.170780 -1.103299 -0.732386
3.187260 -2.039607 -0.377424
3.207760 -1.825870 0.000036
3.220090 -1.557963 -0.343381
3.236450 -1.542505 -0.835680
3.269290 -1.095229 -1.227307
3.285640 -0.201070 -1.654922
3.318480 0.572014 -1.890218
3.335080 1.036939 -1.392234
3.351320 1.274849 0.209045
3.368040 1.181259 2.595322
3.384400 0.614901 4.723759
3.400760 -0.534663 5.213702
3.417110 -2.375206 3.224267
3.433720 -4.285388 -0.330648
3.449950 -4.543616 -2.943933
3.466430 -1.993894 -2.584788
3.483030 1.822478 0.216164
3.499270 3.699891 2.834402
3.516110 2.550897 3.474711
3.532100 0.684683 2.664211
3.564940 0.405884 1.520741
3.581420 0.898251 0.138203
3.614260 0.114128 -1.780222
3.630740 -1.775387 -3.496815
3.663570 -3.073335 -3.288249
3.680180 -3.178128 -1.227530
3.696290 -2.766327 0.169561
3.712890 -2.409419 -0.806646
3.729250 -2.103399 -3.169012
3.745730 -1.613212 -4.455664
3.762450 -0.806099 -3.705251
3.778560 0.138928 -1.967147
3.794920 0.683477 -0.300801
3.811520 0.194983 0.848757
3.827880 -1.003101 1.381939
3.844240 -1.533089 1.388311
3.860840 -0.636026 1.211877
3.877200 0.855121 1.048238
3.893550 1.306175 1.461834
3.910030 1.242004 3.325261
3.926510 3.950586 5.503415
4.205810 10.027862 6.040312
4.221920 14.042332 4.253025
4.238530 10.069219 0.754288
4.255000 0.005214 -3.006409
4.271360 -8.086814 -5.911932
4.287840 -9.700443 -6.462378
4.304440 -7.144055 -3.873219
4.321040 -4.239172 0.021396
4.337160 -2.067435 2.663514
4.353390 -0.447001 3.005637
4.370120 0.335735 2.141538
4.403690 0.232890 1.821250
4.419310 0.034784 2.246707
4.452390 0.757997 2.059446
4.468630 2.423238 0.336508
4.484990 4.311573 -2.208660
4.501340 5.765264 -4.210082
4.517940 6.139954 -4.898758
4.534420 4.839809 -4.385624
4.550660 2.091166 -3.239475
4.567260 -0.666695 -1.718507
4.583620 -2.008302 0.375585
4.599850 -1.650415 2.970561
4.616330 -0.466406 5.080901
4.632930 0.358689 5.283786
4.649290 0.258547 3.187089
4.665890 -0.425949 0.042270
4.682010 -0.612095 -2.399339
4.698490 0.509230 -3.300566
4.714840 2.303949 -2.933050
4.731450 3.203090 -1.951522
4.747800 2.502929 -0.770816
4.764280 1.067337 0.182381
4.780640 0.219454 0.464147
4.797000 0.143192 -0.008105
4.813480 0.453853 -1.109318
4.829960 1.252328 -2.278046
4.846310 2.004798 -2.628568
4.862790 1.989281 -1.694467
4.879270 1.322542 -0.020710
4.895630 0.470385 1.255703
4.911990 -0.187927 1.840341
4.928340 -0.646457 2.387634
4.944820 -0.710658 3.261033
4.961300 -0.144562 3.825112
4.977910 0.578843 3.217877
4.994140 0.672657 1.558529
5.010500 0.250982 -0.286821
5.026980 0.577948 -1.594123
5.043460 2.302895 -2.311399
5.059940 4.127995 -2.569125
5.076420 3.936330 -2.103931
5.092770 1.692129 -0.949910
5.109250 -0.468737 0.241742
5.125610 -1.078546 0.874737
5.141970 -0.396175 1.227989
5.158810 0.570017 1.638752
5.174930 1.205782 1.445896
5.191410 1.325473 0.254015
5.207760 1.179060 -1.031394
5.224240 1.268695 -1.097003
5.240480 1.579778 0.041013
5.257080 1.443263 1.087960
5.273440 0.163166 1.274010
5.289920 -1.734658 0.685487
5.306520 -2.823834 -0.302359
5.322750 -2.358366 -1.203412
5.339230 -0.911371 -1.797054
5.355590 0.441631 -2.207415
5.372070 1.243520 -2.691235
5.388430 1.288167 -3.024404
5.404910 0.643875 -2.302397
5.437740 0.006069 -0.426282
5.454100 0.408383 1.661790
5.470580 2.318989 2.590840
5.487060 4.446611 1.421727
5.503540 5.119171 -0.913025
5.536250 4.054973 -2.390258
5.552730 2.325898 -1.484178
5.569340 1.377985 1.329603
5.585690 1.482397 4.053376
5.602050 1.784709 5.221467
5.618530 1.445918 4.367916
5.635010 0.497410 2.084812
5.651250 -0.490392 -0.491445
5.667720 -1.571495 -2.501601
5.684330 -3.216682 -3.865812
5.700560 -4.716456 -4.755607
5.717160 -4.375222 -4.962543
5.733400 -2.316192 -4.403616
5.749880 -0.494529 -3.282263
5.766240 0.256024 -1.907556
5.782710 1.160951 -0.575366
5.799190 2.798796 0.661417
5.816530 3.398419 1.959081
5.832400 1.704166 2.815936
5.848880 -0.746918 2.526629
5.864990 -1.488985 1.447253
5.881470 -0.382533 0.735873
5.897950 0.793157 1.039645
5.914430 1.131408 1.559363
5.930790 1.166522 1.516690
5.947270 1.541281 1.262947
5.963870 2.011211 1.152469
5.980220 2.153392 0.903347
5.996460 1.964678 0.116168
6.029300 1.527535 -1.168468
6.049560 0.966406 -2.277381
6.062130 0.291864 -2.521533
6.078490 -0.738902 -1.977830
6.094970 -1.727771 -1.163956
6.111450 -1.581388 -0.389702
6.127810 -0.231329 0.624457
6.145870 1.162875 2.269201
6.160640 1.636039 3.948695
6.177250 1.086294 4.209443
6.193480 0.404213 2.029554
6.209960 1.177772 -1.809246
6.226320 4.234245 -4.633323
6.242800 7.948733 -4.532454
6.259280 9.059502 -2.400820
6.275760 6.445733 -0.462296
6.292110 2.240422 0.345487
6.308590 -1.035570 0.647922
6.324950 -2.198691 0.554905
6.341310 -1.500713 -0.338054
6.374150 -0.042216 -1.564117
6.390630 0.982878 -2.135768
6.406980 1.180618 -1.632586
6.423580 1.280830 -0.635514
6.440060 1.700053 0.103509
6.456420 1.823890 0.389836
6.473750 1.035339 0.489733
6.489140 -0.647737 0.693538
6.505620 -2.361800 0.884624
6.522090 -2.558377 1.035935
6.538450 -0.660250 1.415244
6.554810 2.353331 2.003948
6.571290 4.864326 2.337070
6.590090 5.850513 2.041571
6.604370 5.681151 1.032188
6.620610 4.692568 -0.667817
6.637080 2.731581 -2.183433
6.669920 0.211203 -2.141718
6.686280 -1.669301 -0.399460
6.702760 -1.436389 1.318264
6.719480 0.755990 1.211141
6.735720 3.003955 -0.450392
6.752200 3.903910 -2.027651
6.768550 3.425956 -2.403786
6.785160 2.409175 -1.966533
6.803830 1.475883 -1.824239
6.817870 0.652818 -2.086257
6.867190 -0.255121 -1.860326
6.883540 -1.240997 -0.698210
6.900020 -1.705057 0.866457
6.916380 -1.219954 2.206197
6.932740 -0.260604 3.206156
6.949220 0.477852 3.724080
6.965700 0.810441 3.308346
6.982060 1.006069 1.756298
6.998540 1.161884 -0.438886
7.014890 0.879026 -2.087966
7.031370 -0.029757 -2.237125
7.064330 -0.567484 -1.310276
7.080690 -0.566343 -0.498382
7.097290 -4.171987 -0.273675
7.113400 -15.164762 -0.070164
7.130740 -29.411003 0.525653
7.146480 -37.780864 1.140891
7.162720 -35.686920 1.772537
7.179440 -26.605500 2.799335
7.195680 -15.658127 3.902818
7.212040 -5.387012 4.083744
7.228520 2.024042 2.583273
7.245000 4.772571 -0.078637
7.261470 3.335916 -2.725012
7.277830 0.129219 -4.336621
7.294310 -2.449769 -4.240408
7.310670 -3.288004 -2.654906
7.327030 -2.421521 -0.256773
7.343510 -0.723064 2.202881
7.360110 0.316363 4.112745
7.376340 -0.072069 4.997936
7.392580 -0.938144 4.499051
7.409420 -0.757334 3.198237
7.425660 0.328373 1.867095
7.442140 0.649956 0.549682
7.458860 -0.252372 -0.957523
7.474850 -1.217984 -2.504646
7.491460 -1.325876 -3.273660
7.507690 -0.958756 -2.477994
7.524170 -0.759615 -0.400109
7.540650 -0.480972 1.421104
7.557010 0.046057 1.416565
7.573490 0.486784 -0.305298
7.589970 0.754714 -2.052338
7.606320 1.168510 -2.381550
7.622800 1.741009 -1.196449
7.639160 1.936339 0.667622
7.655640 1.655773 2.144505
7.672240 1.320030 2.467889
7.688480 0.864381 1.687535
7.704830 -0.251896 0.538704
7.721190 -2.052441 -0.525967
7.737790 -3.608173 -1.457157
7.754030 -4.065311 -1.797275
7.770630 -2.878485 -0.983052
7.787110 0.684935 0.574832
8.099240 5.829464 1.588620
8.115600 9.812668 1.165574
8.132320 10.205780 -0.107937
8.148560 6.872016 -0.579439
8.164790 2.646281 0.261378
8.181270 1.063094 0.924121
8.197750 2.988800 -0.327900
8.214110 5.929675 -3.475907
8.231080 6.611803 -6.435027
8.247190 4.752559 -7.046820
8.263550 2.512727 -5.039856
8.279790 0.816047 -1.834050
8.296260 -0.625618 0.931099
8.312740 -1.757428 2.499324
8.329220 -2.292017 3.178435
8.345580 -2.293681 3.392773
8.362180 -2.059769 2.984229
8.378420 -1.538779 1.856516
8.394900 -0.717578 0.507772
8.411380 0.020262 -0.024484
8.427730 0.441064 0.944873
8.444210 0.789884 2.469924
8.460820 1.202610 2.802851
8.477050 1.286663 1.200972
8.493650 0.540835 -1.560357
8.509770 -0.300271 -3.715521
8.526250 0.749672 -3.787262
8.542720 3.991121 -1.612232
8.560550 7.092349 1.479304
8.575680 7.453862 3.499658
8.592160 4.864252 3.233671
8.608400 1.517460 1.298473
8.624880 -0.563222 -0.355312
8.641360 -0.719846 -0.645833
8.657840 0.367352 -0.122097
8.674190 1.263220 0.350943
8.690670 1.093506 0.540370
8.707150 0.222116 0.370908
8.723390 -0.449635 -0.794558
8.739870 -0.636677 -2.986775
8.805540 -0.548595 -4.564312
8.822020 -0.108055 -3.741232
8.838500 0.930211 -0.590180
8.854980 2.279462 2.808795
8.871340 3.227647 4.248391
8.887820 3.463193 3.381972
8.904300 3.249477 1.470129
8.937130 2.742919 -0.082649
8.953610 1.981314 -0.736670
8.986210 1.183668 -0.835053
9.002810 0.423971 -0.515142
9.035520 -0.125630 0.568803
9.052000 -0.259016 1.854733
9.068360 -0.032438 1.512150
9.084840 0.320983 -1.443969
9.101320 0.165614 -5.148310
9.117800 -0.351049 -6.106078
9.134280 0.257994 -2.915594
9.150630 2.991877 2.234042
9.167110 7.163159 5.782135
9.183590 10.327640 6.001356
9.200070 10.486155 3.850773
9.216310 8.031513 1.155391
9.232910 4.674698 -0.811137
9.249270 2.030438 -1.400554
9.265630 0.407693 -0.559134
9.282100 -0.911403 0.884393
9.298460 -2.066973 1.818568
9.314820 -2.304864 1.825880
9.331420 -0.481448 0.880480
9.347780 1.252778 -0.486256
9.364260 -3.589410 -0.635344
9.380620 -16.374262 1.549334
9.396970 -29.069258 4.679735
9.413570 -32.521530 5.964831
9.429810 -26.265587 4.872672
9.446530 -17.119465 3.449340
9.462650 -8.901940 2.826938
9.479250 -1.661458 2.131300
9.495480 3.590973 0.450642
9.512080 5.169847 -1.665961
9.528560 2.992771 -3.062423
9.547120 -0.533460 -3.525787
9.561400 -2.446483 -3.577974
9.577640 -1.958787 -3.342004
9.594240 -0.612435 -2.242710
9.610470 0.046404 0.220364
9.627200 0.256707 3.126493
9.643550 0.742604 4.721935
9.659910 1.003047 4.252411
9.676270 0.361486 2.491369
9.692630 -0.750002 0.767156
9.709110 -1.356386 -0.693810
9.725590 -1.457742 -2.576350
9.741940 -1.540671 -4.523979
9.758540 -1.371588 -4.703343
9.775150 -0.944268 -2.172520
9.791380 -0.435919 1.318904
9.807740 0.357542 2.806207
9.824220 1.117689 1.134986
9.840700 1.009403 -2.178058
9.856930 -0.235530 -4.644208
9.873540 -1.437218 -4.401791
9.889890 -1.188691 -1.379393
9.906490 0.348275 2.534304
9.922610 2.020399 4.869505
9.939090 2.961976 4.598478
9.955690 3.439343 2.588745
9.971920 4.431635 0.043813
9.988530 5.890636 -2.033756
10.004880 6.519250 -2.691618
10.021360 5.829453 -1.584707
10.037840 4.437647 0.176631
10.054080 2.526843 0.647348
10.070560 0.187066 -0.490853
10.087040 -1.600948 -1.607547
10.103390 -1.979465 -1.355957
10.119870 -1.934480 -0.125860
10.136470 -2.398094 1.028196
10.152830 -2.223548 1.939870
10.169310 -0.570858 2.891867
10.185550 1.279475 3.774144
10.202030 1.639656 4.096151
10.218380 1.043479 3.380307
10.235110 0.800461 1.680877
10.251340 0.165270 -0.134424
10.267820 -2.015027 -0.821801
10.284180 -4.934392 -0.206974
10.300660 -6.371033 0.292937
10.317020 -5.152940 -0.299200
10.333500 -2.478660 -1.520236
10.349730 -0.372493 -2.392841
10.366330 0.111274 -2.222903
10.382690 -0.500043 -0.864959
10.399290 -0.793846 1.197174
10.415530 -0.218410 2.707364
10.432010 0.517857 2.803284
10.464970 0.525696 1.741700
10.481450 -0.046904 0.082590
10.497800 -0.251574 -2.150834
10.514280 0.099878 -4.866900
10.530640 0.287462 -6.678263
10.547000 -0.267723 -5.903982
10.563600 -1.167355 -2.856588
10.579960 -1.530447 0.272030
10.596310 -1.215210 1.943547
10.612670 -0.644213 2.599715
10.629150 -0.065250 3.086478
10.661990 0.370025 2.861235
10.678470 0.574479 1.123332
10.694820 0.602398 -1.428670
10.711430 0.313652 -3.985627
10.727780 -0.438546 -6.126063
10.744140 -1.120186 -6.154422
10.990840 -0.519682 -3.403643
11.007200 2.017731 0.248058
11.023680 4.927772 2.313645
11.039920 5.541952 2.603195
11.056400 3.465617 3.261287
11.072750 0.497796 4.396718
11.089360 -1.984161 4.477938
11.105830 -3.907291 3.146834
11.122190 -5.172565 1.120002
11.138550 -4.756333 -0.358514
11.154790 -2.817077 -0.317475
11.171390 -1.075804 0.768032
11.204220 -0.216168 1.370241
11.220580 0.465691 0.758909
11.253420 1.204264 -0.325652
11.269780 1.778306 -0.757404
11.286380 3.190070 -0.302083
11.302730 6.172170 0.564755
11.319210 8.893195 0.981682
11.352050 8.597918 0.390579
11.368530 5.351140 -0.466879
11.401370 2.323235 -0.469014
11.417720 1.359395 0.355710
11.434080 1.353786 0.770246
11.450680 0.786265 -0.141821
11.466920 -0.470571 -1.931427
11.483400 -1.339528 -3.364937
11.499880 -1.082639 -3.289169
11.516240 -0.000381 -1.784350
11.532840 1.016726 -0.569154
11.549070 0.930505 -1.222447
11.565550 -0.244316 -3.092201
11.582030 -1.230149 -3.815548
11.598390 -1.259778 -2.249007
11.615360 -0.784778 0.695944
11.631350 -0.150389 3.686988
11.647830 0.601988 6.023968
11.664180 3.029712 7.101945
11.680540 10.893843 5.654389
11.697020 23.553000 1.421634
11.713380 33.425312 -3.380630
11.731200 33.077040 -5.387837
11.746460 23.776980 -2.851096
11.762820 13.486005 2.372406
11.779300 6.129652 6.150005
11.795530 0.812471 5.652145
11.811890 -2.872669 1.588169
11.828740 -4.187499 -2.749765
11.844970 -3.374454 -4.363010
11.861330 -1.730731 -2.836413
11.877810 -0.096042 -0.212878
11.894040 0.889997 1.352514
11.910640 0.741793 1.420239
11.926880 -0.427236 0.984361
11.943360 -1.684670 0.986103
11.959840 -2.179764 1.492598
11.976320 -2.166999 2.063335
11.992680 -2.048879 1.984164
12.009160 -1.678272 0.791341
12.025510 -0.852958 -1.245449
12.041750 0.001594 -3.398947
12.058350 0.382791 -4.722977
12.074830 0.677701 -4.424337
12.091060 1.315123 -2.192060
12.107790 2.111499 1.298607
12.124020 2.960532 4.449957
12.140630 4.190720 5.830875
12.156860 5.524974 4.943716
12.173340 5.760872 2.120606
12.189580 4.490808 -1.197939
12.206180 2.551764 -2.545004
12.239010 0.719373 -0.991929
12.255370 -0.789129 1.290007
12.288330 -2.024576 1.356048
12.304690 -3.088526 -1.023279
12.337400 -3.657839 -3.351060
12.354130 -3.143528 -3.442153
12.370480 -1.667926 -0.990267
12.386840 -0.056239 2.225486
12.403320 1.044303 3.790879
12.436040 1.318864 3.111246
12.452640 0.654719 1.596285
12.468990 -0.279596 0.741260
12.485470 -0.045621 0.359045
12.501950 1.506686 -0.637846
12.518190 2.428318 -2.703229
12.534790 1.529435 -5.298054
12.551270 0.167486 -7.379829
12.567630 -0.964340 -8.030479
12.583980 -3.725600 -6.376321
12.600460 -10.207128 -2.224878
12.616820 -20.833159 3.269217
12.633420 -31.727141 7.772257
12.649660 -36.862192 9.111712
12.666260 -33.292062 6.923034
12.682860 -23.350721 2.454639
12.699100 -12.932984 -2.138744
12.715700 -5.462954 -4.744390
12.732060 -1.259711 -4.572587
12.748540 0.253732 -2.287101
12.765010 0.791964 0.895260
12.781250 2.174928 3.904360
12.797610 4.135088 5.367914
12.814210 4.257499 4.407399
12.831300 1.366643 2.190000
12.847050 -2.594161 0.678728
12.863400 -4.904882 0.787165
12.879880 -5.227548 1.915482
12.896240 -4.728990 2.838510
12.912600 -3.625977 2.683402
12.929080 -1.775753 1.226801
12.945680 0.279316 -0.576903
12.962040 1.607566 -0.975911
12.978520 1.834096 0.369423
12.995000 1.438306 1.428803
13.027710 0.930886 0.382540
13.046260 0.707108 -2.504873
13.060670 0.647619 -5.469814
13.076900 -0.061447 -7.189788
13.093510 -1.418003 -7.209601
13.109740 -2.363397 -4.923965
13.126340 -2.136154 -0.991572
13.142940 -0.813565 2.491227
13.159180 1.006294 4.032218
13.175660 2.600496 3.752257
13.192140 3.187649 2.668356
13.208620 2.193409 1.635126
13.224850 0.132235 1.454882
13.241330 -1.506429 2.287241
13.257810 -1.708054 2.951686
13.274170 -0.760469 2.512870
13.290770 0.412153 1.694427
13.307130 1.369507 1.498283
13.323730 1.886125 2.016306
13.340090 1.795446 2.841928
13.374270 1.735523 3.336426
13.389400 2.672415 3.035652
13.405640 4.497575 1.773412
13.422120 5.388734 -0.159889
13.438600 3.805753 -1.967109
13.454830 0.521293 -3.182136
13.471190 -2.171606 -3.703070
13.487790 -2.736996 -3.327236
13.504150 -1.790091 -1.780278
13.520750 -0.895089 0.852748
13.537110 -0.702009 3.610771
13.553470 -0.680607 4.924877
13.569950 -0.479337 3.817566
13.586300 -0.388991 0.832908
13.602780 -0.395711 -2.577041
13.619140 -0.143777 -5.241608
13.635620 0.392795 -6.449929
13.651980 0.753985 -5.782133
13.668460 0.591558 -3.538490
13.684810 0.275215 -0.822142
13.703250 -0.041998 1.328871
13.717770 -1.251040 2.805118
13.734130 -3.478439 3.716664
13.750730 -5.023374 3.531191
13.766970 -4.204508 2.107019
13.783330 -1.890964 0.066038
13.799930 -0.780613 -1.885453
13.816160 -1.545565 -3.213949
13.832760 -2.618078 -3.566567
13.849240 -2.660895 -2.634289
13.865720 -1.516995 -0.714668
13.882080 0.161267 1.020651
13.898560 1.719541 1.412999
13.917600 2.417419 0.531769
13.931270 2.009382 -0.218723
13.947750 1.246360 0.470695
13.964110 0.927176 2.297352
13.980590 0.871294 3.687568
13.996950 0.369546 3.662668
14.243410 1.008568 2.264080
14.260250 5.305644 0.061211
14.276370 13.619676 -1.947028
14.292720 24.587118 -2.771958
14.309200 34.035102 -2.249243
14.325680 37.036141 -1.406555
14.341920 31.498022 -1.542817
14.358400 20.132611 -2.839361
14.374880 9.475149 -4.294717
14.391240 3.178052 -4.756669
14.407710 0.340986 -3.648333
14.424190 -1.033409 -1.266111
14.440550 -2.407962 1.500933
14.457030 -3.892200 3.728225
14.473270 -4.626662 5.092851
14.489750 -4.101687 5.800664
14.506230 -2.645402 5.577105
14.522580 -1.135810 3.880955
14.539060 -0.235607 0.981627
14.555540 0.194171 -1.527496
14.571900 0.409091 -2.188891
14.588500 0.192235 -1.452331
14.604980 -0.385924 -0.633945
14.621220 -0.983183 -0.330367
14.637570 -1.405042 -0.057352
14.654170 -0.975389 0.863842
14.670530 0.352770 1.677945
14.687010 -0.266124 1.208582
14.703370 -5.774594 0.156182
14.719730 -15.386195 0.438013
14.736330 -25.886853 2.812683
14.752690 -33.371432 5.287275
14.768920 -34.778424 5.710770
14.785520 -28.681523 4.511025
14.802000 -17.158398 2.933768
14.818240 -6.022147 1.581066
14.834720 0.864419 0.533253
14.851320 3.425647 -0.051719
14.867800 3.249869 -0.034142
14.884030 1.980289 0.096879
14.900630 0.165749 -0.268494
14.916870 -1.949859 -1.121159
14.933230 -3.631054 -1.893690
14.950070 -4.029453 -1.895527
14.966430 -3.024742 -1.106698
14.983030 -1.448309 -0.253586
14.999390 -0.527554 0.505926
15.015870 -0.161353 1.452051
15.032100 1.606835 2.328816
15.048340 5.434167 2.519285
15.064820 9.080466 1.792287
15.097660 9.541863 0.881794
15.114010 6.744796 0.603931
15.147090 3.605786 0.951640
15.163330 1.637945 1.326704
15.196290 0.265219 0.956677
15.212650 -1.398621 -0.429571
15.229740 -3.437208 -2.717550
15.245730 -4.616753 -5.603495
15.261840 -4.311149 -7.819791
15.278320 -3.157189 -7.600087
15.294800 -1.753767 -4.693356
15.311280 -0.466042 -0.912456
15.327640 0.592296 1.691669
15.344240 1.375405 2.421857
15.360720 1.569386 1.671518
15.377080 0.890252 -0.372805
15.393430 -0.631309 -3.781212
15.409910 -2.135502 -7.221556
15.426270 -2.315780 -8.031669
15.442630 -1.157842 -4.849165
15.459110 0.114133 0.522829
15.475590 0.885285 4.750001
15.491940 1.731983 6.402531
15.508420 2.704861 5.802700
15.524780 2.618069 3.110464
15.541260 0.798879 -1.196084
15.557740 -1.298192 -5.373381
15.574220 -0.813618 -6.862653
15.590580 2.804987 -4.321302
15.607300 7.040554 0.681089
15.623410 9.306663 4.832392
15.639890 8.753206 5.950448
15.656250 6.432876 4.365751
15.672730 3.555531 1.908850
15.689210 0.572776 -0.193820
15.705440 -1.968558 -1.390247
15.722050 -3.369457 -1.150500
15.738400 -3.239095 0.040408
15.754760 -1.872180 1.027882
15.771240 -0.123050 1.305095
15.787840 1.215030 1.496080
15.804200 1.787143 1.769788
15.820560 1.691051 1.174407
15.836910 1.401563 0.171543
15.853270 1.068741 0.113169
15.869750 0.458212 0.799118
15.886230 0.232217 0.881790
15.902710 1.046729 0.021938
15.919190 1.973401 -0.712594
15.935550 1.564355 -1.216587
15.951900 -0.172825 -2.272929
15.968260 -1.597839 -3.388983
15.984860 -1.538842 -3.243397
16.001100 -0.402442 -1.792651
16.017460 0.087018 0.262557
16.033940 -1.954270 3.357375
16.050290 -5.989753 7.398597
16.066890 -9.040653 10.424405
16.083370 -8.959727 10.603206
16.100830 -6.506313 8.006723
16.116210 -3.770258 3.887184
16.132690 -1.806858 -0.918780
16.149050 -0.818070 -5.202623
16.181880 -0.806587 -7.033367
16.198360 -1.300337 -5.804501
16.214720 -1.206934 -2.539092
16.231080 0.646635 1.407787
16.247680 3.544357 4.494884
16.264040 4.610472 5.193393
16.280400 2.188644 3.105105
16.296880 -2.072255 -0.367593
16.313230 -5.204394 -2.853754
16.329960 -6.162141 -2.904140
16.346310 -5.619069 -1.082085
16.362670 -3.845209 0.564227
16.379270 -1.291995 0.286611
16.395510 0.739347 -1.487105
16.411990 1.348799 -2.457032
16.428340 0.930966 -0.964519
16.445190 0.593451 1.968191
16.461300 0.944247 3.604808
16.477660 1.345739 2.578685
16.494020 1.382748 0.174749
16.510380 2.385917 -1.380022
16.526980 5.245901 -1.326625
16.543820 8.519423 -0.604708
16.559940 9.558333 -0.303004
16.576290 7.253411 -0.581235
16.592530 3.487486 -0.959111
16.609010 0.702364 -1.415404
16.625490 -0.471920 -2.418944
16.641850 -0.665653 -3.448367
16.658450 -0.571953 -3.049626
16.674800 -0.773422 -1.421424
16.691160 -0.371928 0.104677
16.707640 3.509164 1.648386
16.970460 9.996946 4.240174
16.987060 12.196184 7.296411
17.019780 5.419276 8.262976
17.036130 -5.569085 6.221671
17.052610 -11.666875 2.760678
17.069090 -10.705498 -0.905152
17.085450 -7.213114 -4.327287
17.102050 -4.437949 -6.806395
17.118290 -2.730633 -7.552813
17.134890 -1.257944 -6.309351
17.151120 0.698419 -3.487110
17.167600 2.585862 0.182482
17.184080 3.267888 3.738372
17.200560 1.859698 6.653887
17.217040 -1.668420 9.293679
17.233520 -5.526723 11.405150
17.249880 -7.115154 11.942848
17.266240 -5.615822 10.758813
17.282590 -2.819060 8.643308
17.301640 -1.026401 5.913666
17.315550 -0.546050 2.302400
17.331910 -0.150360 -1.437938
17.364750 0.842358 -3.740014
17.381100 1.991955 -4.395421
17.413940 1.934925 -4.469896
17.430540 0.373456 -4.405264
17.447020 -0.780915 -3.754875
17.463380 -0.033822 -2.143106
17.479740 1.754776 0.113433
17.496340 2.425407 2.019767
17.512570 1.270261 2.401744
17.529050 -0.657697 1.129431
17.545410 -2.277780 -0.342748
17.561890 -2.704600 -0.581409
17.578250 -1.804029 0.318516
17.594850 -0.569730 1.189587
17.611330 -0.056988 1.395360
17.627690 -0.257027 1.101562
17.660400 -0.448867 0.519472
17.676880 -0.457096 -0.093555
17.709840 -0.330174 -0.476313
17.726200 -0.013286 -0.732686
17.742550 0.498885 -1.207973
17.759160 1.127494 -1.827697
17.775510 2.090814 -2.195197
17.791870 4.077161 -2.065710
17.808470 6.344745 -1.318970
17.824950 7.220394 -0.119969
17.841060 6.322743 1.016582
17.857670 4.650461 1.544645
17.874020 3.210300 1.222070
17.890500 1.692457 0.218401
17.906980 -0.156787 -0.925901
17.923340 -1.754190 -1.527246
17.958500 -2.929740 -1.225457
17.972660 -3.479687 -0.474677
17.989010 -2.761801 -0.147780
18.005490 -1.106977 -0.440016
18.021970 0.320138 -0.826656
18.038330 1.112443 -0.910429
18.054810 1.831528 -0.915481
18.071040 2.721825 -0.721280
18.087650 3.138099 0.441099
18.104130 3.153581 2.291258
18.120360 3.031612 3.435005
18.137210 2.147546 2.894397
18.153320 0.950687 0.985629
18.169800 0.618448 -1.211184
18.186160 1.243077 -2.832711
18.202640 1.993299 -3.111664
18.219120 2.187886 -2.020925
18.235600 1.747188 -0.682304
18.251830 0.501446 0.106436
18.268430 -1.061884 0.348510
18.286130 -2.428519 0.295101
18.301270 -5.047524 0.204994
18.317500 -9.500613 0.033831
18.333980 -12.827335 -0.451454
18.350460 -11.484103 -1.182304
18.366820 -6.277403 -1.414820
18.383420 -1.653196 -0.186858
18.400510 0.480524 2.460869
18.416140 1.137700 4.839124
18.432620 0.846131 4.747577
18.448970 -0.311094 1.877758
18.465330 -1.688969 -1.618066
18.481930 -1.989834 -3.371774
18.498290 -1.159621 -3.172817
18.514770 -0.539328 -2.199606
18.547610 -0.515755 -1.091880
18.564210 -0.345589 -0.117445
18.580570 0.489596 0.298151
18.596920 0.971509 0.120881
18.614380 0.151880 0.170943
18.629880 -1.007247 1.204154
18.646120 -1.299525 2.918400
18.662720 -0.985360 4.122751
18.678960 -1.073647 3.780024
18.695560 -1.133273 1.985065
18.711910 -0.440959 -0.132496
18.728270 0.243406 -1.151508
18.744630 0.232944 -0.449246
18.761110 -0.029641 1.004628
18.777470 0.143943 1.462900
18.794070 0.310291 0.309887
18.810550 -0.030577 -1.171722
18.826900 -0.104204 -1.323216
18.843380 0.776761 -0.021882
18.859620 2.039017 1.636699
18.876220 2.299219 2.591568
18.892460 1.010758 2.137521
18.909060 -0.823109 0.433982
18.925290 -1.600744 -1.341201
18.941890 -0.349572 -1.966323
18.958370 1.983508 -1.266851
18.974850 2.880827 -0.108028
18.991090 0.940763 0.793036
19.007570 -2.428428 1.246802
19.024050 -3.788721 0.972836
19.040530 -0.595776 -0.319220
19.056880 5.446145 -2.097911
19.073240 9.530102 -3.094145
19.089600 8.624758 -2.569690
19.106080 4.587614 -0.996100
19.122680 1.551285 0.537508
19.139040 0.690382 1.401868
19.155400 0.413258 1.371255
19.171880 -0.324378 0.301408
19.188230 -1.217072 -1.131702
19.204470 -1.409957 -2.017983
19.221070 -0.264293 -2.134859
19.237430 2.139812 -1.610632
19.253910 4.355146 -0.889443
19.270510 4.215472 -0.619546
19.286990 1.652391 -1.212309
19.303100 -0.629834 -2.310713
19.336180 -0.265666 -2.901020
19.352660 2.109871 -2.345163
19.369260 3.842385 -0.397050
19.385380 3.538214 2.980310
19.401860 2.023025 6.346539
19.418460 0.462974 6.922324
19.434570 -0.977779 3.375547
19.450930 -2.409080 -2.047062
19.467770 -3.274229 -5.285548
19.484010 -3.024420 -4.774768
19.500490 -1.858865 -1.961978
19.516720 -0.417551 0.990460
19.533080 0.877900 2.121163
19.549680 1.391625 0.813345
19.566040 -0.158786 -1.604587
19.582520 -3.807131 -2.719329
19.599000 -7.461812 -1.752621
19.615360 -8.918115 -0.685245
19.631710 -7.666048 -0.557675
19.648440 -4.690800 -0.365077
19.681150 -1.162166 0.150930
19.697510 1.533378 0.137336
19.714110 2.005725 -0.649989
19.730350 0.688581 -1.184157
19.746830 -0.522257 -0.746542
19.763180 -0.674355 0.083934
19.779540 -0.568906 0.757474
19.796140 -1.057450 1.173183
19.812500 -1.524077 1.076660
19.828980 -0.925282 0.377458
19.845580 0.399610 -0.592628
19.861940 0.917375 -1.288331
19.878420 -0.158255 -1.097187
19.894780 -1.212388 0.195676
19.911250 0.539330 2.116609
19.928710 4.922326 3.768423
19.944090 8.628966 4.480020
19.960690 9.050537 4.209318
19.976930 6.578871 3.195741
19.993410 3.443229 1.598787
20.009770 0.970155 -0.357804
20.026370 -0.223876 -2.086795
20.042600 -0.092954 -2.793370
20.059200 -0.378181 -2.084292
20.075440 -2.956951 -0.551067
20.091800 -6.898729 0.754981
20.108640 -9.156803 1.478240
20.124880 -8.313043 1.981796
20.141240 -5.843718 2.496963
20.157590 -3.535156 2.654694
20.174190 -1.545388 1.985122
20.190550 0.495800 0.805221
20.206910 2.288739 -0.042816
20.223390 3.224801 -0.303306
20.239870 3.084094 -0.277454
20.256590 2.143808 -0.030811
20.272710 0.970463 0.527295
20.289180 -0.019568 0.938645
20.322020 -0.832669 0.374525
20.338260 -1.188052 -0.992743
20.371340 -0.815890 -1.835124
20.387820 -0.256786 -1.513500
20.420410 -0.141583 -0.892635
20.436770 -0.435676 -1.053888
20.453490 -0.561285 -1.942977
20.469970 -0.350719 -2.586890
20.486210 -0.114140 -2.439844
20.502810 0.348562 -1.851049
20.519040 1.319854 -1.412042
20.535400 2.559089 -1.264487
20.551880 3.489273 -0.813361
20.568360 3.482440 0.638916
20.585330 2.603415 2.702696
20.601320 1.422923 3.749531
20.617680 0.267940 2.477359
20.634030 -0.548457 -0.113138
20.650390 -1.109633 -1.196206
20.666630 -2.201850 0.649737
20.683230 -3.947493 3.648769
20.699580 -5.160155 4.874376
20.716060 -4.540152 3.664349
20.732540 -2.581875 1.561553
20.749020 -1.182202 -0.370570
20.765500 -0.775688 -2.114820
20.781740 -0.534835 -3.442735
20.798340 -0.499111 -3.501565
20.814700 -1.278799 -2.036802
20.831180 -3.096212 -0.169545
20.847780 -3.647207 0.802991
20.864010 1.937057 0.646754
21.159420 12.455376 -0.159985
21.176150 17.770309 -0.970085
21.208740 10.789216 -1.339316
21.225340 -2.928811 -0.980596
21.241820 -11.394648 0.059839
21.258420 -10.899309 0.647730
21.274780 -6.815179 -0.008900
21.291260 -3.295818 -0.806459
21.307620 -0.951362 0.157153
21.323970 0.436739 2.979120
21.340580 0.882085 5.053438
21.356810 0.632394 3.971319
21.373410 0.384285 0.349034
21.389770 0.471947 -2.926193
21.406130 0.285466 -3.493685
21.422490 -0.409292 -1.531000
21.439090 -0.678131 0.901370
21.455570 -0.086261 2.291139
21.471920 0.684314 2.608933
21.504760 0.903232 2.327289
21.521240 0.981294 1.749950
21.537600 1.393869 0.996907
21.554080 0.962400 -0.106732
21.570430 -0.881834 -1.739333
21.586910 -2.768047 -3.352418
21.603270 -2.818625 -3.581647
21.619750 -0.155529 -2.172289
21.652710 3.575636 -0.961550
21.669070 6.005210 -1.167210
21.685910 6.117324 -1.816859
21.701900 4.378033 -1.612554
21.718510 2.374252 -0.679831
21.734620 1.030925 0.092513
21.751340 0.226191 0.386007
21.767580 -0.465776 0.497455
21.783940 -1.130023 0.669143
21.800540 -0.768684 0.770524
21.816890 0.884334 0.824533
21.833250 2.094098 0.977718
21.849730 1.507994 0.949610
21.866090 -0.044264 0.350699
21.882690 -0.826073 -0.787433
21.899050 -0.673446 -1.677347
21.915770 -0.711749 -1.705400
21.931880 -1.154070 -1.305380
21.948490 -1.134735 -0.778089
21.964600 -0.095989 0.183919
21.981200 1.514357 1.704673
21.997680 2.792344 3.362983
22.014650 3.052488 4.177615
22.030640 2.263105 3.342843
22.046880 1.179049 1.308070
22.063230 0.378033 -0.752939
22.079830 -0.418537 -2.247667
22.096310 -1.539715 -3.380694
22.112790 -2.476196 -4.122313
22.129030 -2.227049 -3.638843
22.145510 -0.816174 -1.731841
22.162110 0.473045 0.688114
22.178470 0.777849 2.654066
22.194820 0.604537 3.341899
22.211180 0.729884 2.541041
22.227660 0.853038 0.952352
22.244260 -0.081438 -0.529909
22.260620 -1.873412 -1.307951
22.276980 -2.638686 -1.432409
22.293330 -1.360798 -1.243955
22.309810 0.585149 -0.791800
22.326290 0.651166 0.035747
22.342650 -1.952980 1.336030
22.359010 -5.419696 2.490292
22.375610 -7.353186 2.335549
22.391850 -6.599519 0.839069
22.408200 -4.081245 -0.585506
22.424680 -1.471069 -0.549509
22.441160 0.347812 1.069009
22.457640 1.518515 2.954469
22.474000 2.598705 3.536897
22.490360 3.298694 2.730610
22.506840 2.745311 1.368419
22.523320 0.592679 -0.288031
22.539790 -2.516412 -2.292058
22.556270 -5.275221 -4.493884
22.572750 -6.302489 -6.134006
22.588990 -4.679643 -6.170077
22.605350 -1.331927 -3.996298
22.621830 1.724713 0.070461
22.638310 3.831633 3.693835
22.654910 5.301519 4.791431
22.672610 5.846632 4.246326
22.687740 4.636379 3.711750
22.704100 1.978117 3.372202
22.720580 -0.441809 2.345715
22.737060 -1.735985 0.792802
22.753300 -1.993233 -0.203540
22.771360 -1.328219 -0.394694
22.786130 -0.571179 0.295930
22.802610 -0.210999 1.498108
22.819090 0.786320 1.847552
22.835450 2.836489 0.584519
22.851930 4.667820 -1.503531
22.868290 4.801084 -2.989124
22.884640 3.364764 -3.334594
22.901250 1.914718 -2.735283
22.917720 1.118002 -1.473384
22.934200 0.453238 -0.659923
22.950560 -0.408690 -1.050889
22.966800 -1.327132 -1.604797
22.983640 -2.013318 -1.292280
22.999760 -2.051330 -0.271924
23.016240 -1.273778 0.944812
23.032840 -0.240742 2.057526
23.049070 0.168486 2.709781
23.065430 -0.468152 2.499929
23.081910 -1.432953 2.005055
23.098390 -1.918238 1.728642
23.114750 -1.905264 0.743365
23.131100 -1.027959 -1.349315
23.147580 0.891311 -3.324371
23.164060 2.640310 -3.773362
23.180540 2.560021 -2.686019
23.196900 0.583150 -1.065348
23.215580 -1.354987 0.666863
23.229980 -1.290069 2.492504
23.246090 0.581439 4.039382
23.262700 2.104766 4.481038
23.279050 1.908944 3.506501
23.295410 0.960958 1.714772
23.328370 0.924873 -0.226204
23.344730 1.841516 -1.642160
23.377690 2.726122 -1.983713
23.394040 3.108215 -0.821823
23.427370 2.648494 1.004145
23.443360 1.504382 1.866570
23.459840 0.540816 1.393481
23.476070 0.016582 0.224868
23.492800 -0.504594 -0.753771
23.525390 -1.256678 -1.631438
23.544560 -1.572822 -2.678643
23.558470 -1.089425 -3.220868
23.574710 -0.746594 -2.461498
23.591190 -0.705303 -0.515236
23.607540 -0.054360 1.177460
23.624020 1.479360 1.578495
23.640380 2.435640 1.314068
23.656860 0.469438 1.475766
23.673340 -3.888751 1.975057
23.689700 -7.383836 2.117169
23.706180 -7.863135 1.941423
23.722530 -5.961190 1.660025
23.738890 -3.833520 1.016988
23.755490 -2.305206 -0.318835
23.771850 -1.008579 -1.915781
23.788330 0.184805 -2.724534
23.804690 1.134603 -2.299385
23.821170 1.375268 -1.149166
23.837520 0.800431 -0.051978
23.854000 -0.073977 0.623976
23.871700 -0.969470 0.922525
23.886720 -1.899516 0.965250
23.903320 -2.498252 0.667686
23.919800 -1.999166 -0.022466
23.936160 -0.468425 -0.910782
23.953000 0.762232 -1.719413
23.969360 0.528199 -1.974957
23.987550 -0.650825 -1.564508
24.001830 -1.051768 -0.810676
24.018190 -0.210678 0.379479
24.034670 0.966136 2.250743
24.051150 1.994923 4.071365
24.067990 2.987967 4.131329
24.084230 3.801985 1.830437
24.100830 3.449088 -1.468661
24.117190 1.198798 -4.103450
24.133300 -2.070570 -5.528250
24.149900 -4.510169 -5.843754
24.166260 -5.506282 -4.687931
24.182860 -3.977173 -2.130361
24.215580 2.221277 0.748051
24.511230 10.225704 3.033916
24.530150 13.482755 4.170520
24.543950 9.097004 3.819008
24.560420 1.626762 2.310141
24.576900 -2.664427 0.706153
24.593260 -3.879276 0.225867
24.609620 -4.027045 1.057287
24.626220 -3.334711 2.457084
24.642580 -2.023174 3.627895
24.659060 -0.493552 3.797297
24.675540 1.188324 2.600279
24.691890 3.648680 0.418582
24.708250 6.407652 -1.745090
24.724850 7.555468 -3.006484
24.741090 6.034740 -3.225866
24.757810 3.208861 -2.895415
24.774170 1.388332 -2.213647
24.790410 0.989416 -0.678452
24.806880 0.792469 1.462322
24.823240 0.241975 2.970336
24.839720 -0.035427 2.980030
24.856080 0.103977 1.881698
24.872680 0.225392 0.540354
24.888920 0.278674 -1.062981
24.905520 0.266728 -3.130829
24.921880 0.048568 -4.815912
24.938350 -0.562073 -4.640450
24.954830 -1.426254 -2.307346
24.971070 -1.937412 0.590752
24.987670 -1.424519 2.136111
25.004030 0.165048 1.846927
25.020630 1.232197 1.002265
25.053340 -0.153099 1.317283
25.069700 -3.648400 3.045510
25.086180 -7.229674 4.964222
25.102540 -9.283082 6.021939
25.119020 -9.297914 6.248325
25.135620 -7.447916 5.940181
25.151980 -4.697408 4.529001
25.168090 -2.602689 1.618853
25.184690 -1.799426 -1.708793
25.201170 -1.741638 -3.419869
25.217530 -1.575602 -2.753826
25.234130 -0.660098 -1.211393
25.250490 0.940268 -0.269676
25.266850 2.539452 -0.086472
25.283330 3.617615 -0.115939
25.299800 4.177040 -0.010805
25.316160 4.225350 0.207963
25.332640 3.395203 0.547649
25.348880 1.598743 0.323128
25.365480 -0.188149 -0.908395
25.381710 -0.861636 -2.343067
25.694090 -0.784445 -3.506816
25.710450 -0.916979 -4.224030
25.726810 -1.182067 -3.744405
25.743530 -0.634759 -1.519288
25.759890 0.767848 1.469146
25.776250 1.571247 3.057078
25.792850 1.128212 2.431604
25.809080 0.214084 0.832152
25.825440 -0.351185 -0.548186
25.841920 -0.170009 -1.751829
25.858280 0.602069 -3.112073
25.874760 1.273327 -3.916329
25.891110 0.980811 -2.588368
25.907710 -0.085934 0.809579
25.924070 -0.820093 3.817132
25.940310 -1.098971 4.539160
25.956910 -1.532934 3.018420
25.973270 -2.067291 0.620540
25.989750 -2.143384 -0.753860
26.006350 -1.631121 -0.161386
26.022580 -1.202846 1.582456
26.038940 -1.307984 2.246005
26.055420 -1.458672 0.922111
26.088260 -1.174933 -0.423440
26.104740 -0.285145 -0.245867
26.121220 0.936029 0.444381
26.137570 1.612823 -0.077808
26.154050 1.345331 -1.744885
26.170410 0.512494 -2.810455
26.186890 -0.131227 -2.406571
26.203370 -0.137536 -1.173209
26.219970 -0.036462 0.157167
26.236330 -0.552345 1.090648
26.252690 -1.541591 1.344095
26.269040 -2.079082 1.184781
26.285280 -1.395700 1.455931
26.301880 0.167602 2.493184
26.318360 1.482745 3.231719
26.334720 1.926349 2.607596
26.351070 1.817183 1.084025
26.367680 1.786795 -0.051039
26.383910 1.759680 -0.214529
26.400390 1.047652 0.188480
26.433230 -0.408491 0.510834
26.449710 -1.730861 0.182193
26.466060 -2.118727 -1.383254
26.482540 -1.885653 -3.948520
26.499020 -1.858441 -6.019217
26.515380 -2.136230 -5.834091
26.531980 -2.203572 -3.008598
26.548220 -1.612177 0.854544
26.565310 -0.439293 3.671545
26.581300 0.543733 4.400701
26.597780 0.822478 3.418833
26.614140 0.790681 1.763179
26.630490 0.592490 0.294626
26.646970 0.802545 -0.121572
26.663330 3.333103 0.838564
26.679930 8.458944 1.663092
26.696410 13.031801 0.807132
26.712770 12.876633 -0.994081
26.729130 7.640090 -2.010503
26.745360 1.369006 -1.630456
26.778320 -2.607724 -0.543393
26.794560 -3.827654 0.467089
26.811040 -3.442612 0.770267
26.827510 -2.347858 0.196420
26.843870 -0.734939 -0.481013
26.860230 0.807954 -0.475870
26.876710 1.466220 0.033717
26.893190 1.311578 0.702073
26.909420 1.086419 1.613928
26.925780 0.835038 2.114477
26.942630 -0.236552 1.065740
26.958980 -2.790793 -1.355709
26.975220 -6.097437 -3.199280
26.991820 -8.272381 -3.102291
27.008300 -7.876073 -1.981818
27.024660 -5.237512 -1.544053
27.041020 -2.319781 -2.176158
27.057500 -0.855167 -2.509756
27.074100 -1.286435 -1.431584
27.090450 -2.553041 0.274913
27.106930 -2.748411 1.001941
27.123290 -1.131772 0.460983
27.139650 1.197233 -0.055795
27.156130 2.839258 0.459003
27.172490 3.466088 1.222925
27.188840 4.103762 1.658800
27.205320 3.009105 0.865823
27.221800 -1.940590 -3.099518
27.238280 -4.695493 -7.743440
27.517460 1.569902 -7.780283
27.534060 13.055351 -1.678049
27.550290 16.931267 5.843870
27.566770 7.770737 9.048010
27.583250 -4.632783 8.240613
27.599850 -10.790057 5.993254
27.616210 -10.379057 3.630491
27.632570 -7.582796 1.810392
27.649050 -5.181039 0.146232
27.665410 -3.486866 -1.924775
27.681640 -2.281856 -4.125697
27.698240 -0.897201 -5.123471
27.714840 0.936471 -3.655868
27.731080 2.984803 -0.280044
27.747560 5.636261 2.516656
27.764040 9.009409 2.539135
27.780400 11.990430 0.434819
27.796880 12.806847 -1.215770
27.813480 10.625080 -1.368839
27.829710 6.443154 -1.208970
27.846070 1.882635 -1.713126
27.862430 -1.138983 -2.025888
27.879030 -1.656249 -1.172610
27.895390 -0.848091 0.397010
27.911870 0.045728 1.872969
27.928100 0.226467 2.784208
27.944700 -1.105774 2.655986
27.961180 -3.458229 1.064151
27.977540 -4.980748 -1.464868
27.993900 -4.246534 -3.420957
28.010380 -2.418178 -3.791347
28.026730 -1.401424 -2.514555
28.043330 -0.767735 0.338510
28.059810 0.287615 4.298848
28.076170 1.212780 7.452826
28.092530 1.052250 7.245946
28.109010 -0.374996 3.588317
28.125240 -2.031324 -0.689863
28.141850 -2.560517 -3.025185
28.158330 -1.664469 -3.310365
28.174560 -0.019776 -2.644541
28.191160 1.449304 -1.310874
28.207520 1.484849 0.343164
28.223880 -0.231077 1.071187
28.240360 -2.194967 0.265398
28.256840 -2.472819 -0.663642
28.273190 -0.835019 0.052916
28.289670 0.935916 2.030183
28.306150 1.238542 2.965726
28.322510 0.702025 1.468548
28.338870 1.625609 -1.374712
28.355350 4.607101 -3.733910
28.371830 7.571765 -4.683521
28.388310 8.324032 -4.277617
28.404420 6.964640 -2.967421
28.421140 5.200274 -1.207534
28.453860 3.780814 0.829431
28.470340 2.616427 2.698192
28.486940 1.461893 3.367195
28.503170 0.014074 2.405872
28.519410 -1.626650 0.715844
28.536250 -3.248194 -0.126645
28.552490 -4.733410 0.548840
28.568970 -5.482745 1.980380
28.585450 -4.557500 2.781460
28.601930 -2.354713 1.943671
28.618290 -0.596497 -0.383522
28.634640 -0.360972 -3.100158
28.651000 -1.338589 -4.991741
28.667600 -2.335625 -5.298706
28.684330 -2.216996 -3.763474
28.700560 -0.780927 -0.910193
28.717160 0.942847 1.788633
28.733520 1.325617 3.084116
28.749880 0.490507 3.039147
28.766360 0.727605 2.670858
28.803220 3.352299 2.780717
28.815670 6.720877 2.951105
28.848510 7.335460 2.346473
28.864870 4.299294 0.910595
28.881350 0.598296 -0.816877
28.897710 -1.258352 -2.204369
28.914180 -1.070917 -2.592652
28.930540 0.110318 -1.546040
28.946780 1.183743 0.082677
28.963260 1.623306 0.663253
28.979740 1.153023 -0.432715
28.996220 -0.022465 -2.143260
29.012570 -0.984435 -2.745863
29.029300 -0.777211 -1.467141
29.045290 0.903732 1.006439
29.061770 2.986249 3.308093
29.078130 3.451585 4.255438
29.094600 1.365229 3.089209
29.110960 -1.162639 0.112807
29.127560 0.698993 -3.061245
29.144040 9.209180 -4.145228
29.160400 19.727655 -2.412174
29.176880 24.532424 0.074484
29.193360 21.010402 0.973491
29.209720 13.336711 -0.004289
29.226320 6.047228 -1.035178
29.242680 0.802931 -0.122061
29.259030 -1.781980 2.303730
29.275390 -1.762317 3.318385
29.292360 -0.967041 0.778826
29.308350 -1.246673 -3.732533
29.324950 -2.220631 -6.389131
29.341430 -1.813753 -5.298005
29.357540 -0.828353 -2.052742
29.374020 -4.628963 0.723066
29.390380 -14.551468 2.090184
29.406980 -24.005636 2.620507
29.423340 -25.429975 2.985761
29.439580 -18.721701 3.055600
29.456180 -10.281263 2.218260
29.488890 -3.894276 0.740962
29.505620 0.309398 -0.520073
29.522460 2.178104 -1.025812
29.538450 1.569717 -0.731664
29.554810 -0.360661 -0.403098
29.571290 -1.255626 -0.620932
29.587650 -0.003258 -0.776230
29.603880 2.023219 -0.014897
29.620240 2.630395 1.272960
29.636840 1.406780 1.167075
29.653320 -0.599927 -0.571227
29.669680 -3.066168 -1.098906
29.686400 -5.602872 1.272752
29.702510 -7.153144 4.637396
29.719240 -7.161285 5.713255
29.735600 -6.315187 3.519930
29.752080 -5.707334 -0.075657
29.771610 -4.968507 -2.694851
29.784670 -3.384865 -3.086691
29.801150 -1.259747 -1.531401
29.817500 1.044135 0.494229
29.834110 3.123052 1.187451
29.850340 4.210845 0.068295
29.867070 3.774407 -1.505429
29.883300 2.016890 -1.475175
29.899780 0.806347 0.247553
29.916140 3.479597 0.997240
30.195310 9.225645 -0.695789
30.212770 11.209434 -3.023344
30.228150 5.016180 -3.637053
30.244510 -5.368695 -2.332439
30.260990 -12.029161 -0.367500
30.277340 -12.138256 1.608651
30.293950 -8.794900 3.395560
30.310180 -4.919361 4.311356
30.326780 -1.889359 4.046476
30.343260 -0.348819 2.853591
30.359620 0.040848 0.919186
30.375980 -0.412684 -1.158401
30.392460 -1.165160 -2.453848
30.408940 -0.987796 -2.393738
30.425050 0.294231 -1.561577
30.441770 1.428013 -1.218107
30.474610 1.348433 -1.447650
30.490970 0.490397 -1.392185
30.507450 -0.327268 -0.678482
30.523930 -1.424220 -0.081635
30.540410 -2.484457 -0.306038
30.556640 -2.135087 -0.721616
30.573240 -0.564806 -0.607988
30.589480 0.616376 -0.431626
30.605960 0.569219 -0.942762
30.622440 -0.032986 -1.333470
30.638920 -0.186721 -0.346637
30.655400 0.083623 1.567130
30.671750 0.417164 2.770917
30.688110 0.743904 2.446691
30.704590 1.127199 1.275921
30.721190 1.791199 -0.011299
30.737430 2.622977 -0.696326
30.770390 2.989223 0.253155
30.786500 2.377474 2.643899
30.803100 0.852860 4.166915
30.819700 -0.940270 2.311771
30.835940 -2.168553 -2.115583
30.852540 -2.358173 -5.393725
30.870120 -1.945754 -5.375590
30.885250 -1.770617 -3.207075
30.918330 -1.838505 -0.882219
30.934690 -1.336395 0.951695
30.951050 0.526300 2.416911
30.967290 3.228300 3.159793
30.984130 5.049153 3.047828
31.016720 4.860204 2.774282
31.033080 3.001590 2.305545
31.049680 0.792465 0.796487
31.066040 -0.797608 -1.344714
31.083620 -1.454777 -2.807766
31.099000 -1.110848 -3.049703
31.115360 -0.308750 -2.538244
31.131840 0.262635 -1.754332
31.148320 0.560491 -0.612147
31.164920 0.865846 0.386002
31.181400 1.282751 0.655907
31.197630 1.563607 1.140686
31.214110 1.495700 2.777843
31.230470 1.221217 4.165288
31.263180 0.961658 3.027014
31.279660 1.061781 -0.175802
31.312500 1.774595 -2.414442
31.329220 2.640707 -1.931600
31.345340 2.781407 -0.400369
31.361690 1.734910 -0.663897
31.378300 -0.062047 -2.945712
31.394650 -1.522578 -4.823235
31.411010 -1.792746 -4.160852
31.427490 -0.901066 -1.424674
31.443730 0.387220 0.843681
31.460450 1.273842 1.167744
31.476560 1.632807 0.656277
31.509770 1.918259 1.520937
31.526000 2.041105 3.614977
31.542360 1.137916 3.811456
31.805180 -1.001956 0.390915
31.821660 -2.807584 -3.893296
31.838130 -2.485217 -4.700077
31.854490 -0.867867 -1.981451
31.870970 -0.157129 0.703835
31.887330 -0.799491 1.585146
31.903810 -1.527199 1.757624
31.920290 -1.108017 2.619610
31.936770 0.465529 3.716124
31.953130 2.336909 3.628819
31.969600 3.469845 2.200728
32.002440 3.070255 0.267213
32.018680 1.745203 -1.247392
32.051760 1.044918 -1.223042
32.069820 1.214077 0.249950
32.084720 1.185639 1.334577
32.101200 0.328412 0.069215
32.117550 -0.885784 -2.832018
32.133910 -1.630441 -3.889948
32.150270 -1.705231 -1.858449
32.166990 -1.487501 0.684988
32.183590 -1.286778 1.141536
32.199830 -1.254070 0.039770
32.216310 -1.282987 -1.031365
32.232910 -1.020882 -2.019674
32.249270 -0.655456 -2.527947
32.265630 -0.785014 -1.765178
32.281980 -0.776732 -0.238829
32.298580 1.339992 0.680213
32.314580 5.394824 0.600922
32.347530 7.725011 0.353220
32.363890 5.820436 0.091462
32.380370 1.975881 -0.241082
32.396730 0.224473 0.298770
32.413330 0.906258 2.023098
32.429440 1.319984 3.573301
32.446170 0.579472 3.698575
32.462400 0.110990 2.478389
32.478880 0.772183 0.517280
32.495610 1.512576 -1.791732
32.514160 1.199991 -3.775574
32.528440 0.404350 -4.159999
32.544560 0.106040 -2.407783
32.561040 0.396847 0.349657
32.577390 0.588202 2.372049
32.593750 0.196325 2.937712
32.610350 -0.439424 2.668410
32.626830 -0.912366 2.135037
32.643310 -1.220496 1.030407
32.659550 -1.591276 -0.708232
32.676030 -2.041134 -2.193474
32.692630 -1.705218 -2.570368
32.708860 -0.768400 -2.089487
32.725340 -2.444038 -1.525793
32.741940 -8.875740 -0.585767
32.758300 -16.904919 1.104568
32.774660 -20.398476 2.577279
32.791020 -16.651184 2.841865
32.807620 -9.056516 2.128507
32.823850 -2.430837 1.347088
32.841190 1.080566 0.788138
32.856690 1.812834 0.331587
32.873290 1.310956 0.181307
32.889650 1.199550 0.521838
32.906010 1.762945 1.276487
32.922360 1.833763 2.040082
32.938840 0.809275 2.163198
32.955320 -0.645885 1.234279
32.971800 -1.334934 -0.434546
32.988160 -0.667556 -1.919744
33.004640 0.521154 -2.485904
33.021000 1.390208 -2.204437
33.037600 2.303833 -1.605133
33.053830 3.847952 -1.151190
33.070680 5.371729 -1.208431
33.086790 4.849499 -1.912480
33.103270 2.028876 -2.646727
33.119510 -0.322843 -2.210752
33.135990 -0.477500 -0.410179
33.152590 0.594176 1.349677
33.168950 1.305245 1.570278
33.185420 1.263317 0.485971
33.201780 0.754444 -0.680112
33.234500 -0.661258 -1.876360
33.250980 -2.607086 -3.054042
33.267460 -3.346469 -3.129200
33.283940 -2.203954 -1.861793
33.300420 -0.418923 -0.359232
33.316770 0.217628 0.430895
33.333250 -0.668229 0.801090
33.349610 -1.878743 1.391856
33.366210 -2.519716 1.705943
33.382570 -2.843197 0.869079
33.399050 -3.135500 -0.799568
33.415410 -2.869961 -1.943567
33.431760 -1.510904 -1.375518
33.448120 0.264459 0.694531
33.464600 1.121344 2.650354
33.481200 1.012874 2.985195
33.497680 0.844198 1.784066
33.514040 0.836228 0.496413
33.530520 0.162468 0.178264
33.547000 -0.564471 0.557523
33.563600 2.406212 0.581835
33.842410 9.225160 0.609646
33.858890 12.590710 2.279267
33.875490 6.648630 5.139976
33.891850 -4.737963 6.898028
33.908330 -11.948428 6.212019
33.924560 -11.092690 4.148990
33.941040 -5.716931 2.811654
33.957400 0.974086 2.470964
33.973880 7.195058 1.796184
33.990360 11.038372 0.625255
34.023320 11.553621 0.129730
34.039550 9.175081 0.294907
34.072390 5.668881 -0.295168
34.088870 2.504944 -1.989534
34.105350 0.193905 -2.948808
34.121830 -0.915455 -2.094064
34.138430 -0.885369 -0.827608
34.154540 -0.817482 -0.416802
34.170900 -2.507390 -0.240204
34.187500 -5.941737 0.718843
34.220210 -8.306333 2.161093
34.236820 -7.358976 2.821565
34.253300 -4.046495 2.024641
34.269530 -0.737058 0.837553
34.286130 1.406929 0.690372
34.302370 2.109886 1.161331
34.318850 1.011247 0.300128
34.335450 -1.431390 -2.331338
34.351680 -3.539357 -4.954317
34.368290 -3.721811 -6.322108
34.384640 -1.866740 -6.299615
34.401000 0.636619 -4.763147
34.417480 1.899333 -1.898503
34.433960 1.436188 0.785563
34.450320 0.539211 1.550577
34.466800 -0.188543 0.711670
34.483280 -1.227099 -0.521351
34.499630 -2.348047 -1.696117
34.515990 -2.064292 -2.069742
34.532350 -0.162720 -0.900160
34.548950 0.829044 1.265656
34.565310 -0.685736 2.741777
34.581790 -3.039441 2.813777
34.598140 -3.418973 2.562338
34.614500 -1.197246 2.464787
34.630980 1.693835 1.865944
34.647460 3.262710 0.523641
34.663940 2.677116 -0.751880
34.680300 0.804398 -1.328430
34.696780 -0.544022 -1.442573
34.713130 -0.798607 -0.992154
34.729490 -0.929212 -0.167334
34.745970 -1.941241 -0.089666
34.762570 -3.229196 -1.132810
34.778930 -3.575283 -2.293381
34.795290 -2.910884 -2.438213
34.811770 -1.526335 -1.461577
34.828250 0.364087 -0.343451
34.844600 2.228279 0.211121
34.860960 3.077557 0.704969
34.877440 2.593509 1.733353
34.893920 2.479083 2.779791
34.910280 4.586512 2.305034
34.926760 7.989766 -0.394186
34.943240 9.528445 -3.809806
34.959720 7.429251 -6.035378
34.975950 3.600044 -6.036027
34.992550 1.272118 -3.562395
35.008910 1.142386 -0.223043
35.025390 1.442054 1.596392
35.041870 0.658572 1.333883
35.058230 -0.919544 0.357855
35.074710 -1.370380 0.112844
35.090940 1.173198 0.566428
35.107420 5.932053 0.905150
35.124020 9.604235 0.740529
35.140500 9.486587 0.069036
35.156860 6.241550 -1.008532
35.173340 2.797939 -1.934686
35.189700 0.708123 -1.613650
35.205810 -0.187172 0.488372
35.222530 -0.426009 3.030534
35.238890 -0.497954 3.621032
35.255370 -0.587256 1.820724
35.271610 -0.695330 -0.628197
35.288210 -0.584527 -1.934598
35.304570 0.153340 -1.302364
35.321040 1.432661 0.997276
35.337400 2.208325 3.737173
35.353880 1.172689 4.690268
35.370480 -1.401225 2.694274
35.386840 -3.421740 -0.637227
35.403080 -3.719450 -2.744128
35.419560 -3.245095 -2.797366
35.452510 -2.927231 -1.979174
35.468870 -2.277831 -1.390115
35.485470 -0.317316 -0.791768
35.501830 2.559910 0.665041
35.518070 4.810683 2.232284
35.534550 5.408767 1.934380
35.551030 4.200958 0.134834
35.567380 1.953027 -1.163303
35.583980 -0.370399 -1.329621
35.600460 -2.208450 -1.110547
35.616700 -3.340244 -1.073826
35.633300 -3.780650 -0.980163
35.649660 -3.443785 -1.461319
35.666020 -2.183641 -2.580115
35.684200 -0.064627 -2.335093
35.698970 1.958810 -0.602208
35.715450 2.814542 0.323857
35.731810 2.442525 -0.556656
35.748170 1.678802 -1.428121
35.764530 0.372531 -0.457453
35.781010 -3.887803 1.580137
35.797610 -11.230812 3.276421
35.813840 -17.595712 4.170934
35.830320 -18.890799 4.217358
35.846800 -14.871967 3.422246
35.863160 -9.070578 1.980393
35.879640 -4.109503 0.439907
35.896000 -0.231510 -0.586034
35.912480 2.413334 -0.786403
35.928830 3.372191 -0.064296
35.945310 2.918454 1.689580
35.961790 2.005161 3.760076
35.978270 1.263784 4.871903
35.994510 0.580585 4.833042
36.012330 -0.173854 4.409493
36.027710 -0.632541 3.828110
36.043950 -0.938570 2.204220
36.060180 -1.579752 -0.710894
36.076780 -2.115805 -3.352155
36.093140 -1.796376 -3.852091
36.109620 -0.802393 -2.178079
36.142580 0.183489 -0.406028
36.158810 0.738740 -0.372109
36.175290 0.984610 -1.375410
36.191650 1.319333 -0.988632
36.208250 1.527349 1.133670
36.224610 1.107750 2.508682
36.240840 0.234984 1.601730
36.257570 -0.404072 -0.255851
36.273930 -0.552412 -0.788834
36.290280 -0.818852 0.290701
36.306640 -1.347095 1.531990
36.340450 -0.979838 2.752927
36.356080 0.208316 2.596232
36.372680 1.771879 -1.991310
36.388920 6.157302 -8.470162
36.651860 13.633085 -10.256526
36.669560 18.517112 -4.721661
36.684810 15.657593 3.308448
36.701050 7.008240 7.211973
36.717530 -0.951035 6.739960
36.733760 -5.150166 4.817861
36.750370 -6.625393 2.956932
36.766720 -6.161105 1.630426
36.783330 -4.394453 0.803697
36.799680 -2.485516 0.327244
36.832640 -0.837025 0.003191
36.849000 0.285182 -0.672414
36.881960 0.275593 -1.856035
36.900150 -0.675709 -2.677684
36.914670 -1.814690 -2.703280
36.931030 -2.515675 -2.217600
36.947630 -2.496064 -1.225278
36.963990 -1.837284 0.291867
36.980220 -0.672182 2.034981
36.996580 0.628016 3.162744
37.012940 1.244941 2.524174
37.029540 0.410685 -0.163369
37.045900 -1.463646 -3.201764
37.062380 -2.960579 -4.106750
37.078740 -3.188994 -2.377134
37.095340 -2.534464 0.092682
37.111940 -1.526858 1.483747
37.128540 0.504019 2.168198
37.144780 3.616022 3.020614
37.161380 5.728926 3.286861
37.177610 4.858703 2.017364
37.194210 1.651029 -0.150814
37.210210 -1.807632 -1.224965
37.226930 -4.653013 0.210819
37.243040 -6.910377 2.857048
37.259640 -8.227695 3.688060
37.276000 -8.195005 1.545340
37.292360 -7.180499 -1.812269
37.308840 -5.738968 -4.047260
37.326900 -3.788615 -4.545479
37.342160 -1.265324 -3.932655
37.358400 1.324709 -2.473639
37.374880 2.986365 -0.667988
37.391110 3.431293 1.213096
37.407590 3.446305 3.664566
37.424190 3.290724 5.605111
37.441280 2.493970 5.175923
37.457030 0.985188 2.574337
37.473270 -0.262891 0.004509
37.489620 -0.498431 -0.897012
37.506100 -0.509555 -1.081957
37.522460 -1.090622 -1.932277
37.539060 -2.145548 -3.334208
37.555420 -2.445706 -4.410153
37.571780 0.051523 -4.151072
37.588130 5.531534 -2.572989
37.604610 11.118585 -0.951639
37.620850 12.699648 -0.202200
37.637210 9.506256 0.183347
37.653810 4.855491 1.154668
37.670410 1.282201 1.943494
37.686650 -0.934920 1.551964
37.703000 -2.052763 0.705396
37.719480 -1.688388 -0.061527
37.735840 -0.033488 -1.169838
37.752440 1.116328 -3.007573
37.769040 0.629352 -4.805488
37.785160 -0.654537 -5.252251
37.801640 -0.957842 -3.741861
37.818120 0.696574 -0.051706
37.834470 3.454024 4.362402
37.850950 5.436350 6.524591
37.867310 5.394250 5.714085
37.884030 3.582369 3.816207
37.900150 1.271862 2.226004
37.916630 0.118500 0.751423
37.932980 0.473834 -0.612705
37.949460 -0.098839 -0.891905
37.965940 -3.998867 -0.373416
37.982420 -9.941619 -0.326373
37.998780 -13.690266 -0.593721
38.015260 -12.399888 0.173766
38.031620 -7.568018 1.967471
38.048100 -2.598891 2.585999
38.064450 0.527743 0.648343
38.080930 1.705976 -2.291238
38.097410 1.614891 -3.558803
38.113770 0.209038 -2.674201
38.130130 -1.938469 -1.237980
38.146610 -2.706161 -0.399107
38.162960 -1.350971 -0.202077
38.179440 0.740408 -0.062210
38.195920 2.064229 0.619881
38.212400 2.311990 2.018310
38.228760 1.818147 3.268681
38.245120 0.675044 2.902198
38.261840 -0.218672 1.073595
38.278200 -0.100219 -0.638180
38.294680 0.056597 -1.311185
38.311040 -0.714250 -1.047848
38.327150 -1.834421 -0.464415
38.343870 -1.932438 0.090718
38.360350 -0.770761 0.729718
38.376590 0.430027 1.282345
38.392820 0.474806 0.991440
38.409550 -0.813887 -0.807878
38.425900 -2.268760 -2.900449
38.442260 -2.568890 -2.851584
38.458860 -2.313561 -0.859341
38.475100 -1.794440 1.096936
38.491700 1.749205 2.897683
38.508060 9.648816 5.372814
38.524540 18.265151 8.281449
38.541020 21.914985 9.984695
38.557370 18.361420 8.818887
38.573730 10.542466 5.022575
38.590210 2.358667 0.521094
38.606570 -2.999990 -1.957428
38.622920 -3.922593 -1.192348
38.655880 -1.759307 0.629829
38.672120 1.253095 1.095372
38.705320 3.614205 0.314633
38.721560 4.874818 -0.397114
38.754520 4.915521 -0.280576
38.771120 4.019077 0.085735
38.787350 3.084708 -0.396203
38.803830 2.398366 -1.812581
38.820310 1.499286 -3.264684
38.836670 -0.370362 -3.415484
38.853030 -2.553719 -1.486895
38.869630 -4.286797 1.971088
38.885860 -7.564514 5.295458
38.902340 -13.510545 6.150164
38.918820 -19.092768 3.665149
38.935300 -19.594573 -0.186393
38.951900 -13.926437 -2.074940
38.968020 -6.542784 -0.871442
38.984500 -2.317397 1.109171
39.000980 -2.131411 1.610673
39.017460 -3.666650 0.671602
39.033810 -3.977024 -0.489540
39.050290 -2.009757 -1.318349
39.066650 0.885655 -1.619153
39.083010 2.799237 -1.010600
39.099490 2.791505 -0.182027
39.115840 1.562149 -0.168560
39.148800 0.593677 -0.738071
39.165160 0.016138 -0.872192
39.182980 -1.110182 -0.426252
39.198000 -2.243379 -0.293808
39.214360 -1.951409 -0.522164
39.231080 -0.303790 -0.124721
39.247440 1.269485 1.025879
39.263790 1.609460 1.591277
39.296630 0.375394 0.199029
39.312990 -1.645265 -2.670703
39.329590 -1.957697 -4.619947
39.345950 1.244246 -3.805345
39.362180 5.917347 -0.775579
39.378780 7.980069 2.189876
39.395260 6.687236 2.864614
39.411620 4.560577 1.190131
39.428220 2.889335 -0.489101
39.444460 1.121836 0.556147
39.460820 -0.623385 3.068084
39.477420 0.091683 1.933586
39.493770 5.131743 -3.029514
39.789430 12.485867 -5.733827
39.805910 16.495221 -2.444024
39.822140 11.383271 3.350160
39.839110 -1.731493 6.288656
39.855220 -14.588497 6.201451
39.871830 -19.578086 5.075718
39.888060 -16.126981 2.916648
39.904540 -9.770128 -0.438270
39.920900 -5.377557 -3.850487
39.937380 -4.134469 -5.692382
39.953740 -4.400315 -5.309643
39.970340 -3.469600 -3.228981
39.986570 -0.519877 -0.312471
40.003170 2.703002 2.324098
40.019410 3.713774 3.438358
40.035890 2.109348 2.792138
40.052250 1.023532 1.714860
40.085080 3.698280 1.538609
40.101680 9.417952 1.695285
40.117920 14.099782 0.897576
40.134400 14.668514 -0.189578
40.151000 11.531414 -0.203222
40.167360 6.627556 0.549973
40.183840 2.286211 0.952206
40.200320 0.307304 1.035531
40.216670 0.062268 1.652790
40.233030 -0.766908 2.003232
40.249510 -2.921187 0.789064
40.265870 -4.439666 -1.129328
40.282350 -4.037618 -1.749614
40.298830 -2.710001 -1.174006
40.315190 -1.423805 -1.630947
40.331540 -0.003284 -3.007246
40.348140 1.838994 -2.939439
40.364380 3.348060 -1.085219
40.380860 3.053337 -0.044563
40.397340 1.175443 -0.879023
40.413940 -0.012716 -0.819202
40.430180 0.388735 1.019070
40.446660 1.005603 1.594633
40.479370 0.734386 -0.831363
40.495850 0.451489 -3.007480
40.528810 1.859842 -1.391845
40.545040 4.412264 1.663336
40.578000 5.627691 2.284648
40.594480 4.341364 0.541665
40.610840 1.908125 -0.956127
40.627320 0.673028 -1.217620
40.643680 1.125801 -1.188669
40.660160 1.552858 -0.688781
40.676640 1.403476 0.610409
40.692990 0.474461 2.117916
40.726070 -4.027337 3.124071
40.775150 -12.939935 3.227613
40.791630 -21.270379 2.789507
40.807980 -22.506296 2.373390
40.824340 -16.517290 2.088995
40.841190 -9.248892 1.353816
40.857420 -4.202011 -0.679930
40.873900 -0.696363 -3.612177
40.890260 1.906290 -5.608628
40.906740 2.726356 -5.228272
40.923220 1.560849 -2.917961
40.939580 -0.190588 -0.445073
40.956050 -0.975189 1.045438
40.972410 -0.177198 1.743044
40.988890 1.645493 2.120167
41.005250 3.359290 2.060782
41.021610 3.733220 1.439566
41.038210 2.310582 0.532970
41.054570 -0.206221 -0.280693
41.071040 -2.528469 -0.522149
41.087400 -3.746253 -0.064228
41.104000 -3.628164 0.556726
41.120480 -1.870935 0.833671
41.136720 0.965533 0.815846
41.154170 3.066704 0.832752
41.169560 3.059929 0.840009
41.186160 1.430952 0.519524
41.202510 -0.084365 -0.286583
41.218870 -0.948480 -1.717638
41.235230 -1.679153 -3.030785
41.251590 -1.930044 -2.407686
41.268190 -0.749601 0.796986
41.284550 1.574270 4.572498
41.301030 3.133711 5.601454
41.317500 2.645185 2.721926
41.333980 0.910894 -1.477510
41.350340 -0.367891 -3.487801
41.366700 -0.613474 -2.387326
41.383300 -0.360810 -0.246533
41.399540 0.222208 0.464036
41.416020 1.366745 -0.366694
41.432370 2.564762 -1.180798
41.449100 2.635829 -1.455014
41.465330 1.220482 -2.351484
41.481690 -0.580626 -3.891647
41.498410 -1.176548 -3.606048
41.514770 -0.121389 -0.458918
41.531010 1.550513 3.318705
41.547610 2.158475 4.594919
41.564090 0.602618 2.556806
41.580320 -2.034450 -0.544057
41.596680 -3.217112 -2.288347
41.613040 -1.757698 -1.649580
41.629520 0.848487 0.369934
41.645870 2.245167 1.544230
41.662350 1.876401 1.337551
41.678960 0.931921 0.631322
41.695310 0.429540 -0.266935
41.711910 0.094564 -1.497197
41.728390 -0.453483 -2.670247
41.744750 -0.972449 -2.568706
41.761110 -1.562755 -0.410109
41.777470 -2.534157 2.822143
41.793820 -3.790915 4.905367
41.811280 -4.379882 4.273897
41.826780 -3.568574 1.888308
41.843260 -1.890723 0.342120
41.859740 -0.117977 0.759749
41.876100 1.268807 1.958978
41.892460 1.992300 2.255223
41.911740 1.710653 1.238859
41.925290 0.413222 -0.412413
41.941770 -0.707327 -1.868063
41.958130 -1.021685 -2.603165
41.974370 -0.131957 -3.128372
41.991090 4.496885 -4.042354
42.253780 14.071710 -4.888783
42.270260 22.799119 -4.453616
42.286500 19.998556 -1.990567
42.303100 4.593856 1.644522
42.319580 -10.695801 4.821816
42.352420 -15.162290 5.986409
42.368650 -10.316277 4.524513
42.385130 -4.326976 1.628381
42.401490 -1.419241 -0.502733
42.418090 -0.362481 -0.962157
42.434570 0.677807 -0.755175
42.451050 1.925170 -0.707442
42.467410 2.458274 -0.620348
42.483760 1.988971 -0.230446
42.500240 1.778386 -0.177956
42.516600 2.576248 -0.921792
42.533200 2.845144 -1.623550
42.549680 1.327168 -1.573232
42.566410 -0.932054 -0.910730
42.582280 -1.522345 -0.113352
42.598880 0.967589 0.282468
42.615480 5.393003 0.228496
42.631960 9.382084 0.306362
42.648320 11.069961 0.885834
42.664670 9.987988 1.815046
42.681400 6.838370 2.661740
42.697630 3.165518 3.021192
42.713870 0.779593 2.691509
42.746700 0.189546 1.388514
42.763310 0.318315 -0.419482
42.779660 -0.188300 -1.295533
42.799070 -1.644132 -0.384269
42.812380 -3.110082 1.718234
42.828740 -2.931243 2.747320
42.845090 -0.467052 0.548221
42.861690 3.035526 -4.031944
42.878170 5.931671 -7.886450
42.895390 7.480852 -8.297639
42.911010 7.393043 -5.808565
42.927250 4.272681 -6.378875
42.943850 -2.468293 -15.475595
42.960080 -9.956417 -29.913378
42.976560 -14.512391 -40.287199
42.993040 -15.292059 -40.262248
43.009520 -13.844789 -32.077381
43.026000 -11.069320 -21.681687
43.042360 -6.849891 -12.377527
43.058590 -2.337241 -5.414589
43.075320 0.833562 -0.963693
43.091670 2.742269 1.542627
43.108030 3.330380 2.782996
43.140990 1.135314 3.632288
43.157230 -3.835829 4.206552
43.173710 -8.586191 3.439612
43.190190 -9.768923 0.872166
43.206670 -7.483937 -2.070350
43.223510 -4.356080 -3.294918
43.239380 -1.848142 -2.243641
43.255980 -0.142164 -0.122865
43.272460 0.665885 1.491431
43.288700 0.534101 1.710742
43.305180 -0.302778 0.762299
43.338750 -1.258465 -0.721599
43.354370 -1.870383 -2.271076
43.370850 -1.872839 -3.271901
43.387330 -1.215439 -3.002687
43.403690 -0.391577 -1.611526
43.420170 0.165595 -0.417413
43.436520 0.583604 -0.446619
43.453000 1.139635 -1.182122
43.469480 1.821722 -1.078184
43.485840 2.364792 0.573043
43.502320 2.605698 3.399158
43.518800 2.401294 7.238025
43.535160 1.499503 11.435016
43.551640 0.173072 13.978561
43.584350 -0.620407 12.839543
43.600950 -0.277946 8.431846
43.617190 0.550405 3.397085
43.633670 0.560583 -0.688261
43.650150 -0.453089 -3.606742
43.666630 -1.423634 -4.874725
43.682980 -1.665082 -4.247249
43.699460 -1.359996 -2.571604
43.715820 -0.794731 -1.171964
43.732420 0.005177 -0.315084
43.748660 0.781954 0.114256
43.765140 0.978628 -0.815255
43.781490 0.780061 -3.411234
43.798220 0.652607 -5.639307
43.814450 0.389453 -4.684819
43.830690 -0.006092 -0.369199
43.847290 -0.070882 4.232665
43.863770 0.382741 6.135269
43.880130 0.842489 5.065150
43.896480 0.654223 2.697776
43.929570 0.078067 0.491453
43.945920 -0.373721 -1.145318
43.978760 -0.760804 -2.263905
43.996090 -1.266300 -2.695421
44.011470 -1.857617 -2.144112
44.028080 -2.050393 -0.757821
44.044430 -1.546792 0.788648
44.077270 -0.906259 1.773447
44.093870 -0.713448 1.941025
44.110110 -0.694780 1.747812
44.126590 -0.276739 1.693915
44.143070 0.129908 1.592801
44.175900 -0.343961 1.237445
44.192260 -1.583171 0.581417
44.208620 -2.319040 -0.708960
44.225100 -1.536366 -2.761890
44.241580 0.330132 -4.888632
44.258060 2.297654 -5.598345
44.274410 3.809523 -4.104888
44.290890 4.381727 -1.526899
44.307370 3.454030 0.265831
44.323730 1.361262 0.163144
44.340330 -0.604031 -1.488215
44.356690 -1.522697 -3.201716
44.373050 -1.614792 -3.721923
44.389530 -1.159644 -2.584019
44.405880 0.216080 0.071658
44.422240 1.909705 3.058935
44.438600 2.623301 4.545307
44.455200 2.094703 3.340810
44.471680 1.022686 -0.237808
44.488040 0.046848 -4.124814
44.504390 -0.784663 -5.669496
44.520750 -1.053993 -3.575770
44.537230 -0.459174 0.756859
44.553590 0.236248 3.841454
44.570190 0.628068 3.362967
44.586430 0.856601 0.307479
44.603030 0.765040 -2.729885
44.619260 -0.092796 -4.414278
44.635740 -0.881070 -4.850974
44.652220 1.451774 -3.715043
44.931520 6.611545 -0.588268
44.948000 8.654638 3.574118
44.964360 3.721583 6.839926
44.980960 -4.562924 8.058161
44.997310 -9.232558 7.295752
45.013790 -8.528243 4.703482
45.030150 -6.138664 0.767123
45.046510 -4.421154 -2.365079
45.062870 -3.029297 -1.785026
45.079350 -1.388915 2.503369
45.096070 0.130964 6.687306
45.112430 0.651127 7.234142
45.129150 0.052998 4.610208
45.145140 -0.586996 2.109210
45.161620 -0.151701 1.621471
45.177980 1.183817 2.280370
45.194580 2.201795 2.515504
45.210940 1.989182 1.827651
45.227540 0.823777 0.620084
45.243770 -0.149362 -0.669138
45.260500 -0.124345 -1.588217
45.276860 0.558260 -1.644531
45.312130 0.953191 -0.697126
45.326050 0.657611 0.379892
45.342410 -0.153265 0.233413
45.358760 -1.471812 -1.443041
45.375240 -2.997271 -3.351469
45.391600 -3.568375 -3.393652
45.408200 -2.487479 -0.452291
45.425900 -0.243319 2.975312
45.441040 2.889527 1.698523
45.457400 7.084537 -5.183891
45.473750 10.962601 -12.555413
45.490230 11.462555 -15.066068
45.506710 7.507077 -12.306876
45.522950 1.728543 -8.099397
45.539550 -2.418627 -5.131560
45.555910 -3.415880 -3.783471
45.572390 -2.151066 -3.190945
45.588620 -0.621860 -1.652736
45.605470 0.035953 0.943977
45.621700 0.228339 2.497748
45.654420 0.754159 1.656101
45.671020 1.404396 -0.307503
45.687260 1.292621 -0.783578
45.703740 0.332156 1.376129
45.720340 -0.781943 4.608727
45.736570 -1.591738 6.392089
45.753050 -1.996573 5.439869
45.769530 -2.082843 2.553587
45.785890 -1.920514 -0.372276
45.802250 -1.475554 -2.345927
45.818600 -1.057240 -3.438639
45.835080 -1.197606 -3.711622
45.853270 -1.775514 -3.086483
45.868040 -1.989704 -1.741225
45.884400 -1.408038 -0.240728
45.900880 -0.707576 0.768034
45.917240 -0.720281 1.306349
45.933590 -1.249224 1.959653
45.950320 -1.534360 2.472024
45.966670 -1.511965 2.003512
45.983150 -1.827279 0.653818
45.999390 -2.411100 -0.240903
46.015630 -2.410390 0.026404
46.032230 -1.276208 0.360085
46.048580 0.549443 0.243809
46.065190 1.972276 0.331092
46.081540 2.411496 0.997791
46.097900 2.073761 2.137403
46.114380 1.106653 3.194696
46.130740 0.763144 3.436889
46.147090 3.416915 2.009876
46.163570 10.375210 -1.044483
46.180420 21.296338 -4.135505
46.196780 31.850707 -5.712811
46.213010 36.037911 -5.502218
46.229490 31.566852 -4.234145
46.245970 21.357632 -2.651130
46.262450 11.395762 -1.228032
46.278690 4.600958 -0.449038
46.295170 0.375088 -0.714080
46.311520 -2.008317 -2.085073
46.328000 -3.088060 -3.720466
46.344600 -3.374881 -4.081325
46.360720 -3.117260 -2.353957
46.377320 -2.254547 0.819559
46.393550 -0.888667 3.746956
46.410160 0.523840 5.037808
46.426510 -0.433373 4.317655
46.442990 -7.092311 1.433335
46.459470 -18.477788 -2.640111
46.475710 -28.853147 -5.157866
46.492310 -32.152427 -4.073882
46.508670 -27.306262 -0.153081
46.525020 -18.172765 3.718089
46.541630 -8.915038 5.480474
46.557980 -2.400526 5.256232
46.574460 0.656445 4.082821
46.590940 1.440442 3.110020
46.607300 1.266457 2.779499
46.623660 0.938156 2.721882
46.640010 0.730037 2.735285
46.656620 0.658146 2.213614
46.673100 0.633515 0.293433
46.689450 0.200948 -2.499754
46.705930 -0.814241 -4.559422
46.722290 -1.801043 -5.011838
46.738650 -2.218358 -4.712513
46.755000 -2.175676 -4.336441
46.771730 -0.661772 -2.835327
46.788090 4.473137 0.213342
46.804320 13.230189 2.891543
46.820800 23.103857 2.825353
46.837280 30.295958 0.190721
46.853640 31.686156 -2.625296
46.870000 26.540508 -3.671252
46.886470 17.408568 -2.520063
46.902830 8.836560 -0.075161
46.919430 2.795587 2.180530
46.935910 -1.207126 2.919645
46.952270 -3.200760 2.107190
46.968630 -2.896470 1.150311
46.985110 -1.399647 0.930704
47.001460 -0.456420 1.127907
47.018070 -0.476883 1.287149
47.034550 -0.889781 1.377017
47.050900 -0.318880 1.588091
47.083740 0.276311 1.731364
47.100100 -4.966763 1.454359
47.132930 -19.059932 0.886891
47.149410 -35.101501 0.555919
47.182370 -41.589734 0.825978
47.198610 -34.721894 1.161620
47.231570 -21.581675 1.090691
47.247920 -10.164184 0.892333
47.281010 -3.170262 0.521003
47.297240 -0.014483 -0.289882
47.330200 0.666493 -1.335126
47.346440 0.252421 -1.662819
47.362920 0.075273 -0.720231
47.379390 0.868037 0.662757
47.395870 2.077755 1.603939
47.428710 1.600125 1.562127
47.445190 0.378863 0.762895
47.461550 5.512024 1.052925
47.477910 20.397410 3.694333
47.494380 37.135686 7.515506
47.510860 43.606086 10.047231
47.527340 36.563442 9.728305
47.543700 23.949795 7.027164
47.576780 13.032010 3.017829
47.593260 5.585321 -1.083651
47.625980 1.049754 -3.816619
47.642580 -1.961920 -4.909915
47.658940 -3.567305 -4.911607
47.675170 26.217087 2.345956
47.691890 -60.693221 -18.303217
47.709350 -135.936691 -35.361967
