0.000000 152.295330 25.999922
0.017840 80.534899 21.035783
0.032820 -21.886629 -2.549928
0.049210 -17.160108 -8.690425
0.065610 -21.939932 4.063527
0.082310 -7.795976 12.461999
0.098460 7.125102 14.616525
0.114970 6.218722 1.891276
0.131350 3.087934 -6.738131
0.147890 1.154856 -3.189041
0.164260 2.235949 3.234521
0.180630 3.923907 -2.060368
0.197070 3.146711 -4.474787
0.213500 8.647520 -1.915207
0.229970 -4.964453 -1.608745
0.246510 -34.801196 -14.788718
0.262850 -48.334599 -30.272842
0.279240 -24.688347 -11.135282
0.295730 11.427991 10.090357
0.312100 23.079561 15.155749
0.328450 0.813034 -0.763845
0.344960 -10.025262 -4.917727
0.361390 1.739775 4.913065
0.377850 -0.654571 -0.666899
0.394240 -13.007337 -3.752404
0.410610 -24.126000 -3.353264
0.427000 -15.056834 7.676322
0.443500 8.396005 7.661653
0.459990 19.824695 -0.942427
0.476360 13.351932 -1.275597
0.492740 -0.645222 0.990206
0.509230 -13.451482 -3.247139
0.525570 -5.712009 -9.906371
0.542130 -2.075034 -10.961200
0.558460 -0.146363 -6.080706
0.607730 -4.907699 -0.725328
0.624240 -4.584907 3.465501
0.657100 9.085242 -1.905221
0.673460 1.615260 -0.645827
0.706250 -1.942727 -2.578065
0.755600 -2.062303 -1.444647
0.772140 5.140419 8.116130
0.805010 11.269632 2.126733
0.903490 -1.423182 -5.517326
0.919980 6.332695 1.265610
0.936310 6.277598 3.602187
0.952740 10.129354 2.952011
0.969240 6.352055 -9.235029
1.002090 1.047479 -1.827916
1.051360 -2.730764 12.717712
1.100630 -12.880604 4.353661
1.117310 -6.137999 -6.042313
1.133440 3.096885 -7.082279
1.150180 13.314075 7.839010
1.166350 8.934473 7.866877
1.182690 4.625517 13.264234
1.199260 2.559041 15.546915
1.215580 3.700568 7.287421
1.232060 3.451768 -7.515478
1.248470 1.473372 -21.830452
1.264850 1.190990 -7.531018
1.281220 -3.688965 9.009874
1.297870 -9.280367 11.647393
1.314190 -2.661876 5.264756
1.330720 13.433183 -5.930221
1.347110 18.065249 -7.053500
1.363450 23.376101 -10.092160
1.379990 6.561503 -12.855099
1.396360 1.424309 -14.314592
1.412720 6.562033 -3.934403
1.462080 -3.451172 11.832061
1.478490 -0.571792 12.717277
1.494890 -9.889875 -0.900408
1.511320 6.024225 -7.537150
1.527730 15.362508 3.911052
1.609880 11.589235 15.484097
1.626360 9.584823 17.166187
1.642700 -3.220771 1.255954
1.659190 -0.025792 -7.579666
1.692150 -2.407606 -0.369222
1.708680 -7.800849 5.151110
1.741470 -15.903146 5.426243
1.757870 -11.250736 -13.340230
1.774200 10.763988 -24.792144
1.790560 10.612656 -13.889361
1.872700 2.254547 2.506998
1.889240 -3.631580 13.002534
1.905590 -1.957479 2.444342
1.921970 -2.369980 -5.354119
1.938480 -8.839231 0.440870
1.954850 -4.199691 6.981252
1.971310 6.099312 12.191680
1.987700 11.139052 9.756344
2.004230 7.264799 7.002592
2.020720 0.261132 1.603545
2.037340 -0.807398 -4.755204
2.053500 -7.239207 -10.271255
2.069840 -11.861797 -11.302277
2.086440 -11.640353 -11.676296
2.102910 -3.905939 -9.936082
2.119190 5.530176 -2.845968
2.135600 3.711010 3.135254
2.152130 1.525221 8.157589
2.168500 -0.436204 7.526252
2.184860 2.263233 7.098792
2.204120 -1.651991 8.675798
2.218150 -4.575425 5.065871
2.234680 -8.878282 -8.610677
2.250950 3.767268 -10.298522
2.267410 15.219301 1.658265
2.349550 12.671857 13.774102
2.365950 11.223553 9.517204
2.382520 1.874502 -10.917380
2.398910 15.557958 -15.112426
2.415190 18.829069 -15.677649
2.435240 16.754028 -1.994915
2.529980 10.891783 13.436987
2.546480 -2.294428 21.352308
2.562790 -1.578826 23.536495
2.579390 -3.454155 8.601374
2.596070 -1.484677 -4.837771
2.612430 -5.390378 -22.640508
2.628810 -6.804996 -25.073958
2.677750 -2.648383 -9.035296
2.694520 2.468538 15.002431
2.710750 -2.697712 22.306272
2.727010 -7.313332 15.117088
2.743580 -3.518535 8.372758
2.776470 -5.305876 1.632987
2.792890 17.445325 -16.875881
2.809250 31.268839 -24.573350
2.891630 30.686612 -9.861411
2.907900 8.642614 5.074158
2.924270 -8.223024 6.103104
2.940640 -18.763368 3.890374
2.973620 -20.742249 6.789515
2.990040 -47.649299 26.388217
3.006500 -64.926918 21.624477
3.022740 -53.404732 3.787979
3.039260 -29.786514 -15.913136
3.055790 7.166573 -30.847934
3.072070 1.524624 -15.463544
3.088710 -2.418181 -3.933305
3.104970 -2.011947 16.025182
3.121520 4.139654 27.856942
3.137920 5.118639 16.484759
3.154330 1.563511 2.716699
3.170750 -2.393749 1.869583
3.187090 -1.628785 5.955706
3.203800 1.331784 5.785165
3.220000 2.983873 -5.036926
3.236530 -1.240850 -7.463307
3.252840 -3.310909 -12.064673
3.269130 -2.129998 -8.987912
3.285750 -1.682092 2.226704
3.318630 -1.981315 10.022585
3.334870 -4.214708 1.131679
3.351470 -3.223788 -6.356750
3.367920 -1.286565 -3.111613
3.384200 -3.011455 -4.621149
3.401490 -0.752367 -6.235977
3.417140 1.872181 -7.293139
3.433580 -0.442403 -0.410930
3.450000 6.422103 8.803262
3.466380 10.237790 13.648712
3.482830 17.669580 10.853648
3.499270 15.516654 -2.232423
3.518070 6.093179 -11.159834
3.532140 3.433701 -11.799305
3.548770 -2.747406 -6.506737
3.565190 -1.985459 -5.367835
3.581680 -2.010554 -5.273665
3.597870 -0.375139 2.083470
3.614110 0.921140 8.563935
3.630740 -1.167022 5.125024
3.647030 12.129884 -0.398581
3.663530 25.087242 -5.489872
3.679840 13.171364 -1.896974
3.696520 -5.242392 -1.230656
3.712830 -14.576327 -5.122683
3.729140 -3.721088 5.705313
3.745770 4.505775 13.536126
3.762070 -0.090768 15.150548
3.778440 6.790510 13.122185
3.794860 4.957127 4.564316
3.811370 2.643676 0.989439
3.827710 0.195891 -6.623636
3.860690 -2.656373 -2.570586
3.877080 1.516237 -0.647961
3.909990 -9.687523 -1.231878
3.926380 -14.469982 7.549561
3.959270 -12.830249 13.926261
3.975780 -11.887953 7.573430
3.992130 -10.341452 -19.817635
4.008530 -15.995467 -32.723496
4.025010 -0.103730 -7.649656
4.041440 12.460325 9.186008
4.059710 8.871851 6.299420
4.074280 -0.895613 -10.923430
4.090700 -4.622168 -13.673306
4.107030 2.659290 1.736357
4.123490 6.063277 1.477384
4.140000 2.489059 5.391952
4.156340 -3.566504 4.037855
4.175200 -4.572044 15.924428
4.189290 1.618973 12.542907
4.205640 11.385227 6.910350
4.222000 6.081643 -5.362490
4.238600 -0.061960 -11.313507
4.254880 -3.732094 -3.077281
4.271390 2.325922 3.715751
4.287860 1.477119 12.524343
4.304150 -8.010329 -3.437157
4.320630 -8.266253 -11.565304
4.353640 -3.539354 -12.729004
4.369960 4.864005 -0.512663
4.386220 5.574930 8.293735
4.402890 1.593910 0.551906
4.419270 2.347868 2.279518
4.435760 -0.419031 0.273249
4.452010 0.119775 2.328333
4.468630 -4.296426 0.068809
4.485020 -7.521553 -4.016038
4.502820 -3.807447 -0.622062
4.517870 -5.942508 -0.785249
4.534260 -2.820604 2.740216
4.550630 -1.911565 3.010481
4.567140 0.830338 -0.343198
4.583500 1.238761 -2.256064
4.599850 -4.586431 -5.841770
4.616350 -1.175244 -8.421946
4.632890 -3.317805 0.766622
4.649060 -9.360028 7.803186
4.665760 -5.205992 -1.466692
4.682080 1.760495 -16.470401
4.698560 6.944496 -25.531161
4.714900 -4.170982 -13.807729
4.731340 -1.754395 5.098027
4.747850 10.840301 16.265102
4.764310 13.401923 19.705778
4.780730 10.492684 16.344101
4.797300 3.059822 16.055638
4.813600 8.086940 19.181592
4.831440 4.450081 7.655996
4.846270 0.382200 1.100724
4.862820 -0.880761 1.318486
4.895710 -7.070734 3.083206
4.912110 -6.952485 3.352186
4.944980 -5.612954 -8.821827
4.961200 -4.181988 0.000166
4.994290 -3.499174 3.192916
5.010740 -17.272484 1.089722
5.026950 -13.960169 -8.533809
5.043580 -8.060486 -24.138580
5.060030 1.027422 -20.572968
5.076370 4.642987 -16.891958
5.093050 -4.520428 0.290052
5.109280 -0.580146 13.813572
5.142000 -0.180243 18.483205
5.158430 4.599725 5.609050
5.175200 9.761814 -8.850585
5.191240 13.055073 -3.730420
5.207750 11.379028 3.055049
5.224240 7.502989 13.223625
5.240590 7.263241 13.540477
5.256990 1.184493 9.994241
5.273470 2.289223 4.223087
5.289870 5.854890 -2.403587
5.306300 5.801683 -8.004494
5.322860 1.659947 -8.486755
5.339100 -4.471397 -1.812107
5.355700 -0.892464 2.539051
5.372100 2.811056 8.063006
5.388700 2.241950 1.710520
5.404920 4.224521 8.270944
5.421250 2.355294 8.818118
5.437730 -3.326225 1.234199
5.454410 1.665285 -3.561992
5.470760 0.316428 -6.906662
5.487320 -3.264000 3.392548
5.503740 -2.322109 -8.144950
5.520160 1.761688 -11.810741
5.536240 6.786167 -8.539030
5.552730 1.944584 -4.545192
5.569090 -2.492175 -3.866568
5.585740 -2.260249 -3.590274
5.602100 0.959695 -3.857658
5.634810 -3.054452 1.349399
5.651230 -18.044563 13.803212
5.684190 -25.502311 25.224260
5.700710 -17.073820 26.647839
5.716980 2.127015 7.843506
5.733490 9.648936 4.742047
5.749850 4.655154 3.210880
5.766330 2.055342 3.482429
5.782760 1.566295 2.393330
5.799260 2.645234 3.966145
5.832150 3.588252 4.633166
5.848510 -3.797966 -7.246728
5.864870 -10.429964 -17.104218
5.881390 -6.240568 -17.174433
5.897870 2.972403 -0.378007
5.930710 8.831772 17.414724
5.947100 3.934283 12.916903
5.963460 6.021109 -0.623989
5.979900 9.730951 -9.140757
5.996370 6.744894 -7.182871
6.012920 2.477025 -7.586732
6.029210 -0.378355 -4.714158
6.045850 8.872978 -2.782505
6.078540 12.323680 0.084349
6.095200 9.903002 -0.017964
6.111310 5.360873 -6.872247
6.127730 -0.459310 -7.633392
6.144290 3.935012 -3.114741
6.160490 0.906155 2.922299
6.177260 -3.222197 1.927121
6.193480 -4.373668 -0.836302
6.209980 -1.267503 -1.375506
6.226380 -0.144340 2.195563
6.243410 12.141221 -5.865059
6.259280 20.807883 -4.116734
6.275620 19.443020 3.325023
6.292240 5.921159 1.322464
6.308690 -9.297605 -6.887062
6.325270 -2.537791 -15.578014
6.341540 -7.301033 -7.028347
6.357990 -5.155105 2.819427
6.374190 -2.637145 7.363398
6.390490 3.015466 8.847208
6.407100 12.901356 2.720864
6.423480 15.038601 0.402746
6.440020 3.789280 2.059291
6.456340 -3.684854 11.001437
6.473420 -3.016858 14.085733
6.489270 5.842259 0.632359
6.505840 10.630922 -10.588071
6.521970 2.183438 -14.170535
6.538360 6.453398 -5.542458
6.554860 5.289632 5.477130
6.573790 7.752084 8.210713
6.587840 -9.292898 7.393711
6.604250 -22.647113 2.274981
6.620560 -22.164544 -0.095144
6.637130 0.194465 -2.731203
6.653640 16.391472 -15.326076
6.670100 9.066810 -24.010796
6.686650 -9.025505 -16.950695
6.702970 -15.613086 2.169332
6.719440 -1.810089 18.444628
6.735500 1.475129 11.768558
6.751950 1.886237 1.757636
6.768650 -5.761271 -1.315316
6.784870 -4.061583 -2.522434
6.803740 -9.531417 4.166171
6.818020 -14.903947 8.762818
6.834240 -9.061970 5.370384
6.867600 10.447335 0.006610
6.883790 11.294760 -5.044509
6.917480 0.238921 -2.611590
6.933040 -7.098780 3.862631
6.949370 -6.128286 2.227968
6.965910 3.013974 2.032273
6.982410 -2.997763 2.411274
6.998750 -5.311611 1.748768
7.015150 2.236082 6.063986
7.031480 -11.135870 5.159626
7.047740 -26.045590 -1.644341
7.064220 -31.325186 -8.018666
7.080640 -15.947201 -4.873822
7.097140 2.656538 5.478497
7.113460 -1.341994 12.924217
7.129960 -0.287587 9.645331
7.146330 3.736172 -4.371231
7.162630 4.999593 -10.091455
7.179230 6.532131 -14.687963
7.195600 5.116186 -5.797825
7.212020 3.836222 8.956004
7.230940 1.150115 5.760530
7.244900 0.370399 1.244517
7.261370 2.070591 -10.648633
7.277690 7.639106 3.327489
7.294130 5.117843 10.410177
7.310470 -2.697480 0.988569
7.327120 -5.806357 -7.419610
7.343440 -4.339290 -14.163428
7.360050 2.948766 -4.031204
7.376330 7.264236 2.547981
7.392780 9.425202 12.649195
7.409090 8.250705 17.290642
7.425490 4.794653 11.400671
7.441970 -0.640316 0.381861
7.458450 0.713215 -6.741343
7.474960 -3.837482 -10.507370
7.491390 -4.916185 -12.251620
7.507640 -5.396047 -2.830242
7.524230 -16.425981 -2.528857
7.559800 -21.569003 -4.629043
7.573460 -19.255563 -9.875251
7.606350 -8.046430 -5.976467
7.622730 4.844347 -2.745251
7.655490 3.032638 -13.796168
7.672060 17.640044 5.043038
7.688490 23.000039 26.221489
7.705000 19.028460 33.843771
7.721360 4.925832 17.051614
7.737590 -11.454711 -0.152765
7.754120 -13.819845 0.724831
7.770610 6.547977 -1.148234
7.787090 33.400867 -7.011688
7.803500 39.269905 -10.937228
7.819850 16.617684 -6.652954
7.836230 -11.756545 2.278172
7.852620 -9.331983 11.125937
7.869060 -2.158077 9.731315
7.887050 2.866418 5.574117
7.902110 0.574245 -1.932943
7.918490 1.708381 -5.415593
7.951220 -0.778424 -6.724995
7.967610 -5.721424 -10.721667
8.000560 -5.939922 -4.550247
8.017150 4.655452 -0.603746
8.049850 14.480424 6.003796
8.066210 7.263739 -6.161781
8.082750 -3.191764 -19.691959
8.099240 -7.478026 -20.116843
8.115570 0.032389 -5.233636
8.132110 9.221956 14.503899
8.148360 8.860149 18.018599
8.164720 10.285129 10.523054
8.181210 3.369653 -3.966622
8.197710 -2.929903 -9.375733
8.216690 -5.464669 -12.934804
8.247070 -6.120396 -11.632206
8.263490 1.339176 -11.282034
8.279800 3.872324 -9.016711
8.296260 3.633006 -12.963106
8.312730 0.666505 1.321428
8.331560 0.520938 17.888800
8.345600 6.005627 21.822641
8.362000 -1.303141 15.359785
8.378360 -10.850146 -5.485459
8.641390 -13.065681 -10.299703
8.658050 -7.506668 -3.523889
8.674270 -2.499601 8.165669
8.690830 -5.336905 16.798829
8.707080 -3.670201 4.486224
8.723460 -0.098128 -8.527407
8.739850 0.158065 -8.203337
8.756230 0.873634 -4.647918
8.772690 2.210324 2.819510
8.789150 2.133413 6.001330
8.805600 2.095753 8.313791
8.822080 2.209727 8.803034
8.838350 3.076630 4.814088
8.854720 0.684108 -0.410785
8.872670 -1.651030 -6.158279
8.887760 -5.313832 -6.983593
8.904100 -3.388748 8.541061
8.936840 -0.268591 20.641917
8.953380 3.336005 21.041087
8.969880 7.230754 10.411275
8.986300 6.680946 -0.077450
9.002750 1.991459 -0.412132
9.019240 -5.234270 -3.024135
9.035490 -7.202443 -3.568746
9.051860 -3.301096 -3.487588
9.068440 3.792761 -0.188817
9.084810 2.440525 0.687515
9.101320 4.828037 6.023894
9.134250 7.331864 11.901863
9.150420 3.036119 2.908852
9.166990 -4.856049 -8.700226
9.183440 -9.538147 -20.450111
9.199800 -9.853276 -3.790962
9.232600 -10.024665 14.848823
9.249100 -5.223926 10.462223
9.265470 4.133753 1.050168
9.281850 3.536867 -12.252262
9.298480 -6.351127 -7.343342
9.331590 -10.036732 -2.139330
9.347700 -1.546968 0.026438
9.364240 4.456811 7.034459
9.380600 0.479599 8.284308
9.396990 3.273283 5.964864
9.413350 6.245939 5.831079
9.429810 0.219196 2.911856
9.446350 -8.121384 1.488759
9.479060 -10.979367 -3.303061
9.495560 -4.368629 -2.101144
9.511860 0.333468 -2.576760
9.529050 3.097416 -8.075727
9.544880 7.196641 -1.788383
9.577740 4.585371 8.848264
9.594240 8.748597 15.078033
9.610470 12.831177 -8.250826
9.626830 15.177499 -29.628761
9.643450 3.805756 -15.738147
9.659770 -5.204666 -4.685856
9.676360 -1.900658 -4.926823
9.692750 4.443219 -1.954119
9.709230 6.179173 -4.196401
9.725460 -2.719857 7.145680
9.742190 -8.175022 -0.220145
9.775050 -11.041590 -5.831100
9.791240 0.423871 12.935716
9.807690 7.515055 9.929639
9.824010 6.552088 9.629978
9.840480 2.784469 1.462176
9.856920 -2.812680 -4.811146
9.873490 -1.710404 0.238171
9.889690 -3.579268 3.422881
9.906370 -2.571307 3.055608
9.922580 -0.066568 -0.250105
9.938980 0.524850 1.347659
9.955580 1.107947 2.440633
9.972050 -0.246778 3.862755
9.988450 -0.111587 -1.947841
10.005050 2.550223 -0.492793
10.021240 4.864337 3.452241
10.037580 3.447790 6.451914
10.054120 -5.731568 -0.638472
10.070420 -11.523763 -7.649863
10.086960 -10.777248 -9.022306
10.103500 -1.350680 -11.181879
10.119860 5.806125 -8.621493
10.136310 5.340154 -5.243125
10.152600 1.658820 2.153399
10.169100 -0.830935 6.449966
10.185420 -9.601332 4.697852
10.201830 -5.320595 0.218612
10.218310 4.824125 1.769819
10.234710 11.529929 2.339750
10.251080 0.191647 -3.585405
10.267580 -19.083388 -6.673197
10.283950 -14.845404 -4.383994
10.300420 0.345734 -3.312737
10.316830 13.609541 0.011582
10.333370 6.396179 -8.364408
10.349720 -2.690651 -11.047723
10.366210 -1.642908 -6.236454
10.382550 2.796801 2.261368
10.415510 2.847489 13.005269
10.431790 -2.785032 3.195817
10.448330 -8.567560 -11.227419
10.464680 -9.730818 -20.058439
10.481220 0.134561 -4.796518
10.497530 9.609586 7.104718
10.514250 9.202231 8.024903
10.530640 4.897488 0.483697
10.547040 4.455153 -2.012838
10.563540 12.135287 7.292684
10.579900 6.395350 4.695097
10.596390 -3.253027 1.907065
10.612580 -2.977044 2.914384
10.629040 0.208322 6.343655
10.661820 1.755788 2.974429
10.678330 -0.688319 -2.669376
10.711110 -1.673108 0.092782
10.727520 -0.484406 5.055138
10.760440 0.930654 6.121938
10.776700 10.928282 1.780489
10.809690 16.756514 -1.406233
10.826070 14.369372 -4.405812
10.842560 3.984573 -6.373657
10.858950 -2.586158 -2.425197
10.875410 0.814592 -6.022961
10.891780 2.623221 -9.838060
10.908360 -1.802166 -3.802524
10.924580 -4.775956 -3.496498
10.957550 -9.236708 -1.782271
10.973940 -10.272001 1.646704
11.006840 -1.837936 7.206864
11.023450 3.115649 9.145440
11.056050 5.503025 2.905350
11.072530 0.031129 3.802482
11.105640 -7.321057 -1.294120
11.121830 4.798201 -7.753066
11.154570 16.562258 -9.547309
11.171050 8.443577 -2.783458
11.187700 0.771396 10.968825
11.204100 -1.911101 16.614746
11.220440 6.507069 11.695979
11.236820 -12.042035 -1.597660
11.253190 -32.855511 -7.377674
11.269870 -25.916848 -9.700195
11.286090 -13.482311 1.103853
11.302720 -10.148582 6.273624
11.319180 -7.182685 -1.016789
11.351820 7.159479 -16.526983
11.368330 12.718499 -5.252407
11.384640 3.530867 23.816634
11.401030 -8.524763 27.349740
11.417680 -2.831809 1.247418
11.433940 2.461974 -12.676544
11.450450 3.778274 3.342801
11.466690 3.521054 1.078989
11.483320 -0.149711 5.494306
11.501530 -2.915913 12.689928
11.516170 5.298052 11.155089
11.532530 6.260956 -5.162174
11.548970 4.212951 -17.777232
11.565580 -3.283128 -6.005288
11.581850 -5.944928 12.663656
11.598450 6.476371 15.958510
11.614690 -10.058644 2.084506
11.631180 -27.374442 -11.439602
11.647580 -33.667611 -17.730036
11.663960 -13.685886 -6.861142
11.680450 4.542506 -7.286364
11.696810 -1.383931 -18.008696
11.713270 -3.044573 -8.495893
11.729660 -3.210793 0.918662
11.746170 3.753444 7.386045
11.762450 -6.661155 2.178697
11.779070 -6.030159 2.626528
11.795430 3.795479 7.052174
11.811780 0.066004 14.731887
11.829280 5.248989 23.522655
11.844710 4.923147 23.474508
11.861080 8.540675 5.648231
11.877560 5.423529 -11.478968
11.893940 -3.678224 -9.597035
11.910570 -2.387251 3.272085
11.926820 -0.720310 2.893271
11.943190 1.153861 -7.844438
11.959700 3.010228 -7.412897
11.976090 1.396296 -6.234216
11.992580 -3.671196 -1.429418
12.008900 -0.641244 -3.843113
12.025410 -2.818250 -4.105463
12.041760 -5.639342 3.160490
12.058180 -1.091404 -2.788969
12.074710 6.001417 -4.919509
12.091060 11.031579 -2.486485
12.107590 0.340993 -3.685148
12.124070 -7.447129 -1.481631
12.140460 -7.833204 -8.040649
12.158140 0.453177 -3.427232
12.173200 2.142894 6.681360
12.189700 -0.634481 5.221867
12.206090 4.667552 5.954318
12.239070 8.568455 5.243187
12.255450 7.615768 2.350047
12.271840 3.830852 0.550414
12.288190 8.408072 -2.851749
12.304690 3.878888 1.911499
12.321060 -2.098107 14.339413
12.337550 -7.806882 17.485850
12.353960 6.425120 11.543860
12.370410 8.200880 -0.440580
12.386760 -4.993129 -7.918199
12.403340 -2.719426 -13.928540
12.419680 -2.554831 -15.575528
12.436080 1.212705 -13.009848
12.452580 -1.889884 -3.695011
12.468930 -0.406533 11.220478
12.485550 6.741115 13.460793
12.501800 -0.341358 6.432728
12.518310 1.263161 -8.200436
12.534680 4.476502 -16.333452
12.551060 14.069763 -7.829230
12.567570 8.798256 1.869645
12.583950 -3.896491 5.285931
12.600400 -3.023986 5.945968
12.616930 0.401196 2.781696
12.633180 10.865064 0.232846
12.649690 -0.156971 0.263449
12.666030 -3.766704 6.052611
12.682590 -1.018770 6.721742
12.698900 3.401080 6.865969
12.715410 10.422107 4.395535
12.731830 11.423848 3.589051
12.748200 6.575062 0.151149
12.764710 -10.386470 1.489442
12.781050 -18.066873 0.826729
12.797580 -11.056143 -8.486217
12.830340 0.038422 -17.933592
12.846820 2.870629 -9.870527
12.863220 -10.507138 1.240808
12.879650 -18.737578 1.039767
12.896260 -12.509786 -4.961217
12.912580 1.847451 1.971171
12.928920 14.287392 18.183351
12.945310 -2.743162 11.600175
12.961820 -16.883543 0.629562
12.978320 -16.444710 -6.975492
12.994640 -7.028533 -1.836950
13.027510 3.324368 4.790468
13.043930 -0.415120 -4.138780
13.060350 1.739311 -15.144913
13.076830 3.126125 -22.864153
13.093200 0.303997 -5.361661
13.109700 -3.670831 10.635683
13.126020 -1.975978 14.640000
13.142650 -5.441464 -3.617893
13.158950 -9.015128 -24.984709
13.175310 -11.472048 -21.639725
13.191800 2.717437 -10.478363
13.208160 12.081385 5.171042
13.224640 6.409439 5.245259
13.241270 0.312616 -4.257709
13.257570 -3.498909 -9.407827
13.273940 2.686209 -10.200002
13.290310 -2.303511 -4.371501
13.306780 -5.743237 6.600969
13.323170 -3.810132 -7.368288
13.339690 1.782872 -7.757065
13.372730 7.126726 -2.793071
13.388930 -1.122202 3.389129
13.405290 -9.081198 5.704380
13.422000 -13.755899 -1.237203
13.438190 -2.616425 -2.719745
13.454680 34.679194 -25.482083
13.471020 50.621895 -32.821790
13.569670 40.286744 -20.589853
13.586210 7.713629 4.338867
13.619280 -12.506172 7.476443
13.635770 -0.785485 0.246956
13.668730 7.121190 2.968420
13.684950 3.948571 -4.007191
13.701340 -5.849984 -1.822239
13.783160 -7.994615 -5.492960
13.799960 -2.385329 -0.429391
13.816280 17.321744 3.239845
13.865300 24.746951 0.705582
13.881790 18.516772 -2.142521
13.898190 9.323330 -6.317694
13.914810 3.784440 -1.247977
13.964220 13.942931 7.544962
13.980410 4.257109 9.241224
13.996960 -10.649221 0.851468
14.013310 -6.049155 -2.814827
14.029850 5.522253 -0.314667
14.062470 12.127132 6.220686
14.079150 1.308677 4.325317
14.095630 -6.428070 -0.854597
14.111890 -5.011296 -3.867645
14.128330 -2.887635 -1.001187
14.161070 6.002710 -9.617443
14.177440 -7.093840 8.117870
14.193940 -36.364561 51.439997
14.210300 -49.253631 65.958629
14.226820 -38.561568 46.540292
14.243330 -4.926462 7.801611
14.259810 8.819241 5.423259
14.276260 10.026124 4.620175
14.292500 4.245539 -7.858672
14.309040 -5.877234 -8.704722
14.325350 -7.855614 -8.352371
14.341920 -0.296306 2.198215
14.358310 2.954236 -2.866916
14.374860 2.129004 -6.926553
14.407640 -3.399456 9.080982
14.424130 -6.463807 17.679649
14.456910 -1.392782 21.688059
14.473190 -4.525831 3.418054
14.489690 2.177007 -12.118791
14.505940 -2.106726 -8.337080
14.522430 -0.599109 2.700953
14.555480 2.386191 15.925049
14.571810 -3.507131 12.137168
14.588130 -0.931947 0.973527
14.604680 0.127931 -5.032243
14.621060 4.660922 1.411102
14.637390 -1.446321 8.400460
14.653950 -12.760269 5.211922
14.671400 -10.626480 1.252681
14.686800 -12.654751 -8.679672
14.703170 -2.102715 -2.538864
14.719590 -2.658196 3.425015
14.752370 -1.979425 7.050682
14.768940 -2.802238 -1.701652
14.785260 -0.288117 -11.244429
14.801930 11.965790 -2.483481
14.818160 7.924899 1.578163
14.851040 -5.604666 10.593251
14.867420 -0.822018 8.379160
14.900300 12.680542 5.032823
14.916780 15.200041 3.942007
14.933300 8.381353 -8.914959
14.949540 -3.477726 -16.494041
14.966250 -0.625000 -16.943029
14.982420 -4.899809 -12.853876
15.000140 -9.539738 -6.916960
15.015300 -3.404362 -8.299101
15.031830 1.917698 -3.611263
15.048160 2.774755 3.120418
15.064740 -1.308445 -1.773237
15.081070 -2.275664 -5.220189
15.097400 2.403827 -4.931733
15.113890 -0.671345 2.754036
15.130290 -1.081824 -1.574600
15.146790 0.600435 -13.850555
15.163410 -5.695201 -14.786791
15.179790 -2.711934 2.148861
15.196060 3.666654 20.026326
15.212390 4.650645 17.504248
15.229080 -6.380797 -6.241841
15.245320 -12.415473 -8.086501
15.261810 3.486478 -0.371542
15.294680 12.239545 3.142132
15.311050 14.786331 0.227480
15.327410 1.707785 -14.377618
15.344040 -5.901069 -9.741468
15.360310 -12.081484 -5.281228
15.376800 -0.854373 8.572533
15.393050 17.872121 20.300859
15.409550 15.635230 7.872140
15.425920 2.994614 -1.042751
15.442400 -7.880643 0.435296
15.458940 -8.035722 5.901981
15.475280 -6.611097 -0.918061
15.491680 -4.051207 -16.029222
15.508180 0.073264 -9.108870
15.524510 6.479388 5.119907
15.541200 4.422665 15.158048
15.557430 6.816135 10.024532
15.573940 12.335183 -3.280186
15.590260 14.978600 -15.756483
15.606670 10.262951 -4.420730
15.623140 -3.553045 1.681761
15.639540 -9.168583 2.441814
15.657260 -3.466918 -5.172348
15.672450 -1.294920 -4.300226
15.688780 -0.927604 11.310191
15.705320 1.129462 12.259514
15.721690 1.214793 3.486386
15.738130 2.315214 -7.303416
15.754550 -4.110249 -2.281818
15.771210 -6.295566 6.506924
15.787410 2.951584 6.645661
15.803910 7.034997 -8.480146
15.836670 4.577680 -10.716674
15.853130 -3.426142 3.410698
15.886150 -0.109233 11.651495
15.902530 17.139887 2.001442
15.935300 25.472246 -13.682505
15.951660 11.299335 -6.747310
15.968190 -0.619928 7.540321
15.984530 0.267099 13.362379
16.001250 0.037958 1.989632
16.017520 -1.824775 -5.523666
16.034070 -4.287873 3.479922
16.050310 -2.237872 0.442258
16.066650 3.651172 -5.858367
16.083150 3.017787 -8.513442
16.099530 8.419012 -3.109976
16.116040 11.570571 4.968116
16.132570 8.037314 1.576029
16.148940 4.416797 -1.905635
16.165310 0.098260 9.079656
16.181640 1.337088 19.129714
16.198140 1.201168 11.836578
16.214550 0.953760 -5.650655
16.231030 -2.415165 -16.415642
16.247450 5.531634 -9.731004
16.263920 16.427505 -6.713599
16.280300 10.805062 -5.085637
16.296690 2.813642 -1.679150
16.329510 -4.035460 -1.848304
16.346050 -4.670436 7.168057
16.362290 -0.412633 12.450335
16.378800 2.625807 14.951753
16.395290 0.271409 1.223218
16.411680 -31.686333 -17.179529
16.428130 -53.053419 -22.066052
16.444500 -45.652965 -7.062388
16.461030 -18.839511 13.838476
16.477290 -3.169818 22.710181
16.493770 -1.108974 7.221948
16.510250 8.442880 -5.921581
16.526630 9.189004 0.966855
16.543170 1.119086 0.911265
16.559540 -6.368233 3.829542
16.576070 -5.279720 -0.063630
16.592440 -4.029095 2.834283
16.608800 3.886744 5.057355
16.625310 9.152969 2.581712
16.641650 -1.131782 -2.254220
16.658190 -14.997960 -9.893194
16.674560 -21.989389 -9.523399
16.691060 -4.287110 -7.509718
16.707430 9.702043 -7.909642
16.723820 5.115655 -13.023605
16.740300 -1.644101 -1.056819
16.756670 -5.239076 0.797805
16.773180 -0.131942 -7.272876
16.789510 -1.619370 -3.306583
16.806060 9.583894 3.055898
16.822300 16.944969 12.523742
16.838760 17.482253 4.687389
16.855180 9.585950 5.113339
16.871670 -3.139451 6.464429
16.888290 -4.853364 2.119357
16.921050 -6.838413 -3.195962
16.937620 -4.836357 2.083222
16.953770 -2.325027 4.506343
16.970280 -4.086115 -0.496025
16.986790 2.394644 0.046184
17.003160 7.063706 -6.170898
17.019520 12.119441 -5.105341
17.036270 -6.229927 3.920811
17.052550 -23.376664 19.306563
17.068910 -22.213106 24.017198
17.085310 -12.113607 7.122599
17.101760 5.570620 -5.841563
17.118130 0.667964 -6.992129
17.134520 -0.716199 -1.889205
17.167420 -1.731222 2.355372
17.183810 -1.202494 0.879129
17.200410 2.736400 5.471287
17.216640 1.969845 2.789093
17.233150 1.208461 1.776449
17.266070 -3.242585 -2.188042
17.282380 1.745047 -1.076047
17.298770 15.591009 -1.727634
17.315290 20.872291 -7.388987
17.331820 14.565686 -7.677068
17.348180 2.838936 -2.284139
17.364550 1.914217 9.479515
17.380910 3.935344 10.455199
17.397400 1.961126 7.911216
17.413990 4.079286 1.519092
17.430330 -3.932924 3.170083
17.463270 -10.937067 4.919301
17.479740 -16.658392 -1.142930
17.495880 -12.931357 -5.627677
17.512440 -4.250180 -7.486119
17.528810 -3.985203 -6.323578
17.545320 -1.770540 -4.644893
17.561660 -2.918134 -2.905226
17.578160 2.512066 5.919654
17.594540 -1.515872 2.694571
17.610930 -9.333276 -9.687764
17.627400 -9.111862 -1.549115
17.643780 6.751458 -2.446745
17.660190 20.995271 -6.274867
17.676670 14.063663 -6.357952
17.693180 0.407561 1.674468
17.709550 -5.813053 16.203547
17.725880 -0.114239 8.419749
17.742420 5.640535 6.554019
17.758770 0.308240 -0.490265
17.775250 -4.396012 -6.284958
17.808230 -4.484194 -5.287340
17.824540 1.909609 2.042404
17.840870 4.208807 6.836962
17.857440 -4.273784 1.480098
17.873790 7.259197 -12.092871
17.890290 9.619664 10.564472
17.906570 6.449055 35.968789
17.923170 -6.077731 31.731166
17.939510 -14.251955 5.989976
17.955930 -5.343867 -24.463156
17.972410 -7.906335 -10.496306
17.988770 -4.568265 0.599602
18.005280 -2.500860 2.865341
18.021670 -2.885613 -0.090979
18.038130 -1.885674 -3.281927
18.054570 -2.340177 -4.279962
18.071030 1.478279 3.409186
18.087390 -1.942064 -1.072856
18.103810 -7.289265 -9.158037
18.120320 -4.294901 -3.825460
18.136660 3.140976 8.098021
18.153120 8.678085 16.072151
18.169480 4.628169 12.006701
18.186080 0.080591 1.899440
18.202410 -2.406910 -3.022830
18.218770 -0.205173 -5.495135
18.235410 4.025780 -6.437245
18.251690 0.698032 -2.182468
18.268040 -1.297737 4.376556
18.300900 -1.933611 9.528641
18.317400 2.628426 16.330634
18.333790 6.369294 12.373696
18.350490 4.156429 4.137412
18.366680 1.889718 5.095209
18.383190 2.035318 1.921133
18.399660 4.189547 2.784452
18.416080 4.155003 0.493497
18.432370 1.815924 -1.107085
18.448910 -1.039722 0.358883
18.465290 -3.750593 -2.726396
18.481540 -2.680175 -4.097797
18.498020 -11.596859 -1.408616
18.514560 -4.523676 3.093462
18.547640 4.465364 8.306146
18.563750 12.977369 0.762022
18.580460 18.622584 -3.209636
18.596650 8.691312 0.080702
18.613240 6.836457 -0.325752
18.629680 -1.403987 -4.450711
18.645900 -1.245524 -4.298983
18.662510 -0.004277 4.395017
18.695280 -1.478047 7.795686
18.711640 8.075404 0.269851
18.728030 2.519326 -5.766932
18.744510 -11.421593 -3.907654
18.760860 -3.084255 -4.816865
18.777400 12.658663 -1.496093
18.793790 27.064456 3.062839
18.810300 10.697455 2.741273
18.828370 -8.066818 0.970771
18.843030 -6.135944 -1.805767
18.859540 -4.513333 -3.673131
18.875890 -3.024782 -5.733491
18.892430 -1.121970 -7.349164
18.908780 -6.970751 -0.671789
18.925380 -8.231743 7.239228
18.941880 -4.783515 10.131526
18.958020 0.544973 4.344855
18.974530 4.236356 -0.630619
18.990920 -1.102775 0.066820
19.007400 -1.247580 -3.341039
19.023790 0.672439 -4.367937
19.042050 3.795579 -4.629602
19.056670 -0.006697 -2.888775
19.073070 -7.498944 -4.697023
19.089520 -9.693524 -8.583224
19.105900 -7.011063 -2.176066
19.122410 -1.389168 4.521779
19.138790 1.316899 6.700919
19.157200 3.814044 7.661404
19.171770 3.110875 3.777412
19.188030 1.143054 1.703599
19.204530 -4.022995 -4.892739
19.220900 -6.642789 -2.135000
19.237400 -5.415241 5.478435
19.253780 0.674428 5.311478
19.270320 1.867607 2.224777
19.286880 -1.355155 -3.041146
19.303040 -7.813579 -0.872975
19.319560 -8.729601 2.839587
19.335920 -3.107925 3.032257
19.352280 -2.568489 1.144815
19.368650 2.608171 1.609844
19.385160 5.134220 3.994448
19.401660 -2.913029 1.158821
19.418030 -11.990420 -6.078800
19.434510 -16.936018 -9.096273
19.450880 4.092447 -3.881962
19.467530 21.484077 6.741736
19.483730 8.943158 10.193269
19.500290 -1.590927 23.986267
19.533000 -7.457605 30.909294
19.549500 7.041362 15.813936
19.566040 6.852767 0.745902
19.582430 -2.068105 -6.836569
19.598830 -4.310880 -0.865723
19.615110 -4.179601 -2.110261
19.631880 0.429540 -7.361741
19.648010 -0.701977 -7.028471
19.664670 -4.034267 -8.801315
19.681030 -7.780096 -11.575084
19.698490 -4.874978 -8.016139
19.713810 0.511788 3.154357
19.730300 2.007604 7.411384
19.746540 8.514420 9.032852
19.763050 2.768954 5.134472
19.779530 0.439121 -3.790569
19.795900 -2.475036 -4.735085
19.828770 -1.345144 -3.144536
19.845180 -1.379488 2.296280
19.861660 -10.545758 1.584068
19.877990 -9.378095 -0.088452
19.894550 2.307158 -3.886189
19.910920 18.603822 -6.633519
19.927630 20.017090 -5.564048
19.943770 11.937347 0.414784
19.960280 6.115755 6.123782
19.976530 1.447548 7.793034
19.993030 -1.299063 9.541942
20.026370 -3.782086 6.615390
20.042390 -4.054323 4.087727
20.058780 1.710735 2.382867
20.075380 2.927151 -0.318397
20.108050 5.055552 -3.228947
20.124570 2.543559 -3.911156
20.140900 -0.660737 -2.706692
20.157300 1.096576 -2.441462
20.173830 4.257274 -4.968199
20.190160 4.556363 -4.204005
20.206650 -1.314015 -2.498275
20.223020 -2.063795 -2.453500
20.239520 0.174110 -2.203043
20.272370 1.131285 -1.595961
20.288790 0.856230 0.200938
20.305130 4.868580 0.658590
20.321640 12.002122 1.123267
20.338150 12.368466 -2.084921
20.355480 5.685455 -4.869451
20.371120 -1.427790 -4.959746
20.387390 -0.912421 -0.618291
20.403780 -1.143352 2.455738
20.420180 -1.211113 -1.592812
20.436650 2.338188 0.872188
20.453050 5.924175 6.454131
20.470230 6.820279 12.883339
20.485900 0.615784 1.488427
20.502290 -1.191852 -12.339841
20.518780 2.855081 -14.173850
20.535130 1.818841 -7.904897
20.551650 2.467245 2.594289
20.568160 1.132843 4.052193
20.584560 4.412687 4.916504
20.601100 1.857495 4.496273
20.617260 0.739604 2.532213
20.633740 -4.961171 -0.660331
20.666660 -2.278549 -4.563860
20.683230 -27.819167 -3.465895
20.699720 -42.447665 4.739560
20.715880 -34.391507 7.197831
20.732450 -17.561646 10.997935
20.748760 4.859497 4.335822
20.765150 -2.106295 -2.143329
20.781660 -4.252202 -2.620499
20.799610 -2.699801 -8.528277
20.814560 1.539575 -7.739785
20.830900 3.322844 -3.241482
20.847290 2.302219 8.942412
20.863940 -3.651404 16.149016
20.880140 0.807663 6.041111
20.896650 -2.757318 -6.647215
20.913020 3.149562 -7.745234
20.929530 15.830150 18.609834
20.962300 23.297839 -12.885555
20.978880 14.623002 -70.545255
21.011610 -1.647085 -89.816247
21.028030 -7.342373 -58.137453
21.060900 -1.167718 3.492333
21.077160 5.202975 8.872402
21.110140 0.155479 1.672251
21.126600 -5.945293 -7.258807
21.159480 -13.444222 -17.856438
21.175890 1.737256 -10.608148
21.192470 2.383340 -1.199266
21.208910 -8.457135 0.889924
21.225140 -4.865597 -5.186416
21.241780 3.626806 -7.044715
21.258010 13.592767 -0.612096
21.274510 4.985570 -1.404555
21.290880 -2.424977 -11.071053
21.307300 1.902415 -23.545237
21.323780 -6.775691 -12.690135
21.340260 -10.262189 6.526483
21.356750 -6.845706 15.444814
21.373120 -5.579902 6.987136
21.389420 15.117166 -9.466172
21.405910 19.656598 -8.491293
21.422290 33.947147 -25.190139
21.438770 26.597618 -32.521170
21.488040 8.877420 -24.034352
21.619350 -0.317357 -12.419733
21.635890 -17.366164 9.772298
21.652150 -2.860219 9.438802
21.668730 1.510071 2.486174
21.750900 2.867579 0.603539
21.767270 -1.128633 -7.120092
21.898790 -0.738543 -0.240263
21.915150 6.380731 2.760791
21.947970 12.012598 -3.011372
21.964370 8.476131 -4.469980
22.046520 -2.230579 8.430254
22.095920 -5.324308 0.421373
22.112490 -22.189935 52.060085
22.128780 -30.594302 122.678942
22.145360 -30.442596 128.673637
22.161670 -19.263287 105.990631
22.178020 -0.942456 36.288080
22.210880 0.685202 36.530209
22.227480 0.410843 29.669779
22.243770 8.290553 -44.367836
22.588750 6.442126 -95.568940
22.605150 7.279585 -98.238242
22.638020 7.038246 -38.777483
22.654390 -1.113881 19.949857
22.687270 -3.950361 21.237076
22.703770 -6.938097 -1.710893
22.720120 -0.201858 -13.832550
22.736540 3.285118 -18.214511
22.753020 -1.248342 -2.524153
22.769410 -0.869424 3.509344
22.786120 2.250569 -2.547338
22.802290 -0.058379 -14.248354
22.818760 2.216854 -16.733815
22.835280 3.583445 -5.979554
22.851650 5.625120 -3.148949
22.868000 1.736328 -1.771020
22.884350 -2.072050 -8.342073
22.900890 -7.182983 -0.831474
22.917140 -4.317974 8.897058
22.933790 2.728178 13.664003
22.950150 6.510417 10.249480
22.966480 3.822962 -6.130681
22.982970 -7.363191 -19.195680
22.999420 -1.572461 -12.556540
23.015900 -7.894202 2.738828
23.032290 -14.716451 16.427327
23.048780 -11.410554 4.523933
23.065170 -1.927643 -8.185663
23.081540 6.952916 -7.388780
23.097990 0.390256 -3.183385
23.114560 0.914277 5.873409
23.130890 2.783938 10.493820
23.147260 5.083233 -7.430177
23.163640 4.492183 -24.927778
23.377290 1.325385 -29.317544
23.393660 0.372354 -9.793224
23.426500 -3.009366 11.745891
23.443080 3.813381 4.273435
23.459410 6.734716 -2.706195
23.475910 9.021957 -9.730217
23.492250 -5.467686 -1.044823
23.508640 -18.392066 4.640169
23.525770 -15.698745 5.448827
23.541490 -4.684758 1.462424
23.558010 6.726992 -1.156356
23.574370 0.235937 0.407760
23.590900 -0.418799 2.029372
23.623670 3.740249 -2.118300
23.640630 9.132482 -6.962169
23.672990 2.273046 -4.525259
23.689420 -2.181349 4.999216
23.722290 -1.390727 13.640591
23.738780 7.997533 4.272752
23.755140 9.691501 -6.132546
23.771530 2.691214 -10.578022
23.788040 -1.543321 -7.145618
23.804400 -7.240931 -7.477810
23.820890 -3.976451 -8.779518
23.837270 -7.193094 -13.262783
23.853590 -6.264271 -14.238782
23.870090 -2.595507 -12.428041
23.886700 -2.990503 -0.126679
23.903020 -5.098483 12.238546
23.919390 -10.655288 9.041512
23.935760 -2.623221 1.974817
23.952290 8.773924 -9.208426
23.969710 10.507005 -9.562289
23.985140 1.752373 -1.538216
24.017900 -6.992697 10.338675
24.034390 -8.404028 12.851162
24.050890 8.876227 2.585234
24.067260 23.604058 -4.747413
24.083800 15.257257 -5.104264
24.100170 4.643584 -5.701314
24.116520 -3.430850 -11.893451
24.132890 -1.130092 -6.984442
24.149350 -3.996574 3.393895
24.165760 -7.995809 11.434941
24.182220 -0.484704 11.025098
24.198750 5.487411 5.441265
24.215120 2.718531 8.243035
24.231510 5.655951 -5.209891
24.248050 9.713480 -3.295726
24.264400 7.915551 2.880549
24.280780 2.048711 7.259305
24.313640 -6.789913 7.337520
24.330030 -2.429121 -5.508023
24.363010 3.976418 -3.327365
24.379270 2.743361 -7.847256
24.395780 -2.149690 -16.037240
24.412280 -7.844741 -21.290528
24.428650 -4.371844 -15.609672
24.445160 -0.061263 0.088472
24.461530 2.473942 11.520531
24.477970 -0.499788 10.343047
24.494380 -1.424242 -2.810414
24.510860 0.928632 -9.493957
24.527400 1.652621 -2.025580
24.543670 -2.895061 2.727101
24.560130 -6.588322 5.285911
24.576490 -6.440701 3.672737
24.593020 -7.512238 -5.768714
24.609380 -9.612537 -17.542970
24.626720 -8.462274 -15.405304
24.642360 -2.705138 -6.284419
24.658630 -0.930588 0.250768
24.675140 -4.121288 -6.959310
24.691510 -1.703906 -13.266782
24.708020 2.601342 -5.343987
24.724270 8.940208 11.000836
24.740740 10.544830 23.070727
24.757260 4.854591 25.465219
24.773770 9.685601 12.828330
24.790020 6.748010 -3.651230
24.806590 1.370571 -3.244694
24.823040 -9.072777 8.334303
24.855740 -8.549228 9.814233
24.872220 3.572903 2.265698
24.905110 -2.053485 -6.544177
24.921520 3.797303 -8.541040
24.954730 15.537306 2.312649
24.970780 23.265222 0.255016
25.003780 15.717276 4.492523
25.020130 -1.208362 7.787004
25.036530 0.170861 4.441615
25.052900 3.859627 5.294716
25.069340 1.060872 4.555903
25.085780 -4.241130 3.273038
25.102250 -1.750450 0.285618
25.118610 -0.315467 -4.370879
25.151500 -2.088095 -5.983822
25.167850 0.743814 -3.364183
25.184420 5.829198 -0.427734
25.200760 9.553993 -4.064998
25.217220 4.280480 -5.554475
25.233630 2.264128 -8.859473
25.250150 7.405392 -7.646776
25.266530 1.912526 -3.804679
25.282870 -2.796204 -3.123568
25.299380 -1.995438 2.642254
25.315780 1.385124 6.361847
25.332400 6.955966 -0.078796
25.348630 -2.983077 -2.465227
25.365130 -1.475759 -4.588619
25.397860 -15.168814 -5.147215
25.414380 -21.534761 -1.433189
25.447280 -20.906831 -3.744406
25.463590 -12.035803 -5.980404
25.496480 2.553007 -7.139609
25.513050 -2.108649 -2.170741
25.545790 1.762584 1.911167
25.562270 1.196129 -2.689350
25.595150 3.986231 -5.347136
25.611470 -3.235689 -6.933203
25.644530 -6.135281 1.023316
25.660900 -1.607801 8.524837
25.693630 2.180819 9.635489
25.710140 1.573423 13.484868
25.726610 -4.863276 8.132664
25.742980 -2.963253 12.536629
25.759380 -0.886265 7.449591
25.792210 -1.549189 -2.050547
25.808760 5.883002 -2.252645
25.824980 5.204102 -0.668577
25.841510 1.846854 0.562037
25.857890 2.544156 2.105412
25.874510 1.051192 0.398892
25.890780 1.259846 -3.448345
25.907260 2.647654 -16.654754
25.923630 0.389759 -18.801912
25.939990 0.865678 -9.957568
25.956530 -1.198847 7.402952
25.972870 1.956120 23.005653
25.989490 11.445992 19.617913
26.005770 2.143789 8.473972
26.022260 -2.987553 -10.750177
26.038640 -1.134037 -6.527540
26.055130 0.571958 -1.206186
26.087890 2.917571 4.759099
26.104400 -2.806448 6.355590
26.120710 -3.459194 -2.242928
26.137270 -4.447230 -3.087350
26.153590 2.961463 -5.201583
26.186480 6.859695 -9.560072
26.202900 7.714557 8.092634
26.219390 20.957482 42.150976
26.235900 27.518961 52.660388
26.252210 19.843292 61.548147
26.268620 -6.544397 37.368572
26.284970 -21.352047 21.005680
26.301530 -5.968830 10.908035
26.318020 7.893373 -11.330807
26.334350 12.187499 -3.946172
26.350710 -2.858528 -7.195987
26.367250 -13.765744 4.505576
26.383730 -12.761793 16.625085
26.399980 3.191896 12.355877
26.416380 22.059762 -0.868396
26.432880 7.450345 -12.345000
26.449340 -7.104548 -4.910185
26.482220 -13.349280 5.095230
26.498810 -5.092018 7.210677
26.515140 7.077862 0.141162
26.531510 6.876138 -5.745902
26.547880 4.865331 -5.774805
26.564410 -2.652129 -1.833220
26.580870 -9.787174 0.979867
26.600250 -3.222163 1.059264
26.613850 4.819517 2.805234
26.630340 3.610993 2.214169
26.646710 7.403901 -1.368461
26.663120 4.822467 -6.721887
26.679750 0.896309 -6.218946
26.696110 -3.119726 -0.967580
26.712520 -5.468250 2.815739
26.728810 -1.053579 0.024283
26.745180 -0.518584 -1.292441
26.761780 4.182817 -2.956983
26.778260 6.078294 -6.118270
26.794530 2.390301 -4.110291
26.810900 -4.929180 -3.170332
26.827260 -10.467689 -0.551325
26.843720 -0.824073 0.286696
26.860000 16.080264 2.810932
26.876510 22.126655 6.598607
26.892870 13.436432 2.748235
26.909390 -1.284112 0.392552
26.925750 -4.210531 -3.668593
26.942280 -6.919732 -0.140064
26.958650 -2.583772 9.572938
26.975220 4.767105 14.694552
26.991500 5.333955 5.184095
27.008040 -12.802369 -13.802943
27.024370 -27.733053 -23.696018
27.041090 -27.888244 -13.393892
27.057100 -18.656396 6.773188
27.073680 -8.249446 16.281221
27.090120 -11.879002 4.315102
27.106480 -0.485069 -3.850448
27.122920 3.860190 0.478496
27.139360 9.847608 -3.691799
27.156070 4.251506 -1.846605
27.172270 -10.013725 -2.486796
27.188770 -7.762891 1.814283
27.205140 1.463825 -2.778609
27.221650 12.012299 -11.728611
27.237920 7.402773 -2.698591
27.254380 -3.251867 6.652498
27.270890 -8.743525 4.033815
27.287260 -5.808545 12.589234
27.303760 -2.111168 9.128181
27.320010 1.218572 -2.696291
27.336500 -9.124791 -7.053065
27.352890 -18.476132 -14.336533
27.369370 -19.783425 -11.745207
27.385740 -8.843474 0.844444
27.402150 7.640730 6.616384
27.418810 10.580202 4.048464
27.435000 -1.747699 -2.381769
27.451640 -6.512340 -0.551657
27.469600 -3.390638 13.359457
27.484510 9.480995 5.854223
27.500900 10.397609 -2.768063
27.517260 -2.998393 -2.541040
27.533680 -7.451008 -10.625676
27.550160 -1.357476 -9.290350
27.566500 12.330111 -0.600493
27.582990 3.508855 -3.702615
27.599430 -6.234402 -10.126885
27.615890 -10.158693 -17.538847
27.632140 -1.914549 -1.445683
27.648620 4.262148 13.550982
27.664960 1.528171 9.917497
27.681820 0.130914 6.535931
27.697880 -0.164065 16.231952
27.714250 0.773550 24.073093
27.730910 -3.213378 22.841758
27.747150 -6.033706 9.841396
27.763780 -7.820673 1.647429
27.780030 0.967717 1.471852
27.796490 11.754291 -0.927322
27.813050 13.567872 4.107411
27.829270 2.241088 -2.257286
27.845760 -12.403506 -11.392259
27.862140 -12.209179 -11.378026
27.878630 -2.257299 -1.263103
27.911620 6.165581 7.877423
27.927990 3.497848 5.001060
27.944470 -0.755384 2.565012
27.960850 -3.231114 7.445157
27.977290 -3.050242 5.222986
27.993710 4.661950 -28.468904
28.010130 10.724639 -39.709256
28.026490 12.178780 -54.084869
28.042970 4.777315 -50.999658
28.059370 5.711611 -40.310954
28.075780 1.144645 -31.580771
28.108640 -6.023761 4.290985
28.126590 -6.727854 11.520945
28.158040 -6.715423 15.084622
28.174270 3.851173 1.364380
28.190750 1.970209 -15.822575
28.207110 -0.603054 -15.748341
28.223630 3.190139 -14.835273
28.240020 4.118537 -5.736495
28.256480 8.536133 6.213517
28.272890 -1.856998 12.487857
28.289260 -10.470275 15.294687
28.305740 -10.454661 4.134740
28.321950 -2.608801 -1.503325
28.338590 10.105652 -16.521783
28.355010 13.519837 -27.888099
28.371510 -2.694927 -15.759384
28.387860 -19.984870 6.783921
28.404250 -19.924705 22.378183
28.420760 -3.233269 18.649033
28.437120 15.235975 3.552171
28.453990 9.015957 -8.825245
28.470120 8.375319 -9.387916
28.486740 7.688766 4.788334
28.503140 11.577997 22.452704
28.519560 1.925621 11.374731
28.536100 -10.949797 0.455560
28.552470 -17.691259 -9.727234
28.571490 8.874072 18.434994
28.585220 23.400962 25.749621
28.601670 12.876891 4.732847
28.618060 -0.906653 -8.437257
28.634550 -6.931301 -6.861328
28.650910 9.479702 20.681778
28.667560 5.431054 5.097281
28.683910 1.020262 -11.991970
28.699980 -2.696154 -10.898504
28.716510 -3.333154 2.739118
28.749270 -6.992167 8.110453
28.765870 8.195907 6.562245
28.782290 18.760981 5.631406
28.798900 17.091356 6.306133
28.815140 8.384038 5.315726
28.831530 -5.212920 7.193852
28.848160 -0.406666 9.101080
28.864440 -6.850115 1.670407
28.897230 -12.458966 -1.637545
28.913650 -2.602535 -10.910107
28.930070 7.694269 -10.970545
28.946560 8.190968 -5.477731
28.963030 -4.552783 -1.248040
28.995990 -11.693824 0.384036
29.012250 -3.073547 -8.529292
29.028730 2.819874 5.528265
29.045140 1.868468 18.618722
29.061430 -0.241407 5.789558
29.078230 -4.488503 -4.295771
29.094410 -5.694837 -8.370541
29.111470 -5.355934 0.321919
29.127300 -3.617358 1.806762
29.143750 -4.901433 -3.508556
29.160160 4.789150 -5.751040
29.176570 14.657677 3.238416
29.192900 18.125911 13.686151
29.209400 2.666882 15.489774
29.225880 -19.835237 3.038349
29.242230 -21.640073 -13.022383
29.258730 -12.910373 -5.711052
29.275180 -0.335623 0.067815
29.291430 -1.444133 0.509700
29.307860 2.537526 -4.579275
29.324230 8.665653 -5.183329
29.340910 38.406928 11.788531
29.357240 -55.364787 -35.413496
29.373760 -137.284615 -74.567973
