0.000000 30.341293 19.835074
0.032840 50.374933 33.450916
0.049740 53.969301 36.068798
0.065800 40.440364 26.744251
0.082150 22.274921 13.774098
0.098630 8.200891 3.560335
0.114990 -0.131665 -2.438767
0.131530 -3.193065 -4.484363
0.147890 -2.835562 -3.958391
0.164430 -1.353261 -2.550553
0.180730 -0.406586 -0.818271
0.197510 -0.452346 0.959802
0.213990 -1.002085 1.925212
0.230350 -1.189502 1.826933
0.246950 -0.723412 1.587665
0.262880 -0.108955 1.958204
0.279420 0.373068 1.870309
0.295780 0.656420 0.282467
0.312320 -0.083237 -1.639913
0.328800 -2.801339 -1.943532
0.346130 -6.449443 -0.128052
0.361570 -8.311019 2.334602
0.377930 -7.336939 3.483488
0.394410 -5.109558 2.480654
0.410770 -3.225829 0.161717
0.427310 -1.723906 -1.256078
0.443850 -0.229675 -1.740282
0.460210 1.008493 -5.778322
0.476500 1.475676 -16.008929
0.575130 0.913319 -27.917533
0.591740 0.040719 -31.986323
0.608030 0.393696 -21.944818
0.673770 2.236435 -2.767662
0.690000 4.045320 14.990917
0.706540 4.016395 22.590681
0.722900 1.698049 15.764981
0.739380 -1.433386 -1.169226
0.788700 -3.817137 -17.770183
0.804990 -4.861821 -23.997189
0.821530 -4.755840 -18.698988
0.837890 -3.526989 -8.264867
0.854310 -0.825666 2.963692
0.870730 1.716646 10.924050
0.887080 1.719493 10.561846
0.903810 -0.271959 2.736891
0.920040 -1.170495 -1.933741
0.936520 0.490403 4.213752
0.969420 2.666264 14.433632
0.985900 3.330631 17.844011
1.002080 2.942593 12.355010
1.018680 2.795342 4.511272
1.035030 2.928411 0.002557
1.051640 2.355456 -0.403604
1.067990 0.725359 1.607806
1.084410 -1.134928 3.872759
1.100770 -2.003413 5.010738
1.117190 -1.271244 4.441168
1.133610 0.187264 3.362076
1.166560 1.215767 2.032099
1.182740 2.330350 -3.925113
2.119260 4.102358 -15.009338
2.135800 4.822610 -21.746038
2.300050 2.276144 -15.341933
2.316350 -2.097393 -0.267740
2.349240 -4.093010 10.133393
2.366030 -2.618062 10.777926
2.398560 -0.591989 7.236361
2.415160 -0.398566 4.749626
2.447880 -1.492020 4.858629
2.464230 -2.348103 4.889450
2.480770 -2.399221 0.356202
2.497130 -1.667405 -6.341190
2.513550 -0.257624 -8.195561
2.531860 1.643935 -3.231292
2.546390 3.438262 3.022159
2.562870 4.398485 5.136687
2.595760 4.049584 4.606067
2.612300 2.384176 3.738593
2.645200 0.115266 2.022200
2.661380 -1.478763 -0.682086
2.677920 -0.986992 -3.678678
2.694270 1.515472 -6.272097
2.710630 4.038731 -7.974457
2.743650 4.565082 -8.354900
2.760130 2.974462 -7.110927
2.776430 0.925068 -4.331819
2.792790 -0.235019 -0.697555
2.809200 -0.461748 2.804753
2.825740 -0.579486 5.482168
2.842160 -0.778310 5.942274
2.858580 -0.321430 1.416500
2.891420 1.129541 -6.636426
2.907900 3.088854 -11.770825
2.940670 4.126048 -10.316911
2.957150 3.721223 -3.680953
2.990170 2.832604 3.782100
3.006530 2.098686 8.944680
3.039310 1.931174 10.504929
3.055730 3.382482 7.611629
3.088680 7.482071 1.701007
3.104980 12.494523 -4.838228
3.137940 14.594411 -10.016608
3.154420 12.364552 -11.844896
3.188110 7.921554 -9.832844
3.203670 3.799783 -6.041269
3.236390 0.777036 -2.800152
3.252930 -1.028583 -0.817849
3.269290 -1.578528 0.532994
3.285770 -1.486331 2.193515
3.302310 -1.430251 3.945704
3.318480 -1.645106 4.724674
3.335020 -1.929900 4.173214
3.351380 -1.872999 2.035221
3.367980 -1.121440 -1.937965
3.499270 0.664818 -6.216243
3.581670 3.105084 -8.388486
3.597900 3.152849 -7.859206
3.679990 -3.310349 -6.321326
3.696530 -14.892595 -4.769031
3.778560 -23.966320 -1.915392
3.795040 -24.307538 2.739454
3.811400 -17.244370 7.246904
3.827760 -8.790885 9.039074
3.844360 -2.831962 7.462041
3.877200 -0.213227 4.407566
3.893550 -0.332087 1.960729
3.910030 -1.385050 0.272810
3.926390 -1.321664 -2.058085
3.942870 0.318869 -5.296530
3.959290 1.969405 -7.329472
3.975830 1.924347 -6.061221
3.992130 0.244624 -1.651766
4.008540 -1.369139 3.998331
4.025020 -1.618171 8.227849
4.041440 -0.580595 8.420557
4.074280 1.121130 4.280304
4.090760 3.032715 -1.542572
4.123540 4.843836 -5.879376
4.140080 5.773160 -7.341614
4.172850 4.966684 -6.531720
4.189450 2.622936 -4.638275
4.271360 -0.067467 -3.160201
4.288090 -1.427339 -2.567312
4.304260 -0.426652 -1.519472
4.370000 1.935556 -0.219922
4.386350 3.465845 0.886040
4.402890 2.962437 3.663560
4.419250 1.474764 9.029483
4.435670 0.697546 13.225876
4.452150 0.700315 10.756321
4.468510 0.627576 3.222701
4.484990 0.548602 -2.696647
4.501950 1.536979 -4.157418
4.517880 3.517679 -2.951126
4.534300 5.020033 -1.580391
4.550780 5.126423 -0.476752
4.567260 4.252002 0.882007
4.583560 3.247526 2.709968
4.599910 2.144919 4.831244
4.616390 0.872676 6.342384
4.632930 -0.033094 6.584530
4.649230 -0.216193 5.974441
4.665650 0.037250 5.014717
4.682130 0.133743 3.703068
4.714970 -0.179713 1.920833
4.731570 -0.265957 -0.773091
4.764280 0.701326 -4.336689
4.780880 2.481400 -7.043781
4.813540 3.922509 -6.753065
4.829960 4.049479 -3.399509
4.862790 3.101777 0.401846
4.879270 2.068764 1.785502
4.912170 1.264564 0.613476
4.928530 0.212004 -1.127278
4.961360 -1.094025 -1.861022
4.977840 -1.782255 -1.268434
5.010800 -1.392989 -0.179094
5.060120 -0.297119 0.459277
5.076420 1.126532 0.058324
5.109310 2.886074 -1.273216
5.125670 4.042000 -2.395130
5.158510 1.499193 -1.535440
5.175170 -6.722025 3.332050
5.207950 -17.462259 11.461218
5.224430 -24.026557 18.121272
5.240660 -22.441789 18.548344
5.257140 -15.489785 12.886259
5.273800 -8.565790 6.016424
5.290340 -3.856650 1.760619
5.306820 -0.478821 0.290242
5.323430 2.205213 0.296218
5.339540 3.334089 0.288406
5.355960 2.445782 -1.112918
5.373410 0.711331 -4.013244
5.388790 -0.232303 -7.005627
5.405330 0.016015 -8.075287
5.421390 0.633419 -6.516124
5.437810 0.773590 -3.716725
5.454280 0.345892 -1.437393
5.470890 -0.063218 -0.398987
5.503780 -0.101732 0.087442
5.520080 0.043849 0.593123
5.536440 -0.044629 0.500889
5.553040 -0.532944 -0.725075
5.569270 -1.126916 -2.363799
5.585820 -1.693145 -2.964877
5.602110 -1.690890 -1.814560
5.618530 0.316536 1.062655
5.651430 4.615636 5.137985
5.667910 8.801572 7.749156
5.684450 9.423052 4.034710
5.700680 5.749043 -7.249573
5.717220 0.705077 -19.751268
5.750060 -2.427917 -25.015011
5.766360 -2.939710 -21.205688
5.782960 -2.027864 -12.557118
5.799440 -0.230423 -1.417194
5.815730 2.057519 11.472526
5.832280 2.774901 21.794399
5.848510 -0.158583 23.324887
5.864870 -5.349484 16.036752
5.881410 -8.394825 7.012230
5.897770 -7.034999 1.398541
5.915340 -3.301316 -1.074031
5.930600 -0.345625 -2.443083
5.947140 0.481656 -3.550513
5.963560 -0.012736 -3.811042
5.980040 -0.177079 -1.880012
5.996340 0.547130 1.962169
6.012820 1.270777 4.231295
6.045650 1.086231 1.999924
6.062190 0.248956 -2.785804
6.078550 -0.377289 -5.439885
6.095030 -0.578686 -4.704168
6.111390 -0.640760 -2.700379
6.127870 -0.755549 -0.519671
6.144290 -0.996193 2.116676
6.160640 -1.075750 4.778827
6.177060 -0.521156 5.943705
6.193540 0.496384 4.713195
6.210020 1.203642 2.200663
6.243840 1.125804 0.313062
6.259280 0.750464 -0.464005
6.292180 0.661246 -0.775241
6.308530 0.573664 -0.937744
6.341430 0.339624 -1.111486
6.357730 0.675139 -1.177000
6.390630 2.155874 0.126947
6.407170 4.016370 3.084229
6.423520 4.740760 4.866623
6.439880 3.790339 2.291711
6.456420 1.997504 -3.722517
6.472840 0.497263 -8.455751
6.489320 -0.184499 -8.911082
6.505490 -0.138932 -5.873278
6.522220 0.267310 -1.444316
6.538880 0.578928 2.183736
6.555050 0.561756 3.793821
6.571530 0.718940 3.669171
6.588990 1.933164 2.652769
6.604610 3.966190 1.580971
6.620790 5.242206 0.736754
6.637510 4.563386 0.145081
6.653810 2.324829 -0.112533
6.686520 0.124049 0.447630
6.703060 -0.934145 2.493601
6.735840 -0.779652 4.620556
6.752380 0.103148 4.493113
6.785100 -0.015786 1.746154
6.801510 -2.836704 -1.861912
6.834410 -7.647453 -4.396127
6.850650 -11.175143 -5.580803
6.867250 -10.518038 -5.376750
6.883540 -6.937628 -3.905141
6.899960 -3.625675 -2.099694
6.916380 -1.411792 -0.499668
6.932740 0.722814 0.307553
6.949280 2.806233 -0.125091
6.965640 3.127202 -1.758428
6.982180 1.205434 -4.131057
6.998410 -1.426019 -5.804655
7.014830 -3.358767 -5.208737
7.031370 -3.859739 -1.685398
7.047730 -2.738293 3.172595
7.064270 -0.377827 6.053477
7.080690 1.782951 5.866518
7.097170 2.304614 4.235875
7.129880 1.436372 2.583735
7.146360 0.337376 1.359361
7.162780 -0.201332 1.138018
7.179200 -0.124741 2.650353
7.195680 0.270742 5.112770
7.212220 0.783047 6.257833
7.231630 1.111112 4.862068
7.245060 0.943003 1.610920
7.277890 0.494250 -0.874888
7.294560 0.047189 -0.154149
7.327270 -0.643712 1.481895
7.343630 -1.837476 -0.329707
7.360110 -3.126686 -6.274586
7.376650 -3.603812 -12.521426
7.392940 -3.080372 -15.670993
7.409480 -2.267583 -16.355208
7.425840 -1.671534 -15.404746
7.442320 -1.374578 -12.682350
7.458680 -1.302729 -8.703068
7.524660 -1.327805 -5.055204
7.540890 -0.975245 -2.179145
7.573670 0.463062 2.751622
7.623110 2.708923 10.961905
7.639470 4.443167 18.748911
7.672120 4.449929 21.010111
7.688720 2.879759 17.363991
7.721250 1.274540 11.034499
7.737790 0.487679 2.505759
7.770570 0.251563 -8.202888
7.787170 0.456486 -17.746996
7.819890 1.074175 -21.389500
7.836430 1.714403 -18.036498
7.869320 1.402126 -11.087219
7.885560 -0.290407 -3.733906
7.918520 -1.983731 1.986758
7.935060 -2.360296 4.457681
7.967770 -1.612332 3.372742
7.984190 -0.698455 0.138620
8.017150 -0.102778 -1.766288
8.033390 0.659982 1.253007
8.066280 1.839309 8.531084
8.082890 3.076437 15.627589
8.115660 3.974916 17.940614
8.132020 4.172092 14.037645
8.164860 3.467418 7.170655
8.181400 2.078802 1.591128
8.214110 0.682330 -0.880506
8.230650 0.217777 -1.351502
8.263610 1.107733 -1.808730
8.279850 2.597127 -2.511993
8.312930 3.384339 -2.651970
8.329100 2.792160 -1.916512
8.362000 1.282719 -0.630205
8.378480 -0.343552 0.815804
8.411380 -1.375971 2.077757
8.427980 -1.328178 2.487517
8.460630 -0.408287 1.446547
8.476930 0.237462 -0.431255
8.493530 -0.651583 -1.169523
8.509890 -2.527333 0.257580
8.526430 -3.914551 2.507911
8.543580 -4.226325 3.726367
8.559140 -3.668309 3.495333
8.575680 -2.766385 2.658007
8.592160 -1.661932 1.834419
8.608520 -0.460691 0.923292
8.624880 0.371302 0.103214
8.641420 0.705189 0.194083
8.660520 0.859080 1.548295
8.674440 0.832936 2.997104
8.690860 -0.001130 2.483671
8.707150 -1.841628 0.139891
8.723690 -3.855960 -3.550043
8.740170 -4.925837 -9.031161
8.756770 -4.711357 -12.477248
8.772890 -3.669004 -9.309401
8.805730 -2.143540 -0.900157
8.822140 -0.561976 6.085727
8.838870 0.551854 7.470015
8.854920 1.275632 6.744186
8.871520 1.348716 6.220032
8.887940 0.086004 2.707915
8.904110 -1.710718 -5.265220
8.920650 -2.236577 -13.184022
8.937010 -0.963506 -13.490062
8.953430 0.411198 -4.382308
8.970030 0.344362 7.285907
8.986390 0.132199 13.634133
9.002750 1.746829 12.423237
9.019170 4.682737 7.209818
9.035640 6.461077 2.500394
9.052000 5.564026 0.183603
9.068420 3.066462 -0.080279
9.101440 1.114993 0.206207
9.117740 0.376098 0.091528
9.150700 -0.016114 -0.064914
9.167050 -0.496215 0.196236
9.199830 -0.819930 0.626118
9.216310 -1.055239 0.430897
9.249150 -1.652235 -0.408126
9.265690 -2.531962 -0.829060
9.298400 -2.742513 -0.193146
9.314940 -1.961577 0.838968
9.347840 -0.959955 0.981766
9.364140 -0.281670 0.256266
9.380620 0.175270 0.109689
9.397030 0.713874 1.253738
9.413330 1.228872 2.697489
9.429870 1.429212 3.121283
9.446410 1.435684 2.718470
9.462770 1.775777 2.312294
9.479190 3.087776 1.692026
9.495540 5.112272 0.344939
9.512020 6.622079 -1.450404
9.528500 6.539065 -2.759275
9.544860 4.845056 -3.126862
9.561220 2.559012 -2.590684
9.577880 0.529374 -1.313675
9.594180 -0.829638 -0.460923
9.610530 -1.333019 -1.300801
9.627260 -1.033490 -3.127195
9.643680 -0.443777 -3.823582
9.659910 -0.619263 -2.865365
9.692750 -1.816169 -1.826192
9.709170 -3.077647 -1.548750
9.725650 -3.237167 -0.926077
9.742070 -2.193471 1.117941
9.758480 -0.836097 3.696459
9.775020 0.414517 4.844224
9.791260 1.483640 3.472398
9.807800 1.862389 0.512146
9.824160 1.020856 -1.624741
9.840640 -0.586444 -1.436881
9.858580 -1.613517 0.156473
9.873600 -0.861035 0.997521
9.889890 1.637242 0.083167
9.906310 4.270187 -1.293116
9.922790 5.180633 -1.040951
9.939150 3.930896 1.236576
9.955380 1.809187 3.747785
9.971980 0.545245 4.190468
9.988460 0.896554 1.891134
10.004880 1.990175 -1.479176
10.021300 2.127590 -3.588070
10.038020 0.831712 -3.888861
10.054140 -0.821775 -3.500246
10.070740 -1.714769 -3.215222
10.087590 -1.747193 -2.806518
10.103520 -1.483908 -2.101645
10.120000 -1.057811 -1.726693
10.136290 -0.339078 -1.801128
10.152770 0.599600 -1.307772
10.169190 1.526712 0.198708
10.187190 1.887419 1.722192
10.202030 1.636603 2.180073
10.234990 1.578650 1.479522
10.251280 1.796367 0.533074
10.267760 1.246671 0.510544
10.284180 -0.325689 1.989199
10.300600 -1.687321 4.303395
10.317020 -1.816265 5.454625
10.333440 -1.391695 4.192669
10.349910 -1.097018 1.082060
10.366270 0.055592 -2.328313
10.382750 2.323756 -4.071829
10.399110 4.112525 -3.242506
10.415650 4.208471 -0.823352
10.432070 3.545862 1.243358
10.448430 3.458016 1.941084
10.464900 3.322651 1.859851
10.481510 2.253274 1.218213
10.497680 0.874612 -0.180672
10.514100 -0.263828 -1.850762
10.530640 -1.893275 -3.516454
10.547060 -4.778938 -4.810769
10.563420 -8.661239 -4.558170
10.579770 -11.970133 -1.918375
10.596310 -12.860682 2.334366
10.612790 -10.674760 5.989642
10.629090 -6.574814 7.387091
10.645630 -2.905673 6.523358
10.662050 -0.918154 4.386449
10.678410 -0.135328 2.474523
10.694890 0.300428 1.499598
10.727660 0.675533 0.847794
10.744140 0.775307 -0.014173
10.760680 0.491625 -0.885637
10.777040 0.139063 -1.585473
10.793400 0.235684 -2.564971
10.809880 0.848998 -4.035585
10.826230 1.206020 -5.194428
10.843510 0.706302 -4.679592
10.859070 -0.241446 -1.612629
10.875550 -0.780404 3.054825
10.891970 -0.728234 6.849740
10.908390 -0.484788 7.607492
10.925050 0.282572 5.146178
10.941280 1.970866 1.480894
10.957950 3.886183 -1.132224
10.974180 4.703337 -1.828187
10.990780 4.107343 -1.185492
11.007020 3.304277 -0.281618
11.023380 3.115390 0.201802
11.039920 3.138612 -0.101867
11.056210 2.603230 -1.454891
11.072690 1.392594 -3.451413
11.089170 0.080374 -4.884460
11.122010 -0.899297 -4.869178
11.138370 -1.212832 -3.197409
11.154850 -0.516805 0.010184
11.173100 0.844630 3.926536
11.187810 1.757804 6.934013
11.204160 1.557902 7.328587
11.220700 1.010321 4.807328
11.237060 1.146148 0.988152
11.253420 1.736684 -2.303661
11.269900 1.841633 -4.309855
11.286320 1.072175 -4.744643
11.302800 -0.145943 -3.313484
11.319150 -1.270095 -0.640724
11.335510 -1.697882 1.125554
11.351990 -0.784752 0.440295
11.368350 0.870102 -1.018309
11.384830 1.863953 -1.030093
11.417790 1.919466 -0.195316
11.434140 1.755793 -0.182989
11.466980 1.757378 -0.923955
11.483520 1.610483 -0.683374
11.516300 1.087108 0.634667
11.532780 0.313169 1.059643
11.565550 -0.538453 -0.432182
11.582030 -0.857630 -3.108904
11.614870 -0.886540 -4.477789
11.631230 -2.891228 -1.797015
11.664180 -7.756517 4.458647
11.680480 -12.335753 9.909557
11.713380 -12.738801 9.838492
11.729860 -8.928554 4.575692
11.746280 -4.149572 -0.740700
11.762700 -0.792840 -2.675365
11.779170 0.798985 -2.192879
11.795530 1.008062 -1.317908
11.812010 0.631283 0.002821
11.828980 0.328346 2.277440
11.844910 -0.090930 3.865267
11.861150 -0.910017 2.639070
11.877690 -1.772322 -0.785077
11.894170 -1.994552 -3.573454
11.910520 -1.435778 -4.416822
11.927060 -0.680566 -3.981916
11.943540 -0.285033 -2.694304
11.959900 -0.338196 -0.278630
11.976320 -0.392556 2.615990
11.992800 0.024540 3.939708
12.009090 0.497164 3.330333
12.025510 0.314365 2.381997
12.058530 -0.107233 1.824190
12.075010 0.571491 1.450471
12.107790 2.518869 1.161489
12.124150 4.068115 1.335576
12.156980 3.924089 2.015651
12.173400 2.408624 2.194991
12.206300 0.694760 1.302996
12.222780 -0.412814 -0.087045
12.255550 -0.727571 -1.299991
12.272160 -0.448951 -1.908527
12.288450 -0.377571 -1.944129
12.304930 -1.077461 -1.661834
12.321290 -2.204358 -1.221304
12.337710 -3.073165 -0.924865
12.354000 -3.252970 -0.463618
12.370610 -2.767362 0.804940
12.386840 -1.800837 2.571084
12.403380 -0.662829 3.642402
12.419740 0.082738 3.292453
12.452510 0.180303 1.842842
12.469300 0.577085 -0.444871
12.502200 2.828493 -2.670524
12.518740 6.690233 -3.116137
12.551510 9.846276 -1.585416
12.567870 10.326421 0.216929
12.602230 8.236881 0.592285
12.617130 5.140585 -0.099942
12.649900 2.051168 -0.292578
12.666260 -0.709376 0.478406
12.699160 -2.494469 1.435012
12.715520 -2.651318 1.487054
12.748350 -1.315058 0.525677
12.764950 0.212730 -0.235294
12.797850 0.765899 -0.043712
12.814760 0.805738 0.208435
12.847230 0.952329 -0.265882
12.863530 0.906799 -0.745016
12.896180 0.862023 -0.471805
12.912780 0.970600 0.215517
12.929140 -0.224221 0.225519
12.945680 -3.997158 -0.749588
12.962040 -8.807786 -1.204633
12.994870 -11.227036 0.071241
13.011410 -9.898859 2.456662
13.027590 -6.499532 3.813766
13.044190 -3.106764 2.767880
13.060550 -0.869112 0.622852
13.093440 0.125033 -0.845225
13.109800 0.427249 -1.031874
13.143010 0.469535 -0.420622
13.159180 0.332456 0.229374
13.192020 0.241594 0.899324
13.208310 0.502603 1.548526
13.241270 0.845717 1.530932
13.257630 0.883487 0.590740
13.290530 0.665683 -0.671888
13.306880 0.355729 -1.389174
13.339780 -0.226810 -1.057105
13.356200 -0.889721 -0.044729
13.372680 -0.739685 0.891792
13.389160 0.257766 1.238519
13.405520 0.959597 1.149244
13.421940 0.582668 1.259463
13.438420 -0.178007 1.292902
13.454770 -0.402250 0.420721
13.471370 -0.392285 -1.172434
13.487850 -0.562281 -2.314059
13.504090 -0.650071 -2.409165
13.520510 -0.255999 -2.274058
13.536930 0.450155 -2.601369
13.553410 1.050921 -3.173992
13.569760 1.595861 -3.429197
13.586240 2.057084 -2.742203
13.602600 2.243755 -1.197839
13.619140 2.175883 0.462147
13.635500 1.929338 1.690465
13.651860 1.707168 2.331244
13.668400 1.710094 2.290372
13.684750 1.844698 1.131440
13.701170 1.920487 -0.998041
13.717650 1.610647 -2.591764
13.734130 0.566839 -2.287472
13.750550 -0.834438 -1.298214
13.767030 -1.798784 -2.727070
13.783510 -2.112159 -6.998125
13.800110 -1.855846 -10.527032
13.816410 -0.908352 -9.541430
13.832640 0.656319 -4.261699
13.849180 2.083405 1.421559
13.865540 2.283466 4.151008
13.881960 1.349556 2.972063
13.898440 0.187448 -0.422738
13.914980 -1.103499 -2.577091
13.931210 -2.511804 -1.544584
13.947690 -3.142578 1.327265
13.964050 -1.845964 3.202561
13.980650 1.052674 3.086221
13.997010 3.751851 1.853511
14.014950 4.881659 0.084942
14.029970 4.346112 -1.976617
14.046260 2.978459 -3.324023
14.062680 1.618767 -2.431013
14.079100 0.943794 0.459448
14.095520 0.948356 3.170004
14.111880 0.615783 4.043822
14.128360 -0.279275 3.112729
14.144780 -0.768081 2.201711
14.161320 -1.122801 1.581887
14.177670 -3.627792 -3.040987
14.194150 -8.303989 -12.070181
14.210570 -10.911039 -16.764952
14.226930 -8.171500 -9.713254
14.243350 -2.483842 2.975041
14.259700 0.514523 5.241136
14.276310 -0.556976 -5.736239
14.292660 -1.842900 -13.954502
14.325560 -0.595128 -7.623389
14.342100 2.394122 7.331616
14.374820 4.866344 16.542523
14.391240 6.077421 14.515065
14.407590 7.074414 6.795235
14.424130 8.062515 -0.721403
14.440550 8.139138 -5.593843
14.456910 6.657886 -7.245185
14.473510 4.218150 -6.292549
14.489750 2.260741 -3.627925
14.506160 1.383219 0.104057
14.522640 1.215361 3.372439
14.539180 1.206203 4.524112
14.555480 0.924497 3.769024
14.572080 0.245344 2.747175
14.588380 -0.649265 2.807874
14.604800 -1.527437 4.001814
14.621220 -1.950343 4.834157
14.637700 -2.101065 5.060279
14.654170 -3.656212 7.463063
14.670840 -7.639362 12.771411
14.687010 -12.109413 17.072447
14.703430 -13.226405 15.798170
14.719910 -9.723566 9.632746
14.736270 -4.594019 3.862196
14.769040 -1.139954 0.977470
14.785520 -0.223782 -0.337511
14.818420 -0.709219 -1.745210
14.834780 -1.030373 -3.320226
14.851440 -0.447209 -3.577753
14.867610 0.825800 -1.835589
14.883970 1.968487 0.413572
14.900450 2.149250 1.070680
14.916870 1.094533 -0.229087
14.933410 -0.447976 -2.264377
14.949770 -1.305557 -3.668036
14.966310 -1.206608 -3.732850
14.982670 -0.895239 -2.566324
14.999080 -1.026812 -0.958777
15.015750 -1.136338 -0.165579
15.031920 -0.588693 -0.518907
15.048400 0.076633 -0.703149
15.064820 -0.127687 0.703053
15.081240 -0.847816 3.213524
15.097660 -0.186148 4.424346
15.114200 2.654956 3.151469
15.130680 5.899376 1.007955
15.163390 7.101789 0.010348
15.179810 5.884642 0.482304
15.212650 3.849759 1.279352
15.229000 2.252379 1.484658
15.245480 1.274035 0.862360
15.261900 0.670695 -0.544617
15.278380 0.400369 -2.378755
15.294800 0.269053 -4.405279
15.311100 -0.301792 -6.219878
15.327580 -1.529656 -6.535903
15.344060 -3.203330 -3.886679
15.360530 -4.824704 1.108354
15.376890 -5.547135 5.726450
15.393250 -4.380889 7.965315
15.409670 -1.041948 7.547908
15.426270 2.982642 5.188476
15.459050 5.182681 2.126086
15.475520 4.383778 -0.281035
15.508420 1.752134 -1.167615
15.524720 -0.777893 -0.867251
15.557620 -2.325710 -0.205778
15.573910 -3.038573 0.545832
15.606930 -3.075398 1.121425
15.623410 -2.451066 1.034567
15.656190 -1.538060 0.145476
15.672670 -0.891070 -0.724247
15.688900 -0.583285 -0.114709
15.705570 -0.209377 2.398190
15.722050 0.306593 5.111642
15.738650 0.552941 5.597559
15.754940 0.329895 3.569731
15.771360 -0.132912 0.757367
15.787660 -0.410851 -1.567549
15.804140 -0.401676 -3.419820
15.820740 -0.182987 -5.044814
15.836910 0.587138 -5.836536
15.853390 1.992414 -5.057239
15.869750 3.298639 -2.880902
15.886410 3.485508 -0.327295
15.902770 2.306984 1.420298
15.919070 0.585846 1.842015
15.952030 -0.646784 1.274627
15.968440 -0.727305 0.693330
16.001460 0.039201 0.795999
16.017760 0.647118 1.172933
16.050540 0.726304 1.227765
16.066960 0.749801 0.549957
16.083440 1.054898 -0.965495
16.099730 1.083582 -2.572711
16.116270 0.212117 -3.506089
16.132750 -0.981192 -3.695914
16.149170 -1.483181 -3.605335
16.165710 -1.276572 -3.061352
16.198360 -0.977819 -1.603551
16.214720 -0.438567 -0.401413
16.247680 1.552783 -0.878642
16.264040 5.173894 -2.708741
16.296880 8.277185 -4.065998
16.313350 8.402131 -3.093084
16.346130 5.782521 -0.285108
16.362670 3.553637 1.820189
16.395510 3.414448 1.395084
16.411930 3.576699 -0.734604
16.444760 1.968499 -2.082989
16.461120 -0.634430 -1.797000
16.477540 -1.630910 -0.504355
16.494020 -0.661237 1.523086
16.510500 0.490787 3.665935
16.526860 0.940406 4.668520
16.543400 0.998080 3.983928
16.559750 1.207014 2.241942
16.592650 1.361855 0.695933
16.609010 0.013200 0.498387
16.641910 -3.828410 1.611543
16.658390 -8.765978 2.875890
16.691160 -11.961351 3.398044
16.707640 -11.675989 3.232024
16.740540 -8.862704 2.826892
16.757080 -5.485812 2.070005
16.789730 -2.374191 0.611728
16.806270 0.033835 -0.850582
16.839050 1.411963 -1.209430
16.855350 1.810413 -0.153495
16.888430 1.723002 1.230853
16.904660 2.087468 0.920961
16.937680 2.853637 -1.573788
16.954040 3.102159 -4.171325
16.970460 2.560621 -4.194127
16.986940 1.817994 -1.354532
17.003300 1.551094 1.964638
17.019780 1.497772 3.398039
17.036190 0.922829 2.560709
17.052610 -0.199569 0.826339
17.069030 -1.129551 -0.312652
17.085570 -1.095612 -0.449750
17.101930 -0.228263 -0.107783
17.118100 0.444544 -0.001850
17.134770 0.199732 -0.439491
17.151180 -0.577782 -1.212535
17.167660 -0.906066 -1.648981
17.183960 -0.363561 -0.814043
17.200380 0.374149 1.065801
17.216860 0.404567 2.226463
17.233280 -0.069729 1.396543
17.249760 -0.336691 -0.507915
17.266170 -0.491218 -1.135657
17.282650 -1.011374 0.306561
17.300480 -1.791936 2.433381
17.315550 -2.295836 3.948631
17.331910 -2.672052 4.541544
17.348270 -3.163567 4.046495
17.364810 -2.858583 1.702062
17.381160 -1.048907 -2.498683
17.397580 1.215275 -6.513261
17.414060 2.320014 -7.878194
17.430420 2.243924 -6.127431
17.446900 2.221634 -2.915787
17.463440 2.864672 -0.075636
17.479800 3.517170 1.755712
17.496150 3.526838 2.502146
17.513610 3.308430 1.967356
17.529050 3.404245 0.612017
17.545530 3.557802 -0.654295
17.561890 3.033550 -1.538379
17.578310 1.793506 -2.431135
17.594790 0.671511 -3.164375
17.611150 0.287856 -2.590764
17.627690 0.283680 -0.679146
17.644040 -0.138715 0.926899
17.676880 -0.821874 0.946139
17.693300 -1.065050 -0.098037
17.709660 -0.667913 -0.525093
17.727970 -0.029176 0.626265
17.742680 0.441897 2.693603
17.759030 0.732141 3.908297
17.775510 0.463995 2.904010
17.791870 -0.539754 0.111251
17.808290 -1.408518 -2.459359
17.824770 -1.407095 -2.840899
17.841130 -0.645473 -1.270557
17.857850 0.721457 0.384792
17.873960 2.864730 1.534381
17.890500 4.990860 2.560724
17.906920 5.312199 2.980640
17.923460 3.619582 1.586798
17.939760 1.777494 -1.187402
17.956850 0.979679 -2.737735
17.972660 0.118316 -1.932988
17.989010 -1.653376 -0.241917
18.005430 -2.775390 0.651259
18.021910 -1.703409 0.531269
18.038270 0.699111 0.404591
18.056520 2.298214 0.944210
18.071170 2.445846 1.706335
18.087650 2.029840 1.865400
18.104060 1.377857 1.220081
18.120540 0.107796 0.276355
18.136900 -1.553199 -0.337428
18.153260 -2.587321 -0.316412
18.169740 -2.449389 0.195471
18.186160 -1.539257 0.768284
18.202640 -0.333857 0.986999
18.218930 1.016128 0.768113
18.235410 2.067833 0.259517
18.251890 2.220370 -0.736667
18.268250 1.793228 -2.195114
18.284790 1.591984 -3.257444
18.317630 1.704846 -3.089506
18.334050 1.438142 -1.774663
18.366880 0.355767 -0.190373
18.383360 -1.003234 1.188111
18.416140 -1.844187 2.462934
18.432620 -1.930716 3.155444
18.449040 -1.438108 2.389703
18.465580 -0.459617 0.254749
18.481870 1.006589 -1.926949
18.500120 2.801208 -2.977076
18.514770 4.242706 -2.994342
18.531130 4.707936 -2.371164
18.547790 4.509849 -1.179249
18.564150 4.233331 0.051613
18.580440 3.979599 0.591854
18.613220 3.409211 0.210149
18.629760 2.417703 -0.334548
18.646120 1.274678 -0.076247
18.662660 -0.292076 1.080792
18.679020 -2.034164 2.511843
18.695430 -1.951740 3.032141
18.713620 1.236480 1.896829
18.728270 5.606895 -0.118510
18.744810 7.679929 -1.221444
18.761170 6.399301 -0.289021
18.777650 3.782337 1.815639
18.794070 1.903707 3.116225
18.810490 1.272177 2.725874
18.828610 1.365785 1.233761
18.843320 1.348686 -0.538520
18.859800 0.577684 -1.982954
18.876160 -0.783866 -2.473913
18.892640 -1.528996 -1.572929
18.909060 -0.400674 0.192625
18.925420 2.118805 1.581879
18.941890 4.157506 1.540672
18.958440 4.888492 -0.502491
18.974790 4.778408 -4.032706
18.991270 3.903690 -7.051022
19.007810 2.398594 -7.235713
19.024170 -0.162807 -4.157349
19.042540 -6.619467 0.602584
19.057070 -18.172503 5.394845
19.073430 -29.515550 8.825911
19.089600 -32.297144 9.553720
19.106140 -24.874813 7.313657
19.122920 -14.127830 3.721163
19.139280 -6.097015 1.081826
19.155520 -1.416630 0.121015
19.172000 1.494336 -0.108086
19.188420 3.441613 -0.675974
19.204770 4.116635 -1.652553
19.221190 3.210746 -2.507020
19.253910 1.096607 -2.735670
19.270570 -1.111456 -2.036286
19.303410 -2.301478 -1.080346
19.319640 -2.210350 -0.661920
19.352540 -1.368234 -0.553399
19.370730 -0.607595 0.302756
19.401920 -0.538933 2.603360
19.418400 -1.079450 5.207108
19.434750 -1.368847 6.411029
19.451110 -0.666688 5.580930
19.467530 0.629568 3.224896
19.500490 1.367087 0.646451
19.516910 1.076680 -0.954824
19.533330 0.420165 -1.324461
19.549680 0.030378 -1.265552
19.566350 -0.118983 -1.505235
19.582520 -0.088120 -2.018373
19.599060 0.128001 -2.383819
19.615360 0.739107 -2.498346
19.631900 2.264717 -2.424464
19.648070 4.366965 -1.462402
19.664790 5.715292 0.824101
19.681090 5.348778 3.420752
19.699460 3.648440 4.628705
19.714110 1.681970 3.916257
19.747070 0.009309 2.417251
19.763310 -1.132848 1.158655
19.796140 -1.289928 0.121455
19.812500 -0.382860 -0.838795
19.845400 0.660338 -1.315093
19.861940 0.950513 -1.290560
19.894780 0.459236 -1.210317
19.911190 -0.602382 -1.270313
19.944030 -2.234931 -1.667176
19.960390 -4.279187 -2.553240
19.993350 -5.703090 -3.921463
20.009830 -5.428704 -4.760784
20.026250 -3.982208 -3.655135
20.042540 -2.689579 -0.735225
20.059080 -1.970760 2.394440
20.091920 -1.439225 3.590370
20.108520 -0.744654 2.119503
20.124690 0.037662 -0.620561
20.141110 0.615822 -2.355539
20.157530 0.798657 -1.720036
20.190370 0.270854 0.148810
20.206910 -0.313086 1.357950
20.223450 1.064215 1.346654
20.239620 4.638784 0.938341
20.256160 7.883038 0.966680
20.272640 8.302099 0.744465
20.289060 6.235098 -0.643231
20.305360 3.732484 -2.696960
20.321900 1.399809 -3.838861
20.338260 -0.794054 -2.868213
20.354610 -1.969433 -0.441737
20.371150 -1.155464 1.480339
20.387510 1.332868 1.812867
20.403990 3.292738 0.941680
20.420410 2.198980 -0.033544
20.436890 -1.588674 0.000819
20.453250 -5.107226 1.376293
20.470210 -6.524826 3.034355
20.486330 -6.679263 2.814645
20.502690 -6.709784 -0.021975
20.519040 -5.751498 -3.027115
20.535400 -3.110442 -2.869515
20.551940 -0.248205 0.772289
20.568300 1.129626 4.517013
20.584660 1.189533 4.952890
20.601200 1.149913 2.369410
20.617550 1.482136 -0.135497
20.633970 1.774756 -0.780916
20.650390 1.743878 -0.362587
20.666930 1.907751 -0.008961
20.683230 2.699632 0.624406
20.699710 3.575783 2.081580
20.716190 3.525743 3.203844
20.732540 2.343051 2.276512
20.749020 0.906993 -0.526107
20.765440 0.029890 -2.940896
20.781800 -0.299319 -3.135648
20.798220 -0.461661 -1.532260
20.814640 -0.720925 -0.049603
20.831300 -1.311597 -0.031312
20.847470 -2.082748 -1.015482
20.864070 -2.209849 -1.592879
20.880370 -1.057311 -0.994336
20.896910 0.800388 0.293737
20.913270 1.965257 1.358020
20.929630 1.730016 2.062767
20.946110 0.424628 2.399816
20.979000 -1.505290 1.552237
20.995420 -3.402017 -0.517681
21.011840 -4.112479 -2.059384
21.028260 -2.981164 -1.566187
21.044680 -0.832993 0.398014
21.061160 0.671881 2.095033
21.077580 0.884550 2.695365
21.093930 0.334884 2.446782
21.110530 -0.319509 1.644931
21.126710 -0.416728 0.766493
21.143190 0.083578 0.495669
21.159670 0.323272 1.072746
21.176150 -0.238615 1.780167
21.192570 -1.206157 1.738995
21.208920 -1.713905 0.457778
21.225400 -1.300191 -2.019664
21.241940 -0.150535 -4.264841
21.274660 1.206017 -4.730170
21.291200 2.150460 -3.079208
21.307560 2.492399 -0.296510
21.324040 2.419947 2.308191
21.340330 2.066974 4.396981
21.356990 1.523079 5.647900
21.373290 1.143846 5.488485
21.389650 1.050124 3.846389
21.422550 0.653935 1.269303
21.439030 -0.190591 -0.802267
21.471740 -0.810264 -1.273622
21.488280 -0.506999 -0.882868
21.521180 0.455771 -0.808942
21.537540 0.818371 -1.053465
21.570370 0.195313 -0.560464
21.586910 -0.461548 0.742758
21.619570 -0.472335 1.350013
21.636050 -0.050516 0.843970
21.668950 0.838873 0.133689
21.685550 2.130015 -0.186050
21.701780 2.388573 -0.181251
21.718140 0.498837 0.126392
21.734860 -2.431258 0.770129
21.751100 -4.204370 1.006702
21.767640 -4.161065 0.357417
21.783870 -3.158785 -0.603133
21.800420 -1.610318 -1.246783
21.816770 0.156564 -1.631406
21.833310 1.296614 -2.123875
21.849670 1.385092 -2.602277
21.866330 0.788881 -2.742209
21.882450 0.058975 -2.436063
21.915410 -0.620338 -1.772999
21.931700 -1.036858 -1.110794
21.948240 -0.656424 -0.561334
21.964600 0.323611 0.048769
21.981200 0.941247 0.651667
21.997500 0.863342 1.077749
22.013920 0.752884 1.590216
22.030400 1.169761 2.471754
22.046810 1.692470 3.036454
22.063290 1.810136 2.691585
22.079650 1.497968 1.980981
22.112550 0.858890 1.364198
22.129210 -0.139161 0.873668
22.145390 -1.737499 0.823356
22.161740 -3.544689 1.554523
22.178280 -4.710933 2.358061
22.194580 -4.984770 1.598116
22.211180 -4.784567 -0.852013
22.227480 -4.383264 -3.271453
22.243900 -3.245634 -4.426629
22.260560 -1.244516 -4.263586
22.276730 0.633970 -3.294526
22.293460 1.490818 -1.928376
22.309630 1.372685 -0.191758
22.326110 0.978416 1.599664
22.342530 0.871376 2.501730
22.358890 1.122403 1.655497
22.375430 1.227048 -0.506918
22.391780 0.942633 -2.136248
22.408260 0.978263 -1.716438
22.424680 1.752346 0.220359
22.457520 2.594879 1.323044
22.474060 2.553537 0.459834
22.490540 1.686105 -0.500065
22.506770 0.833101 0.617019
22.523320 0.290664 3.159494
22.539610 -0.032575 4.595077
22.556150 -0.277559 4.211833
22.572510 -0.490345 2.972483
22.589050 -0.451967 1.238923
22.605410 -0.173512 -0.557604
22.621770 0.127943 -1.482510
22.638240 0.543705 -1.086653
22.654850 1.456251 0.099421
22.671140 2.662117 1.266076
22.687500 3.150363 1.911556
22.703920 2.582461 1.319443
22.720400 1.568837 -0.348128
22.736760 0.559584 -1.460068
22.753300 -0.217202 -1.389138
22.769780 -0.640556 -1.046287
22.786190 -0.892413 -0.883122
22.802550 -1.281309 -0.076243
22.818850 -1.659619 1.669625
22.835390 -1.428826 2.871838
22.851810 -0.605782 2.554589
22.868230 0.029930 1.385895
22.884640 0.093876 0.221351
22.901250 0.054650 -0.749491
22.917540 0.180821 -1.781398
22.933960 0.691740 -3.056115
22.950380 2.658941 -4.378013
22.966800 6.035704 -5.293975
22.984010 8.527577 -5.587492
22.999630 7.809947 -5.199984
23.016170 4.185247 -4.032419
23.048890 0.316083 -2.264889
23.065430 -2.079075 -0.487787
23.081790 -3.029960 0.703330
23.098270 -2.963082 1.490555
23.114690 -2.254835 2.463901
23.131160 -1.020694 3.660431
23.147520 0.374871 4.702902
23.163880 1.207853 5.017278
23.180360 1.162783 4.064654
23.196720 0.606401 1.909563
23.213260 0.108719 -0.624279
23.229680 -0.112827 -2.450510
23.246030 -0.187796 -3.052650
23.262510 -0.118173 -2.915566
23.278930 0.692119 -2.784035
23.295290 2.722109 -2.596308
23.312070 5.141550 -1.832079
23.328310 6.225152 -0.443404
23.344670 5.240013 0.978081
23.360960 3.180694 1.703119
23.377560 1.307338 1.430907
23.393920 0.073892 0.485606
23.410400 -0.576864 -0.475454
23.426760 -0.932717 -0.846763
23.443240 -1.385276 -0.295279
23.459720 -1.925910 0.683626
23.476200 -2.006242 0.806662
23.492550 -1.389268 -0.897666
23.508910 -0.366472 -3.295698
23.525330 0.802872 -3.432733
23.541810 1.800872 -0.273892
23.558290 2.178772 3.880634
23.574650 1.773303 6.152806
23.591000 1.108518 5.820662
23.607480 0.876723 3.936907
23.624080 1.183673 1.339064
23.640930 1.857663 -1.278362
23.656920 2.641378 -2.892897
23.673460 2.113237 -2.880558
23.689700 -1.542551 -1.479800
23.706240 -7.739994 0.318523
23.722530 -13.517012 1.640954
23.739070 -15.785338 2.378834
23.755370 -13.910739 2.605097
23.771970 -9.710018 2.203445
23.788270 -5.226213 1.109860
23.804690 -2.043314 -0.234904
23.820980 -0.517047 -0.903282
23.837710 -0.111685 -0.569758
23.854060 -0.535889 0.328618
23.886780 -1.275437 1.287052
23.903380 -1.528557 1.714761
23.919800 -0.682064 1.164673
23.936160 0.880015 -0.249443
23.952510 1.830176 -1.880309
23.985410 1.642429 -2.659461
24.001770 0.686812 -2.308939
24.034670 -0.590435 -1.674578
24.051030 -1.687046 -1.081648
24.083860 -1.878601 -0.332876
24.100400 -0.065961 0.263605
24.133120 3.604805 0.039579
24.149600 7.303385 -0.836533
24.182500 8.978961 -1.484164
24.198970 7.597680 -2.059625
24.231750 4.417201 -3.015781
24.248290 1.553812 -3.320752
24.281130 0.221108 -1.705732
24.297490 -0.048076 1.204660
24.314030 -0.808785 3.485971
24.330380 -2.131710 4.046005
24.346800 -2.840322 3.340618
24.363160 -2.297446 2.610471
24.379640 -1.002469 2.532102
24.396060 0.337787 2.208477
24.428890 1.272135 0.897054
24.445370 0.779981 -0.041602
24.478150 -1.565294 0.947678
24.494570 -4.119411 2.927315
24.510990 -4.656087 3.269176
24.527530 -3.345292 1.349284
24.543880 -2.157170 -0.746433
24.560420 -1.914122 -1.364353
24.576780 -1.990024 -0.817990
24.593140 -1.627157 -0.287783
24.609680 -0.687289 -0.197592
24.626280 0.485571 0.258562
24.642580 1.512101 1.454244
24.659000 2.027246 2.384002
24.675600 1.718356 2.079487
24.691770 0.457860 0.977767
24.708130 -1.869438 0.846245
24.724550 -4.773616 2.420280
24.741030 -7.010871 4.265436
24.757510 -7.570636 4.635946
24.774050 -6.299140 3.352541
24.790410 -3.952088 1.867366
24.806700 -1.388097 1.341050
24.823180 0.880180 1.687217
24.841130 2.327853 2.062455
24.856020 2.534161 1.554285
24.872500 1.636342 0.074008
24.888850 0.451000 -1.609530
24.905270 -0.169138 -2.408727
24.921810 0.615413 -2.177930
24.938170 4.025852 -2.240566
24.971010 8.849035 -2.846049
24.987550 10.731987 -2.743440
25.020260 7.251118 -1.751843
25.036740 1.369484 -1.262346
25.053160 -1.827399 -2.171771
25.069820 -1.818377 -2.792883
25.086060 -1.665055 -1.712498
25.102420 -2.463281 -0.575141
25.118900 -3.118293 -0.947971
25.135250 -2.778962 -1.832711
25.151730 -1.924364 -1.225066
25.168150 -1.211864 1.024222
25.184750 -0.559001 3.383657
25.200990 0.427121 4.932563
25.217530 1.538946 5.483400
25.233890 1.652604 4.893312
25.266780 0.111455 3.592681
25.283080 -1.992305 2.479962
25.315920 -2.855836 1.574978
25.332520 -2.036959 0.194534
25.348880 -0.631717 -1.345113
25.365300 0.149788 -1.643270
25.381710 0.057504 -0.291307
25.398190 -0.338471 1.542324
25.414610 -0.448257 2.902098
25.431030 -0.010617 3.543466
25.447570 0.932845 2.929829
25.463930 2.033181 0.622060
25.480290 2.581334 -2.233292
25.496700 1.789911 -3.590019
25.513310 -0.304908 -3.148040
25.529660 -2.244134 -2.198245
25.546200 -2.206833 -1.385812
25.562440 -0.095459 -0.352102
25.578920 2.161586 0.878601
25.595280 2.735279 1.390460
25.611820 1.718944 1.070346
25.628300 0.209581 0.708163
25.661010 -1.253138 0.604223
25.677490 -2.620521 0.586123
25.710390 -3.280206 0.570448
25.726810 -2.146189 0.844911
25.759640 0.458271 1.165381
25.775880 2.735137 0.444378
25.808900 3.210425 -1.540468
25.825260 2.403898 -3.285022
25.858150 2.252149 -3.121319
25.874630 3.124045 -1.343048
25.891300 3.449882 0.037271
25.907650 2.168431 -0.463972
25.924070 -0.001185 -1.974627
25.940310 -1.669697 -2.683406
25.956790 -2.232346 -2.359702
25.973020 -1.695828 -1.583423
26.005860 -0.308075 -0.842476
26.022640 1.161974 0.123385
26.039250 1.986969 1.604123
26.057430 2.401514 2.784706
26.072200 2.822990 3.346733
26.088380 3.123429 3.244552
26.104800 3.268585 2.355042
26.120970 3.192684 1.012621
26.154170 2.618647 -0.559592
26.170530 1.649221 -1.814560
26.203430 1.046948 -2.012726
26.219970 1.428224 -1.340098
26.236330 2.317592 -0.715274
26.252930 2.824023 -0.715574
26.269290 2.751392 -0.918233
26.285520 2.498717 -0.618550
26.301760 2.374360 -0.041945
26.318180 2.455031 0.335277
26.334660 2.798411 0.749965
26.351010 3.470674 1.367715
26.367610 4.050473 1.675404
26.400390 3.426166 1.042881
26.416810 1.382679 -0.112480
26.433170 -0.169352 -0.550038
26.449650 -0.683935 -0.049851
26.465880 -3.509473 0.482066
26.498960 -10.442061 0.326448
26.515320 -17.386486 0.026872
26.531800 -18.216817 0.986522
26.548220 -12.147043 3.414537
26.564700 -4.265951 5.889865
26.581050 1.210107 6.580335
26.597350 3.477881 4.804603
26.613890 3.427502 1.510395
26.630310 2.140933 -1.645640
26.646790 0.278371 -2.835348
26.663150 -1.310283 -1.753536
26.679630 -1.692956 -0.165171
26.695980 -0.951845 0.497612
26.712340 -0.028597 0.414516
26.728880 0.219925 0.361685
26.745240 -0.494488 0.005814
26.761660 -1.792010 -1.085866
26.778140 -2.892249 -1.705725
26.794560 -2.861086 -0.686932
26.812380 -1.527773 1.217319
26.827580 0.209164 2.051570
26.843870 1.373257 1.153435
26.860290 1.597754 -0.141067
26.893190 1.388560 -0.574969
26.909670 1.498250 -0.268132
26.942440 1.995691 0.022563
26.958860 2.172767 0.160072
26.991700 1.338296 0.281012
27.008120 -0.262339 0.235768
27.041080 -1.534462 0.023574
27.057370 -1.700783 -0.303195
27.090270 -1.352252 -0.526196
27.106870 -1.464820 -0.576824
27.123170 -1.938687 -0.727898
27.140630 -2.025761 -0.630623
27.156250 -1.282788 0.128783
27.172420 0.448957 -0.491970
27.188900 2.997528 -5.235581
27.205260 5.563233 -15.183362
27.221680 7.342265 -30.241978
27.238280 8.168909 -45.634210
27.287350 8.104189 -53.120334
27.303890 6.852014 -47.283661
27.320430 4.701404 -31.295199
27.336730 2.841584 -14.830870
27.353150 1.854812 -3.247942
27.369570 1.394229 3.283276
27.385990 0.977377 5.145802
27.402400 0.181449 3.747355
27.435300 -1.256912 2.513317
27.451780 -3.142098 4.011912
27.468140 -4.814223 7.407271
27.484560 -5.200119 10.077368
27.501040 -4.070340 10.445978
27.517400 -2.688440 8.740601
27.534060 -2.116545 5.855042
27.550290 -2.106086 3.209574
27.583190 -1.666252 1.820943
27.599550 -0.705304 1.525704
27.616030 -0.083967 1.932608
27.632390 -0.074237 3.077537
27.648860 -0.087359 4.659066
27.665100 0.637058 5.410028
27.681760 2.025029 4.652607
27.698180 2.950613 2.616105
27.714660 2.693959 -0.013615
27.731020 2.209923 -1.207745
27.747440 2.589752 -0.500990
27.763920 3.143988 -1.045579
27.780270 2.567830 -4.927728
27.796750 0.955963 -9.552708
27.829530 -0.440018 -10.621639
27.846010 -0.984593 -8.034807
27.862430 -0.921657 -5.048455
27.878910 -0.461225 -2.710665
27.895200 0.148827 -0.852755
27.911800 0.345846 -0.793493
27.928160 -0.167304 -3.120239
27.944520 -0.873409 -5.700102
27.961060 -1.038056 -5.073725
27.977420 -0.726013 0.075663
27.993840 -0.615263 6.729521
28.010250 -1.015656 10.143080
28.026670 -1.526102 8.376324
28.043090 -1.461472 3.379149
28.059390 -0.575157 -1.368473
28.076050 0.519861 -3.387590
28.092410 0.835047 -3.683440
28.108890 -0.134140 -6.151326
28.125240 -1.628583 -12.091340
28.141660 -2.460384 -17.867940
28.174560 -2.356370 -18.615881
28.190980 -1.677880 -14.013881
28.223940 -1.249078 -7.993456
28.240300 -1.266002 -3.020653
28.256650 -0.995659 0.576122
28.273130 -0.418420 2.598577
28.289550 0.412165 4.337775
28.306150 2.471570 8.504095
28.322390 6.065054 15.124069
28.338930 9.219036 20.622344
28.371580 9.193064 21.038826
28.388310 5.939616 16.429848
28.421260 2.287957 10.313685
28.437560 0.026670 4.938670
28.453860 -1.126403 1.031049
28.470580 -1.745166 -1.177271
28.486690 -1.947909 -2.163189
28.503110 -1.424529 -2.816482
28.519530 -0.423327 -3.465344
28.535950 0.258143 -4.033600
28.552430 0.361759 -5.102515
28.568910 0.253025 -7.479063
28.585270 0.253552 -10.396413
28.601620 0.226961 -10.978835
28.618350 0.032053 -6.905837
28.634520 -0.073596 0.666888
28.651000 0.089313 7.601869
28.667360 0.079456 10.708624
28.683900 -0.505641 9.579586
28.700260 -0.399063 5.459135
28.716670 2.630406 0.706688
28.733280 8.131773 -1.990884
28.749570 12.271531 -1.030349
28.765990 11.981200 2.088109
28.782350 8.418825 4.191978
28.815250 4.712939 4.128747
28.831670 2.062923 2.718887
28.864560 0.116482 1.267109
28.881040 -1.205601 0.502306
28.913760 -1.600648 0.494977
28.930240 -1.208228 0.803012
28.963260 0.325833 -0.267641
28.979550 4.212255 -5.058669
29.012450 9.431432 -11.468686
29.028930 12.030379 -11.860326
29.061650 9.120800 -3.243297
29.078130 2.720397 7.694682
29.112610 -1.977740 13.002833
29.127500 -2.816807 11.231504
29.160280 -2.387345 5.279872
29.176820 -2.781714 -2.985935
29.209590 -1.839659 -12.377843
29.226200 2.584913 -19.946619
29.242430 6.863249 -22.856413
29.258730 4.046862 -19.824997
29.357420 -7.313773 -11.590937
29.373960 -20.031886 -1.811813
29.390260 -25.897141 5.795612
29.406800 -22.938234 9.772016
29.423160 -15.087505 10.644256
29.439510 -7.246700 9.769324
29.456180 -1.592557 7.892657
29.472410 1.677697 5.134116
29.488770 2.950384 1.769692
29.505310 3.049221 -1.531659
29.521670 2.594200 -4.248467
29.538150 1.370307 -5.918472
29.554500 -0.893583 -5.702279
29.571040 -3.337544 -3.254736
29.587340 -3.721421 -0.135055
29.603820 -0.469164 1.791173
29.620300 5.035400 2.196649
29.636660 9.576311 0.465884
29.899540 10.419958 -3.742659
29.981630 7.169306 -8.270160
30.014650 2.085094 -10.597841
30.030940 -1.661086 -9.732580
30.096620 -2.999920 -2.950038
30.293760 -4.440149 13.153578
30.311340 -7.847696 34.022604
30.326660 -11.137350 46.687687
30.343320 -11.203742 42.166381
30.359500 -8.470923 25.481851
30.375920 -6.462251 9.264030
30.392400 -6.562541 0.375607
30.408630 -6.335080 -3.112582
30.441650 -3.301127 -5.290446
30.458130 1.303083 -6.857781
30.491090 4.115232 -6.567783
30.507390 3.663181 -4.338142
30.540280 1.172296 -1.254783
30.556820 -1.594024 2.079002
30.589540 -3.598364 4.792634
30.606020 -3.849964 4.855740
30.640440 -2.218146 2.413097
30.655270 -0.076731 -0.138620
30.688170 1.118200 -1.348446
30.704530 1.232799 -0.929373
30.737430 0.934660 0.471208
30.753720 0.544870 1.663632
30.786680 0.345375 1.751583
30.802980 0.764667 0.583664
30.835940 2.055020 -1.046486
30.854130 3.954916 -2.173990
30.885440 5.450053 -2.403073
30.901790 5.543192 -1.849699
30.934570 4.083791 -0.985781
30.950810 1.966735 -0.359900
30.983890 0.502421 0.193400
31.000310 -0.031062 1.063164
31.033140 -0.131495 1.639483
31.049680 -0.391945 1.741698
31.083620 -1.725450 2.456135
31.098940 -3.881931 4.193984
31.131650 -5.193795 6.023374
31.148190 -4.871767 6.947279
31.182070 -3.924989 6.741434
31.197330 -3.400246 5.099553
31.230220 -2.748068 1.918961
31.246460 -1.590866 -1.121675
31.279720 -0.683144 -2.357176
31.296200 -0.144699 -2.072804
31.329100 0.412046 -1.001589
31.345280 0.658278 0.466948
31.378050 -0.018131 2.043542
31.394650 -1.122128 3.234417
31.410890 -0.528270 2.991522
31.427550 3.573082 0.242565
31.443790 9.604582 -4.485726
31.460270 13.004047 -8.198156
31.476680 10.754733 -8.406858
31.493040 5.008305 -6.321522
31.510500 0.551726 -4.780880
31.525880 -0.903191 -4.224723
31.542300 -0.700069 -3.416435
31.558780 0.054612 -2.198515
31.575320 0.962131 -1.275986
31.591670 1.693579 -0.706175
31.624510 1.797185 -0.013992
31.641050 1.459420 0.631641
31.657410 1.263129 0.976174
31.673770 1.025309 1.734874
31.690310 0.588929 2.805651
31.706670 -0.208382 2.283495
31.723210 -2.127536 -0.610629
31.739500 -5.184360 -4.073189
31.755920 -7.889151 -5.752209
31.772460 -8.510816 -5.321769
31.788760 -7.246779 -4.083409
31.821840 -5.528420 -2.865859
31.838500 -3.644658 -2.044648
31.870910 -1.355585 -1.463984
31.887450 0.623422 -0.526815
31.920100 1.296716 0.773464
31.936770 0.836216 1.965168
31.969730 0.148720 2.628950
31.986080 -0.375858 2.672713
32.018800 -0.663417 2.308790
32.035160 -0.678600 1.947786
32.051820 -0.606119 2.004959
32.068050 -0.392397 2.361139
32.084720 0.160464 2.533721
32.101010 0.734444 2.582072
32.117370 0.526144 3.148733
32.133790 -0.419820 3.968230
32.150270 -0.753006 3.936396
32.166990 0.041812 2.987390
32.183040 1.125678 2.463808
32.199580 1.622558 3.746385
32.215880 1.067625 5.972862
32.232420 -0.265853 6.708620
32.248900 -1.440686 4.723881
32.265320 -1.468787 0.892093
32.283630 -0.390992 -2.358094
32.298030 0.616225 -2.969762
32.314700 0.954678 -0.910805
32.330870 0.866695 1.823054
32.347410 0.556736 2.880160
32.363650 0.266910 1.899905
32.380190 0.158475 0.006356
32.396730 0.489111 -3.574140
32.413210 1.648211 -10.251052
32.429500 3.569487 -18.962251
32.445860 5.741743 -26.955802
32.511780 24.216414 -24.511699
32.528140 -27.156527 -37.832976
32.544560 -73.791453 -42.471824
