0.049410 764.070720 232.325100 0.082070 43.780568 0.016330
0.147810 745.878933 272.147167 0.164290 158.826981 0.049240
0.361340 591.570000 309.760500 0.032760 118.998991 0.032990
0.427090 583.791600 191.016000 0.049260 34.529058 0.016490
0.492840 574.089600 224.154000 0.016380 81.090080 0.032890
0.542110 579.524400 143.246250 0.032890 55.654487 0.016350
0.591350 570.386880 88.347000 0.082260 96.018902 0.032610
0.706220 527.042133 174.025833 0.164450 80.840228 0.016380
0.887050 605.190982 153.340091 0.180820 161.527428 0.065670
1.133540 725.978400 46.095000 0.016300 40.549925 0.016360
1.166200 702.269400 78.991500 0.082260 126.265095 0.032900
1.281360 583.023840 120.505000 0.246500 85.509664 0.016390
1.544250 614.241600 40.897500 0.065740 148.069529 0.049250
1.659240 620.804800 188.821500 0.049180 103.917433 0.032900
1.741320 643.120800 87.328500 0.016460 36.074988 0.016440
1.774220 635.323500 52.106250 0.131390 84.924709 0.016420
1.922030 715.656900 79.651687 0.295870 56.057315 0.016700
2.234600 753.463200 38.262000 0.032800 290.941943 0.065650
2.333050 510.854400 198.849000 0.065460 60.733454 0.016710
2.415220 521.214624 139.005720 0.476470 65.607945 0.032730
2.924420 541.039800 201.546625 0.197060 47.014894 0.016380
3.137860 588.000000 199.279500 0.016380 74.620251 0.032790
3.187030 595.783569 125.066308 0.246490 98.136426 0.016600
3.450120 689.363136 154.623420 0.903400 153.065071 0.032970
4.386490 835.243584 108.278940 0.427020 102.625677 0.016800
4.830310 937.520945 116.727068 0.443130 444.631778 0.082140
5.355580 493.511200 140.238000 0.049130 119.041797 0.016690
5.421400 612.540996 138.547698 0.919860 150.613199 0.017810
6.359070 761.690618 117.601909 0.179350 66.495918 0.016400
6.554820 825.921600 100.394700 0.082300 52.806012 0.016340
6.653460 786.844800 135.912000 0.016430 95.270288 0.032870
6.702760 862.520400 78.036000 0.032850 75.388353 0.032750
6.768360 880.448100 151.261687 0.263010 74.684596 0.016240
7.047610 954.872800 145.036500 0.147990 356.202089 0.148330
7.343930 598.694950 149.191875 0.804400 96.617742 0.049390
8.197720 541.451232 227.025960 0.410660 53.293894 0.016450
8.624830 594.183072 219.306360 0.410780 43.039638 0.016360
9.051970 635.423040 206.990700 0.180920 70.898364 0.032550
9.265440 706.104000 212.538667 0.197250 79.344003 0.016410
9.479100 626.761477 213.023192 0.230140 105.230483 0.032830
9.742070 523.358348 232.548750 0.837780 42.635755 0.016390
10.596240 540.817200 193.651500 0.032880 113.322359 0.032850
10.661970 519.123360 304.878000 0.098560 103.035796 0.032840
10.793370 593.844720 233.933700 0.361380 66.047332 0.016450
11.171200 613.443600 170.861250 0.032900 134.354725 0.049260
11.253360 513.674933 260.846833 0.147890 36.023804 0.032880
11.434130 548.624677 269.577808 0.246240 6.258095 0.032960
11.713330 542.422800 270.414750 0.544220 82.941600 0.096680
12.354230 485.200800 330.456000 0.016210 89.586185 0.016420
12.386860 523.905900 411.249562 0.164360 82.214544 0.016540
12.567760 495.297600 334.173000 0.032900 58.610801 0.016330
12.616990 545.554358 364.330658 0.427000 52.096656 0.016630
13.060620 595.702800 350.217000 0.181550 75.618665 0.015440
13.257610 545.092800 406.402500 0.016360 150.001781 0.049380
13.323350 516.020400 259.245000 0.034700 128.194736 0.063930
13.421980 624.363600 327.769750 0.098510 61.108963 0.016360
13.536850 625.117500 388.874062 0.131500 48.146584 0.017090
13.685440 658.375200 354.060000 0.015930 53.641182 0.279080
13.980450 696.625067 316.452500 0.147890 144.315990 0.049230
14.177570 701.884400 460.672625 0.197140 44.757086 0.016390
14.391100 699.829200 415.962750 0.032800 211.945207 0.082010
14.505910 492.441600 459.679500 0.016690 51.315102 0.016330
14.538930 535.563434 487.495810 1.067870 162.993545 0.065610
15.672410 505.461600 327.306000 0.016510 55.201938 0.016420
15.705340 479.068800 375.789750 0.032900 93.546216 0.032830
15.771070 572.232686 367.340786 0.870790 146.467023 0.032750
16.674610 717.341184 387.243360 0.459990 175.317561 0.032870
17.167470 542.823225 403.968469 0.541990 60.119305 0.033020
17.742480 602.786240 399.636300 0.279290 82.210814 0.016330
18.038100 684.473506 390.373015 0.640810 141.464026 0.082150
18.761060 543.163765 383.767897 0.624670 65.251245 0.032410
19.418140 602.084933 355.731833 0.377900 111.480808 0.032800
19.828840 708.193662 389.921135 0.476660 183.463104 0.082000
20.387500 525.025642 400.322447 0.345000 88.373193 0.016390
20.748890 596.683200 452.043000 0.131440 20.903471 0.016350
20.896680 617.416800 454.702500 0.016730 145.937751 0.049070
20.962480 569.688000 316.790250 0.032900 107.841669 0.049100
21.044480 674.520000 342.090000 0.033020 78.915487 0.016390
21.093890 684.306000 420.396375 0.180600 62.383394 0.016480
21.290970 734.811000 383.777625 0.131410 224.006433 0.066010
21.488390 514.518327 343.157182 0.180420 49.185060 0.016570
21.685380 563.304000 349.412437 0.131560 121.694454 0.081940
21.898880 682.057824 322.821660 0.410740 67.157509 0.016690
22.326310 748.854071 329.778132 0.574680 2.071149 0.016380
22.917370 746.986154 330.672865 0.443580 228.117163 0.082150
23.443100 571.311600 476.192250 1.035000 17.353749 0.049380
24.527480 561.952533 461.578542 0.640570 166.840866 0.032950
25.201000 728.666400 455.070000 0.016390 17.648738 0.016480
25.233870 715.477350 466.797187 0.328490 49.694122 0.016510
25.578870 757.707300 440.602969 0.279240 51.424714 0.016510
25.874620 765.307200 491.463000 0.016390 110.825983 0.049250
25.940260 752.623200 381.365250 0.032750 126.562229 0.065670
26.038680 872.672123 421.443346 0.213690 320.328171 0.082120
26.334490 557.337529 477.783662 0.607850 122.730847 0.016350
26.958690 645.737400 562.920750 0.164520 103.162759 0.032930
27.156140 715.972904 487.359326 0.936250 201.491064 0.049230
28.141620 520.447200 536.025000 0.016510 91.201105 0.032830
28.190960 543.016133 624.389500 0.312020 115.109640 0.033020
28.536000 645.428437 571.835250 1.215630 172.671976 0.016330
29.767960 817.038708 590.954000 0.673710 112.608461 0.016480
30.458150 928.490400 574.854750 0.295620 41.757318 0.032840
30.786610 965.356000 555.243500 0.065580 504.156263 0.065980
30.918170 463.325009 601.486565 0.410580 53.690327 0.016480
31.345230 482.032320 551.160750 0.180820 89.827870 0.016200
31.542250 551.281920 608.375600 0.262850 94.347789 0.016660
31.821760 485.624160 540.621900 0.246280 60.273626 0.016420
32.084460 535.861200 507.318000 0.082120 83.367181 0.016540
32.183120 557.782400 587.751500 0.049130 98.023947 0.049380
32.281630 641.583600 638.604750 0.032780 117.324823 0.049220
32.363630 586.482400 535.024000 0.049350 86.063025 0.032900
32.445880 646.376640 596.826300 0.312130 86.028509 0.049200
32.807210 562.923947 575.932467 0.788750 104.448970 0.016180
33.612140 667.365440 577.182200 0.509340 71.223253 0.017700
34.139180 725.244800 618.688000 0.048060 74.214711 0.016480
34.203720 671.027700 568.009313 0.131410 57.175327 0.016330
34.351460 728.155938 570.329308 0.213500 56.521396 0.016510
34.581470 784.508780 574.691122 0.772150 57.608081 0.032870
35.386490 833.065800 543.692625 0.065770 44.383172 0.016350
35.468610 850.374000 584.561833 0.344970 56.113733 0.016420
35.830000 903.884800 567.669667 0.164340 130.193777 0.032770
36.027110 774.774000 584.427375 0.065740 285.267673 0.065730
36.158580 494.497979 637.559263 1.037510 40.382763 0.014010
37.210100 534.609600 632.887500 0.032870 162.582420 0.016540
37.259510 695.114070 658.798088 1.511230 156.423527 0.016320
38.787060 840.100800 600.085500 0.032930 315.306807 0.065740
38.885730 537.469800 688.588950 1.018520 17.502953 0.016510
39.920760 529.869709 704.355750 0.427060 25.112748 0.016420
40.364240 546.300677 685.364346 1.396360 115.040346 0.032840
41.793440 652.475250 729.650250 0.279420 70.905753 0.016270
42.089130 707.640519 685.103432 0.690060 165.812422 0.049290
42.828480 549.132267 733.774708 0.673700 57.616305 0.016300
43.518480 602.616000 755.202000 0.016390 53.719260 0.032830
43.567700 651.888662 733.801914 1.051490 142.006421 0.016350
44.635540 776.395200 802.095000 0.016450 97.592821 0.279360
44.931350 797.966400 706.916000 0.049230 90.253275 0.016410
44.996990 719.418000 662.466000 0.032870 52.263608 0.016510
45.046370 722.788500 714.620812 0.131380 115.333414 0.032740
45.210490 807.668400 636.536250 0.032990 89.624835 0.016390
45.259870 817.994400 725.564250 0.229980 286.994569 0.065770
45.555620 532.692720 694.438150 1.150180 57.328259 0.016350
46.722150 587.680800 710.650500 0.032720 71.817336 0.016480
46.771350 619.847200 646.439500 0.049220 114.282670 0.065650
46.886220 544.897920 732.713100 0.509270 62.145005 0.016330
47.411820 484.733760 748.278300 0.279420 174.969153 0.016540
47.707780 658.707504 766.915380 0.920100 146.331763 0.065460
48.693340 513.899077 787.974923 0.230230 72.110123 0.016420
48.939990 585.962259 785.373441 0.279140 40.707408 0.016390
49.235520 622.280655 803.760045 0.558810 18.602748 0.049040
49.843370 618.550154 821.984908 1.150450 143.545410 0.016170
51.009990 758.545200 853.713000 0.033120 53.722473 0.016200
51.059310 805.872000 828.291000 0.114990 357.213317 0.049230
51.223530 452.453400 880.220250 0.065580 54.774284 0.016330
51.305440 507.225600 880.698000 0.032920 60.217672 0.016390
51.354750 448.869600 865.840500 0.180880 71.076693 0.016270
51.551900 518.469382 880.254614 0.378020 163.241493 0.016450
51.946370 681.423540 889.935900 0.755490 151.553503 0.065610
52.767470 533.185800 921.464250 0.197300 58.686776 0.032830
52.997600 539.901600 863.163000 0.016390 33.416871 0.016510
53.030500 560.152800 889.744500 0.229860 141.371933 0.032990
53.293350 698.582850 918.435000 0.591400 183.903102 0.065740
53.950490 514.934000 908.768000 0.098440 37.121104 0.016550
54.065480 546.663310 928.035259 0.476410 87.433695 0.016510
54.558400 633.091200 941.259136 0.197080 144.579064 0.032770
54.788250 777.409974 949.930766 1.018740 41.491769 0.016270
55.823260 818.800800 952.823250 0.230220 91.807589 0.016390
56.069870 905.878909 923.736545 0.180660 305.494545 0.049230
56.299760 647.636267 760.526083 0.312290 96.102448 0.032800
56.644850 734.512800 719.439000 0.016540 74.038593 0.016210
56.677600 759.246982 789.223909 0.213530 306.028397 0.065580
56.956710 638.652000 507.958500 0.016540 56.360691 0.016390
56.989640 654.360000 453.831000 0.016480 68.410198 0.016330
57.022450 622.498800 393.293250 0.032890 94.419568 0.016540
57.071880 652.872331 482.694052 0.542120 167.645963 0.065760
57.679760 490.912800 525.987000 0.016360 97.296694 0.016480
57.712600 534.549600 439.024500 0.229890 107.438722 0.016450
57.958940 639.384400 462.535000 0.854310 84.755357 0.032870
58.846120 693.223440 397.076400 0.229950 60.897284 0.016570
59.092640 632.346400 398.646500 0.082000 45.320469 0.098540
59.273180 675.500000 384.800500 0.065700 37.027321 0.032870
59.371750 706.120800 363.982500 0.016510 95.265015 0.065610
59.453870 682.138800 456.179500 0.098510 82.381604 0.016510
59.568890 667.724400 537.290250 0.032810 84.391329 0.033020
59.634720 651.487200 454.475700 0.164150 165.878226 0.049320
59.848190 547.600200 583.793437 0.164310 83.484958 0.016480
60.028980 630.975164 579.509318 0.476590 132.833695 0.049070
60.554640 498.355200 571.977000 0.032840 114.355557 0.049250
60.636730 486.487680 458.238900 0.098670 161.868743 0.016230
60.751630 613.077523 559.117548 0.542360 24.789295 0.016510
61.310500 637.761600 556.836000 0.065460 143.183774 0.049410
61.425370 501.450400 600.663500 0.427210 359.871744 0.082340
61.934920 537.954836 242.648000 0.574740 77.824775 0.032990
62.542650 471.643200 283.384500 0.016360 116.641774 0.673310
63.232320 587.815200 272.926500 0.016410 54.638813 0.016510
63.265240 639.624000 290.283000 0.114990 93.909269 0.016450
63.396680 600.164880 205.066050 0.164430 28.132933 0.016570
63.577680 605.643360 177.471700 0.262580 79.842324 0.016510
63.856770 591.864000 256.116000 0.016350 204.787900 0.049260
63.922380 572.586000 459.994500 0.032870 81.917521 0.016510
63.971760 620.278400 526.597167 0.147700 68.254125 0.049410
64.168870 621.173933 458.348917 0.591310 105.758831 0.049340
64.809520 526.066800 412.093500 0.032720 55.671599 0.016660
64.858900 539.456894 466.130824 0.279240 58.073510 0.016360
65.154500 546.092400 523.824000 0.032890 126.969850 0.049230
65.236620 657.240835 462.445109 0.443600 122.492502 0.049380
65.729600 664.471733 584.724000 0.147770 66.110463 0.016540
65.893910 623.361415 532.950115 0.229850 0.000000 0.016540
