0.000000 672.231000 653.114000
0.016360 673.098000 673.486000
0.032840 657.084000 707.168000
0.049190 681.904000 693.264000
0.065920 682.839000 719.334000
0.081910 678.657000 755.370000
0.098630 703.715000 768.900000
0.115230 703.205000 747.560000
0.131470 660.161000 698.940000
0.147950 670.480000 617.320000
0.164430 668.746000 579.480000
0.181030 654.857000 629.442000
0.197270 663.459000 686.994000
0.213750 665.975000 736.802000
0.230100 664.139000 721.380000
0.246580 658.121000 742.324000
0.263060 657.509000 733.304000
0.279170 632.723000 677.930000
0.295780 517.803000 676.654000
0.312130 517.446000 673.354000
0.328490 509.847000 704.660000
0.344970 514.233000 728.442000
0.361940 511.904000 708.004000
0.378050 494.717000 663.498000
0.394290 496.791000 675.422000
0.410770 501.364000 713.988000
0.427120 507.212000 736.208000
0.443850 516.358000 775.610000
0.460330 516.732000 777.238000
0.478390 531.862000 743.292000
0.492920 489.090000 427.856000
0.509400 480.998000 352.814000
0.525630 461.567000 316.448000
0.542110 472.753000 197.230000
0.558470 478.278000 253.726000
0.575560 488.070000 310.200000
0.591310 519.860000 472.186000
0.607910 519.673000 470.382000
0.624270 492.898000 418.000000
0.640500 503.370000 269.148000
0.656980 501.160000 246.972000
0.673460 488.002000 368.126000
0.690550 486.115000 505.120000
0.706300 488.750000 526.372000
0.722660 458.524000 263.582000
0.739260 419.441000 196.790000
0.772090 437.682000 99.484000
0.788450 459.221000 316.228000
0.805050 461.533000 341.220000
0.821410 432.514000 165.902000
0.837770 434.061000 252.296000
0.870730 458.490000 197.274000
0.887330 475.490000 193.644000
0.903560 475.643000 191.774000
0.920040 459.102000 143.616000
0.936400 485.979000 105.028000
0.953000 483.735000 81.158000
0.969360 478.805000 24.046000
0.985720 474.079000 192.676000
1.002320 481.270000 267.080000
1.018550 479.230000 186.208000
1.035280 470.084000 190.102000
1.051510 460.360000 91.564000
1.067990 485.554000 57.244000
1.084350 472.770000 32.186000
1.100710 474.657000 55.704000
1.117190 499.035000 0.726000
1.133670 504.101000 182.908000
1.150020 512.788000 281.644000
1.166500 515.474000 174.922000
1.182860 512.091000 172.326000
1.199220 508.606000 121.132000
1.215580 717.604000 97.482000
1.235230 710.549000 47.300000
1.248540 710.260000 21.538000
1.297970 726.750000 6.556000
1.314450 727.957000 13.046000
1.363770 689.826000 16.500000
1.380250 689.435000 63.866000
1.494870 616.080000 34.606000
1.511350 609.671000 33.484000
1.527830 643.212000 118.052000
1.544310 641.988000 88.462000
1.626220 527.663000 28.930000
1.642820 532.270000 92.444000
1.659180 510.340000 103.290000
1.675660 517.514000 100.166000
1.692140 520.506000 138.974000
1.708500 547.893000 244.882000
1.724980 535.636000 211.178000
1.741330 534.820000 199.342000
1.757690 510.255000 136.114000
1.774290 556.784000 182.952000
1.790650 553.605000 137.544000
1.807130 573.172000 93.610000
1.823360 571.047000 143.088000
1.856450 593.674000 161.348000
1.872800 598.196000 140.822000
1.889280 597.499000 127.776000
1.905640 574.940000 80.168000
1.922120 578.306000 72.050000
1.938480 578.782000 81.576000
1.954960 600.814000 77.946000
1.971440 601.137000 130.966000
1.987790 602.582000 157.454000
2.004270 631.805000 145.728000
2.020750 734.519000 123.222000
2.053470 679.898000 125.026000
2.070070 698.394000 230.164000
2.086550 698.649000 241.472000
2.102780 690.370000 243.716000
2.119260 696.949000 168.278000
2.135620 696.779000 156.992000
2.152100 702.695000 252.890000
2.168460 730.643000 312.774000
2.185180 731.272000 356.642000
2.201290 720.426000 270.864000
2.219120 709.342000 349.426000
2.234250 708.526000 304.260000
2.250610 707.183000 205.150000
2.267090 686.936000 72.534000
2.283450 685.287000 13.530000
2.299930 691.747000 109.164000
2.316280 706.639000 104.412000
2.332760 707.880000 164.340000
2.349370 751.978000 251.416000
2.365600 751.298000 274.780000
2.382200 751.604000 319.352000
2.398560 795.124000 282.810000
2.415040 805.919000 311.608000
2.431270 806.905000 239.404000
2.447750 769.828000 231.154000
2.464230 740.860000 7.260000
2.513550 824.908000 78.100000
2.529910 824.840000 127.666000
2.546390 838.865000 173.426000
2.562740 900.337000 307.912000
2.579220 899.810000 321.684000
2.595580 921.077000 220.770000
2.612060 889.406000 232.320000
2.628540 891.191000 188.518000
2.644900 931.158000 169.598000
2.661380 924.426000 196.108000
2.694460 918.969000 266.574000
2.710690 914.362000 178.134000
2.727050 912.730000 210.958000
2.743530 899.640000 219.406000
2.759890 897.515000 230.934000
2.776370 897.022000 242.264000
2.792720 878.373000 175.912000
2.809330 908.599000 265.936000
2.825560 910.656000 222.794000
2.842160 722.466000 183.172000
2.858520 697.170000 106.590000
2.874880 698.003000 140.668000
2.891360 695.895000 208.494000
2.907710 679.796000 254.782000
2.924320 681.207000 299.838000
2.957030 720.494000 274.780000
2.973510 719.746000 240.460000
2.989870 687.021000 181.874000
3.006470 647.258000 100.870000
3.022830 646.204000 55.088000
3.039310 644.963000 284.174000
3.055660 620.364000 103.312000
3.072140 618.477000 63.294000
3.088500 617.389000 48.136000
3.334960 653.854000 142.692000
3.351440 701.862000 197.032000
3.367680 704.089000 294.272000
3.384160 635.307000 361.944000
3.400630 659.685000 359.172000
3.417110 656.948000 287.166000
3.433720 651.712000 240.262000
3.449830 641.784000 131.582000
3.466430 637.874000 37.180000
3.581420 615.570000 32.604000
3.614140 586.857000 69.212000
3.630740 584.137000 204.974000
3.647090 607.478000 215.094000
3.663700 608.685000 237.182000
3.680180 624.002000 270.534000
3.696780 613.853000 193.556000
3.712890 611.643000 146.256000
3.729370 639.540000 88.660000
3.745850 642.957000 92.180000
3.762210 641.869000 67.474000
3.778690 513.094000 339.526000
3.795290 469.693000 331.276000
3.811520 469.472000 328.944000
3.827880 482.545000 305.734000
3.844360 479.043000 325.996000
3.860720 474.640000 283.162000
3.877200 491.079000 224.268000
3.893680 502.197000 228.492000
3.909910 507.943000 293.678000
3.926390 513.434000 397.430000
3.942990 472.056000 560.824000
3.959590 480.454000 644.248000
3.975710 466.276000 519.134000
3.992190 479.740000 653.466000
4.025020 466.276000 519.134000
4.041500 507.195000 555.170000
4.074220 485.163000 570.020000
4.090820 494.241000 580.514000
4.123540 501.551000 546.018000
4.140010 495.618000 588.412000
4.172850 493.833000 626.736000
4.189330 494.887000 514.646000
4.222050 473.161000 418.418000
4.238400 449.055000 514.030000
4.271240 448.902000 476.586000
4.287720 434.894000 444.510000
4.320680 449.395000 552.464000
4.337160 460.632000 547.470000
4.369870 418.846000 537.262000
4.419430 484.636000 577.478000
4.435790 496.978000 531.850000
4.468510 488.087000 505.098000
4.484860 484.517000 513.414000
4.517700 536.860000 512.666000
4.534060 517.021000 467.742000
4.567260 522.189000 612.898000
4.583500 501.874000 600.952000
4.665530 505.376000 337.370000
4.682010 492.983000 263.736000
4.698490 486.115000 175.362000
4.731450 537.642000 259.798000
4.764160 488.291000 213.070000
4.780880 473.671000 343.662000
4.813480 457.963000 349.712000
4.829960 463.675000 346.984000
4.862790 481.066000 356.158000
4.879150 470.271000 376.376000
4.911990 467.279000 351.604000
4.928340 465.341000 300.784000
4.961300 446.658000 304.304000
4.977660 452.812000 275.352000
4.994140 459.595000 339.724000
5.010740 479.774000 448.404000
5.026980 502.843000 589.578000
5.043460 511.972000 671.968000
5.059940 495.652000 676.720000
5.076420 497.420000 736.208000
5.109130 453.730000 707.784000
5.125610 453.662000 708.070000
5.142090 445.400000 645.546000
5.158450 459.085000 498.432000
5.176390 435.778000 424.622000
5.191410 427.057000 341.902000
5.207760 443.496000 111.892000
5.224370 454.903000 234.740000
5.240840 461.652000 300.608000
5.257200 510.527000 398.882000
5.273440 508.419000 480.194000
5.290040 510.697000 502.326000
5.306270 506.243000 381.216000
5.322750 483.327000 352.088000
5.339110 474.470000 265.166000
5.355590 444.346000 235.950000
5.372070 441.694000 263.428000
5.404790 453.203000 224.664000
5.421260 466.667000 204.798000
5.454100 471.988000 321.508000
5.470580 479.876000 164.384000
5.504030 507.620000 246.158000
5.520020 497.726000 234.806000
5.552980 464.287000 269.170000
5.569210 419.526000 220.792000
5.585690 426.921000 286.528000
5.602050 452.302000 365.662000
5.618410 478.363000 478.984000
5.635130 488.172000 565.796000
5.651490 485.537000 537.636000
5.667720 481.355000 511.346000
5.700680 491.572000 502.854000
5.717040 494.632000 521.114000
5.749880 491.402000 568.348000
5.766360 496.842000 536.008000
5.799070 460.088000 516.736000
5.815800 452.693000 509.982000
5.832520 444.414000 442.002000
5.848510 450.993000 386.540000
5.864750 440.725000 298.980000
5.881230 430.593000 209.880000
5.897710 436.016000 206.822000
5.914180 456.671000 372.372000
5.947020 486.370000 321.838000
5.963500 481.712000 373.142000
5.979860 488.070000 434.918000
5.996220 498.168000 494.934000
6.012700 458.099000 640.002000
6.029170 467.024000 720.280000
6.045530 471.325000 655.094000
6.062010 475.337000 700.172000
6.094850 469.489000 704.132000
6.111450 471.971000 646.954000
6.127810 464.253000 583.484000
6.144040 468.945000 533.214000
6.160640 457.844000 432.344000
6.177000 448.052000 348.392000
6.193480 471.121000 334.268000
6.209840 440.589000 330.440000
6.226320 447.610000 392.964000
6.242800 457.980000 554.510000
6.259160 475.745000 610.082000
6.275630 485.826000 691.680000
6.291990 476.527000 625.548000
6.308350 488.920000 637.978000
6.324950 481.627000 574.398000
6.341190 468.911000 522.522000
6.357790 471.801000 376.266000
6.374150 469.387000 355.520000
6.390630 495.448000 468.072000
6.406980 507.620000 557.546000
6.423460 516.596000 641.212000
6.439940 486.829000 693.726000
6.456300 521.169000 683.188000
6.489380 525.742000 675.796000
6.505860 501.126000 732.732000
6.538570 523.889000 676.500000
6.554810 521.594000 693.638000
6.587770 446.777000 632.654000
6.604130 486.234000 645.612000
6.620730 478.057000 562.298000
6.637080 465.766000 468.138000
6.653440 442.119000 355.432000
6.669800 433.636000 270.138000
6.686280 431.885000 274.494000
6.702760 468.197000 398.640000
6.735600 493.459000 353.056000
6.784910 471.070000 395.670000
6.801390 505.410000 353.430000
6.834350 950.198000 377.036000
6.850710 944.027000 356.994000
6.883420 966.824000 342.760000
6.900020 966.212000 320.254000
6.932740 986.102000 293.766000
6.949100 956.947000 283.514000
6.965580 952.697000 346.302000
6.982180 937.465000 465.872000
6.998410 931.702000 542.608000
7.014890 926.296000 625.284000
7.031250 913.342000 644.556000
7.047730 917.473000 664.642000
7.064210 919.360000 636.350000
7.080690 912.543000 607.464000
7.097050 915.756000 573.540000
7.113400 917.983000 536.008000
7.130000 928.846000 485.540000
7.147580 934.269000 507.364000
7.162840 936.513000 474.276000
7.179320 941.647000 379.676000
7.195800 947.121000 328.306000
7.212160 949.994000 283.096000
7.228270 969.782000 278.322000
7.244870 967.487000 337.106000
7.442140 935.017000 397.056000
7.474980 925.548000 300.784000
7.491210 942.191000 424.380000
7.524170 943.347000 360.800000
7.540530 925.616000 356.114000
7.557010 921.876000 416.482000
7.573490 954.839000 538.098000
7.589970 924.732000 601.150000
7.606450 923.763000 622.050000
7.622920 925.446000 595.078000
7.639280 946.526000 483.978000
7.655520 952.017000 403.898000
7.672120 956.063000 371.074000
7.688350 961.571000 519.662000
7.918460 946.543000 373.670000
7.935060 924.426000 415.382000
7.967770 941.749000 406.670000
7.984130 937.397000 415.404000
8.016970 941.052000 400.686000
8.033570 945.370000 366.982000
8.049800 943.041000 399.190000
8.066410 936.292000 514.558000
8.082760 916.640000 522.698000
8.099000 914.124000 565.444000
8.115600 948.753000 562.012000
8.131960 936.241000 583.990000
8.164920 957.814000 559.922000
8.181400 947.512000 568.040000
8.214110 952.391000 571.912000
8.230710 977.568000 594.044000
8.247190 980.441000 562.650000
8.263550 959.956000 518.870000
8.279910 962.455000 373.186000
8.296260 961.027000 390.720000
8.312740 943.585000 458.238000
8.329350 935.170000 544.676000
8.345700 929.645000 627.220000
8.362060 946.747000 716.540000
8.378420 938.451000 712.096000
8.394900 941.477000 671.880000
8.411380 934.456000 660.286000
8.427730 937.108000 542.300000
8.460570 938.400000 570.636000
8.477170 944.860000 630.938000
8.493290 943.976000 643.742000
8.510010 949.416000 644.336000
8.526250 967.181000 565.070000
8.542720 972.893000 494.824000
8.559330 958.715000 467.456000
8.575680 978.333000 444.928000
8.592040 976.701000 461.340000
8.608400 973.930000 529.936000
8.624880 949.824000 559.152000
8.641360 944.520000 631.950000
8.657470 936.666000 656.370000
8.674070 977.602000 644.292000
8.690800 978.248000 634.942000
8.707280 1013.880000 689.678000
8.723630 1009.766000 713.086000
8.740360 1007.828000 731.060000
8.756590 1017.076000 729.828000
8.772950 1019.184000 730.114000
8.789550 1022.278000 702.834000
8.805660 1007.964000 652.520000
8.822020 1010.531000 607.068000
8.838500 1012.384000 588.808000
8.854860 1040.315000 619.872000
8.871340 1035.861000 628.672000
8.887820 1033.770000 647.086000
8.904050 921.281000 601.524000
8.920530 932.994000 607.948000
8.937010 932.382000 616.880000
8.953490 921.706000 652.498000
8.969850 935.816000 687.544000
8.986450 934.473000 705.826000
9.002690 923.066000 672.276000
9.019410 928.574000 671.990000
9.052120 947.716000 721.490000
9.068360 947.206000 711.084000
9.084960 952.221000 651.728000
9.101200 941.494000 520.168000
9.119380 954.754000 438.306000
9.134280 960.483000 356.664000
9.150630 679.728000 461.164000
9.167110 486.064000 473.308000
9.199710 556.019000 431.684000
9.216430 552.381000 446.028000
9.249270 546.465000 456.368000
9.265630 545.054000 393.470000
9.298580 516.698000 420.398000
9.314940 511.190000 421.828000
9.347780 526.184000 448.580000
9.364260 505.002000 436.678000
9.397090 452.948000 429.748000
9.413570 449.378000 453.266000
9.446410 449.089000 460.240000
9.462770 457.096000 457.138000
9.495730 445.570000 465.872000
9.512080 451.452000 470.096000
9.544920 427.652000 468.204000
9.561400 422.008000 445.698000
9.594120 424.082000 369.424000
9.610600 411.196000 415.140000
9.643550 454.104000 541.464000
9.659910 429.250000 520.718000
9.676390 438.022000 596.904000
9.692750 499.953000 615.780000
9.709350 480.760000 683.100000
9.725590 490.705000 761.750000
9.742070 475.303000 764.126000
9.758420 468.180000 791.824000
9.791380 490.127000 779.152000
9.807740 471.104000 804.760000
9.824100 463.267000 746.262000
9.840580 531.029000 660.616000
9.856930 589.322000 567.204000
9.873410 583.576000 488.818000
9.889890 544.969000 459.558000
9.906250 558.025000 407.814000
9.922610 562.751000 467.412000
9.939330 564.995000 542.784000
9.955690 585.820000 675.554000
9.972050 592.161000 754.138000
9.988400 584.613000 782.232000
10.004760 588.030000 719.466000
10.037600 598.519000 741.818000
10.054200 596.224000 748.440000
10.087160 578.884000 790.592000
10.103520 604.843000 732.908000
10.136230 608.787000 819.060000
10.152950 609.348000 795.080000
10.169190 605.030000 736.714000
10.185420 588.472000 645.722000
10.202030 420.427000 660.154000
10.234860 460.581000 633.534000
10.251460 450.789000 695.046000
10.267700 459.986000 773.124000
10.284300 459.731000 890.472000
10.300660 454.954000 818.686000
10.318970 450.602000 783.530000
10.333500 455.209000 824.406000
10.350100 434.656000 735.614000
10.366330 430.253000 700.810000
10.382810 430.848000 679.602000
10.399170 441.371000 729.498000
10.415530 445.621000 763.752000
10.432130 478.329000 732.952000
10.448610 457.147000 824.120000
10.464840 462.315000 858.792000
10.481200 469.506000 867.460000
10.497800 482.171000 862.598000
10.530640 491.946000 931.898000
10.547120 477.530000 930.886000
10.579830 464.610000 928.268000
10.596310 479.111000 924.154000
10.629270 466.412000 904.222000
10.645630 479.553000 919.820000
10.662110 471.903000 864.930000
10.678590 448.528000 720.962000
10.694820 447.729000 651.838000
10.711300 437.393000 576.136000
10.727660 456.841000 539.462000
10.744140 444.567000 540.936000
10.760620 451.707000 597.938000
10.776980 447.032000 911.658000
10.793580 434.809000 1117.138000
10.809940 446.794000 1178.474000
10.826420 456.331000 1153.306000
10.842650 472.124000 1124.046000
10.859130 464.117000 1075.954000
10.875730 432.446000 1091.684000
10.891970 422.977000 1057.386000
10.908570 411.383000 997.062000
10.924930 468.622000 936.540000
10.941280 458.473000 941.072000
10.974120 452.370000 893.992000
10.990720 426.445000 886.688000
11.023320 454.002000 884.246000
11.039790 439.756000 846.802000
11.072630 455.022000 881.210000
11.089110 450.024000 863.192000
11.121950 459.119000 883.872000
11.138310 458.184000 885.236000
11.171260 449.089000 870.738000
11.187620 473.263000 839.014000
11.220580 469.047000 849.398000
11.236940 448.273000 829.400000
11.269780 467.993000 918.742000
11.286250 459.578000 953.634000
11.319090 471.614000 845.460000
11.335570 453.764000 883.542000
11.368410 472.566000 822.118000
11.384770 450.772000 855.360000
11.401250 458.048000 904.838000
11.417720 443.105000 989.956000
11.434080 494.003000 1020.580000
11.450440 496.757000 1036.376000
11.466920 488.223000 1060.708000
11.483400 478.193000 1049.510000
11.499760 468.401000 989.098000
11.516240 469.965000 889.702000
11.532590 464.406000 877.030000
11.549070 471.189000 925.540000
11.565430 485.588000 993.718000
11.581910 481.185000 1102.948000
11.598390 484.126000 1118.392000
11.614750 483.123000 1045.462000
11.632200 486.336000 971.960000
11.647710 476.901000 908.578000
11.664060 393.873000 757.218000
11.680300 389.810000 709.214000
11.713380 400.129000 819.698000
11.762700 469.166000 910.756000
11.778810 473.926000 841.236000
11.811890 460.734000 856.856000
11.828370 463.981000 903.408000
11.861210 456.977000 940.808000
11.877690 445.519000 943.404000
11.910280 420.138000 917.290000
11.927120 447.372000 923.824000
11.943730 452.523000 955.218000
11.963130 472.379000 1002.518000
11.976440 509.184000 1033.494000
12.009030 501.636000 900.504000
12.025510 500.191000 1112.298000
12.041870 495.754000 1083.918000
12.255490 474.606000 945.538000
12.271850 467.347000 983.048000
12.288330 469.965000 999.350000
12.304690 489.039000 926.970000
12.321040 521.832000 948.046000
12.337650 527.935000 994.994000
12.354000 524.637000 1004.190000
12.370480 521.050000 1085.634000
12.386840 525.504000 1116.940000
12.403440 554.693000 1050.698000
12.419680 561.629000 1030.128000
12.436160 559.096000 1007.116000
12.452640 514.403000 1078.396000
12.468990 526.269000 1045.110000
12.485470 523.447000 1022.076000
12.501830 528.683000 1012.176000
12.518550 518.058000 929.368000
12.534790 515.814000 911.856000
12.551270 465.443000 946.836000
12.567630 471.121000 929.764000
12.583980 468.469000 912.274000
12.600460 466.038000 925.034000
12.616820 465.273000 952.776000
12.633540 462.621000 936.012000
12.649780 446.301000 912.450000
12.666140 422.450000 900.966000
12.682620 430.236000 948.750000
12.698970 473.263000 979.682000
12.717530 515.967000 1032.768000
12.732060 521.968000 1075.030000
12.748410 470.645000 1346.246000
12.978150 451.571000 1342.198000
12.994750 465.851000 1323.410000
13.011230 488.240000 1305.524000
13.045900 478.363000 1284.888000
13.060550 434.163000 1216.248000
13.076900 429.692000 1193.544000
13.093380 441.881000 1222.078000
13.109740 428.451000 1250.986000
13.126220 422.314000 1223.090000
13.142580 375.428000 1273.954000
13.159420 429.420000 1225.400000
13.175420 429.420000 1225.400000
13.192020 425.867000 990.792000
13.208620 417.843000 892.826000
13.241330 428.281000 938.982000
13.257690 430.984000 935.462000
13.290530 421.923000 937.310000
13.306880 409.122000 926.068000
13.339720 419.084000 923.956000
13.356200 412.488000 949.674000
13.388920 394.349000 964.304000
13.405640 399.704000 954.932000
13.438350 411.672000 942.260000
13.454830 412.386000 896.038000
13.487550 502.231000 953.546000
13.504030 520.149000 893.948000
13.536870 499.834000 933.966000
13.553470 499.358000 913.572000
13.586180 512.278000 873.488000
13.602660 502.877000 928.334000
13.619140 508.793000 974.974000
13.635620 519.265000 980.628000
13.651860 527.782000 1027.334000
13.668210 533.613000 1069.442000
13.684810 834.564000 1059.432000
13.701900 947.597000 1073.952000
13.717770 951.235000 1035.980000
13.734010 933.147000 1063.898000
13.750490 911.234000 1041.502000
13.766850 912.934000 1024.452000
13.783330 937.975000 1007.006000
13.799800 942.514000 987.030000
13.816160 945.234000 957.110000
13.832640 932.263000 920.260000
13.849000 945.778000 870.364000
13.881960 945.489000 915.068000
13.898320 986.170000 917.004000
13.914790 984.351000 933.570000
13.931150 966.603000 991.210000
13.947630 965.124000 1008.326000
13.963870 961.962000 1038.378000
13.980470 932.943000 948.200000
13.997070 933.266000 933.372000
14.013310 934.728000 915.816000
14.030760 884.017000 880.836000
14.046140 606.237000 908.314000
14.062870 603.568000 876.304000
14.079220 451.673000 896.434000
14.095700 454.597000 926.178000
14.128420 481.593000 910.888000
14.145510 472.889000 891.814000
14.177610 445.264000 878.988000
14.193970 428.842000 897.644000
14.227050 425.612000 866.932000
14.243290 419.560000 894.212000
14.259770 427.499000 942.040000
14.276370 467.687000 1026.058000
14.292480 487.271000 1083.060000
14.309080 497.386000 1145.738000
14.325560 498.423000 1160.082000
14.341920 413.542000 1114.256000
14.360110 402.373000 1050.412000
14.374760 441.252000 1000.120000
14.390990 422.807000 965.250000
14.407590 413.287000 902.924000
14.424070 418.931000 924.132000
14.440430 418.761000 929.104000
14.473270 447.695000 930.204000
14.489870 370.141000 868.494000
14.505980 375.513000 900.174000
14.522460 475.286000 971.586000
14.539060 472.226000 974.666000
14.555420 480.352000 1037.476000
14.571900 501.534000 1078.396000
14.588500 511.513000 1167.848000
14.604740 507.841000 1138.170000
14.621090 501.024000 1072.918000
14.637570 475.558000 1018.138000
14.654050 467.738000 958.056000
14.670410 478.958000 1000.076000
14.687870 470.900000 934.164000
14.719730 444.363000 913.506000
14.736080 430.508000 885.698000
14.752690 435.319000 919.578000
14.769040 508.334000 1007.490000
14.785400 499.970000 1058.178000
14.802250 503.880000 1090.364000
14.818480 497.675000 1072.654000
14.834720 493.799000 1087.570000
14.867550 499.749000 1075.800000
14.884030 490.110000 1073.930000
14.916990 475.609000 1046.694000
14.933350 489.753000 1060.686000
14.949710 485.588000 1027.840000
14.966310 496.349000 952.908000
14.982670 454.750000 1200.628000
14.999150 456.127000 1211.782000
15.017330 453.033000 1238.842000
15.031860 455.889000 1297.582000
15.048220 459.255000 1310.540000
15.064940 450.041000 1310.210000
15.081180 448.375000 1269.444000
15.097780 445.298000 1256.354000
15.114010 431.392000 1316.744000
15.130370 456.127000 1356.278000
15.147090 463.896000 1390.224000
15.163450 480.012000 1359.050000
15.179690 480.709000 1346.290000
15.196170 471.920000 1301.542000
15.212650 483.276000 1297.208000
15.229000 420.240000 1283.040000
15.245360 422.144000 1293.820000
15.261960 452.846000 1292.566000
15.278320 475.660000 1372.272000
15.294680 479.009000 1384.878000
15.311160 490.518000 1229.844000
15.327640 429.624000 1194.798000
15.343990 418.098000 1139.688000
15.360470 448.868000 1155.198000
15.376830 432.939000 1175.086000
15.393310 440.691000 1214.268000
15.409790 457.963000 1323.718000
15.426150 469.251000 1325.346000
15.442500 472.668000 1338.810000
15.458980 489.940000 1228.062000
15.475340 485.061000 1227.468000
15.492070 475.388000 1173.810000
15.508300 454.478000 1196.470000
15.524660 467.177000 1149.434000
15.541140 472.107000 1176.692000
15.557620 577.711000 1259.500000
15.574220 570.112000 1252.174000
15.590450 573.597000 1278.904000
15.606810 592.263000 1240.382000
15.623170 590.665000 1234.860000
15.639650 589.186000 1222.144000
15.656130 593.946000 1247.048000
15.672610 590.852000 1231.934000
15.689090 589.424000 1219.526000
15.705320 558.433000 1189.364000
15.721920 577.201000 1183.974000
15.754760 561.799000 1141.030000
15.771360 596.105000 1167.210000
15.787480 594.507000 1152.206000
15.804080 579.768000 1149.082000
15.820430 571.897000 1141.294000
15.853270 575.331000 1162.392000
15.869870 509.235000 1140.634000
15.886110 510.935000 1154.406000
15.902470 536.622000 1234.200000
15.919070 524.620000 1264.428000
15.935420 528.836000 1290.586000
15.951900 543.592000 1324.818000
15.968380 548.148000 1319.164000
15.984740 547.434000 1312.938000
16.001100 551.939000 1320.506000
16.017580 538.186000 1231.098000
16.034060 537.064000 1224.806000
16.050420 534.922000 1267.794000
16.066890 571.030000 1254.748000
16.083250 571.319000 1253.340000
16.099610 625.039000 1248.632000
16.116090 618.528000 1263.812000
16.132570 616.590000 1245.156000
16.149170 619.225000 1252.790000
16.165410 605.540000 1297.934000
16.181760 606.441000 1304.688000
16.198240 623.220000 1269.202000
16.214720 615.791000 1221.506000
16.231080 613.003000 1193.280000
16.247440 608.481000 1200.804000
16.264160 490.943000 1381.732000
16.280400 494.258000 1399.926000
16.296880 483.582000 1527.922000
16.313350 466.565000 1531.046000
16.329710 471.257000 1548.448000
16.346070 483.514000 1566.356000
16.362550 470.237000 1495.912000
16.379150 464.559000 1472.284000
16.395510 513.043000 1957.340000
16.641720 408.204000 1385.890000
16.658200 418.846000 1355.266000
16.674560 420.104000 1361.426000
16.690920 422.331000 1376.892000
16.707520 455.498000 1387.056000
16.724000 457.334000 1393.392000
16.740360 455.379000 1377.992000
16.756710 451.061000 1373.108000
16.773320 448.205000 1360.634000
16.789670 436.662000 1410.068000
16.806150 443.054000 1333.354000
16.839230 433.075000 1342.814000
16.855590 439.416000 1350.514000
16.888430 432.276000 1349.238000
16.904790 460.683000 1322.310000
16.921140 464.950000 1347.412000
16.937500 563.465000 1479.016000
16.953980 559.555000 1479.412000
16.970460 567.154000 1524.754000
16.988160 588.030000 1624.612000
17.003300 586.109000 1562.484000
17.019530 587.775000 1572.978000
17.036380 565.794000 1560.790000
17.052490 583.695000 1612.710000
17.085450 580.346000 1626.328000
17.101930 548.913000 1592.976000
17.118160 542.776000 1559.844000
17.134640 566.882000 1523.962000
17.151120 501.721000 1482.140000
17.167480 497.063000 1460.294000
17.184080 498.950000 1471.228000
17.200320 516.562000 1450.196000
17.216800 521.050000 1473.164000
17.233280 526.473000 1452.462000
17.249630 518.636000 1428.944000
17.282470 513.094000 1437.370000
17.299070 501.398000 1481.348000
17.332150 520.744000 1466.498000
17.348270 521.866000 1379.180000
17.364620 517.429000 1354.364000
17.381100 461.244000 613.624000
17.397580 448.460000 456.962000
17.413940 447.287000 449.174000
17.430300 439.263000 571.956000
17.446780 451.146000 610.720000
17.463260 458.014000 660.330000
17.479740 458.898000 687.126000
17.495970 455.804000 642.378000
17.512570 450.160000 600.006000
17.528930 448.749000 513.062000
17.545410 438.923000 506.396000
17.561770 433.789000 466.664000
17.578250 440.759000 516.846000
17.594600 419.084000 271.370000
17.627440 441.014000 298.364000
17.643920 465.290000 284.768000
17.677000 439.263000 295.944000
17.693240 423.640000 297.066000
17.709590 427.754000 332.068000
17.726200 447.151000 382.008000
17.742550 453.407000 443.894000
17.758910 458.864000 489.214000
17.775510 447.831000 498.938000
17.791750 442.901000 518.276000
17.808230 446.437000 547.734000
17.824580 436.186000 584.122000
17.841310 440.419000 615.802000
17.857420 445.757000 654.478000
17.874020 466.157000 662.420000
17.890380 493.697000 631.180000
17.906740 492.745000 621.148000
17.923460 445.689000 637.890000
17.939820 453.900000 624.316000
17.956050 452.404000 615.142000
17.972410 470.526000 613.206000
17.989010 463.522000 661.650000
18.005370 465.579000 680.438000
18.021730 501.551000 703.142000
18.038330 495.618000 601.194000
18.054570 489.872000 538.846000
18.071290 506.226000 563.728000
18.087650 484.721000 483.384000
18.104000 483.004000 464.464000
18.120360 500.854000 499.400000
18.136720 508.181000 516.802000
18.153080 510.068000 539.462000
18.169680 508.453000 520.036000
18.186160 505.988000 534.776000
18.202510 502.469000 493.328000
18.218990 473.671000 408.914000
18.235350 447.457000 386.914000
18.251830 442.901000 341.088000
18.268310 464.814000 351.428000
18.284670 464.355000 424.160000
18.301150 469.999000 482.966000
18.317500 514.998000 476.476000
18.333860 503.081000 543.708000
18.350460 510.391000 627.616000
18.366940 524.671000 657.052000
18.383300 514.403000 618.530000
18.416260 502.843000 626.428000
18.432620 493.391000 629.486000
18.448970 485.486000 545.534000
18.465330 444.958000 543.356000
18.481810 498.355000 517.770000
18.498410 491.538000 438.988000
18.514650 478.278000 391.974000
18.531010 473.858000 377.740000
18.563840 419.917000 373.582000
18.613280 437.614000 460.724000
18.630250 432.242000 464.398000
18.662480 470.288000 512.446000
18.678960 449.514000 489.544000
18.695310 453.594000 528.418000
18.711790 472.243000 480.546000
18.728270 476.119000 520.982000
18.744870 483.871000 601.216000
18.761110 471.852000 635.800000
18.777470 479.366000 628.980000
18.793950 483.497000 669.834000
18.810300 519.996000 642.752000
18.826660 487.951000 624.756000
18.843260 479.842000 540.584000
18.859740 490.790000 491.194000
18.876220 475.830000 507.210000
18.908940 460.649000 412.390000
18.925420 449.752000 547.580000
18.941890 458.167000 610.346000
18.958250 456.025000 541.134000
18.974730 458.371000 478.764000
18.991210 451.911000 427.196000
19.007570 450.330000 405.394000
19.023930 467.908000 430.122000
19.040410 469.336000 441.408000
19.056880 476.697000 394.284000
19.073240 434.826000 410.850000
19.089600 434.435000 407.792000
19.106200 448.409000 464.024000
19.122440 497.131000 408.452000
19.138920 492.677000 364.628000
19.155640 492.320000 347.908000
19.171750 492.813000 311.256000
19.188110 488.597000 267.982000
19.204710 498.151000 338.668000
19.221070 504.934000 340.714000
19.237550 507.926000 374.616000
19.253910 516.086000 393.250000
19.270260 605.268000 301.774000
19.287110 607.189000 349.206000
19.303220 916.266000 513.480000
19.319700 865.980000 519.574000
19.336180 863.702000 556.402000
19.352540 875.245000 608.784000
19.369020 867.918000 659.164000
19.385740 865.436000 695.486000
19.406490 916.368000 711.370000
19.418460 910.061000 715.242000
19.434810 917.014000 637.714000
19.451290 890.732000 495.858000
19.467530 906.440000 390.258000
19.500370 864.246000 435.820000
19.516850 982.413000 568.634000
19.533450 975.256000 650.012000
19.549800 963.475000 701.118000
19.566040 945.098000 703.604000
19.582760 947.308000 675.906000
19.599000 989.706000 563.002000
19.616940 982.906000 538.076000
19.631840 983.756000 528.154000
19.648440 979.472000 542.520000
19.664670 972.400000 626.186000
19.681030 969.170000 663.740000
19.697510 958.341000 700.458000
19.713990 811.835000 612.876000
19.731200 813.399000 574.838000
19.746950 481.848000 554.356000
19.763430 507.858000 551.298000
19.779790 500.429000 478.588000
19.796020 486.217000 437.074000
19.812500 498.474000 358.094000
19.828860 494.020000 312.444000
19.845460 499.086000 340.054000
19.861940 496.672000 334.026000
19.894900 503.047000 368.038000
19.911130 476.969000 363.000000
19.945310 461.805000 395.274000
19.960690 464.236000 491.370000
19.993410 493.731000 469.964000
20.009770 511.122000 370.282000
20.026120 516.834000 432.828000
20.042600 502.112000 445.148000
20.058840 526.303000 586.454000
20.075320 534.650000 668.888000
20.091920 497.318000 591.448000
20.108280 545.326000 634.810000
20.124630 539.291000 570.438000
20.141110 498.899000 423.544000
20.157470 488.563000 405.570000
20.174070 486.030000 385.550000
20.190550 542.317000 421.740000
20.206910 529.890000 562.782000
20.223390 532.117000 583.000000
20.239750 497.369000 450.472000
20.255980 476.765000 366.234000
20.274540 467.687000 279.840000
20.288940 489.872000 243.892000
20.305420 517.293000 239.096000
20.321900 523.090000 304.128000
20.338260 485.265000 410.036000
20.354860 490.059000 408.782000
20.370970 498.559000 488.026000
20.387450 525.096000 510.224000
20.403930 509.575000 468.248000
20.420530 505.444000 426.844000
20.436890 457.232000 395.296000
20.453130 456.127000 373.186000
20.469600 454.138000 352.484000
20.486080 489.821000 365.200000
20.502560 485.384000 412.390000
20.535400 487.356000 428.384000
20.551880 503.489000 466.158000
20.568240 506.447000 495.682000
20.584840 486.132000 430.386000
20.602170 475.609000 481.030000
20.617680 479.298000 511.962000
20.634280 490.008000 608.674000
20.650510 459.680000 490.116000
20.666990 450.908000 402.512000
20.683230 429.182000 387.596000
20.699710 447.525000 360.030000
20.716060 445.315000 337.502000
20.732420 479.740000 350.240000
20.749020 485.214000 397.364000
20.781740 452.081000 420.112000
20.798220 472.158000 428.274000
20.814580 471.036000 420.464000
20.831180 424.677000 439.054000
20.847780 428.825000 493.570000
20.864010 438.396000 566.544000
20.880370 443.649000 616.462000
20.896730 436.203000 676.588000
20.913210 440.504000 704.440000
20.929690 450.143000 682.440000
20.946040 465.715000 738.914000
20.962520 456.671000 670.780000
20.978880 428.740000 514.184000
20.995360 416.789000 469.810000
21.011600 412.386000 440.528000
21.029420 401.489000 407.066000
21.044560 482.392000 453.354000
21.060910 487.339000 498.410000
21.077510 942.718000 495.198000
21.093870 879.597000 501.402000
21.126710 872.491000 467.676000
21.144410 892.313000 483.054000
21.176030 878.815000 467.764000
21.192380 884.799000 467.258000
21.208860 887.740000 423.324000
21.225460 902.496000 347.468000
21.241940 882.079000 349.580000
21.258180 879.767000 386.980000
21.274540 903.040000 517.242000
21.291020 864.433000 526.108000
21.323850 924.358000 532.312000
21.340210 913.444000 363.242000
21.356930 914.855000 344.256000
21.373170 925.803000 430.628000
21.389650 920.669000 521.180000
21.406010 915.467000 582.450000
21.422490 930.512000 617.364000
21.438840 879.291000 526.812000
21.455440 877.999000 545.930000
21.471800 903.227000 602.272000
21.488160 886.499000 610.324000
21.504640 887.876000 591.690000
21.520870 897.498000 578.886000
21.537480 887.621000 563.332000
21.553830 890.273000 526.702000
21.570190 848.300000 468.314000
21.586790 873.120000 560.736000
21.603150 875.891000 518.672000
21.619630 889.168000 481.470000
21.635990 877.285000 418.176000
21.652470 879.903000 375.870000
21.668950 891.463000 435.732000
21.685420 885.122000 378.950000
21.718140 872.644000 385.990000
21.734620 926.551000 362.802000
21.767460 920.788000 405.482000
21.783940 911.115000 353.826000
21.816890 888.845000 399.872000
21.833250 897.872000 464.354000
21.866210 892.092000 471.680000
21.882450 933.963000 378.114000
21.915410 900.099000 336.006000
21.931760 885.309000 416.812000
