0.000000 620.670000 491.150000
0.032850 639.914000 350.790000
0.049230 636.803000 335.258000
0.082080 670.565000 354.200000
0.098470 633.369000 506.880000
0.131530 664.666000 392.282000
0.147730 640.152000 381.392000
0.180750 632.349000 394.636000
0.197130 603.330000 427.482000
0.229950 625.940000 368.236000
0.246380 602.293000 375.210000
0.279210 637.840000 369.446000
0.295740 606.577000 319.484000
0.328480 576.130000 242.308000
0.344990 561.238000 236.016000
0.377880 549.372000 236.896000
0.394210 523.600000 227.326000
0.427260 573.886000 258.038000
0.443660 514.624000 174.526000
0.476570 541.671000 272.690000
0.492930 666.162000 78.210000
0.525720 692.937000 84.876000
0.542060 713.252000 69.718000
0.574990 682.805000 84.150000
0.591370 694.229000 63.800000
0.624230 635.511000 137.016000
0.640770 672.503000 31.548000
0.673610 678.249000 38.368000
0.689910 700.536000 81.070000
0.722820 661.708000 70.708000
0.739240 660.416000 51.392000
0.772080 718.420000 88.792000
0.788590 751.910000 93.654000
0.824060 714.833000 84.766000
0.837870 712.912000 16.962000
0.870590 714.969000 148.038000
0.887240 728.246000 74.338000
0.919870 768.162000 91.960000
0.936350 771.613000 202.950000
0.969570 771.579000 38.896000
0.986060 721.157000 105.534000
1.018940 725.747000 232.276000
1.035170 713.490000 106.458000
1.067930 771.562000 1147.278000
1.379950 587.758000 100.012000
1.412870 607.206000 135.234000
1.429190 573.750000 157.608000
1.462120 595.697000 222.596000
1.480560 584.851000 244.420000
1.511360 575.416000 185.944000
1.527680 566.933000 185.592000
1.561050 562.360000 234.278000
1.577240 522.886000 232.452000
1.610030 606.220000 335.478000
1.626520 648.822000 215.512000
1.659540 658.835000 283.668000
1.675950 643.892000 233.200000
1.708930 657.560000 275.660000
1.725060 619.293000 254.100000
1.758320 624.444000 279.862000
1.774580 688.551000 154.352000
1.812300 644.674000 189.068000
1.825870 681.734000 232.650000
1.856310 700.536000 26.400000
1.872820 697.578000 71.104000
1.905720 662.218000 125.334000
1.924330 674.186000 165.154000
1.954880 671.721000 200.002000
1.971490 686.562000 151.118000
2.004380 713.252000 126.302000
2.020650 739.262000 228.888000
2.053630 700.927000 134.684000
2.070180 831.130000 100.826000
2.102890 815.371000 163.196000
2.119240 814.130000 203.192000
2.151970 824.007000 241.934000
2.168620 844.169000 186.890000
2.201520 833.306000 214.940000
2.217900 638.350000 254.166000
2.250740 421.889000 400.532000
2.267130 462.944000 330.462000
2.299880 461.465000 373.186000
2.316530 489.719000 264.616000
2.349270 452.370000 300.014000
2.367320 487.390000 190.806000
2.398500 485.571000 274.362000
2.415020 441.796000 265.694000
2.447880 471.444000 248.270000
2.464950 483.021000 244.772000
2.497160 492.711000 161.722000
2.513460 475.541000 227.876000
2.546400 585.072000 116.886000
2.563050 570.622000 176.792000
2.595910 544.697000 286.308000
2.612450 533.307000 301.818000
2.645020 555.067000 347.798000
2.661370 587.945000 343.794000
2.694260 594.541000 238.106000
2.710620 569.058000 239.756000
2.743440 501.126000 325.644000
2.759750 532.321000 349.162000
2.792800 500.395000 399.586000
2.809370 494.938000 325.600000
2.842110 520.761000 224.290000
2.858470 534.514000 281.666000
2.891360 485.044000 295.504000
2.907720 523.889000 256.850000
2.940590 503.642000 276.936000
2.956980 476.816000 256.124000
2.973430 476.901000 269.500000
2.989990 486.727000 281.600000
3.006330 532.389000 303.842000
3.022710 534.684000 317.350000
3.039200 542.861000 309.562000
3.055620 517.854000 244.156000
3.071930 515.372000 217.866000
3.088490 533.562000 256.982000
3.104870 559.147000 300.454000
3.137940 617.882000 322.080000
3.154250 560.728000 393.712000
3.186990 568.225000 295.922000
3.203580 577.490000 308.484000
3.236320 575.654000 364.100000
3.252740 605.727000 305.756000
3.285890 556.087000 321.596000
3.302270 595.119000 334.070000
3.335040 536.877000 357.170000
3.354250 561.697000 311.784000
3.384120 584.460000 380.864000
3.400610 587.469000 266.574000
3.433620 597.125000 255.178000
3.450070 596.598000 214.676000
3.482760 634.644000 335.258000
3.499230 619.140000 305.844000
3.532120 579.530000 321.332000
3.548630 497.148000 493.394000
3.581370 493.918000 544.742000
3.597880 485.945000 507.782000
3.630590 510.289000 497.662000
3.647090 491.147000 575.960000
3.680020 497.216000 514.844000
3.696490 466.701000 552.024000
3.729260 439.263000 511.654000
3.745700 519.061000 448.492000
3.779060 465.120000 508.310000
3.795020 481.916000 505.714000
3.827740 427.856000 490.908000
3.844210 445.774000 462.176000
3.877130 478.278000 538.582000
3.893450 464.423000 502.546000
3.926390 517.854000 450.846000
3.942880 484.874000 504.328000
3.959230 487.747000 541.002000
3.975770 501.449000 517.088000
3.992140 459.476000 637.604000
4.008570 462.332000 649.638000
4.024900 557.243000 672.870000
4.041480 513.281000 660.110000
4.057710 508.011000 613.624000
4.074090 544.833000 517.462000
4.090560 562.258000 365.068000
4.123510 554.166000 479.600000
4.140000 537.183000 548.460000
4.172730 542.181000 479.160000
4.189120 518.721000 497.662000
4.222090 564.570000 564.564000
4.238620 539.631000 458.216000
4.271520 529.397000 475.926000
4.287880 556.393000 471.372000
4.320710 618.120000 439.670000
4.337120 635.392000 471.504000
4.369870 656.693000 456.742000
4.386330 668.270000 392.128000
4.419220 620.670000 508.750000
4.435570 612.408000 529.056000
4.468470 609.892000 421.894000
4.484980 680.000000 469.942000
4.517890 641.240000 345.730000
4.534250 679.575000 356.664000
4.567140 663.170000 387.090000
4.583620 680.680000 403.678000
4.616510 691.169000 389.510000
4.632870 687.106000 411.224000
4.665710 658.563000 427.526000
4.682130 680.918000 474.364000
4.714840 499.596000 433.928000
4.731380 537.897000 525.822000
4.764230 487.475000 467.984000
4.780740 480.250000 466.092000
4.813370 517.225000 487.718000
4.829690 527.119000 501.798000
4.862730 479.434000 507.540000
4.879290 522.835000 553.058000
4.912110 504.186000 493.900000
4.928460 519.010000 486.442000
4.961540 510.595000 559.174000
4.978090 533.749000 424.094000
4.997230 535.976000 461.780000
5.010930 584.630000 596.464000
5.027290 568.157000 658.526000
5.043610 570.418000 670.362000
5.060150 537.744000 596.860000
5.076540 541.195000 657.976000
5.093110 536.452000 611.402000
5.109220 581.383000 450.230000
5.125620 533.919000 357.742000
5.158460 559.062000 419.342000
5.174940 529.465000 460.570000
5.208060 597.669000 510.004000
5.224430 528.785000 428.758000
5.256980 528.207000 495.682000
5.273800 555.186000 600.512000
5.306570 540.328000 398.464000
5.324880 493.748000 515.196000
5.355590 491.827000 621.654000
5.372070 461.431000 616.176000
5.388650 464.712000 651.310000
5.404910 490.195000 721.050000
5.421650 512.924000 601.128000
5.438050 518.279000 650.298000
5.454150 522.971000 809.160000
5.470640 534.718000 756.514000
5.503460 554.353000 605.704000
5.519860 540.277000 628.034000
5.536360 537.829000 590.062000
5.552930 502.316000 662.772000
5.569270 500.327000 562.166000
5.585630 494.955000 513.634000
5.602020 563.159000 525.184000
5.618650 568.514000 477.598000
5.651330 533.171000 567.776000
5.667900 502.248000 540.100000
5.700580 583.559000 523.754000
5.717010 498.066000 542.300000
5.749990 520.574000 545.886000
5.766390 520.166000 620.224000
5.799240 494.275000 480.480000
5.815750 522.903000 590.216000
5.848640 516.936000 518.056000
5.864970 575.178000 516.120000
5.897890 491.606000 629.552000
5.914260 534.701000 685.410000
5.947120 538.849000 570.680000
5.963570 525.572000 428.604000
5.980000 530.009000 499.444000
5.996420 527.391000 562.914000
6.012760 696.099000 844.074000
6.029260 699.159000 865.678000
6.045630 645.745000 753.654000
6.062150 638.435000 640.002000
6.078490 632.689000 550.792000
6.095170 658.971000 465.586000
6.111260 629.510000 479.468000
6.144250 626.008000 563.024000
6.160590 625.804000 576.334000
6.193460 605.744000 457.556000
6.209890 652.987000 530.772000
6.242860 649.009000 617.034000
6.259210 608.311000 613.030000
6.292080 485.401000 751.718000
6.308450 443.921000 769.494000
6.341560 532.406000 764.258000
6.357860 494.139000 764.082000
6.390750 509.796000 698.940000
6.407120 479.978000 657.668000
6.440130 447.593000 710.424000
6.456390 444.159000 678.766000
6.489290 465.936000 714.274000
6.505760 462.332000 722.524000
6.522150 462.519000 733.436000
6.538510 487.968000 727.452000
6.555000 511.445000 659.164000
6.571550 513.995000 670.318000
6.587830 465.052000 643.214000
6.604260 577.320000 557.194000
6.622850 575.314000 533.830000
6.637070 568.310000 662.860000
6.653490 555.033000 547.272000
6.669990 554.761000 567.930000
6.686240 532.593000 708.224000
6.702560 567.273000 786.918000
6.719070 571.540000 808.302000
6.735560 604.639000 624.250000
6.752120 514.386000 727.496000
6.768480 509.609000 686.620000
6.784860 510.629000 651.596000
6.801350 612.204000 656.568000
6.834120 555.322000 650.782000
6.850770 521.866000 681.582000
6.883370 491.861000 593.890000
6.899850 532.661000 615.428000
6.932740 530.366000 668.580000
6.949140 508.674000 669.702000
6.981980 581.621000 642.774000
6.998370 617.950000 711.634000
7.031060 626.110000 705.342000
7.047760 631.873000 761.706000
7.080610 622.506000 628.936000
7.097290 649.859000 686.642000
7.130180 599.930000 667.458000
7.146880 627.674000 706.816000
7.180700 616.930000 677.182000
7.195770 677.008000 674.564000
7.228500 638.316000 647.746000
7.244820 703.307000 655.072000
7.277720 708.713000 645.942000
7.294210 632.366000 667.128000
7.326840 651.185000 668.250000
7.343500 671.806000 656.986000
7.376470 676.124000 654.038000
7.392960 657.509000 662.398000
7.425750 681.173000 742.016000
7.442010 746.691000 751.894000
7.474880 745.977000 686.906000
7.491380 727.566000 716.430000
7.524110 726.835000 690.096000
7.540610 721.667000 673.662000
7.573350 703.545000 732.644000
7.589890 711.569000 725.186000
7.622750 733.516000 671.814000
7.639130 665.210000 696.124000
7.672120 686.545000 664.994000
7.688340 726.019000 603.548000
7.721450 528.972000 789.052000
7.737870 500.786000 751.102000
7.770470 506.668000 754.380000
7.787300 477.479000 800.844000
7.820320 534.956000 790.416000
7.840990 573.019000 730.774000
7.869530 511.513000 782.540000
7.885940 527.442000 710.424000
7.918810 486.574000 701.580000
7.935120 565.403000 772.926000
7.967740 640.407000 669.394000
7.984150 692.767000 797.742000
8.016980 719.950000 650.100000
8.033490 771.630000 608.872000
8.066370 737.205000 702.482000
8.082730 752.267000 637.758000
8.115690 762.297000 626.252000
8.131990 772.225000 603.350000
8.164870 749.717000 557.898000
8.181190 783.207000 722.326000
8.214050 787.032000 530.288000
8.230440 799.391000 658.526000
8.263320 793.288000 665.412000
8.280000 780.334000 704.220000
8.312860 779.450000 610.148000
8.329110 768.587000 600.468000
8.361970 658.835000 889.702000
8.378450 679.813000 867.240000
8.411210 711.926000 787.930000
8.427910 755.429000 916.872000
8.460580 733.482000 980.628000
8.476980 731.799000 908.622000
8.509830 689.044000 864.842000
8.526390 693.277000 836.946000
8.559060 722.704000 858.066000
8.575450 759.849000 788.106000
8.608510 715.530000 909.304000
8.624840 686.103000 901.758000
8.657750 757.979000 881.958000
8.674090 757.809000 833.360000
8.706970 745.654000 862.444000
8.723370 718.335000 788.920000
8.756350 763.011000 906.686000
8.772760 763.164000 930.248000
8.805780 731.918000 820.160000
8.826020 721.718000 791.274000
8.855310 669.239000 824.362000
8.871560 608.804000 813.582000
8.888160 612.119000 854.106000
8.904450 665.788000 956.494000
8.920740 646.408000 969.826000
8.937250 649.162000 1009.844000
8.953360 630.649000 998.800000
8.969940 631.397000 987.052000
8.986690 628.371000 946.528000
9.003190 598.298000 933.306000
9.019420 640.322000 938.410000
9.035870 637.534000 899.360000
9.052300 637.857000 884.444000
9.068690 620.874000 917.928000
9.101820 674.033000 899.514000
9.118060 657.118000 911.548000
9.134510 658.665000 968.022000
9.152010 682.516000 966.130000
9.167080 694.943000 1065.834000
9.183380 698.241000 1084.974000
9.199880 687.786000 1040.578000
9.216250 667.998000 986.172000
9.232780 663.867000 940.720000
9.249370 684.539000 957.880000
9.265870 659.175000 974.908000
9.281960 661.062000 985.314000
9.298510 659.039000 690.316000
9.315010 672.316000 651.134000
9.331300 669.919000 604.318000
9.347630 689.945000 674.146000
9.364070 700.264000 640.838000
9.396990 695.708000 715.506000
9.413500 730.235000 714.890000
9.446260 669.800000 728.024000
9.462730 581.451000 864.248000
9.495590 594.065000 1022.230000
9.512120 595.782000 1020.976000
9.545000 619.089000 927.344000
9.561390 589.203000 938.498000
9.594270 577.966000 848.936000
9.610790 557.838000 916.586000
9.643520 529.108000 820.710000
9.660180 504.169000 881.254000
9.693700 518.891000 894.960000
9.709270 510.578000 908.358000
9.742150 526.201000 924.748000
9.758500 503.880000 794.618000
9.791370 537.523000 723.426000
9.807810 570.027000 788.964000
9.840630 581.757000 751.630000
9.857170 578.102000 737.726000
9.890020 614.142000 805.354000
9.906220 578.323000 932.228000
9.939300 587.061000 834.438000
9.955530 549.372000 744.128000
9.988360 515.049000 745.998000
10.004880 573.512000 846.912000
10.037630 564.196000 857.032000
10.054380 548.692000 923.230000
10.086990 613.190000 776.776000
10.103380 600.372000 877.162000
10.136380 697.680000 809.094000
10.152740 638.418000 854.194000
10.185600 622.557000 822.316000
10.202150 629.901000 841.852000
10.234830 636.463000 798.270000
10.251650 648.261000 826.738000
10.284150 636.803000 861.190000
10.300790 644.572000 871.992000
10.333660 681.428000 850.432000
10.350310 672.163000 854.832000
10.382760 654.075000 834.438000
10.399240 644.912000 825.660000
10.431950 649.451000 878.614000
10.448540 618.919000 901.758000
10.481340 618.596000 834.922000
10.497610 732.122000 847.704000
10.530770 733.244000 779.680000
10.547310 721.004000 831.402000
10.580170 658.427000 833.624000
10.596520 724.710000 843.986000
10.629090 706.996000 833.514000
10.645620 707.982000 840.972000
10.678360 565.216000 965.822000
10.694880 508.470000 864.380000
10.711140 508.470000 864.380000
10.727610 500.769000 861.586000
10.744120 524.875000 856.482000
10.760450 524.960000 866.404000
10.777100 553.775000 966.284000
10.793760 581.230000 902.374000
10.809830 583.440000 912.604000
10.826360 519.316000 910.690000
10.842610 541.960000 1009.822000
10.859270 539.750000 1007.534000
10.875940 564.587000 872.476000
10.893630 581.536000 925.562000
10.908750 585.684000 944.900000
10.925190 579.445000 1002.408000
10.941530 620.959000 825.110000
10.957930 617.967000 785.796000
10.974260 603.585000 765.710000
10.990490 567.154000 818.158000
11.023380 597.958000 852.434000
11.039840 604.639000 879.868000
11.072770 573.410000 915.046000
11.089070 605.744000 975.194000
11.122270 605.676000 927.498000
11.138410 594.830000 982.344000
11.171400 631.380000 969.100000
11.187770 654.330000 987.756000
11.222580 648.465000 910.382000
11.237160 654.483000 920.216000
11.269890 657.271000 946.616000
11.286270 648.023000 783.970000
11.319130 611.269000 868.978000
11.335590 637.517000 888.690000
11.368500 654.568000 828.674000
11.384880 637.585000 899.668000
11.417720 662.371000 938.036000
11.434200 678.708000 985.842000
11.467180 622.761000 900.614000
11.483370 641.138000 869.594000
11.516380 638.044000 875.138000
11.532640 668.474000 871.310000
11.565540 708.526000 864.094000
11.582110 728.535000 969.980000
11.598530 727.464000 987.668000
11.615100 707.914000 979.748000
11.631410 714.527000 1016.972000
11.647750 717.536000 1035.848000
11.664240 672.554000 1040.424000
11.680510 678.470000 1033.538000
11.696970 676.515000 997.766000
11.713480 677.926000 894.014000
11.729850 672.350000 982.564000
11.762700 686.171000 978.670000
11.779300 687.021000 982.036000
11.795590 688.874000 1019.744000
11.812120 749.887000 1030.568000
11.828380 725.866000 1055.648000
11.861560 705.126000 1018.666000
11.877730 728.569000 993.718000
11.894120 727.413000 955.504000
11.910620 827.951000 945.802000
11.927150 838.015000 1019.128000
11.960040 864.943000 1028.654000
11.976280 807.738000 930.182000
12.009150 763.929000 956.120000
12.025460 801.193000 940.918000
12.058250 827.509000 947.980000
12.074830 860.999000 934.230000
12.107670 868.428000 919.248000
12.124270 809.880000 908.622000
12.156850 826.489000 810.326000
12.173520 845.002000 789.470000
12.206330 814.130000 1019.414000
12.223000 839.766000 978.164000
12.255510 849.949000 838.244000
12.272020 833.493000 1047.024000
12.304890 855.984000 998.866000
12.321340 867.374000 907.962000
12.354200 923.593000 888.382000
12.370500 919.377000 921.492000
12.403470 900.541000 930.578000
12.419870 910.078000 949.080000
12.452930 924.919000 791.538000
12.469460 896.699000 864.600000
12.501910 886.941000 956.516000
12.518640 923.729000 921.206000
12.551510 868.496000 935.198000
12.567780 876.622000 806.520000
12.600610 906.797000 832.722000
12.616990 894.455000 927.300000
12.649870 627.742000 893.904000
12.666410 554.676000 859.298000
12.699080 524.263000 1005.510000
12.715510 543.847000 994.840000
12.748460 523.464000 889.284000
12.764840 534.837000 933.658000
12.781350 534.956000 943.030000
12.797730 562.173000 1044.362000
12.814230 548.318000 1106.468000
12.830520 550.494000 1116.126000
12.847000 570.520000 1060.994000
12.863450 572.679000 1037.982000
12.880090 570.690000 1019.062000
12.896380 582.641000 982.146000
12.912780 593.453000 970.068000
12.945520 612.051000 968.990000
12.963830 581.604000 972.708000
12.994850 611.286000 923.054000
13.011340 562.054000 1037.674000
13.044130 574.532000 1068.738000
13.060600 613.887000 976.228000
13.093720 610.538000 1070.300000
13.109940 614.193000 1039.544000
13.142770 613.224000 965.470000
13.159210 636.089000 961.862000
13.193080 647.921000 911.240000
13.208550 679.218000 1094.126000
13.241410 801.244000 944.482000
13.257760 757.095000 950.158000
13.290480 782.408000 935.044000
13.306990 778.685000 952.226000
13.339850 797.300000 974.050000
13.356410 799.000000 972.488000
13.389280 787.865000 1023.506000
13.405490 830.416000 1001.374000
13.438520 837.369000 1062.138000
13.454940 847.875000 1026.916000
13.487740 816.204000 1011.626000
13.504100 825.027000 966.020000
13.520610 824.517000 1004.124000
13.537050 818.108000 961.400000
13.553410 796.858000 1081.960000
13.569870 796.926000 1119.866000
13.586290 560.694000 866.536000
13.602600 570.146000 894.036000
13.618990 565.964000 851.796000
13.635600 549.253000 716.386000
13.652020 547.332000 699.094000
13.668340 542.980000 655.644000
13.684900 558.246000 639.540000
13.701350 578.000000 620.972000
13.733960 507.059000 642.092000
13.750550 517.140000 657.360000
13.767010 517.140000 657.360000
13.783380 534.990000 747.406000
13.799760 546.958000 706.134000
13.816400 551.021000 768.944000
13.832780 575.603000 739.442000
13.851510 540.821000 863.940000
13.865820 545.003000 885.456000
13.882110 552.143000 948.420000
13.898460 526.439000 794.662000
13.915140 516.902000 711.370000
13.931580 530.009000 480.040000
13.948040 525.436000 620.752000
13.968250 530.111000 664.752000
13.980810 505.427000 743.622000
13.997280 534.242000 786.544000
14.030190 520.132000 707.520000
14.046510 490.603000 592.988000
14.062890 485.282000 547.646000
14.079110 488.665000 665.412000
14.095770 551.038000 560.010000
14.128510 529.652000 629.090000
14.145070 496.825000 661.408000
14.182870 580.890000 670.494000
14.194290 639.625000 630.652000
14.227000 569.738000 599.742000
14.243530 572.475000 542.498000
14.279470 572.917000 546.370000
14.292720 545.071000 656.964000
14.325580 572.917000 652.278000
14.341900 623.033000 574.662000
14.374760 554.897000 598.708000
14.391460 625.736000 635.294000
14.424150 648.618000 699.556000
14.440520 606.798000 611.996000
14.473750 606.679000 650.826000
14.489890 630.275000 595.650000
14.522760 641.580000 660.616000
14.539140 614.108000 519.464000
14.572030 579.530000 567.292000
14.588410 593.997000 657.470000
14.606950 595.612000 691.790000
14.621370 589.628000 781.286000
14.637770 618.511000 837.056000
14.654100 620.398000 847.814000
14.670650 625.515000 649.792000
14.686960 569.432000 649.968000
14.703560 565.318000 603.042000
14.721330 579.445000 685.828000
14.736360 613.853000 637.406000
14.769140 545.819000 637.252000
14.785630 574.243000 618.816000
14.818520 663.527000 574.552000
14.836580 657.492000 753.808000
14.867810 651.797000 725.670000
14.884110 648.040000 732.864000
14.916880 673.166000 553.476000
14.934580 660.637000 596.002000
14.966340 651.814000 534.754000
14.983190 645.133000 556.402000
15.015770 766.326000 672.518000
15.032190 682.448000 671.572000
15.048670 681.819000 682.484000
15.065050 763.011000 675.664000
15.081390 740.911000 702.108000
15.097640 742.271000 713.548000
15.114120 732.071000 764.852000
15.130680 760.597000 719.796000
15.147030 760.223000 697.840000
15.163470 749.768000 595.056000
15.180040 695.062000 609.026000
15.213020 745.450000 648.318000
15.229440 717.978000 625.438000
15.265000 594.983000 701.316000
15.278740 510.765000 703.252000
15.311430 520.523000 630.872000
15.327760 504.747000 633.732000
15.344100 509.711000 697.114000
15.360660 549.270000 866.888000
15.377300 534.956000 976.360000
15.393660 539.495000 996.996000
15.409910 567.511000 890.098000
15.426300 542.385000 854.964000
15.442910 533.426000 773.850000
15.459450 491.538000 769.758000
15.475940 528.547000 703.890000
15.508700 528.751000 669.152000
15.524880 550.834000 738.386000
15.557750 552.670000 770.396000
15.574150 580.363000 761.222000
15.590570 584.086000 802.780000
15.607080 621.962000 716.892000
15.623550 576.385000 772.552000
15.656220 543.082000 846.758000
15.672620 569.942000 831.314000
15.705480 573.325000 746.020000
15.722000 594.218000 795.894000
15.754870 648.074000 764.302000
15.771250 611.677000 767.800000
15.787630 608.464000 725.494000
15.804090 617.372000 732.710000
15.820450 617.440000 730.466000
15.853490 627.011000 747.494000
15.869720 668.967000 730.070000
15.902610 626.093000 760.452000
15.919190 639.438000 607.970000
15.951960 635.069000 619.542000
15.968510 637.279000 617.188000
16.001250 628.371000 634.414000
16.017590 626.399000 632.566000
16.050600 647.547000 548.834000
16.066980 610.725000 605.132000
16.099870 701.046000 636.592000
16.116250 701.522000 690.866000
16.149090 696.303000 659.472000
16.165500 708.509000 619.124000
16.181850 708.662000 683.056000
16.198320 671.330000 822.558000
16.214760 689.197000 936.452000
16.231260 693.124000 1019.524000
16.247690 746.589000 1109.460000
16.264110 742.441000 1108.206000
16.280470 743.002000 1048.278000
16.297020 736.066000 966.922000
16.313380 741.642000 895.444000
16.329880 739.517000 815.496000
16.346260 734.128000 766.106000
16.362580 738.752000 757.812000
16.395500 736.253000 760.914000
16.411880 700.111000 775.654000
16.444890 522.019000 826.100000
16.461140 547.094000 910.778000
16.494150 523.600000 857.406000
16.510630 517.225000 839.256000
16.543360 521.832000 782.430000
16.559870 558.416000 800.558000
16.592740 553.860000 828.652000
16.609030 550.953000 790.240000
16.641900 489.498000 793.452000
16.658380 569.347000 743.644000
16.674890 572.679000 804.848000
16.692560 531.386000 824.912000
16.707760 627.266000 885.478000
16.723980 630.581000 917.818000
16.740640 610.402000 893.266000
16.756880 591.464000 827.090000
16.773400 586.245000 754.270000
16.789900 633.369000 763.026000
16.806130 574.056000 699.248000
16.822580 575.739000 731.170000
16.839010 534.157000 816.970000
16.855470 609.144000 828.190000
16.872110 614.414000 894.322000
16.888400 593.776000 985.842000
16.904700 627.963000 953.282000
16.921230 625.056000 900.218000
16.937760 617.899000 844.184000
16.954130 583.984000 796.202000
16.970520 578.289000 732.292000
16.987000 597.822000 808.324000
17.003270 570.333000 723.536000
17.036230 596.972000 752.708000
17.052770 596.547000 781.836000
17.085650 606.696000 725.098000
17.102010 615.655000 791.714000
17.134820 650.267000 691.042000
17.151210 684.760000 743.424000
17.184090 623.815000 724.614000
17.200580 622.404000 736.978000
17.233360 658.291000 720.280000
17.249870 635.477000 675.466000
17.282730 598.791000 612.084000
17.299140 607.563000 661.452000
17.332010 616.284000 714.516000
17.348360 626.722000 746.284000
17.364780 629.629000 788.194000
17.381260 651.355000 895.004000
17.397600 680.459000 952.886000
17.414110 682.567000 993.322000
17.430620 663.272000 927.366000
17.446870 663.782000 833.602000
17.479860 652.103000 923.890000
17.496240 654.755000 934.318000
17.512630 652.137000 892.760000
17.528970 670.497000 841.742000
17.545480 668.015000 771.958000
17.561990 665.720000 729.762000
17.578210 709.903000 770.660000
17.594590 702.831000 741.158000
17.627470 708.526000 788.018000
17.644000 720.953000 790.812000
17.677000 722.653000 755.942000
17.693230 769.488000 822.910000
17.725930 722.126000 756.866000
17.742480 722.976000 762.058000
17.775360 689.537000 585.926000
17.791820 726.257000 569.800000
17.824730 744.209000 670.274000
17.841110 746.810000 766.568000
17.873960 753.814000 648.406000
17.890800 733.142000 642.972000
17.923080 744.583000 588.192000
17.939720 762.144000 803.682000
17.972610 801.669000 781.858000
17.989110 810.237000 750.266000
18.021860 750.108000 754.138000
18.038240 748.187000 752.114000
18.071100 749.972000 760.606000
18.087580 746.266000 776.468000
18.120410 811.852000 758.450000
18.136880 775.268000 770.726000
18.169740 802.570000 730.268000
18.185930 805.120000 725.032000
18.218950 571.268000 917.070000
18.235490 546.023000 1040.380000
18.268230 528.496000 989.406000
18.284730 531.539000 995.126000
18.317620 564.944000 972.532000
18.333990 511.564000 989.362000
18.366860 528.207000 1032.108000
18.383230 417.588000 1203.554000
18.416290 479.553000 1222.518000
18.432600 436.492000 1215.082000
18.449140 440.249000 1240.624000
18.465560 522.393000 1349.216000
18.482160 479.026000 1366.728000
18.498360 481.678000 1375.264000
18.514900 499.103000 1419.660000
18.531250 468.809000 1316.942000
18.547720 462.689000 1283.282000
18.564180 442.068000 1322.266000
18.580660 477.020000 1198.670000
18.613440 487.883000 1207.756000
18.630020 486.370000 1203.180000
18.646390 486.370000 1203.180000
18.662720 506.243000 1227.974000
18.679150 514.012000 1246.146000
18.712080 483.446000 1309.484000
18.728390 491.691000 1263.702000
18.761330 541.722000 1294.348000
18.777720 532.797000 1344.376000
18.794290 535.245000 1368.532000
18.810540 552.194000 1401.686000
18.826980 581.876000 1338.304000
18.843440 584.103000 1347.456000
18.859910 547.111000 1385.890000
18.876230 583.389000 1351.218000
18.892930 579.394000 1318.174000
18.909270 577.337000 1333.750000
18.925530 590.682000 1277.716000
18.958520 539.886000 1274.372000
18.974910 534.412000 1306.734000
19.007790 555.084000 1275.340000
19.024170 501.721000 1303.588000
19.056970 537.132000 1337.908000
19.073440 525.266000 1268.212000
19.089850 529.907000 1300.552000
19.106240 533.630000 1408.220000
19.122930 549.151000 1365.540000
19.155480 526.320000 1361.602000
19.172170 561.850000 1386.814000
19.188290 557.736000 1356.058000
19.451110 572.220000 1319.098000
19.467480 624.648000 1326.842000
19.484010 627.606000 1358.126000
19.500220 572.577000 1217.480000
19.516870 584.341000 1246.388000
19.549740 569.959000 1452.594000
19.566110 502.061000 1495.516000
19.582360 502.792000 1507.440000
19.598980 583.610000 1426.524000
19.615320 579.649000 1596.716000
19.631790 583.882000 1610.752000
19.648400 487.798000 1592.800000
19.664670 488.393000 1540.484000
19.681120 477.462000 1484.824000
19.697490 486.642000 1540.330000
19.713920 517.871000 1534.676000
19.746660 537.982000 1576.190000
19.763360 534.089000 1544.686000
19.796080 551.599000 1525.788000
19.812420 543.456000 1535.864000
19.845350 537.795000 1529.418000
19.861850 517.888000 1510.784000
19.894730 531.760000 1464.100000
19.911100 512.601000 1458.710000
19.944160 606.543000 1522.664000
19.960510 626.994000 1500.774000
19.976880 629.289000 1541.012000
19.993220 601.477000 1597.552000
20.009750 582.012000 1636.052000
20.026240 586.109000 1650.616000
20.042570 652.749000 1591.062000
20.058990 647.683000 1500.532000
20.075500 641.903000 1450.240000
20.091870 594.354000 1465.838000
20.108360 600.440000 1468.764000
20.124750 602.123000 1476.816000
20.141090 618.256000 1471.250000
20.157510 623.934000 1450.724000
20.174130 622.387000 1435.698000
20.190450 684.199000 1357.158000
20.207010 687.123000 1433.476000
20.239730 692.631000 1453.694000
20.256110 684.658000 1418.868000
20.288980 662.065000 1409.100000
20.305510 675.852000 1502.072000
20.338240 702.457000 1472.438000
20.354610 687.140000 1432.640000
20.371080 687.140000 1432.640000
20.387500 675.342000 1426.392000
20.403950 676.651000 1439.790000
20.436830 682.227000 1468.434000
20.453230 662.371000 1465.552000
20.486110 635.936000 1517.010000
20.502470 641.478000 1440.472000
20.535360 605.625000 1425.996000
20.551860 643.875000 1424.060000
20.584750 585.429000 1494.240000
20.601120 594.235000 1469.314000
20.617610 594.065000 1476.596000
20.634130 623.696000 1479.148000
20.650390 629.085000 1463.660000
20.666870 632.162000 1494.592000
20.683140 628.065000 1573.066000
20.699710 632.774000 1574.958000
20.716260 633.199000 1568.094000
20.732460 591.668000 1595.308000
20.749000 592.008000 1553.838000
20.765360 588.234000 1524.644000
20.781840 577.184000 1528.032000
20.798260 537.914000 1548.492000
20.814750 542.334000 1575.772000
20.831250 542.504000 1590.820000
20.847450 533.137000 1590.204000
20.880330 570.792000 1598.124000
20.896880 545.785000 1539.208000
20.913330 541.416000 1511.268000
20.929710 583.168000 1493.492000
20.946090 564.400000 1487.816000
20.978950 618.766000 1497.298000
20.995500 550.001000 1582.988000
21.028220 557.158000 1540.242000
21.044720 543.116000 1524.006000
21.061070 543.065000 1530.584000
21.077580 580.210000 1611.720000
21.094020 620.721000 1596.826000
21.110510 622.268000 1610.642000
21.126900 578.697000 1499.762000
21.143380 591.668000 1488.080000
21.176210 590.342000 1616.010000
21.192520 587.265000 1664.146000
21.209000 587.384000 1657.986000
21.225570 591.158000 1642.520000
21.241890 579.700000 1598.894000
21.258360 579.819000 1599.664000
21.274720 627.351000 1496.462000
21.291140 633.063000 1505.900000
21.307450 632.145000 1519.254000
21.324020 652.290000 1518.374000
21.340340 636.446000 1513.710000
21.356870 637.636000 1525.744000
21.373230 636.922000 1511.510000
21.389560 686.698000 1655.390000
21.406120 687.633000 1643.004000
21.422690 671.313000 1586.684000
21.439110 664.972000 1623.380000
21.455360 662.762000 1598.124000
21.471880 630.819000 1510.410000
21.488230 671.466000 1506.802000
21.521210 663.884000 1509.926000
21.537500 701.998000 1544.268000
21.570340 711.450000 1501.632000
21.586990 664.734000 1515.382000
21.619580 647.054000 1570.690000
21.636220 640.509000 1575.728000
21.668990 650.080000 1439.152000
21.685370 686.817000 1422.674000
21.701730 688.687000 1452.286000
21.718200 623.016000 1650.924000
21.734560 489.600000 1724.712000
21.751110 492.592000 1738.440000
21.767440 524.824000 1817.442000
21.783800 539.750000 1797.554000
21.800230 535.109000 1773.706000
21.816850 534.310000 1693.208000
21.833360 460.972000 1675.652000
21.849720 458.371000 1667.622000
21.866300 504.730000 1731.444000
21.882630 518.806000 1735.800000
21.899110 523.787000 1755.534000
21.915350 583.814000 1789.854000
21.931900 510.289000 1755.600000
21.948350 507.671000 1743.060000
21.964700 482.120000 1826.220000
21.981270 510.408000 1712.480000
22.014180 513.213000 1775.312000
22.030500 529.074000 1704.802000
22.049210 531.607000 1724.228000
22.063380 591.311000 1875.258000
22.079620 607.325000 1879.482000
22.096140 607.359000 1873.256000
22.112530 551.395000 1786.752000
22.129030 524.297000 1767.568000
22.145390 519.248000 1742.554000
22.162210 554.727000 1790.250000
22.178400 584.171000 1848.528000
22.211320 572.594000 1792.384000
22.227800 571.574000 1746.206000
22.260720 573.206000 1682.230000
22.276930 650.250000 1519.320000
22.293320 650.250000 1519.320000
22.309770 649.842000 1547.964000
22.326120 640.118000 1538.240000
22.359140 615.638000 1659.262000
22.375460 645.694000 1651.760000
22.392220 644.589000 1663.420000
22.408280 638.282000 1603.712000
22.424770 606.917000 1623.666000
22.441430 610.402000 1637.724000
22.457670 654.177000 1604.746000
22.474130 648.295000 1578.214000
22.490480 645.745000 1552.254000
22.506890 620.721000 1727.242000
22.523390 552.024000 1818.916000
22.539910 554.387000 1835.724000
22.556230 577.065000 1913.054000
22.572590 569.296000 1928.322000
22.589830 571.472000 1934.196000
22.605620 572.237000 1912.548000
22.621850 575.161000 1893.298000
22.638350 571.030000 1870.792000
22.654740 569.517000 1846.042000
22.671450 579.360000 1737.384000
22.706710 555.407000 1833.876000
22.720510 568.072000 1864.632000
22.736760 572.203000 1895.652000
22.753260 606.067000 1808.400000
22.769800 625.566000 1872.662000
22.786130 628.864000 1884.608000
22.802650 588.149000 1834.294000
22.819000 606.152000 1797.862000
22.835350 599.488000 1751.442000
22.851730 542.062000 1761.386000
22.868240 534.242000 1676.598000
22.901260 575.467000 1716.726000
22.917590 582.267000 1713.536000
22.950460 561.391000 1749.484000
22.966910 594.388000 1774.344000
22.999940 719.899000 1801.536000
23.016580 709.818000 1822.634000
23.049300 695.980000 1815.396000
23.065530 673.387000 1807.212000
23.098560 672.690000 1809.214000
23.114780 703.409000 1732.016000
23.147630 735.454000 1808.664000
23.164360 689.537000 1706.518000
23.197110 667.165000 1798.522000
23.213680 656.336000 1710.280000
23.246410 745.093000 1693.538000
23.265250 721.701000 1605.670000
23.295650 715.105000 1650.176000
23.311920 758.064000 1665.708000
23.344690 767.873000 1681.526000
23.362330 750.856000 1694.000000
23.394160 727.413000 1709.840000
23.410530 750.125000 1681.394000
23.443520 751.332000 1692.438000
23.459600 695.827000 1730.454000
23.492510 775.744000 1755.952000
23.508980 781.541000 1778.766000
23.541770 788.579000 1727.814000
23.558250 791.486000 1746.888000
23.591480 786.063000 1801.844000
23.607600 807.670000 1764.510000
23.640380 821.627000 1705.858000
23.656870 789.531000 1710.456000
23.691950 821.287000 1706.386000
23.706350 833.340000 1693.032000
23.739120 747.286000 1790.756000
23.755560 566.355000 1836.494000
23.772060 566.372000 1842.478000
23.788380 547.230000 1818.300000
23.804750 592.484000 1928.146000
23.821260 594.524000 1933.690000
23.837620 562.207000 1969.396000
23.854300 550.205000 1936.660000
23.870420 548.080000 1935.494000
23.886840 574.005000 1947.814000
23.903360 580.669000 1952.038000
23.919800 584.494000 1962.268000
23.936430 607.886000 1895.894000
23.952510 597.550000 1870.924000
23.969010 594.167000 1850.112000
23.985510 570.112000 1839.640000
24.001870 578.782000 1750.276000
24.034980 584.494000 1751.530000
24.051240 581.196000 1765.764000
24.084000 567.477000 1792.560000
24.100530 547.808000 1807.410000
24.133370 560.065000 1772.672000
24.149620 566.831000 1799.556000
24.182630 541.263000 1871.034000
24.199020 547.740000 1860.540000
24.215450 550.120000 1877.656000
24.231790 626.195000 1799.754000
24.248380 648.958000 1821.996000
24.264740 650.777000 1828.420000
24.297760 669.596000 1856.228000
24.313890 667.284000 1832.886000
24.330340 643.416000 1816.606000
24.346870 623.033000 1833.194000
24.379930 595.034000 1779.800000
24.396140 623.407000 1816.430000
24.428810 625.498000 1761.452000
24.445380 662.150000 1773.442000
24.478380 645.422000 1836.428000
24.494590 691.798000 1838.650000
24.527670 689.707000 1830.444000
24.543970 643.926000 1837.814000
24.577130 690.727000 1788.842000
24.593400 665.652000 1741.036000
24.609760 666.366000 1759.032000
24.626110 667.947000 1766.182000
24.642620 673.234000 1805.914000
24.659140 675.019000 1812.646000
24.675490 745.042000 1867.712000
24.692050 751.332000 1876.754000
24.708310 750.567000 1853.786000
24.724730 722.687000 1793.352000
24.741180 723.537000 1781.582000
24.774020 736.950000 1812.668000
24.790490 736.457000 1764.136000
24.823350 720.919000 1855.612000
24.839640 721.412000 1737.846000
24.872600 722.704000 1730.586000
24.888830 742.866000 1761.122000
24.921890 768.145000 1762.728000
24.938250 802.434000 1749.924000
24.971260 816.204000 1710.434000
24.987510 826.642000 1696.508000
25.020730 806.208000 1841.488000
25.036890 764.048000 1833.128000
25.069740 769.794000 1813.812000
25.086420 775.778000 1796.432000
25.118980 781.660000 1825.956000
25.135510 784.856000 1810.402000
25.168220 596.343000 1819.114000
25.184710 603.670000 1935.362000
25.217630 616.726000 1740.860000
25.234050 597.567000 1787.258000
25.266770 625.447000 1791.702000
25.283270 609.263000 1796.630000
25.299630 610.793000 1813.922000
25.316270 575.722000 1796.432000
25.334700 571.795000 1913.164000
25.349210 573.801000 1919.016000
25.365520 580.635000 1931.182000
25.381890 618.324000 1887.974000
25.398400 617.780000 1895.938000
25.414660 572.526000 1848.682000
25.434220 564.094000 1964.732000
25.447640 568.055000 1975.270000
25.464020 608.056000 2007.302000
25.480370 579.088000 1929.840000
25.496840 571.421000 1888.370000
25.513380 583.372000 1839.992000
25.529640 578.374000 1825.186000
25.562680 677.263000 1795.266000
25.579180 645.881000 1791.130000
25.611750 660.603000 1841.818000
25.628250 672.299000 1863.884000
25.661110 656.778000 1797.818000
25.677800 644.946000 1827.826000
25.710390 624.019000 1901.724000
25.727050 587.435000 1813.416000
25.743550 587.282000 1818.520000
25.765000 644.963000 1874.554000
25.779480 667.386000 1909.292000
25.792770 669.001000 1915.320000
25.808960 695.266000 1908.896000
25.825430 595.935000 1919.082000
25.841880 595.867000 1924.208000
25.858380 701.913000 1874.246000
25.874890 710.804000 1991.286000
25.891410 712.351000 2012.604000
25.907720 727.549000 2018.720000
25.924000 720.766000 1966.910000
25.956890 718.658000 2014.452000
25.973350 668.423000 1939.806000
26.006290 723.367000 1971.970000
26.022660 729.878000 2080.034000
26.039040 729.776000 2065.096000
26.055390 748.748000 2013.308000
26.071850 787.848000 1960.662000
26.090390 787.814000 1939.278000
26.104760 738.208000 1905.464000
26.121110 740.894000 1915.320000
26.137590 740.656000 1931.402000
26.153880 798.405000 1900.536000
26.170370 796.518000 1933.536000
26.186790 797.470000 1939.520000
26.203220 815.048000 1955.602000
26.219780 806.922000 1919.896000
26.236130 807.245000 1897.720000
26.252510 823.803000 1852.818000
26.268880 839.562000 1903.726000
26.302190 828.478000 1932.018000
26.322740 818.363000 1857.130000
26.351660 824.840000 1899.524000
26.367820 829.175000 1903.308000
26.400820 823.276000 1712.150000
26.422140 832.286000 1709.972000
26.449800 822.596000 1783.760000
26.466080 903.295000 1743.720000
26.499140 915.263000 1714.086000
26.515780 933.725000 1720.950000
26.548560 936.037000 1819.840000
26.565090 901.153000 1825.054000
26.597940 913.223000 1871.694000
26.614320 937.567000 1865.248000
26.647020 898.688000 1862.520000
26.663680 926.466000 1875.962000
26.679910 924.018000 1897.456000
26.696440 944.520000 1888.898000
26.712810 865.708000 1910.348000
26.748890 875.109000 1835.614000
26.762140 873.375000 1902.626000
26.778230 874.905000 1881.220000
26.794750 944.843000 1920.908000
26.810990 947.325000 1896.906000
26.827500 944.231000 1913.758000
26.843990 905.930000 1918.070000
26.860700 933.147000 1926.298000
26.876760 931.753000 1943.502000
26.893380 937.669000 2010.316000
26.909750 950.640000 1991.968000
26.926000 953.819000 1970.452000
26.942540 936.496000 1869.538000
26.958970 992.834000 1946.406000
26.975480 994.789000 1935.428000
26.991970 956.301000 1930.962000
27.008240 997.441000 1901.922000
27.041130 913.546000 1907.136000
27.057480 963.526000 1819.818000
27.090530 954.227000 1818.102000
27.106750 945.744000 1693.736000
27.123130 943.976000 1699.676000
27.139630 652.987000 1586.002000
27.156000 625.124000 1467.906000
27.172630 628.235000 1498.816000
27.188850 648.516000 1570.338000
27.205490 650.964000 1531.068000
27.222100 652.375000 1547.040000
27.238260 606.849000 1410.244000
27.254610 612.000000 1400.608000
27.271010 610.300000 1374.736000
27.287610 629.238000 1332.254000
27.304010 614.873000 1491.160000
27.320580 611.541000 1460.712000
27.336870 604.214000 1267.904000
27.353130 576.572000 1168.684000
27.386000 530.400000 1243.814000
27.404200 564.621000 1343.826000
27.435500 542.351000 1052.106000
27.451760 546.584000 801.944000
27.484590 521.509000 645.348000
27.500980 517.922000 672.606000
27.534000 494.479000 714.494000
27.550500 524.909000 668.360000
27.583090 501.772000 587.532000
27.599670 502.877000 627.792000
27.632470 517.973000 696.036000
27.648880 540.685000 680.042000
27.681710 529.448000 506.924000
27.698270 515.457000 719.994000
27.731700 493.238000 672.100000
27.747640 488.750000 645.392000
27.780380 492.456000 668.096000
27.796830 495.380000 647.482000
27.813130 500.803000 711.370000
27.829770 561.255000 799.216000
27.845940 542.759000 897.248000
27.862640 552.092000 981.640000
27.878990 543.830000 956.274000
27.895350 538.747000 939.400000
27.911770 533.443000 873.620000
27.928140 513.145000 804.936000
27.944630 492.218000 576.136000
27.960980 481.593000 484.726000
27.977540 487.237000 561.528000
27.993870 490.688000 607.530000
28.026750 425.748000 1720.268000
28.289820 740.214000 5.170000
28.306140 739.296000 19.646000
28.322650 723.299000 60.280000
28.338960 749.938000 110.286000
28.355370 751.417000 124.850000
28.371880 731.017000 90.728000
28.388200 719.644000 65.098000
28.404720 718.114000 50.732000
28.437490 726.529000 65.472000
28.454020 727.957000 79.926000
28.470380 732.258000 127.952000
28.486850 646.459000 29.326000
28.503450 645.065000 0.924000
28.519760 711.501000 55.176000
28.569000 621.962000 39.666000
28.585360 740.928000 21.450000
28.634780 732.581000 111.672000
28.667470 701.845000 53.812000
28.683840 667.777000 50.072000
28.716820 705.840000 53.416000
28.733330 666.740000 133.628000
28.766120 699.533000 127.270000
28.782470 666.400000 144.628000
28.815390 699.635000 172.546000
28.833070 658.716000 134.222000
28.864650 688.109000 99.220000
28.881170 698.224000 163.372000
28.914330 695.300000 176.330000
28.930680 767.023000 173.580000
28.963150 692.478000 24.508000
28.979650 780.011000 102.300000
29.012630 687.803000 91.366000
29.029030 697.918000 48.224000
29.062020 775.965000 99.352000
29.078270 730.694000 93.214000
29.111150 670.497000 117.062000
29.127500 726.495000 142.978000
29.160350 698.632000 156.992000
29.176980 701.233000 165.968000
29.209790 681.632000 159.324000
29.226120 695.708000 169.136000
29.259020 663.527000 80.256000
29.275350 694.790000 55.726000
29.308140 610.844000 170.852000
29.324590 589.662000 111.320000
29.357660 614.907000 137.544000
29.373960 608.413000 213.202000
29.406900 674.237000 126.786000
29.423250 627.725000 97.284000
29.456110 613.207000 174.130000
29.472490 626.943000 226.732000
29.505380 556.954000 208.164000
29.521730 646.374000 166.870000
29.554630 697.697000 30.910000
29.571070 660.552000 90.376000
29.603840 663.442000 184.206000
29.620370 630.088000 120.340000
29.653090 697.476000 235.532000
29.669580 677.314000 148.896000
29.702450 809.251000 179.476000
29.719000 838.015000 279.532000
29.735230 839.273000 265.012000
29.751750 839.749000 76.890000
29.768250 847.892000 63.932000
29.784610 846.566000 47.520000
29.801100 847.382000 169.268000
29.817450 787.338000 218.900000
29.833970 787.525000 249.480000
29.850370 623.679000 424.600000
29.866740 552.976000 334.818000
29.899620 550.936000 350.482000
29.915930 597.703000 319.594000
29.949060 563.856000 373.450000
29.965420 548.369000 366.938000
29.998550 617.304000 338.404000
30.015050 625.753000 355.894000
30.047780 579.972000 378.928000
30.064320 533.154000 398.772000
30.096860 521.849000 416.878000
30.113270 513.638000 411.554000
30.146110 509.524000 387.376000
30.162490 465.528000 318.934000
30.195360 504.305000 404.580000
30.211770 483.208000 428.428000
30.244730 514.080000 661.826000
30.261080 503.132000 497.860000
30.293880 520.540000 396.550000
30.310370 511.632000 421.542000
30.343140 464.423000 509.982000
30.359720 491.504000 558.008000
30.392730 570.095000 620.532000
30.409030 603.908000 484.110000
30.441780 565.318000 551.650000
30.458290 590.206000 547.800000
30.491020 631.261000 518.408000
30.507690 581.043000 539.594000
30.540390 542.113000 624.206000
30.556920 574.022000 542.718000
30.589710 620.891000 690.052000
30.606140 607.053000 496.100000
30.638970 555.169000 615.714000
30.655380 629.357000 693.176000
30.688230 573.427000 520.080000
30.704900 632.570000 535.568000
30.737380 591.515000 595.782000
30.754060 585.752000 700.062000
30.786730 622.574000 648.032000
30.803240 602.021000 656.414000
30.836260 599.522000 655.534000
30.852600 520.710000 753.170000
30.885280 561.476000 681.252000
30.902960 565.675000 635.580000
30.934770 549.967000 678.194000
30.951020 568.446000 669.306000
30.983850 560.966000 677.424000
31.000360 535.024000 750.090000
31.033270 590.682000 694.034000
31.049630 617.865000 700.458000
31.082500 579.989000 599.170000
31.098870 623.968000 587.840000
31.131730 637.653000 614.966000
31.148260 615.553000 679.228000
31.180870 621.486000 622.182000
31.197300 638.571000 623.810000
31.230250 608.804000 611.578000
31.246750 627.300000 582.516000
31.279590 609.909000 655.798000
31.296120 543.116000 680.152000
31.328850 550.749000 663.476000
31.345320 576.436000 691.086000
31.378250 590.682000 720.830000
31.394620 575.688000 689.722000
31.427370 578.969000 764.324000
31.443880 563.431000 792.550000
31.476750 614.125000 744.590000
31.493010 592.807000 786.478000
31.525950 541.025000 806.476000
31.542510 596.530000 1302.928000
31.985880 669.460000 1756.414000
32.018840 660.688000 988.042000
32.035240 635.885000 1186.284000
32.068100 703.783000 1191.234000
32.084470 674.186000 1054.768000
32.100990 678.028000 1075.338000
32.117360 689.231000 1279.322000
32.133840 686.426000 1175.702000
32.150230 688.024000 1185.118000
32.166740 715.156000 1111.176000
32.182920 697.255000 1130.140000
32.199560 695.368000 1092.630000
32.216310 625.192000 1060.510000
32.232480 699.278000 1163.668000
32.265210 695.708000 1122.044000
32.281560 604.010000 1114.080000
32.298120 604.010000 1114.080000
32.314430 682.227000 1049.730000
32.331100 657.951000 1162.942000
32.347360 656.880000 1131.064000
32.363670 639.149000 1014.332000
32.380230 704.905000 966.900000
32.396730 703.171000 955.526000
32.413040 676.226000 1050.720000
32.429430 691.815000 1037.344000
32.445920 693.991000 1081.476000
32.462320 681.258000 1050.456000
32.478860 647.275000 1106.732000
32.511710 684.743000 1072.940000
32.527940 668.253000 1182.038000
32.560960 671.517000 1151.084000
32.577340 649.876000 1169.894000
32.610230 700.468000 1057.430000
32.626710 634.440000 723.646000
32.661710 631.856000 401.192000
32.676260 639.115000 435.842000
32.692500 637.857000 391.754000
32.709000 643.076000 309.584000
32.725420 591.821000 281.754000
32.742040 589.492000 267.190000
32.758280 657.645000 320.210000
32.774470 640.764000 522.148000
32.790970 644.011000 577.522000
32.807480 599.794000 577.698000
32.824020 621.163000 505.978000
32.840330 619.667000 462.946000
32.856910 660.926000 331.386000
32.873240 606.203000 322.674000
32.889850 603.840000 307.626000
32.906120 639.183000 393.668000
32.922380 589.407000 733.810000
32.938930 592.025000 746.284000
32.955360 619.106000 609.224000
32.971780 610.062000 589.182000
32.988070 607.767000 576.752000
33.004610 604.231000 570.152000
33.021000 589.016000 652.388000
33.037370 593.283000 704.902000
33.053880 576.657000 802.230000
33.070250 572.322000 625.284000
33.103260 604.622000 735.042000
33.119440 608.889000 701.008000
33.152370 608.362000 757.196000
33.168880 609.501000 702.350000
33.201560 604.877000 666.776000
33.218100 617.848000 620.378000
33.251000 610.997000 591.646000
33.267380 570.350000 598.092000
33.300370 568.854000 595.276000
33.316760 667.981000 653.444000
33.349450 586.092000 699.974000
33.366000 587.792000 600.314000
33.398870 551.157000 662.794000
33.416420 599.692000 707.498000
33.448190 551.922000 595.584000
33.464600 552.738000 507.936000
33.497360 558.263000 640.574000
33.513810 567.783000 646.096000
33.546590 588.846000 585.486000
33.563120 587.401000 596.662000
33.596010 618.545000 617.386000
33.612320 548.182000 529.452000
33.645510 579.989000 601.348000
33.661940 608.736000 557.018000
33.694840 559.011000 680.900000
33.711160 601.545000 537.438000
33.744140 592.739000 662.332000
33.760470 608.957000 618.222000
33.793450 574.379000 620.928000
33.809700 561.765000 554.136000
33.842560 606.407000 569.712000
33.859150 581.944000 668.976000
33.891740 563.771000 617.166000
