0.000000 704.055000 587.400000
0.016480 704.157000 594.726000
0.032710 729.691000 662.112000
0.049380 693.940000 616.484000
0.065610 695.725000 639.958000
0.082090 706.214000 649.660000
0.098690 696.898000 729.564000
0.115170 695.912000 717.354000
0.131530 703.647000 638.770000
0.147890 694.229000 599.566000
0.164370 693.379000 588.192000
0.180790 702.168000 610.324000
0.197390 706.724000 681.494000
0.230160 700.485000 595.056000
0.246520 712.640000 559.746000
0.262940 711.824000 546.744000
0.279420 643.518000 411.004000
0.295840 586.585000 341.594000
0.312320 587.724000 348.546000
0.328550 502.452000 259.094000
0.345030 485.656000 281.930000
0.361510 484.228000 275.374000
0.377990 488.648000 289.696000
0.394470 490.977000 300.586000
0.410770 492.354000 307.054000
0.427250 501.194000 313.456000
0.443730 492.439000 355.718000
0.460020 491.113000 349.492000
0.476500 476.646000 241.340000
0.492860 490.841000 272.096000
0.509460 490.008000 263.032000
0.526060 488.376000 271.810000
0.542300 481.627000 201.564000
0.558720 479.502000 186.450000
0.575200 476.051000 169.466000
0.591550 494.581000 254.232000
0.624510 473.739000 72.138000
0.641780 487.271000 50.336000
0.673770 463.437000 78.342000
0.722900 495.006000 54.934000
0.739380 471.784000 51.766000
0.755740 474.062000 69.014000
0.772340 499.970000 121.154000
0.788570 479.774000 12.012000
0.821470 483.650000 55.484000
0.837950 452.523000 10.604000
0.870850 467.364000 69.234000
0.887150 462.043000 4.466000
0.903690 466.446000 37.972000
0.919980 478.635000 68.728000
0.936520 443.122000 107.888000
0.952940 449.293000 152.702000
0.971010 466.361000 115.588000
0.985780 473.076000 174.284000
1.002260 471.937000 163.790000
1.018620 474.147000 97.614000
1.035030 467.551000 112.376000
1.051570 465.545000 97.768000
1.070740 470.679000 119.350000
1.084350 474.487000 126.984000
1.117250 457.453000 97.130000
1.133670 446.641000 86.350000
1.150150 443.292000 60.302000
1.166500 471.614000 27.302000
1.182980 454.172000 43.054000
1.199220 452.710000 35.574000
1.215580 457.419000 42.526000
1.232240 461.040000 77.330000
1.248600 462.485000 84.942000
1.265140 483.123000 113.894000
1.281560 479.060000 32.604000
1.300780 476.969000 16.170000
1.314390 486.727000 92.818000
1.330750 457.623000 86.966000
1.347290 459.935000 103.598000
1.363830 467.517000 44.550000
1.380370 484.959000 142.318000
1.413150 473.926000 113.806000
1.429440 452.744000 286.770000
1.445740 451.724000 286.792000
1.462160 463.250000 410.058000
1.478450 481.253000 469.084000
1.495000 487.186000 501.974000
1.512080 488.172000 478.940000
1.527710 472.124000 534.930000
1.544070 471.648000 529.826000
1.560610 476.748000 491.964000
1.577150 481.185000 442.706000
1.593380 478.941000 428.978000
1.609860 453.288000 483.428000
1.626590 483.582000 491.964000
1.642940 486.353000 511.500000
1.659240 480.335000 526.196000
1.675840 461.431000 545.358000
1.692080 463.012000 551.452000
1.708620 492.116000 441.804000
1.725710 481.287000 431.134000
1.741330 477.666000 411.862000
1.757930 467.721000 370.370000
1.774110 473.450000 459.162000
1.790770 473.348000 458.524000
1.807130 471.954000 451.000000
1.823610 462.723000 465.300000
1.856570 482.783000 404.558000
1.872740 472.481000 431.244000
1.889470 474.096000 438.306000
1.905580 469.982000 386.496000
1.922120 481.423000 369.864000
1.938480 477.649000 348.546000
1.954960 747.082000 368.830000
1.971190 920.159000 355.190000
1.987980 920.193000 354.552000
2.004210 976.650000 398.662000
2.020630 978.792000 399.168000
2.053470 956.250000 374.792000
2.070010 959.378000 381.194000
2.102720 961.979000 409.706000
2.119380 956.488000 382.954000
2.135620 955.723000 396.814000
2.152100 978.724000 370.260000
2.169190 978.860000 454.652000
2.185000 977.908000 468.270000
2.201350 964.529000 411.202000
2.217830 970.751000 451.858000
2.234250 970.955000 444.532000
2.250670 1014.424000 447.392000
2.267210 1008.882000 460.306000
2.283510 1010.752000 444.730000
2.299870 1030.472000 418.792000
2.316410 1022.210000 358.776000
2.332760 1022.176000 355.146000
2.349180 1026.273000 389.972000
2.365600 1009.256000 455.180000
2.382080 1007.012000 481.382000
2.398500 1025.950000 444.466000
2.415040 1021.173000 384.692000
2.431340 1023.230000 362.912000
2.447750 1034.535000 398.816000
2.464290 1032.240000 407.440000
2.480650 1034.688000 381.260000
2.497130 1058.454000 375.518000
2.513490 1047.353000 372.658000
2.529910 1046.316000 379.588000
2.546390 1043.409000 307.362000
2.562810 1055.394000 333.190000
2.579280 1052.657000 360.404000
2.595640 1024.182000 473.528000
2.612120 1033.515000 488.664000
2.645020 1032.903000 417.912000
2.661380 1037.680000 430.188000
2.677730 1038.989000 416.724000
2.694270 1063.078000 488.972000
2.710570 1044.497000 411.620000
2.727110 1043.154000 425.106000
2.743470 1039.958000 385.792000
2.759890 1032.784000 403.810000
2.792720 1021.326000 444.510000
2.809200 1049.529000 434.192000
2.825620 1051.994000 413.710000
2.842160 996.676000 339.922000
2.858640 992.562000 329.890000
2.875000 991.695000 337.942000
2.891420 1001.980000 363.396000
2.907780 1000.705000 389.356000
2.924260 998.597000 416.548000
2.940670 971.822000 421.520000
2.957090 965.039000 445.852000
2.973510 966.875000 416.416000
2.989870 940.491000 361.218000
3.006350 950.096000 366.916000
3.022710 951.048000 344.256000
3.039250 968.371000 311.872000
3.055790 972.859000 342.012000
3.072080 971.839000 362.868000
3.088500 984.181000 360.250000
3.105100 976.684000 347.996000
3.121340 977.262000 344.476000
3.137760 980.798000 312.312000
3.154240 985.541000 326.568000
3.170650 985.592000 320.804000
3.187070 982.396000 312.906000
3.203490 968.371000 322.960000
3.219730 966.739000 350.614000
3.236330 976.412000 411.642000
3.252810 978.928000 388.212000
3.285580 982.906000 424.094000
3.302120 967.113000 386.452000
3.318540 967.946000 372.526000
3.334720 649.298000 552.838000
3.351320 548.148000 615.802000
3.367860 547.519000 609.114000
3.384220 501.466000 561.836000
3.400570 490.739000 607.222000
3.417110 490.841000 607.772000
3.433350 510.901000 688.292000
3.450010 511.972000 664.862000
3.466430 514.131000 677.116000
3.482910 505.784000 653.312000
3.499390 501.840000 666.864000
3.515750 500.225000 661.100000
3.532530 524.637000 626.824000
3.548520 495.567000 634.656000
3.565000 497.063000 640.090000
3.581540 471.512000 546.854000
3.597840 464.440000 587.334000
3.614200 462.825000 581.856000
3.630620 445.689000 581.812000
3.647090 472.634000 538.494000
3.663640 474.929000 551.276000
3.680110 481.321000 619.212000
3.696660 457.079000 607.904000
3.713010 458.796000 614.372000
3.729370 469.013000 550.176000
3.745610 456.569000 581.680000
3.762390 454.988000 575.938000
3.778500 457.827000 619.784000
3.795040 452.931000 576.510000
3.811520 454.512000 582.230000
3.827760 464.100000 624.668000
3.844240 484.160000 578.622000
3.860840 479.536000 552.728000
3.877500 494.972000 565.136000
3.893680 482.749000 492.382000
3.926510 506.005000 465.102000
3.942870 512.142000 501.534000
3.959410 514.267000 515.086000
3.975830 524.263000 514.030000
3.992310 501.942000 514.844000
4.008670 502.639000 521.884000
4.025020 528.394000 653.576000
4.041500 494.751000 761.288000
4.057860 493.935000 754.490000
4.074280 440.997000 821.040000
4.090940 456.314000 805.838000
4.107600 454.767000 800.932000
4.123660 491.130000 785.796000
4.140320 471.801000 792.880000
4.156680 475.864000 809.402000
4.172910 473.433000 822.140000
4.189450 476.017000 809.556000
4.205930 473.654000 798.688000
4.222410 451.520000 771.474000
4.238650 474.198000 735.592000
4.271360 508.283000 787.996000
4.287840 516.715000 781.836000
4.304380 515.219000 776.556000
4.320620 558.212000 813.472000
4.337160 557.991000 804.826000
4.353520 557.906000 804.320000
4.370060 529.533000 794.684000
4.386350 538.628000 805.640000
4.402710 540.651000 816.816000
4.419250 555.271000 827.750000
4.435730 523.498000 888.932000
4.452090 524.161000 887.546000
4.469970 538.781000 778.558000
4.484990 528.683000 773.740000
4.501460 524.467000 750.596000
4.517880 524.331000 713.152000
4.534240 497.522000 712.514000
4.566960 517.089000 741.730000
4.583500 534.378000 729.410000
4.599850 530.791000 711.788000
4.616330 495.550000 705.848000
4.632690 511.734000 690.404000
4.649110 512.516000 697.422000
4.665650 531.165000 709.522000
4.682070 507.263000 806.828000
4.698490 512.431000 828.564000
4.714900 504.747000 830.412000
4.731200 544.476000 807.554000
4.748290 543.796000 808.434000
4.764590 533.494000 823.460000
4.780940 517.123000 787.556000
4.797420 518.687000 793.386000
4.813960 511.955000 804.540000
4.830020 547.740000 763.928000
4.846560 546.499000 759.176000
4.863040 538.169000 844.008000
4.879520 517.259000 847.550000
4.895810 522.801000 872.740000
4.914000 540.158000 857.494000
4.928530 512.363000 895.466000
4.945070 510.935000 890.824000
4.961550 550.358000 835.626000
4.978030 534.922000 784.190000
4.994570 534.395000 778.668000
5.010930 531.539000 816.222000
5.027400 556.104000 817.080000
5.043640 554.914000 812.416000
5.059940 544.697000 820.270000
5.076720 562.428000 805.706000
5.093080 563.635000 810.436000
5.109620 543.167000 847.044000
5.126040 555.509000 765.930000
5.142460 553.673000 754.842000
5.158810 557.022000 771.958000
5.175350 542.521000 806.366000
5.208070 564.128000 806.916000
5.224850 558.688000 807.686000
5.243160 557.396000 802.384000
5.257570 488.427000 751.102000
5.273860 460.717000 763.598000
5.290160 463.148000 774.664000
5.306640 462.689000 805.046000
5.323060 454.852000 799.040000
5.339540 456.569000 804.452000
5.356020 471.716000 818.268000
5.372130 462.417000 825.132000
5.388610 459.969000 814.374000
5.404850 472.090000 794.420000
5.421390 438.515000 789.074000
5.454280 460.020000 836.572000
5.470640 470.985000 775.434000
5.487120 471.784000 781.660000
5.503660 441.864000 877.382000
5.519900 469.166000 908.622000
5.536440 468.197000 902.594000
5.552860 448.511000 840.004000
5.569270 435.472000 856.174000
5.585750 432.888000 845.856000
5.602290 464.389000 794.068000
5.618590 514.369000 802.538000
5.634950 515.083000 808.544000
5.651550 530.910000 794.244000
5.667910 486.404000 784.344000
5.684450 487.849000 789.250000
5.700810 532.355000 774.972000
5.733640 530.383000 748.990000
5.750000 487.832000 761.904000
5.766360 501.024000 801.372000
5.782710 498.814000 790.328000
5.799070 499.052000 751.168000
5.815550 484.993000 774.158000
5.832090 488.121000 791.428000
5.848450 520.880000 788.348000
5.864810 562.088000 745.536000
5.881470 565.743000 768.570000
5.897830 573.937000 792.924000
5.914250 572.662000 843.920000
5.930790 572.135000 838.134000
5.947140 555.696000 862.400000
5.963560 538.645000 815.320000
5.979920 534.650000 793.320000
5.997990 551.752000 846.406000
6.012940 554.693000 765.116000
6.029300 551.310000 747.318000
6.045650 565.845000 725.780000
6.062130 561.085000 760.386000
6.078490 564.145000 775.962000
6.094850 556.716000 834.218000
6.111510 566.202000 818.642000
6.127870 566.525000 820.600000
6.144290 526.796000 681.494000
6.160770 530.978000 722.172000
6.193480 524.025000 716.452000
6.209960 531.539000 772.332000
6.226560 533.579000 783.728000
6.242860 536.146000 774.224000
6.259280 537.472000 794.288000
6.292110 472.549000 851.224000
6.308650 476.000000 804.980000
6.325200 476.000000 804.980000
6.341430 477.360000 844.558000
6.357790 466.038000 875.468000
6.374210 464.389000 870.386000
6.390810 469.081000 876.128000
6.407290 445.383000 864.358000
6.423520 447.066000 868.912000
6.440000 458.728000 862.642000
6.456480 447.814000 817.300000
6.472960 448.783000 823.724000
6.735660 492.592000 862.092000
6.752260 490.960000 853.072000
6.768550 490.093000 847.132000
6.785030 492.167000 907.830000
6.801330 477.513000 916.366000
6.817990 475.133000 906.334000
6.834230 530.230000 806.102000
6.850590 480.301000 788.106000
6.867130 481.151000 794.376000
6.883670 507.824000 801.702000
6.899960 512.533000 862.950000
6.916500 512.431000 862.444000
6.932800 498.882000 882.398000
6.949520 494.938000 857.296000
6.965640 491.776000 840.664000
6.982360 464.797000 1011.714000
6.998470 449.361000 1084.336000
7.015010 449.480000 1084.732000
7.031560 479.196000 1009.316000
7.047910 457.385000 1102.618000
7.064270 463.250000 1123.760000
7.080750 493.187000 1099.516000
7.097170 467.789000 1100.286000
7.113650 469.336000 1104.400000
7.129820 481.134000 1091.288000
7.146360 466.701000 1068.298000
7.162660 461.873000 1051.072000
7.179200 448.086000 1083.764000
7.195740 473.025000 1075.646000
7.212280 471.546000 1071.290000
7.228640 470.543000 990.594000
7.245000 449.871000 969.430000
7.261410 451.452000 973.940000
7.277770 454.189000 1005.312000
7.294250 463.420000 1022.714000
7.310610 460.938000 1013.584000
7.327150 500.667000 1026.102000
7.343630 508.929000 1035.936000
7.359860 506.702000 1026.762000
7.376340 500.225000 1062.116000
7.392880 501.806000 1077.252000
7.409300 504.067000 1086.052000
7.425600 508.096000 1039.764000
7.442140 501.857000 1086.008000
7.458500 504.169000 1094.940000
7.474910 504.237000 1140.304000
7.491520 495.584000 1104.642000
7.507870 496.400000 1109.174000
7.524230 517.344000 1068.914000
7.540830 509.337000 1075.756000
7.557130 511.564000 1084.578000
7.573670 517.616000 1106.908000
7.590030 520.659000 1079.298000
7.606380 518.381000 1069.992000
7.622680 492.796000 1035.364000
7.639400 530.094000 1059.652000
7.655760 527.952000 1050.412000
7.672120 486.999000 1119.558000
7.688720 532.797000 1053.052000
7.704960 532.134000 1048.102000
7.721560 540.005000 1075.404000
7.737920 525.266000 1083.852000
7.754270 525.368000 1084.248000
7.770750 525.623000 1053.866000
7.787110 549.406000 1059.344000
7.819760 507.892000 1039.962000
7.836490 523.651000 1063.832000
7.869260 528.241000 1077.098000
7.885800 536.078000 1092.322000
7.918520 538.322000 1098.922000
7.935120 541.263000 1076.812000
7.951540 539.257000 1068.012000
7.967830 458.575000 1107.106000
7.984380 453.849000 1065.856000
8.017150 461.618000 1079.210000
8.033630 430.831000 1094.258000
8.050050 431.868000 1098.900000
8.066350 447.219000 1138.588000
8.082950 441.898000 1094.720000
8.099240 443.462000 1098.504000
8.115720 449.378000 1051.820000
8.132020 449.939000 1090.078000
8.148620 447.406000 1081.652000
8.165040 455.124000 1080.486000
8.181340 472.345000 1119.470000
8.197940 474.827000 1127.962000
8.214290 489.464000 1122.814000
8.230650 474.997000 1089.220000
8.263550 455.464000 1026.058000
8.280030 456.161000 1011.010000
8.296390 453.577000 1001.594000
8.312810 449.276000 1043.174000
8.329410 453.118000 1096.326000
8.345640 454.053000 1101.100000
8.362180 462.706000 1077.714000
8.378540 492.150000 1115.994000
8.395020 495.924000 1128.138000
8.411380 452.676000 1141.294000
8.427730 479.162000 1139.578000
8.444210 480.284000 1144.704000
8.460630 492.626000 1109.834000
8.476990 512.873000 1115.136000
8.493470 512.771000 1114.718000
8.510680 524.093000 1107.370000
8.526370 518.449000 1092.102000
8.542600 517.769000 1087.240000
8.559270 479.757000 1135.596000
8.575620 491.079000 1129.898000
8.591980 489.617000 1126.180000
8.608340 532.270000 1131.702000
8.625060 503.217000 1121.010000
8.641360 500.480000 1110.802000
8.657650 494.496000 1105.258000
8.674320 483.259000 1098.548000
8.690490 484.959000 1102.442000
8.706970 559.589000 1052.326000
8.725040 549.525000 1095.248000
8.739870 551.888000 1105.632000
8.756230 542.300000 1103.960000
8.772830 546.907000 1066.010000
8.805600 535.143000 1161.226000
8.821960 529.074000 1166.044000
8.838440 526.150000 1152.712000
8.854860 540.311000 1047.882000
8.871400 524.739000 1104.334000
8.887700 521.951000 1095.886000
8.904110 541.994000 1054.922000
8.920650 548.301000 1104.862000
8.936890 554.251000 1130.910000
8.953490 524.382000 1135.112000
8.969910 531.658000 1115.048000
9.002750 552.755000 1106.138000
9.019290 555.679000 1117.314000
9.035580 553.707000 1108.580000
9.052000 450.670000 1040.446000
9.068480 455.362000 1071.092000
9.084720 457.062000 1075.536000
9.101380 489.430000 1008.546000
9.117740 480.182000 1035.342000
9.134160 477.802000 1026.322000
9.150630 487.322000 1025.222000
9.166930 464.321000 1029.028000
9.199830 461.482000 1068.782000
9.216370 484.976000 1117.424000
9.249210 466.871000 1087.526000
9.265630 471.410000 1118.326000
9.298460 477.496000 1018.248000
9.314880 471.937000 1025.596000
9.331360 474.436000 1035.034000
9.347780 471.818000 1054.900000
9.364260 473.909000 1120.350000
9.396910 473.960000 1106.930000
9.413450 486.693000 1101.826000
9.446230 462.417000 1040.138000
9.462710 468.792000 1125.146000
9.495610 469.829000 1066.626000
9.511960 458.405000 1160.610000
9.528500 459.272000 1165.230000
9.544800 455.396000 1066.780000
9.561400 465.579000 1142.218000
9.577760 464.525000 1137.026000
9.594240 442.544000 1085.854000
9.610840 443.513000 1074.018000
9.626950 440.929000 1065.372000
9.643490 445.196000 1149.764000
9.659850 458.694000 1078.880000
9.676390 461.312000 1087.900000
9.692750 448.052000 1062.182000
9.710330 449.769000 1066.538000
9.725650 448.137000 1062.358000
9.742000 454.546000 1114.784000
9.758610 457.623000 1027.092000
9.774840 460.122000 1036.134000
9.791380 447.576000 1155.374000
9.807680 477.547000 1128.402000
9.840640 460.173000 1071.818000
9.857300 443.989000 1086.580000
9.873600 441.235000 1077.472000
9.890010 471.410000 1029.094000
9.906560 468.180000 1057.034000
9.922910 469.863000 1061.236000
9.939390 479.400000 1080.596000
9.955810 465.273000 1083.764000
9.972170 465.392000 1084.182000
9.988590 460.615000 1119.382000
10.005070 474.419000 1092.938000
10.021420 471.903000 1083.984000
10.037900 497.930000 1065.592000
10.054380 476.136000 1098.944000
10.070920 474.555000 1094.808000
10.087100 476.459000 1064.822000
10.103700 473.280000 1094.104000
10.120060 475.677000 1102.552000
10.136600 488.206000 1061.522000
10.152890 481.525000 1128.952000
10.169430 483.174000 1133.044000
10.185850 501.313000 1094.368000
10.202150 506.838000 1046.584000
10.218690 506.940000 1047.002000
10.235110 470.441000 1126.466000
10.251460 484.908000 1138.764000
10.267760 483.293000 1134.804000
10.284550 453.254000 1123.100000
10.300720 461.159000 1109.240000
10.317080 462.791000 1112.826000
10.333740 463.318000 1233.408000
10.349910 466.106000 1188.396000
10.369630 464.593000 1185.074000
10.382750 487.611000 1124.948000
10.399410 466.140000 1087.944000
10.415710 465.086000 1082.378000
10.432310 473.705000 1091.662000
10.448550 478.839000 1071.686000
10.465030 478.958000 1072.082000
10.481510 522.444000 1103.608000
10.497920 501.517000 1135.948000
10.514340 503.846000 1144.440000
10.530580 524.399000 1023.418000
10.547180 550.834000 1082.840000
10.563480 551.480000 1087.702000
10.579900 548.233000 1131.350000
10.596500 584.324000 1143.648000
10.612670 586.024000 1151.854000
10.629390 557.702000 1173.282000
10.645750 561.221000 1134.584000
10.678830 558.535000 1069.552000
10.697810 545.156000 1110.384000
10.727970 569.364000 1115.686000
10.744630 574.362000 1162.502000
10.760930 571.863000 1149.324000
10.777340 566.321000 1130.184000
10.793820 549.474000 1099.296000
10.810180 545.598000 1082.246000
10.826780 551.616000 995.808000
10.842770 526.405000 1058.750000
10.859380 529.142000 1072.544000
10.875920 547.910000 1053.998000
10.892030 543.796000 1099.780000
10.908690 547.825000 1117.226000
10.924990 560.711000 1127.258000
10.941470 547.417000 1174.228000
10.958070 544.697000 1161.116000
10.974240 537.370000 1164.394000
10.991030 546.431000 1142.240000
11.007260 545.156000 1138.808000
11.026670 508.266000 1110.472000
11.039980 478.941000 1048.916000
11.056400 477.649000 1042.118000
11.073000 469.659000 1053.382000
11.089420 460.207000 1063.700000
11.105650 457.793000 1055.230000
11.122010 434.384000 1079.012000
11.138490 440.045000 1126.708000
11.155030 445.876000 1144.968000
11.171390 471.427000 1175.504000
11.187740 480.845000 1172.710000
11.204410 479.145000 1168.970000
11.220580 466.055000 1094.566000
11.236880 482.426000 1080.486000
11.253660 484.772000 1089.088000
11.269900 453.594000 1055.340000
11.286500 486.659000 1129.590000
11.319210 480.590000 1072.610000
11.335630 499.052000 1087.878000
11.352050 496.672000 1078.836000
11.368650 461.941000 1081.586000
11.385010 477.003000 1094.280000
11.401430 475.150000 1083.544000
11.417720 472.736000 1053.052000
11.434330 460.836000 1023.396000
11.450620 457.487000 1015.520000
11.467100 459.578000 1048.520000
11.483640 461.618000 1132.560000
11.500060 470.849000 1161.226000
11.516360 482.630000 1154.890000
11.532900 485.129000 1120.416000
11.549260 486.115000 1125.630000
11.565610 458.762000 1102.926000
11.582030 462.281000 1111.638000
11.598630 458.864000 1098.306000
11.614990 472.039000 1089.836000
11.631350 485.384000 1064.140000
11.647890 481.508000 1051.336000
11.664250 467.891000 1038.444000
11.680730 444.499000 987.580000
11.697020 448.698000 1001.352000
11.713500 476.782000 1003.728000
11.729920 472.345000 984.588000
11.746340 469.948000 975.150000
11.762760 469.829000 989.846000
11.779240 476.901000 987.690000
11.812130 474.470000 983.708000
11.828490 459.272000 981.002000
11.861390 449.888000 1078.484000
11.877870 478.618000 1060.048000
11.894230 476.187000 1051.028000
11.910770 456.892000 1059.190000
11.927190 460.122000 1038.334000
11.943480 462.655000 1047.464000
11.959840 471.087000 1047.552000
11.976380 472.515000 1006.434000
11.992920 475.983000 1021.130000
12.009220 475.201000 1021.240000
12.025700 483.854000 989.912000
12.042110 483.752000 989.472000
12.058530 472.855000 993.388000
12.074830 462.825000 964.964000
12.107850 494.836000 1036.926000
12.124210 478.754000 1098.790000
12.140750 480.454000 1103.014000
12.156980 495.125000 1142.526000
12.173650 479.196000 1094.060000
12.189880 476.799000 1085.414000
12.206480 462.094000 1013.650000
12.222840 473.144000 1031.822000
12.255620 476.000000 1078.682000
12.271850 480.165000 1105.148000
12.304990 477.530000 1054.636000
12.321350 465.103000 1087.658000
12.337710 463.386000 1083.302000
12.354370 465.307000 1280.070000
12.370610 456.535000 1295.998000
12.387270 460.547000 1305.436000
12.403500 457.028000 1345.322000
12.419860 475.949000 1365.628000
12.436520 476.068000 1365.936000
12.452760 452.761000 1399.684000
12.469360 463.556000 1362.526000
12.485720 461.159000 1356.432000
12.502140 462.400000 1353.946000
12.518490 464.746000 1365.958000
12.534970 462.094000 1359.204000
12.551330 430.372000 1352.626000
12.567810 457.266000 1304.996000
12.584230 458.150000 1308.890000
12.600650 453.679000 1370.644000
12.616940 509.966000 1359.666000
12.633670 510.578000 1358.500000
12.649960 502.231000 1313.730000
12.666320 489.073000 1352.076000
12.682800 481.780000 1331.902000
12.699280 489.685000 1318.988000
12.715760 463.420000 1297.560000
12.732060 465.324000 1305.326000
12.748470 511.020000 1285.768000
12.765010 567.902000 1298.770000
12.781310 571.676000 1313.136000
12.797730 534.174000 1322.090000
12.814390 566.712000 1340.966000
12.830630 565.420000 1332.694000
12.847110 538.917000 1301.850000
12.863530 532.831000 1252.482000
12.879940 531.420000 1249.336000
12.896360 549.287000 1314.038000
12.912960 530.621000 1361.162000
12.929260 533.681000 1371.832000
12.945740 542.164000 1350.778000
12.962160 543.354000 1340.482000
12.978520 542.674000 1336.566000
12.994930 565.335000 1306.668000
13.011540 546.941000 1329.020000
13.027710 545.683000 1326.160000
13.044370 530.247000 1249.204000
13.060610 466.599000 1269.488000
13.077030 469.081000 1276.594000
13.093630 450.874000 1227.248000
13.109990 444.992000 1244.144000
13.142940 451.384000 1245.332000
13.159180 459.952000 1292.390000
13.175660 462.621000 1299.738000
13.192140 460.190000 1331.946000
13.208560 460.105000 1304.754000
13.224980 462.842000 1312.168000
13.241330 482.188000 1286.978000
13.257750 477.139000 1292.610000
13.290710 490.314000 1364.308000
13.307130 509.099000 1441.990000
13.323610 507.450000 1434.158000
13.340030 499.103000 1404.964000
13.356380 460.802000 1403.006000
13.372740 457.419000 1397.506000
13.389160 503.132000 1408.330000
13.405760 495.346000 1382.194000
13.422120 497.879000 1389.102000
13.438480 480.335000 1503.370000
13.455020 517.123000 1542.134000
13.471370 515.627000 1536.062000
13.487920 504.577000 1543.322000
13.504150 475.354000 1499.498000
13.520570 474.572000 1499.630000
13.536990 472.005000 1506.692000
13.553590 474.402000 1583.604000
13.570010 477.785000 1587.586000
13.586300 492.966000 1562.814000
13.602840 481.253000 1561.626000
13.619260 473.484000 1546.072000
13.635620 478.856000 1524.402000
13.652100 520.795000 1491.534000
13.668640 519.384000 1489.466000
13.684880 549.253000 1501.654000
13.701350 551.973000 1532.960000
13.717900 553.452000 1535.512000
13.734190 569.449000 1460.448000
13.750790 528.088000 1491.270000
13.767090 527.187000 1491.820000
13.783630 550.222000 1538.108000
13.799990 556.733000 1482.184000
13.816410 560.116000 1490.346000
13.832700 570.894000 1555.840000
13.849240 544.238000 1537.382000
13.865660 541.518000 1529.000000
13.881960 516.783000 1555.532000
13.898620 511.496000 1479.038000
13.915040 510.799000 1479.280000
13.931400 530.757000 1539.450000
13.947750 510.867000 1565.388000
13.964110 515.559000 1575.596000
13.981020 513.128000 1466.036000
13.997310 552.500000 1470.062000
14.013670 554.557000 1475.914000
14.030030 491.657000 1460.250000
14.046750 491.011000 1491.974000
14.079470 479.689000 1523.126000
14.096190 469.676000 1529.792000
14.112180 467.874000 1523.126000
14.128780 447.389000 1546.050000
14.145200 482.001000 1501.786000
14.161560 479.383000 1496.022000
14.178160 445.179000 1500.400000
14.195860 446.590000 1501.654000
14.210880 448.579000 1508.364000
14.227110 449.803000 1534.214000
14.243590 445.995000 1550.802000
14.259950 447.865000 1553.354000
14.276250 478.108000 1620.520000
14.292720 450.143000 1563.562000
14.309200 444.720000 1553.574000
14.325740 465.936000 1562.000000
14.341980 465.868000 1583.626000
14.358520 469.455000 1591.128000
14.374760 460.258000 1646.612000
14.391360 472.770000 1620.828000
14.407780 478.006000 1630.112000
14.424190 480.046000 1643.224000
14.440800 486.557000 1580.062000
14.456970 483.004000 1571.944000
14.473390 457.113000 1603.404000
14.489990 477.581000 2015.200000
14.769100 457.164000 1489.268000
14.785770 472.039000 1441.044000
14.818600 514.692000 1474.484000
14.834900 661.980000 1392.094000
14.867860 904.009000 1295.734000
14.884280 932.280000 1243.088000
14.900630 931.668000 1246.938000
14.917110 949.059000 1338.260000
14.933530 917.728000 1352.450000
14.950010 917.167000 1358.610000
14.966490 921.536000 1319.846000
14.982850 952.816000 1342.550000
15.015810 931.515000 1360.964000
15.032100 932.008000 1332.760000
15.048650 932.807000 1325.214000
15.064880 966.450000 1280.972000
15.082090 946.900000 1282.380000
15.097900 947.631000 1278.640000
15.114140 963.203000 1244.364000
15.130620 971.720000 1228.634000
15.147090 971.941000 1225.642000
15.163700 986.119000 1236.070000
15.179930 964.393000 1326.050000
15.196530 964.308000 1328.712000
15.212770 968.711000 1359.842000
15.229250 972.162000 1444.388000
15.245610 971.992000 1445.400000
15.262150 985.133000 1481.612000
15.278500 980.934000 1462.670000
15.294980 979.897000 1468.148000
15.311460 973.352000 1455.124000
15.327820 959.361000 1458.732000
15.344240 958.052000 1464.584000
15.360660 970.258000 1456.048000
15.376950 977.024000 1459.832000
15.393680 977.721000 1458.732000
15.409970 963.390000 1490.346000
15.426390 956.862000 1492.480000
15.442870 957.117000 1488.322000
15.459290 987.479000 1515.932000
15.475590 981.563000 1425.292000
15.492000 979.608000 1436.050000
15.508480 972.077000 1497.518000
15.524960 1017.433000 1440.692000
15.541560 1020.918000 1428.064000
15.558110 991.321000 1373.108000
15.574220 974.287000 1379.312000
15.590760 976.055000 1368.378000
15.606990 996.608000 1401.004000
15.625670 945.404000 1421.618000
15.640010 944.520000 1428.130000
15.656490 605.370000 1599.290000
15.672850 572.084000 1709.862000
15.689090 572.679000 1711.908000
15.705630 549.134000 1736.900000
15.722170 556.359000 1739.672000
15.738590 556.886000 1738.924000
15.754940 558.824000 1774.740000
15.771550 562.972000 1727.286000
15.787900 559.674000 1722.248000
15.804080 538.730000 1693.538000
15.820740 533.426000 1665.972000
15.836980 538.509000 1676.796000
15.853760 529.040000 1733.710000
15.870000 491.096000 1804.506000
15.886410 492.694000 1805.804000
15.903020 469.132000 1809.874000
15.919310 481.355000 1835.548000
15.935730 476.272000 1829.806000
15.955440 461.890000 1818.168000
15.968690 463.913000 1792.274000
15.984990 466.582000 1795.508000
16.001530 461.550000 1816.320000
16.017760 468.367000 1825.318000
16.034120 471.087000 1828.354000
16.050600 470.900000 1793.066000
16.067140 474.215000 1828.376000
16.083560 475.133000 1829.916000
16.099910 472.821000 1797.554000
16.116520 466.905000 1743.544000
16.132810 468.605000 1744.908000
16.149230 477.309000 1752.784000
16.165710 468.095000 1791.064000
16.182250 462.689000 1784.508000
16.198790 477.938000 1738.330000
16.215210 478.091000 1759.076000
16.231570 475.507000 1755.578000
16.247990 454.767000 1757.228000
16.264470 460.598000 1784.882000
16.297180 502.282000 1763.410000
16.313660 500.378000 1787.412000
16.330080 501.160000 1789.304000
16.346560 524.297000 1784.508000
16.362920 508.521000 1793.286000
16.379270 510.816000 1796.388000
16.395750 507.144000 1825.406000
16.412350 516.647000 1843.578000
16.428890 515.882000 1841.928000
16.445130 489.719000 1806.464000
16.461490 488.376000 1777.182000
16.478090 486.795000 1775.818000
16.494200 697.765000 1119.294000
16.510800 909.721000 867.504000
16.527160 908.191000 892.056000
16.543760 972.315000 764.588000
16.559940 954.482000 811.712000
16.576480 954.397000 815.870000
16.592900 959.667000 799.854000
16.612000 953.088000 789.250000
16.625730 953.785000 779.922000
16.642090 962.268000 726.352000
16.658630 963.815000 707.432000
16.675170 963.798000 712.822000
16.691530 973.216000 750.684000
16.707890 986.459000 787.974000
16.724240 984.844000 797.764000
16.740720 975.936000 800.316000
16.757140 967.130000 841.302000
16.773620 967.912000 838.882000
16.789980 955.145000 834.196000
16.806460 948.464000 775.258000
16.822880 949.756000 751.652000
16.839170 955.927000 734.008000
16.855770 939.590000 793.870000
16.872130 937.516000 820.380000
16.888790 928.557000 769.054000
16.905030 931.906000 806.718000
16.921390 933.946000 781.198000
16.939210 956.964000 795.630000
16.954280 963.356000 684.904000
16.970760 963.611000 675.994000
16.987060 930.206000 715.506000
17.003540 934.269000 820.732000
17.020020 932.773000 847.484000
17.036680 956.743000 754.600000
17.052980 967.793000 747.912000
17.069210 970.258000 721.028000
17.085820 979.982000 698.874000
17.101990 995.367000 693.022000
17.118590 996.370000 682.286000
17.135070 1002.694000 690.338000
17.151490 1009.511000 709.962000
17.168090 1006.723000 732.358000
17.184200 963.611000 742.984000
17.200620 972.264000 758.604000
17.217160 970.530000 779.042000
17.233700 952.442000 675.334000
17.249880 984.283000 583.902000
17.269100 985.949000 565.158000
17.282710 967.657000 516.494000
17.299130 973.896000 566.522000
17.315800 975.392000 549.076000
17.332030 979.285000 511.544000
17.348570 969.323000 504.130000
17.364990 970.139000 492.008000
17.381350 985.660000 515.196000
17.397950 988.074000 490.886000
17.414370 986.340000 510.334000
17.430730 978.622000 551.540000
17.447140 975.392000 571.582000
17.463620 973.556000 596.156000
17.479980 980.050000 617.672000
17.496460 996.319000 607.244000
17.513000 994.568000 624.162000
17.529110 932.127000 641.806000
17.545650 945.812000 667.854000
17.562010 945.761000 672.452000
17.578610 960.313000 647.284000
17.595830 945.336000 625.680000
17.611690 946.662000 603.724000
17.627870 951.507000 597.586000
17.644290 948.005000 623.326000
17.660710 949.654000 596.794000
17.677060 946.815000 606.012000
17.693790 931.124000 708.884000
17.709960 930.529000 714.230000
17.726500 962.234000 752.972000
17.742860 959.293000 779.680000
17.759400 959.004000 790.548000
17.775700 948.141000 787.050000
17.792110 952.374000 789.580000
17.808590 953.836000 765.094000
17.824890 969.068000 757.130000
17.841550 943.279000 761.926000
17.857790 943.194000 766.524000
17.874270 943.534000 802.494000
17.890750 977.024000 767.162000
17.907040 977.160000 762.696000
17.924740 933.759000 739.200000
17.940000 951.694000 795.674000
17.956540 950.147000 816.464000
17.972840 955.944000 782.342000
17.989260 965.090000 806.476000
18.005800 964.393000 811.624000
18.022340 953.224000 854.370000
18.038510 963.849000 845.108000
18.054990 963.985000 843.502000
18.071350 960.925000 767.822000
18.087890 966.603000 778.888000
18.120610 945.846000 802.780000
18.137080 966.926000 870.628000
18.170100 958.902000 791.186000
18.186460 946.645000 825.198000
18.202940 947.138000 824.780000
18.219360 962.472000 792.704000
18.235600 980.611000 784.718000
18.253360 980.849000 776.248000
18.268550 953.972000 761.882000
18.284850 963.339000 786.610000
18.301330 962.625000 795.410000
18.317750 952.034000 831.578000
18.334230 962.370000 825.220000
18.350770 963.781000 813.868000
18.367130 955.417000 766.150000
18.383610 961.197000 706.200000
18.399900 961.996000 692.098000
18.416500 950.521000 524.370000
18.432800 962.234000 511.016000
18.449280 960.636000 535.942000
18.465820 955.009000 566.764000
18.481990 955.808000 625.702000
18.514950 934.184000 553.894000
18.531620 952.850000 522.896000
18.564270 939.641000 577.324000
18.580870 952.408000 599.522000
18.597230 951.609000 612.040000
18.613650 963.203000 604.384000
18.630000 957.882000 640.596000
18.646360 959.514000 621.742000
18.662840 942.140000 576.906000
18.680480 941.545000 540.386000
18.695800 941.562000 535.040000
18.712100 986.816000 550.638000
18.728640 960.228000 613.294000
18.744870 959.429000 625.020000
18.761470 888.811000 448.734000
18.777890 894.778000 431.024000
18.794250 896.784000 385.704000
18.810790 920.414000 382.118000
18.827090 883.898000 304.898000
18.843570 883.541000 292.490000
18.860170 883.235000 284.526000
18.876460 875.109000 392.062000
18.892760 874.327000 434.896000
18.912840 882.164000 458.502000
18.925900 860.829000 392.062000
18.958620 783.496000 257.466000
18.974980 692.223000 259.292000
19.008000 595.204000 260.216000
19.024410 606.220000 317.702000
19.040890 607.699000 332.684000
19.057310 613.683000 390.434000
19.073790 614.091000 365.860000
19.090090 615.570000 380.798000
19.106810 624.036000 314.754000
19.123170 624.886000 307.736000
19.139040 624.529000 299.574000
19.155760 600.712000 244.552000
19.172000 568.293000 264.594000
19.188480 567.137000 258.060000
19.205020 580.703000 240.350000
19.221250 585.463000 218.042000
19.237730 584.868000 208.846000
19.254330 598.706000 243.254000
19.270570 599.454000 218.768000
19.286990 596.530000 188.254000
19.303470 613.462000 172.502000
19.319820 596.768000 204.380000
19.336240 598.247000 219.824000
19.352840 605.948000 267.960000
19.369080 611.201000 275.726000
19.385620 613.071000 298.914000
19.401980 616.131000 279.422000
19.418520 629.187000 339.834000
19.434880 628.728000 331.100000
19.451230 493.901000 144.892000
19.467770 469.013000 156.420000
19.484250 465.953000 140.536000
19.500790 466.242000 136.312000
19.517330 468.282000 177.364000
19.533810 471.869000 199.342000
19.550350 488.835000 203.808000
19.570980 487.220000 189.816000
19.583070 484.551000 167.288000
19.599060 480.692000 162.184000
19.615600 480.505000 138.842000
19.632080 478.380000 123.222000
19.648500 471.342000 154.792000
19.665280 447.219000 161.150000
19.697940 454.699000 160.732000
19.714170 456.348000 158.862000
19.747070 434.350000 156.486000
19.763490 425.272000 129.008000
19.779970 430.933000 168.454000
19.796260 469.914000 218.614000
19.812870 471.563000 258.148000
19.829040 475.388000 281.182000
19.845640 475.371000 236.786000
19.862060 464.593000 195.910000
19.878480 457.742000 148.918000
19.895080 452.608000 115.984000
19.911320 440.691000 138.336000
19.944210 456.263000 165.286000
19.960570 459.034000 283.272000
19.993470 449.803000 289.806000
20.009830 445.383000 284.086000
20.042790 433.823000 331.870000
20.059200 447.627000 363.352000
20.091980 455.022000 326.502000
20.108580 433.432000 311.674000
20.141360 463.964000 332.376000
20.157840 454.291000 371.624000
20.173950 457.572000 394.064000
20.190860 466.514000 371.338000
20.206970 484.517000 415.998000
20.223510 484.415000 415.338000
20.239810 494.717000 385.946000
20.256160 479.026000 388.388000
20.272640 476.697000 373.648000
20.289060 478.193000 394.284000
20.305600 479.281000 331.188000
20.338500 483.021000 343.706000
20.354860 446.794000 334.532000
20.371340 445.876000 326.414000
20.387700 559.317000 368.544000
20.404110 553.639000 379.280000
20.420590 551.922000 365.596000
20.436950 543.150000 365.794000
20.453490 554.727000 325.996000
20.469850 555.271000 333.784000
20.486270 550.426000 409.486000
20.502750 517.803000 410.410000
20.519100 519.775000 424.006000
20.535580 520.149000 431.046000
20.552000 564.417000 448.756000
20.568420 566.202000 462.748000
20.584780 576.487000 387.882000
20.601260 531.913000 493.284000
20.634030 549.797000 460.394000
20.652340 539.325000 441.232000
20.667180 537.370000 427.020000
20.683470 558.314000 443.102000
20.699950 511.258000 433.598000
20.716190 512.669000 440.330000
20.732730 523.328000 445.346000
20.749080 539.308000 413.358000
20.766240 537.438000 399.608000
20.782530 498.015000 353.056000
20.798710 568.004000 405.174000
20.831670 521.900000 376.904000
20.848140 490.569000 384.428000
20.864440 491.283000 392.128000
20.884400 473.977000 448.690000
20.897280 460.768000 433.862000
20.913570 462.315000 439.978000
20.929870 451.248000 478.962000
20.946530 463.607000 437.624000
20.962890 463.709000 438.262000
20.979430 441.643000 433.664000
20.995850 466.344000 428.824000
21.012330 464.831000 422.158000
21.028930 477.309000 441.276000
21.045290 574.073000 423.610000
21.061650 573.410000 415.294000
21.078060 581.417000 396.286000
21.098570 595.952000 406.846000
21.110900 595.000000 400.752000
21.127140 604.163000 419.606000
21.143490 600.355000 447.524000
21.159910 601.341000 453.332000
21.176330 603.211000 404.514000
21.192810 608.651000 418.242000
21.209230 607.257000 404.954000
21.225590 603.381000 823.174000
21.242070 619.871000 1378.718000
21.258610 618.171000 1371.524000
21.570680 807.670000 1015.630000
21.587160 794.665000 720.852000
21.603640 793.696000 711.304000
21.620000 820.301000 769.120000
21.638430 814.487000 827.332000
21.652890 814.878000 858.154000
21.669130 813.280000 870.364000
21.685610 812.039000 799.964000
21.701970 812.243000 794.376000
21.718870 821.270000 786.214000
21.734920 823.395000 823.504000
21.751340 822.936000 808.280000
21.767880 940.372000 577.676000
21.784120 964.529000 550.792000
21.800660 963.798000 561.748000
21.817020 925.174000 582.868000
21.833560 968.150000 634.678000
21.851560 967.215000 647.262000
21.866330 927.265000 585.112000
21.883060 941.902000 588.698000
21.899170 942.650000 575.608000
