0.000000 31.929856 12.406156
0.015380 53.019362 20.682751
0.032230 56.699062 22.483706
0.048580 42.558240 17.167612
0.064940 24.093147 9.376389
0.081300 10.403461 3.045417
0.097900 2.500738 -0.459543
0.114260 -1.009619 -1.367574
0.130860 -2.106814 -0.643421
0.163570 -2.186864 0.784126
0.180180 -1.927128 2.179695
0.196530 -1.543219 3.067406
0.213130 -0.810962 3.504828
0.229490 0.297981 3.660928
0.245850 0.921370 2.610881
0.262210 0.690002 -0.287398
0.278560 -0.571829 -4.227629
0.294920 -4.561866 -8.250822
0.311280 -11.968355 -11.695291
0.327880 -19.341122 -13.233348
0.344240 -21.101665 -11.102396
0.360840 -15.899492 -5.707039
0.377200 -7.962275 0.113019
0.393550 -1.318417 3.935330
0.410160 2.626321 5.303325
0.426510 3.859148 4.596713
0.443120 2.866486 1.672137
0.459720 0.400728 -2.702742
0.475830 -2.167807 -6.463925
0.492190 -3.251890 -7.979825
0.508790 -2.129040 -6.907197
0.524900 0.150760 -4.092783
0.544430 1.594793 -0.314312
0.557860 1.426195 3.603297
0.574460 0.502590 6.161477
0.607420 -0.151422 6.527542
0.623540 -0.144083 4.596551
0.639890 0.436589 0.693963
0.658940 1.017595 -3.685308
0.672850 0.890800 -6.631601
0.689450 0.103224 -6.898719
0.705810 -0.261424 -4.746225
0.722170 0.475706 -1.624540
0.738770 1.485193 1.090023
0.755130 1.813737 2.191270
0.772710 1.316637 1.359938
0.787840 0.312414 -0.253353
0.804440 -0.454041 -1.187357
0.820800 -0.657593 -0.980331
0.837400 -0.793568 -0.128889
0.853520 -1.050692 0.721762
0.871830 -1.245857 1.073760
0.886470 -1.437586 0.716913
0.902830 -1.975601 -0.177220
0.919430 -2.707305 -0.876796
0.935790 -2.457369 -0.389048
0.952150 -0.806121 1.637896
0.968750 1.301738 4.183452
0.984860 2.998657 4.945267
1.001460 3.740531 2.334528
1.018070 3.297519 -2.439749
1.034670 1.946742 -5.706302
1.050780 0.330382 -4.382654
1.067140 -0.631980 1.072182
1.083500 -0.279936 7.271407
1.100100 1.074027 10.769464
1.116460 2.297314 10.134549
1.132810 2.472967 6.006851
1.149170 1.674542 0.118469
1.165770 0.530011 -5.294083
1.182130 -0.529450 -8.108424
1.200680 -1.331359 -7.715135
1.214840 -1.642289 -5.423211
1.247800 -1.340448 -3.040600
1.264400 -0.855256 -1.628606
1.297120 -0.636489 -1.152966
1.314700 -0.447758 -1.093830
1.329830 0.569303 -0.826304
1.346440 2.657282 0.219636
1.362790 4.647320 1.529948
1.379150 5.157903 1.749172
1.395750 3.908075 0.167526
1.412110 1.810052 -2.405254
1.428470 0.106712 -4.189500
1.445070 -0.593263 -4.254486
1.461430 -0.807171 -2.911253
1.494140 -1.161011 -0.965847
1.510740 -0.899449 0.506889
1.543460 1.284619 0.844602
1.559810 4.856334 0.243721
1.576170 7.208138 -0.433469
1.592770 6.770174 -0.574895
1.609130 4.720841 -0.615380
1.642090 2.740693 -1.028307
1.658450 1.222544 -1.336739
1.674800 0.100552 -0.804282
1.691410 -0.175783 0.289997
1.707760 0.754191 1.063283
1.724370 2.204666 1.378554
1.740720 2.988864 1.758448
1.757320 2.514794 2.351577
1.773440 1.195780 2.871752
1.789790 0.241201 3.350782
1.806150 0.310989 3.885672
1.822750 0.612327 4.000575
1.839360 0.093280 3.009230
1.855710 -1.064142 0.799003
1.872070 -1.715613 -2.083441
1.888430 -1.027632 -4.792868
1.905030 1.361013 -6.133887
1.937740 5.020287 -5.069937
1.954350 8.316075 -2.207297
1.987060 9.383533 0.358462
2.003660 7.528145 1.012729
2.036380 3.729091 0.358073
2.052730 -0.210566 -0.073408
2.069340 -2.504849 -0.070574
2.085690 -2.513913 0.255021
2.102290 -0.956726 1.300437
2.118650 1.581070 3.140119
2.134770 4.678239 4.795384
2.151370 7.112055 4.739843
2.167720 7.404589 2.494186
2.185060 5.672332 -0.727055
2.200680 3.611524 -3.128232
2.216800 2.181856 -3.927036
2.233400 0.962231 -3.766082
2.250000 -0.283719 -3.602652
2.266360 -1.086359 -3.142277
2.282710 -0.975991 -1.700809
2.299070 0.468974 0.000454
2.332280 3.092955 0.700135
2.348630 5.711277 0.371610
2.381350 6.938827 0.431468
2.397710 6.238416 1.979387
2.414060 3.766934 4.256464
2.430660 0.181780 5.637293
2.447020 -4.800776 5.226635
2.463380 -13.466888 3.475635
2.479980 -25.038705 1.812683
2.496340 -33.494510 1.055299
2.529050 -32.758145 0.879865
2.545650 -23.419279 0.459995
2.562010 -12.443001 -0.743116
2.578370 -4.786353 -2.491376
2.594970 -0.953387 -4.258234
2.611330 0.295950 -5.274084
2.627690 0.501146 -4.966853
2.644040 0.447821 -3.535651
2.677000 0.216094 -1.459752
2.693600 -0.048323 0.707314
2.726320 0.156470 2.113834
2.742920 0.678994 1.948568
2.775630 0.728431 0.395644
2.791990 0.028913 -0.659017
2.808590 -0.751635 0.974993
2.824950 -0.708006 5.207194
2.841310 0.813258 9.432389
2.857670 4.834033 10.689765
2.874270 10.740365 8.369168
2.890630 15.326173 4.410027
2.923580 15.746374 1.003728
2.939940 12.099946 -0.794637
2.972660 7.274363 -1.014828
2.989260 3.320807 -0.576822
3.005620 0.388366 -1.150092
3.021970 -1.572478 -3.888693
3.038570 -2.557422 -7.985206
3.054930 -1.904947 -11.135763
3.071530 0.932425 -11.267314
3.087890 4.622103 -8.062170
3.120610 6.788798 -3.452042
3.136960 6.087005 0.040611
3.169920 3.225925 1.573476
3.186280 0.037207 2.030453
3.202640 -2.336609 2.402646
3.219240 -3.073897 2.951135
3.235600 -3.088289 4.067307
3.251950 -6.096825 6.327931
3.268550 -12.920361 8.653629
3.285160 -19.269606 8.856125
3.301270 -20.317499 6.061490
3.317870 -15.666969 1.720245
3.334230 -9.004168 -1.432119
3.366940 -3.046965 -2.237375
3.383540 1.124575 -1.686779
3.416260 2.955059 -1.359310
3.432860 2.480207 -2.324521
3.465580 0.111770 -4.050491
3.481930 -2.706152 -5.077497
3.514890 -3.701564 -4.710983
3.531250 -2.015760 -3.277540
3.547850 0.529676 -1.419862
3.563960 1.783478 0.688183
3.580570 1.487667 2.898053
3.596920 0.675887 4.347978
3.613530 0.310844 3.948584
3.629880 0.559115 1.680886
3.646240 0.912483 -0.961194
3.662840 0.770469 -2.358637
3.679200 0.028186 -1.923751
3.695560 -0.982025 -0.102189
3.711910 -1.890563 2.457381
3.728520 -2.159093 5.037419
3.744870 -1.233362 6.381573
3.761230 0.566024 5.853260
3.777830 2.012283 3.855536
3.794190 2.222986 1.009652
3.810790 1.405728 -2.147201
3.827390 0.099465 -5.053846
3.843750 -1.507806 -6.670293
3.860110 -2.987034 -6.139189
3.876710 -3.433845 -3.681236
3.893070 -2.160037 -0.404300
3.909420 0.459434 2.561009
3.926030 2.984272 4.555015
3.942140 3.995620 4.905579
3.958740 3.016025 2.963906
3.974850 0.880954 -1.015109
3.991210 -0.880620 -5.237369
4.007810 -1.468408 -7.308752
4.024170 -1.017310 -5.982456
4.040770 0.020726 -1.789634
4.057130 1.108091 3.383392
4.073490 1.607172 7.200091
4.089840 1.117322 7.926806
4.106200 0.229433 5.311214
4.122800 -0.147174 0.803304
4.139400 0.561238 -3.428438
4.155520 2.569487 -6.012908
4.172120 5.001069 -6.345162
4.188480 6.011385 -4.171569
4.204830 4.499333 -0.152130
4.221190 1.667637 4.075879
4.237790 -0.359422 6.785538
4.254150 -1.097737 7.507487
4.270750 -1.324276 6.561030
4.287110 -1.299036 3.908522
4.303470 -0.895051 -0.404469
4.319820 -0.406115 -5.296832
4.336180 -0.349932 -8.501557
4.352780 -0.914369 -8.311320
4.369140 -1.447692 -5.390375
4.385740 -1.356256 -1.980071
4.402100 -1.220303 0.768107
4.418700 -1.869702 3.036943
4.435060 -3.197916 4.818058
4.451420 -3.906617 6.166484
4.468020 -3.060542 7.179817
4.484380 -1.033328 7.431627
4.500730 1.688172 6.129063
4.517090 3.889525 3.196694
4.533450 3.540409 -0.381201
4.550050 0.277145 -4.420361
4.566160 -3.699802 -8.751703
4.582760 -5.310483 -11.392688
4.600340 -3.720700 -10.509749
4.615720 -1.165166 -6.668433
4.648440 -0.001885 -2.421445
4.665040 -0.558491 0.382943
4.697750 -1.443977 1.793538
4.714360 -0.808691 2.338433
4.747070 1.903919 2.175713
4.763430 5.143543 1.492711
4.796390 7.045006 1.079908
4.814450 6.901654 1.771122
4.829100 5.478992 3.411627
4.845460 3.938267 5.199759
4.862060 2.695827 6.645442
4.878420 2.324253 7.297514
4.894780 2.980008 6.371627
4.911380 3.540158 3.923547
4.927730 2.639689 1.520330
4.944090 0.242902 0.416502
4.960940 -2.102838 0.258895
4.977050 -2.837877 0.074563
4.993410 -1.793657 -0.553422
5.010010 -0.428522 -1.770596
5.026120 -0.799828 -3.812176
5.042720 -3.509289 -5.663702
5.059080 -6.713730 -5.680286
5.075680 -7.773546 -3.625108
5.092040 -5.867256 -0.650672
5.108400 -2.721906 1.922226
5.125000 -0.487161 3.600389
5.142820 0.213493 4.073809
5.157710 0.001289 2.801780
5.174070 0.060529 -0.044238
5.190670 1.148520 -3.137780
5.207030 3.091884 -4.905762
5.223390 5.178082 -5.070074
5.239990 6.339470 -4.698580
5.256350 6.046378 -4.435532
5.289060 4.728560 -3.909769
5.305660 3.551539 -2.990582
5.338380 3.360850 -2.080004
5.354980 3.800118 -1.263582
5.387700 3.406345 -0.448244
5.404050 1.541352 0.100782
5.437010 0.233638 0.465985
5.453130 2.502857 1.286821
5.469970 10.101661 2.958866
5.486330 19.914215 5.192878
5.502690 25.849308 7.105762
5.519290 24.787760 7.687427
5.535640 17.941024 6.214499
5.552000 9.530876 2.798709
5.568360 2.650893 -1.428900
5.584960 -1.730812 -5.085655
5.601320 -3.449228 -6.997243
5.617920 -3.206644 -6.459207
5.634280 -1.794853 -4.041835
5.650390 0.069319 -1.016457
5.666990 1.467158 1.788349
5.683350 1.478407 3.746693
5.699950 0.112881 4.385467
5.716310 -1.450858 3.724053
5.732910 -1.941610 2.223168
5.749270 -1.221310 0.424633
5.765630 -0.199153 -1.311474
5.781980 0.347787 -2.545808
5.798830 0.186235 -2.847131
5.831300 -0.323055 -2.206099
5.847900 -0.621896 -1.162521
5.864260 -0.481819 -0.622328
5.880620 -0.080866 -0.956433
5.896970 0.187091 -1.284077
5.929930 0.361224 -0.670214
5.946290 0.699680 0.325175
5.979000 1.062379 0.601467
5.995610 1.269585 0.349760
6.028320 1.545003 0.370203
6.044920 2.285210 0.292368
6.077880 3.098303 -0.602336
6.094240 2.882756 -1.657769
6.126950 1.343678 -1.674579
6.143310 -0.009421 -1.072189
6.176270 -0.042630 -1.065588
6.192630 -2.127965 -1.498388
6.225590 -11.129713 -1.594928
6.242190 -25.243052 -1.007521
6.274900 -35.399159 -0.247009
6.291500 -34.252794 -0.343342
6.324220 -23.878427 -1.280463
6.340580 -11.806711 -2.108519
6.373540 -3.116047 -1.904865
6.389890 0.797854 -0.834525
6.422610 0.745998 -0.159352
6.439210 -1.094926 -0.052934
6.472170 -2.389346 0.135056
6.488530 -2.371306 0.476298
6.521480 -2.052980 0.794351
6.537600 -2.204866 1.085566
6.570560 -2.356989 1.361774
6.587160 -1.737450 1.373439
6.619870 -0.523210 0.947539
6.636230 0.232127 0.348988
6.669190 -0.009460 0.315942
6.685550 1.431863 1.182434
6.718510 8.473322 2.767320
6.734860 20.017139 4.450130
6.751220 30.126945 5.076016
6.767580 33.307738 4.198038
6.784180 29.081357 2.644414
6.800540 20.540356 1.452376
6.817140 10.781045 0.298202
6.833250 2.997893 -1.833955
6.849850 -1.070159 -4.594477
6.866210 -2.171980 -6.113983
6.882810 -1.708738 -4.975741
6.915530 -0.586779 -1.710672
6.931880 0.486776 1.884590
6.948240 0.550934 4.235018
6.964840 -0.728183 5.113822
6.981200 -2.129299 5.212965
6.997560 -2.048269 4.966142
7.013920 -0.472569 4.419403
7.030520 0.999954 3.709834
7.046880 0.973263 3.317677
7.063480 -0.268505 3.467789
7.079830 -1.217368 3.613911
7.096190 -0.981392 2.727334
7.112790 -0.185670 -0.038833
7.129150 0.203944 -4.515549
7.145510 0.148257 -8.735906
7.162110 0.070647 -9.981425
7.178470 0.096357 -7.895544
7.211180 0.183087 -4.800046
7.227540 0.629575 -2.969194
7.260500 1.377192 -2.284105
7.277100 1.270323 -1.274768
7.309810 -0.353140 0.076265
7.326170 -2.557190 1.194545
7.342770 -3.820324 2.441239
7.359380 -3.581234 4.660725
7.375490 -2.616363 7.497529
7.391850 -1.809536 8.976992
7.408450 -1.301185 8.109783
7.424800 -0.519849 5.864893
7.457760 1.103552 3.709791
7.474120 3.143404 2.220654
7.507320 4.413577 1.063657
7.523440 4.270443 -0.040336
7.539790 3.158009 -1.250110
7.556400 1.930331 -2.620049
7.572750 1.065306 -3.799702
7.589360 0.643007 -4.330163
7.605470 0.679172 -4.163613
7.622070 1.225171 -3.728474
7.638430 2.189089 -3.362909
7.654790 2.986133 -2.846963
7.671390 2.944523 -1.937788
7.687740 2.131176 -1.236295
7.704100 1.090213 -1.852723
7.720460 -0.172696 -3.805333
7.753420 -1.800065 -5.520687
7.769780 -3.056186 -5.412370
7.802730 -2.996585 -3.449784
7.819090 -1.586166 -0.682479
7.835450 0.101283 2.175601
7.852050 0.718946 4.891159
7.868410 -0.162521 6.862210
7.884770 -1.757368 6.886954
7.901370 -2.477488 4.460573
7.917720 -1.693491 0.653202
7.934080 -0.623801 -2.433224
7.950440 -0.356787 -2.871939
7.966800 -0.646845 -0.247955
7.983400 -0.724679 3.924483
8.000000 -0.389419 7.002815
8.016360 -0.176109 7.275879
8.049070 -0.813298 5.134149
8.065430 -2.121447 2.354549
8.082030 -2.854715 0.825443
8.098390 -2.238802 0.900796
8.114990 -0.763239 1.296045
8.131350 0.478624 0.708751
8.147710 1.038186 -0.827916
8.164060 1.300677 -2.369323
8.180420 2.249637 -3.584381
8.197020 2.175445 -4.515946
8.213620 -5.090296 -4.799186
8.246090 -20.813284 -4.098820
8.262700 -35.531852 -2.610933
8.295650 -38.303460 -0.887875
8.311770 -28.990259 0.391336
8.344730 -16.708679 0.484754
8.361080 -7.559106 -0.522079
8.394290 -1.924194 -1.270131
8.410640 0.871216 -0.806247
8.443360 1.601645 0.026447
8.459960 1.486456 -0.090781
8.492680 1.296361 -0.954335
8.509030 1.033705 -1.114611
8.541990 0.745660 -0.121077
8.558350 0.507288 0.951904
8.591310 0.394224 1.192765
8.607670 0.404225 0.598062
8.641110 0.044857 -0.125453
8.657230 -0.744800 -0.117579
8.673340 -1.018942 1.180226
8.689700 0.312878 3.775644
8.706300 2.931779 6.795517
8.722660 5.004769 9.106445
8.739260 5.462202 9.855793
8.755620 4.680980 8.485828
8.788330 3.154491 5.113046
8.804690 1.166313 0.748236
8.821290 -0.860508 -3.116762
8.837650 -2.873144 -5.632309
8.854250 -4.611823 -7.119328
8.870610 -2.779555 -8.025040
8.886960 7.177916 -8.099726
8.903320 23.272491 -6.812611
8.936280 35.540453 -4.399654
8.952640 35.626603 -2.096785
8.985600 25.315957 -0.745453
9.001950 12.858214 -0.175673
9.034910 3.628696 0.220180
9.051270 -1.630555 0.663372
9.084230 -3.582343 0.829559
9.100590 -3.246598 0.894030
9.116940 -2.014266 1.443800
9.133300 -1.024903 2.654160
9.149900 -0.331789 4.083415
9.166260 0.446598 4.793632
9.182860 0.876589 3.658129
9.199220 0.625987 0.513185
9.215580 0.369370 -2.661642
9.231930 0.823232 -3.045575
9.248290 1.705475 -0.210227
9.281250 1.929002 3.106497
9.298830 1.028382 4.530724
9.330570 -0.257981 4.093930
9.346920 -0.940008 2.827651
9.379880 -1.041592 1.506326
9.396240 -1.315222 0.655570
9.412600 -1.714656 0.770638
9.428960 -1.167048 1.684426
9.445560 0.283074 2.454812
9.462160 1.287265 2.205741
9.478520 2.226156 0.954470
9.494870 4.220404 -0.948165
9.511230 6.054743 -3.430740
9.527830 5.221754 -5.881969
9.544190 1.930882 -7.038519
9.576900 -0.641278 -5.906110
9.593510 -1.315075 -3.213740
9.626220 -1.760667 -0.602915
9.642580 -2.644830 1.483758
9.675540 -2.814315 3.215558
9.691890 -1.660888 4.115792
9.708500 -0.379780 3.705963
9.724850 -0.560712 3.150858
9.741460 -1.883416 4.126026
9.757810 -2.270603 6.283371
9.774170 -0.397695 7.366540
9.790770 2.652800 6.067751
9.823490 4.380382 3.574294
9.839840 3.845340 1.377896
9.856450 2.402965 -0.424980
9.872560 1.313447 -2.498437
9.889160 0.832967 -4.603213
9.905520 0.674355 -5.513658
9.921880 0.152412 -4.754817
9.938480 -0.935283 -2.879238
9.954830 -1.934461 -0.908247
9.971190 -2.165826 0.312048
9.987790 -1.648766 0.631549
10.004150 -0.930413 0.388184
10.020750 -0.167591 0.329365
10.036870 0.591100 0.610014
10.053470 0.809143 0.254196
10.070070 0.492077 -1.527296
10.086180 0.337846 -4.111611
10.102540 0.492742 -5.463150
10.119140 0.225057 -3.935830
10.135500 -0.609313 -0.374266
10.151860 -0.928983 2.282196
10.168460 -0.174999 1.723828
10.184810 0.990089 -1.395759
10.201170 1.654215 -4.357341
10.217770 1.566482 -5.444343
10.234130 0.860565 -4.804958
10.266850 -0.587483 -3.459863
10.283450 -2.393318 -2.202129
10.316410 -3.571098 -1.354105
10.332760 -3.580291 -0.987173
10.365480 -2.538039 -0.670783
10.381840 -1.106728 -0.218167
10.414790 -0.173952 0.279219
10.431150 0.045617 0.975676
10.464110 -0.037102 1.406110
10.480470 -0.453613 0.906852
10.513430 -1.082880 -0.222083
10.529790 -0.507812 -1.009643
10.562740 2.218176 -0.729887
10.579100 5.575614 0.100138
10.611820 6.811039 0.601081
10.628660 5.220279 0.584481
10.661130 2.686203 0.315885
10.677730 0.737206 0.556682
10.694090 -0.512237 2.221965
10.710450 -1.410163 5.708079
10.727050 -1.929252 9.887402
10.743410 -1.659529 12.118369
10.759770 -0.723919 10.256730
10.776120 0.209848 4.944527
10.792720 0.597377 -0.867485
10.809080 0.512117 -4.641302
10.825440 0.514517 -5.724037
10.858400 0.613967 -4.817157
10.874760 0.081868 -2.917972
10.907960 -1.495804 -1.247543
10.924070 -3.199994 -0.508523
10.940430 -3.400627 0.003734
10.957030 -2.050810 1.543347
10.973630 -0.545469 3.860325
10.989750 0.251607 4.678321
11.006350 0.262364 2.605224
11.022710 -0.111118 -0.884675
11.039060 -0.433617 -2.868568
11.055660 -0.515383 -1.769272
11.072020 -0.659537 1.324301
11.088380 -1.552321 3.773494
11.104980 -2.856722 3.503520
11.121090 -3.420444 1.023727
11.137700 -2.672851 -1.045366
11.154050 -1.028781 -0.722784
11.170410 0.632161 1.419196
11.187010 1.767603 2.890525
11.203370 2.129009 1.929861
11.219730 1.592911 -0.706965
11.236080 0.224977 -2.607967
11.252690 -1.385263 -1.918565
11.269290 -2.358559 0.666918
11.285400 -2.407760 2.064237
11.302000 -2.024296 0.614494
11.318360 -1.761800 -1.717906
11.351320 -1.457474 -2.180237
11.367680 -0.736848 -0.694664
11.384280 0.158480 0.473665
11.400630 0.659268 0.168168
11.416750 0.473800 -1.090263
11.433350 -0.066347 -2.928978
11.449710 -0.062863 -4.850618
11.466060 0.948830 -5.895056
11.482670 2.148972 -5.477036
11.499270 2.042704 -4.187534
11.515870 0.330531 -2.927156
11.531980 -1.538015 -1.488112
11.548340 -2.205749 0.329542
11.564700 -1.805538 2.087777
11.581300 -1.301012 3.305832
11.597660 -1.161108 3.629301
11.614010 -0.985797 3.359983
11.630620 -0.126143 2.908855
11.646730 1.122814 2.196732
11.663330 2.070912 1.135377
11.679930 2.527694 -0.341355
11.696290 2.113452 -2.016794
11.712650 0.653058 -3.713226
11.729000 -1.203201 -5.669731
11.745610 -2.262908 -7.260499
11.761960 -1.940453 -7.475397
11.794920 -0.856461 -6.159384
11.811040 0.145410 -3.815272
11.843990 0.596049 -1.217230
11.860600 0.389931 1.131457
11.893310 -0.209699 2.648833
11.909910 -0.678946 2.974714
11.942870 -0.821513 2.647001
11.958980 -0.851126 2.178393
11.991940 -0.758693 1.737691
12.008300 -0.189936 1.247269
12.041260 1.101952 0.537838
12.057620 2.620752 -0.078139
12.090330 3.356931 -0.377782
12.106930 2.986173 -0.544111
12.139650 2.015302 -0.694408
12.156250 0.811755 -0.496175
12.172610 -0.503572 0.823674
12.188960 -1.446994 3.324635
12.205320 -1.627356 5.949055
12.221920 -1.484980 7.433968
12.238280 -1.570062 7.043768
12.255860 -1.631837 4.953514
12.287840 -1.081513 2.249725
12.303960 -0.068374 0.399856
12.336910 0.754013 -0.061271
12.354980 1.277963 0.276097
12.369870 1.567672 0.851478
12.386230 1.174242 1.055486
12.402590 -0.058122 0.244235
12.418950 -1.350666 -1.537329
12.435550 -1.572336 -3.336817
12.451900 -0.321901 -3.980941
12.484860 1.510682 -3.242447
12.501220 2.449289 -1.783369
12.534180 2.124618 -0.251976
12.550290 1.565785 1.077210
12.583250 1.277765 2.129290
12.599850 0.734682 2.749891
12.616210 -0.279011 2.449245
12.632570 -1.002763 1.043848
12.649170 -0.705911 -0.349574
12.665530 0.602472 -0.364069
12.683350 2.731603 0.541100
12.698240 5.125129 0.920255
12.714840 6.648758 0.438235
12.731200 6.129941 -0.396643
12.747560 3.654440 -1.322156
12.780520 0.796367 -2.479080
12.796880 -1.040210 -3.283817
12.829830 -1.487135 -2.400637
12.846190 -1.277155 0.185624
12.862790 -1.326377 2.681851
12.879150 -1.986039 3.184548
12.895260 -3.099701 1.525718
12.911870 -3.648618 -0.731861
12.928470 -2.708823 -2.438238
12.944820 -0.848852 -3.598802
12.961180 0.632782 -3.874188
12.977540 1.350406 -2.265490
12.994140 1.618507 1.219990
13.011960 1.431274 4.793468
13.027100 0.692947 6.318760
13.043210 -0.280090 4.716905
13.059810 -1.082847 0.697039
13.076170 -1.635316 -3.339743
13.092770 -1.626706 -5.437950
13.109130 -0.464349 -5.786409
13.125490 0.936313 -5.791636
13.141850 0.451226 -5.847325
13.174800 -2.245754 -5.186055
13.191160 -4.973545 -3.604572
13.224120 -5.737924 -1.858190
13.240480 -4.673514 -0.869079
13.273190 -2.570919 -0.867669
13.289790 -0.114809 -1.356738
13.322750 1.790972 -0.584233
13.341800 2.765199 3.652288
13.372310 3.032266 10.666968
13.388430 2.848629 16.578430
13.421390 2.008654 17.232444
13.437740 0.738960 12.368273
13.454100 0.236696 5.873788
13.470700 0.919581 1.238302
13.487060 1.824076 -0.346944
13.520020 1.764820 0.327917
13.536380 0.531725 1.578502
13.569090 -0.526885 2.000456
13.585690 -0.422914 1.096886
13.618410 0.242820 -0.223888
13.634770 0.002196 -0.935566
13.668210 -4.426030 -1.150446
13.684080 -15.545842 -1.357306
13.716800 -29.506554 -1.680858
13.733400 -37.348505 -1.878090
13.766110 -33.556505 -1.800385
13.782470 -21.883829 -1.571064
13.815430 -10.007599 -1.036889
13.832030 -1.938985 -0.312534
13.864750 1.931219 0.032896
13.881350 2.397411 -0.155793
13.914060 0.789536 -0.754498
13.930420 -1.210430 -1.207584
13.946780 -2.107638 -0.785079
13.963380 -1.215392 0.505999
13.979740 0.701725 2.046199
13.997560 1.951109 2.766095
14.012450 1.849747 2.181968
14.029050 1.082245 0.876231
14.045410 0.436992 -0.367464
14.062010 0.155002 -0.658333
14.078130 0.043306 0.238121
14.094730 -0.181535 1.262042
14.111820 -0.707246 1.170409
14.127440 -1.319212 -0.209350
14.144040 -1.467062 -1.750792
14.160400 -1.189202 -2.001109
14.177000 -0.811122 -0.607843
14.193360 -0.053307 1.445115
14.209720 1.383223 3.079338
14.226070 3.001312 3.911693
14.242430 3.664501 3.987154
14.259030 2.708966 3.216405
14.275390 0.675179 1.589498
14.291750 -1.238821 -0.345554
14.308110 -2.149880 -2.234962
14.324710 -2.036064 -3.740655
14.341310 -1.534585 -4.097811
14.357670 -1.284300 -3.207339
14.374020 -1.352940 -2.079894
14.390380 -1.246134 -1.693168
14.407230 -0.515377 -1.497868
14.423580 0.631903 -0.435735
14.439940 1.533064 1.110613
14.456540 1.978975 1.905811
14.472660 2.016067 1.554056
14.489010 1.261943 0.771328
14.505620 -0.287629 0.256720
14.521970 -1.834841 0.086678
14.538330 -2.331660 -0.212376
14.554690 -1.344399 -1.126047
14.571290 0.755464 -2.692137
14.587650 3.394970 -4.173041
14.604000 5.310484 -4.079559
14.620610 5.253094 -2.043106
14.636960 3.448025 0.496372
14.653810 1.477569 2.240037
14.669920 0.813227 3.129888
14.686280 1.288401 3.700407
14.702640 1.789312 3.789882
14.719240 1.641767 3.185700
14.735600 0.720577 2.821014
14.751950 -0.924043 3.080592
14.768310 -2.666092 3.056712
14.784670 -3.741423 1.821915
14.801270 -4.522555 -0.652050
14.817630 -5.706510 -3.510824
14.833980 -6.819790 -5.741155
14.850590 -6.611015 -6.010346
14.866940 -4.748183 -3.960169
14.899660 -2.102165 -1.655224
14.916260 0.522259 -0.942820
14.932620 2.730215 -1.015139
14.948970 4.277318 0.075254
14.965330 4.746474 2.193379
14.983150 3.733403 3.610093
14.998540 2.041510 4.322221
15.014650 1.219552 4.707006
15.047610 1.300375 3.921091
15.063960 0.586898 2.126513
15.096680 -1.234243 0.816131
15.113280 -2.069363 0.737593
15.146240 -0.853362 0.996253
15.162600 0.717172 0.731169
15.179200 0.841263 0.194158
15.195310 0.146214 -0.605848
15.211670 -0.263211 -1.671914
15.228520 -0.761664 -2.266111
15.244630 -1.618085 -2.376933
15.261230 -2.096072 -2.368624
15.277590 -1.403151 -1.605139
15.293950 -0.154737 0.563667
15.310550 0.724891 3.265168
15.326900 1.570636 4.273210
15.343510 2.161627 2.329703
15.359620 1.741176 -1.193182
15.376220 0.716447 -3.415245
15.392580 0.341381 -2.409743
15.409180 0.952321 0.717344
15.425540 1.282609 2.836383
15.441890 0.725058 2.413996
15.458500 -0.268769 0.371554
15.474610 -1.807728 -1.870457
15.491210 -3.918723 -3.505439
15.507570 -5.634234 -4.087496
15.540530 -5.211988 -3.303131
15.556880 -2.125980 -1.525300
15.589600 1.637216 1.066547
15.606200 3.854195 4.955648
15.640380 3.660757 8.923273
15.655520 1.739781 10.159010
15.688230 -0.475067 7.544087
15.704590 -2.068100 3.632769
15.721440 -2.479245 1.834769
15.737550 -1.614634 1.935785
15.754150 -0.143923 1.654878
15.770510 0.940500 0.414792
15.786870 1.086734 -0.375619
15.803470 0.496791 0.129504
15.819580 -0.035750 0.882158
15.836430 0.303830 1.106936
15.852540 1.530664 1.337793
15.869140 2.732876 2.059316
15.885500 2.745239 2.725503
15.901860 1.451169 2.286676
15.918210 -0.152207 0.260757
15.934810 -1.410913 -2.798050
15.951170 -2.471669 -5.208743
15.967530 -3.555883 -5.346538
15.984130 -4.481419 -3.799833
16.000490 -4.333581 -2.348595
16.016850 -1.512220 -1.248205
16.033450 4.041078 0.441677
16.049800 9.580362 2.855734
16.066160 11.774237 4.541329
16.082520 9.733285 4.139639
16.099120 5.684547 1.945858
16.115720 2.229188 -0.603562
16.131840 0.311131 -1.959544
16.148190 -0.302049 -1.631786
16.164790 -0.427922 -0.518392
16.181400 -0.997064 0.266445
16.197510 -2.072395 0.489228
16.214110 -2.340327 0.437872
16.230470 -0.363606 0.090542
16.246830 3.328898 -0.530723
16.263430 6.427053 -0.988159
16.279790 7.261884 -0.782149
16.296140 6.130303 0.065418
16.312500 3.950775 0.855760
16.329100 2.132284 1.275038
16.345460 3.746474 1.634435
16.378420 10.243349 1.850945
16.394780 18.030317 1.617867
16.411130 21.069716 0.972053
16.427490 17.159768 0.177983
16.444090 9.945786 -0.426038
16.460450 3.812928 -0.609070
16.476810 0.205958 -0.180991
16.493410 -1.396633 0.760362
16.509520 -1.966019 1.532829
16.526120 -2.407957 1.622944
16.542720 -2.430757 1.131024
16.558840 -0.761812 0.070366
16.575440 2.586484 -1.758947
16.591800 4.067776 -3.817189
16.608400 -1.986129 -4.550300
16.624760 -14.888815 -2.588496
16.641360 -26.107841 1.384475
16.657710 -28.222274 4.810097
16.673830 -21.780915 5.711261
16.690430 -13.144823 4.163371
16.706790 -6.167689 1.603001
16.723390 -1.278547 -0.974271
16.739750 1.440193 -3.197906
16.756100 2.214024 -4.365396
16.772710 1.442680 -3.840109
16.788820 -0.047898 -1.989505
16.805420 -1.099011 -0.127874
16.821780 -0.714586 0.718403
16.839110 0.250333 0.525458
16.854740 -1.232822 -0.178155
16.871340 -6.048201 -0.841340
16.887700 -10.734269 -0.943868
16.904050 -10.896364 -0.450183
16.920410 -6.273131 -0.366086
16.936770 -0.906169 -1.373867
16.953370 1.610655 -2.608177
16.969970 0.666387 -2.895743
16.986330 -1.688284 -1.503983
17.002690 -2.454523 2.033842
17.019040 -0.189619 6.916766
17.035400 3.624507 10.651040
17.051760 5.992097 10.624019
17.069090 5.362566 7.118154
17.084720 2.708155 3.094763
17.117680 0.105203 0.514804
17.134030 -1.186851 -0.647494
17.150630 -1.427568 -1.380786
17.166750 -1.463880 -2.334474
17.183350 -1.451207 -3.117135
17.216060 -1.014146 -3.097998
17.232670 -0.164737 -2.196253
17.249020 0.467653 -0.876772
17.265380 0.254931 0.290979
17.283940 -0.771752 0.852512
17.298340 -1.942633 0.790488
17.314700 -2.423539 0.711940
17.331300 -1.789449 0.880177
17.347660 -0.159341 0.547491
17.364010 1.900064 -0.760811
17.380370 3.407251 -2.201509
17.396730 3.346835 -2.538395
17.413090 1.612434 -1.638670
17.429690 -0.352761 -0.340238
17.446040 -0.601412 0.989350
17.462650 1.188419 2.467786
17.479000 3.393134 3.658765
17.495610 4.353904 3.893984
17.511960 3.928155 3.510997
17.528320 2.959615 3.014507
17.544680 1.885172 1.645040
17.561040 0.900573 -1.203758
17.577640 0.429121 -4.094933
17.593990 0.651492 -4.571110
17.610600 1.249671 -2.407691
17.626710 1.525369 0.198866
17.643310 0.761630 1.526991
17.659670 -1.040269 1.179210
17.676030 -3.058053 -0.260324
17.692630 -4.149151 -1.610652
17.708980 -3.694094 -1.984785
17.725830 -2.379463 -1.446697
17.758300 -1.086796 -0.809675
17.774660 0.108975 -0.444518
17.807620 1.407148 0.139846
17.823970 2.799132 1.072964
17.840330 3.596743 1.599922
17.856930 3.074551 1.173441
17.873290 1.697214 0.176759
17.906010 0.538096 -0.596882
17.922610 0.233188 -0.870965
17.939210 0.399177 -0.916240
17.955320 0.032967 -0.952093
17.971920 -1.123404 -0.979072
18.004640 -2.517207 -0.839116
18.021000 -3.303125 -0.344310
18.037600 -2.670593 0.509049
18.053960 -0.693643 1.547322
18.070310 1.446760 2.447823
18.086670 2.425576 2.706317
18.103030 2.010891 2.070923
18.119630 0.753261 0.844811
18.152590 -1.226564 -0.371945
18.168950 -3.723000 -1.139195
18.201900 -5.701708 -1.459019
18.218020 -5.963317 -1.392927
18.250980 -4.803306 -0.755505
18.267580 -2.877969 0.670037
18.300540 2.354211 2.594254
18.316890 13.610253 3.826098
18.349610 27.360225 3.283773
18.365970 35.159858 1.163490
18.382570 32.077732 -1.221008
18.398930 21.647156 -2.409261
18.415530 10.636823 -2.187175
18.431640 2.590181 -1.632757
18.448240 -1.632539 -1.487285
18.464600 -2.084404 -1.303073
18.497560 -0.143431 -0.470729
18.513920 1.880576 0.773983
18.530520 2.581231 2.027512
18.546880 2.450911 3.460411
18.563230 2.337986 5.018328
18.579590 1.767965 4.762571
18.595950 0.024768 0.532511
18.612550 -2.332729 -7.479981
18.628910 -4.031508 -17.488072
18.645510 -4.306701 -26.012743
18.661870 -3.390869 -29.210993
18.678220 -2.017382 -25.341907
18.694580 -0.610955 -16.090933
18.710940 0.725110 -6.407046
18.743900 1.797346 -0.323847
18.760250 2.093062 1.312604
18.776860 1.180719 0.091296
18.793210 -0.327308 -0.959677
18.809570 -1.064197 -0.265602
18.825930 -0.503407 1.087364
18.842530 0.257661 1.960789
18.858890 -0.035052 2.732868
18.875490 -1.157885 3.852342
18.891850 -1.905065 4.436780
18.908200 -1.606487 3.686810
18.941160 -0.855219 2.374601
18.957520 0.089278 1.279638
18.973880 0.831148 0.151880
18.990230 -0.459357 -0.984689
19.006840 -5.686930 -1.767428
19.023190 -15.382895 -2.503691
19.039790 -25.723962 -3.696244
19.056150 -30.605387 -5.111732
19.072510 -27.269049 -5.883358
19.088870 -18.171154 -5.421210
19.105220 -8.950106 -3.582395
19.121830 -2.843680 -0.473244
19.138180 0.452600 3.177667
19.154790 2.027992 5.959930
19.171140 2.497169 6.335930
19.187500 1.923838 3.641470
19.203860 0.346935 -1.066140
19.220210 -1.943956 -5.504372
19.236820 -3.760775 -7.708017
19.253170 -3.418413 -7.106491
19.285890 -0.826578 -4.687612
19.302490 2.177493 -1.744545
19.318850 3.536490 1.223373
19.335210 2.901015 3.960502
19.351810 1.313749 5.737507
19.368410 -0.388352 5.619772
19.384770 -1.163511 4.030013
19.401120 -0.407248 2.493295
19.417480 0.912899 1.652662
19.433840 1.180904 1.180830
19.450200 0.079135 0.681159
19.483400 -0.711341 0.104066
19.499760 -0.034481 -0.457101
19.532470 1.246522 -0.814906
19.548830 1.719841 -0.610810
19.565190 1.034232 0.221307
19.581790 0.162664 1.308818
19.598140 -0.073027 2.359973
19.614750 0.192238 3.350341
19.631100 0.510755 3.986819
19.647460 0.465671 3.619880
19.680180 0.085864 2.117396
19.696780 0.052534 0.286164
19.729490 0.653816 -0.931329
19.746090 1.138787 -1.276877
19.778810 0.732944 -1.020094
19.795410 -0.031696 -0.327440
19.828610 0.023849 0.583560
19.844730 0.862951 1.305170
19.877690 1.546329 1.714237
19.894040 1.562324 1.672794
19.910400 0.832391 0.824656
19.927000 -0.592794 -0.819253
19.943360 -2.357760 -2.901718
19.959720 -3.628107 -4.942805
19.976070 -3.658599 -6.072643
19.992430 -2.420942 -5.378429
20.009030 -0.448105 -2.870852
20.025390 1.379740 -0.118613
20.041750 2.408070 1.598648
20.058110 2.589494 3.182388
20.074710 2.048119 5.387344
20.091060 0.799940 7.088880
20.107420 -0.976507 6.515265
20.124020 -2.352419 3.141240
20.140380 -2.464204 -1.345158
20.156740 -1.763505 -4.547986
20.173100 -1.518721 -5.073796
20.189700 -2.024912 -3.236070
20.206300 -2.036245 -0.654896
20.222410 -0.826139 1.248508
20.239010 0.673763 1.878460
20.271730 1.186650 1.320820
20.288330 0.768672 0.090622
20.304930 0.447616 -1.267324
20.321040 0.317180 -2.425723
20.337650 -0.062906 -2.863347
20.353760 -0.449319 -1.795148
20.370360 -0.349302 0.787797
20.386720 0.001611 3.019627
20.403080 -0.014985 1.831912
20.419680 0.388796 -2.937060
20.436040 1.852250 -7.725471
20.452390 2.877808 -9.444810
20.468990 2.175982 -8.128875
20.485350 0.291101 -5.756676
20.501710 -1.125097 -2.907966
20.518070 -0.987251 0.497689
20.534420 0.188948 2.817208
20.551030 1.234472 2.700754
20.567380 1.105716 0.950021
20.583980 -0.026393 0.178409
20.600340 -0.800700 3.177346
20.616700 -1.093921 9.225480
20.633060 -1.550712 14.083770
20.649660 -1.604217 14.132912
20.666020 -0.341192 10.016815
20.682620 1.894631 5.638461
20.698970 3.575555 2.713952
20.715330 3.587837 1.019280
20.731930 1.880184 1.721712
20.764650 -0.629398 5.584491
20.782960 -2.404647 10.467240
20.813960 -2.559452 12.806131
20.830320 -1.526646 11.454726
20.863280 -0.578043 8.007851
20.879640 -0.357236 4.009623
20.912600 -0.407407 0.662442
20.928960 -0.099305 -0.991113
20.961910 0.563269 -1.133359
20.978270 0.763961 -0.810121
20.994630 -0.134334 -0.737639
21.010990 -1.739537 -1.115849
21.027590 -2.908213 -1.849785
21.043950 -2.631727 -2.433862
21.060300 -1.016742 -2.239136
21.076900 0.760464 -1.610882
21.109620 1.277756 -1.523767
21.126220 -0.051433 -1.859438
21.158940 -2.158678 -1.708333
21.175290 -3.204701 -1.027822
21.208250 -2.341988 -0.494229
21.224610 -0.763525 -0.053998
21.257320 -0.520012 0.691615
21.273930 -0.813910 1.601765
21.290530 2.415754 2.102441
21.306880 10.158115 1.540814
21.323240 17.447139 -0.004016
21.355960 18.642989 -1.688725
21.372560 13.631053 -2.573026
21.388920 7.166422 -2.169149
21.405270 2.449848 -0.443587
21.421880 -0.269192 2.281734
21.438720 -1.198129 4.507773
21.454590 -0.760886 4.008795
21.470950 0.264387 0.655259
21.487300 2.627665 -2.878824
21.503910 8.379618 -4.130237
21.520510 16.314301 -3.219216
21.553220 21.384052 -1.851652
21.569580 19.911149 -0.887723
21.602540 13.294507 0.063546
21.619140 5.825790 1.273695
21.652590 0.450894 2.350932
21.668210 -1.775290 2.739640
21.700930 -0.992200 2.347974
21.717530 -0.619192 1.832945
21.750490 -6.251139 1.395146
21.767090 -18.180297 0.339472
21.799800 -28.984049 -1.656620
21.816160 -30.795504 -3.840143
21.848880 -23.815590 -4.710657
21.865480 -14.631669 -3.870608
21.898190 -7.331308 -2.308045
21.914550 -2.056017 -0.917509
21.947270 1.331456 0.087971
21.963870 2.757237 0.990725
21.980470 3.034130 -0.079683
21.997070 3.081141 -6.311860
22.013180 2.998363 -16.536458
22.029540 2.927408 -25.147174
22.046140 3.437422 -27.240797
22.062500 4.497101 -23.060722
22.097660 4.960542 -16.428803
22.111820 4.100690 -9.418039
22.128170 2.651623 -2.108615
22.144530 1.564770 5.051949
22.161130 17.833303 18.120192
22.177250 -33.464619 -2.243910
22.193850 -77.933162 -24.935026
