0.000000 590.402400 326.707500
0.016450 602.414400 360.129000
0.032900 590.940000 327.243000
0.049330 589.276800 318.727500
0.065690 592.519200 297.265500
0.082080 578.995200 343.234500
0.098570 579.280800 345.838500
0.114940 573.434400 338.226000
0.131330 577.651200 361.693500
0.147840 580.322400 372.582000
0.164320 579.381600 371.248500
0.180760 591.057600 365.085000
0.197070 589.797600 359.709000
0.213580 591.007200 346.164000
0.230130 588.873600 334.593000
0.246320 586.622400 325.857000
0.262830 591.544800 333.154500
0.279330 579.163200 325.248000
0.295700 580.356000 330.372000
0.312060 577.180800 323.431500
0.328430 534.088800 353.839500
0.344960 535.298400 357.147000
0.361450 492.055200 305.130000
0.378010 510.955200 329.332500
0.394200 509.426400 324.156000
0.410690 506.822400 325.563000
0.427280 512.383200 305.728500
0.443620 514.500000 314.097000
0.459950 495.801600 317.709000
0.476320 523.840800 338.992500
0.492810 524.176800 338.541000
0.509310 507.124800 218.746500
0.525560 490.240800 160.114500
0.541930 485.990400 144.480000
0.558560 469.576800 150.633000
0.574940 491.366400 163.401000
0.591310 493.046400 170.089500
0.607850 493.600800 195.195000
0.624220 486.628800 179.875500
0.640690 488.796000 189.451500
0.657100 510.652800 212.730000
0.673550 506.671200 215.302500
0.689800 509.846400 227.640000
0.706310 508.032000 251.023500
0.722690 517.120800 235.851000
0.755710 559.070400 207.312000
0.772110 576.307200 228.228000
0.804960 573.115200 199.426500
0.821470 539.632800 222.684000
0.854220 556.365600 218.116500
0.870710 550.368000 218.704500
0.903580 510.501600 249.658500
0.919940 510.468000 240.397500
0.952820 485.419200 260.505000
0.969310 492.592800 262.899000
1.002110 481.874400 241.101000
1.018590 495.784800 238.591500
1.051350 498.573600 232.039500
1.067840 498.187200 234.160500
1.100710 483.672000 248.073000
1.117080 514.600800 226.642500
1.149930 566.277600 253.869000
1.166490 579.818400 263.634000
1.199200 555.206400 258.352500
1.215740 565.639200 261.964500
1.248460 576.105600 248.860500
1.264940 545.025600 240.891000
1.297910 633.981600 250.656000
1.314060 631.444800 246.046500
1.347080 646.396800 247.695000
1.363570 639.122400 262.888500
1.396440 644.918400 243.369000
1.412840 633.225600 264.390000
1.445690 652.764000 264.127500
1.462070 631.461600 249.763500
1.478440 631.125600 246.792000
1.494930 703.399200 234.517500
1.511310 726.952800 214.357500
1.527820 725.844000 202.093500
1.544200 724.214400 193.620000
1.560700 707.061600 200.697000
1.577060 706.406400 194.460000
1.593480 728.935200 181.146000
1.610000 736.444800 203.196000
1.626430 735.840000 193.242000
1.642700 736.243200 179.214000
1.659230 730.144800 140.049000
1.675570 729.674400 136.731000
1.692090 724.432800 139.933500
1.708440 732.765600 161.647500
1.724930 733.857600 175.171500
1.741420 726.952800 177.240000
1.757800 772.464000 184.380000
1.774220 772.464000 184.380000
1.790600 798.504000 172.168500
1.807050 777.369600 192.843000
1.823430 777.117600 182.878500
1.839940 800.150400 186.165000
1.856310 786.256800 149.079000
1.872800 785.887200 145.792500
1.889180 775.689600 166.719000
1.905690 777.823200 172.305000
1.922060 778.730400 194.775000
1.938580 784.224000 197.326500
1.954940 794.740800 226.936500
1.971500 794.808000 219.859500
1.987870 847.341600 190.228500
2.004200 871.903200 188.265000
2.020690 872.356800 163.411500
2.037060 846.484800 154.455000
2.053600 854.498400 138.432000
2.086440 851.508000 120.666000
2.102830 856.749600 132.657000
2.119190 856.480800 142.611000
2.135510 874.860000 159.715500
2.152050 876.943200 162.487500
2.168440 876.640800 175.927500
2.184940 872.760000 189.640500
2.201310 921.463200 175.602000
2.234190 889.089600 188.601000
2.250700 905.620800 214.336500
2.283580 901.773600 195.153000
2.299940 901.034400 201.463500
2.333010 944.344800 202.723500
2.349080 940.648800 199.531500
2.381940 945.806400 190.827000
2.398590 926.452800 203.815500
2.414810 926.032800 206.493000
2.431300 959.716800 228.984000
2.447810 937.204800 236.523000
2.464080 938.095200 230.044500
2.480680 927.696000 193.095000
2.497060 838.773600 180.253500
2.513430 838.504800 171.129000
2.530000 543.732000 184.558500
2.546310 545.596800 206.703000
2.562710 548.536800 219.807000
2.579190 576.105600 229.225500
2.595690 532.408800 226.968000
2.628620 552.468000 214.546500
2.644930 557.793600 216.100500
2.677670 506.906400 243.253500
2.694180 491.904000 212.299500
2.727220 477.254400 217.780500
2.743560 485.368800 184.684500
2.776290 492.643200 236.061000
2.792680 494.373600 231.304500
2.809250 496.591200 240.471000
2.825670 487.737600 255.958500
2.842060 508.435200 241.143000
2.858430 511.627200 253.260000
2.874800 613.569600 267.519000
2.891430 616.778400 268.317000
2.924180 600.751200 255.559500
2.940690 613.099200 251.265000
2.957060 611.587200 241.878000
2.973430 649.420800 247.443000
2.989820 631.713600 229.204500
3.006300 629.731200 217.276500
3.022710 611.906400 217.255500
3.039180 608.412000 213.811500
3.055760 609.823200 223.062000
3.072050 725.306400 246.130500
3.088500 739.502400 262.825500
3.104800 739.939200 265.713000
3.121310 737.335200 265.534500
3.137800 755.714400 251.464500
3.154170 754.437600 233.362500
3.170550 735.604800 221.035500
3.187060 731.388000 210.745500
3.203430 731.304000 207.732000
3.219920 774.429600 226.947000
3.236430 829.668000 219.880500
3.252690 829.567200 229.005000
3.269180 804.552000 239.841000
3.285550 808.886400 244.933500
3.302060 808.970400 253.869000
3.318440 822.628800 269.073000
3.334930 792.321600 263.518500
3.351360 792.304800 263.203500
3.367870 821.654400 265.146000
3.384200 801.763200 265.072500
3.400570 801.880800 262.374000
3.417070 815.656800 242.172000
3.433440 808.231200 238.266000
3.449940 808.382400 235.557000
3.466310 594.031200 269.808000
3.483930 547.545600 270.994500
3.499190 548.385600 276.853500
3.515560 526.982400 282.439500
3.532060 555.643200 291.196500
3.548580 558.028800 299.932500
3.564910 527.822400 309.130500
3.581480 532.224000 302.137500
3.597950 530.762400 296.646000
3.614350 536.440800 306.715500
3.630740 517.473600 295.911000
3.647050 518.011200 298.830000
3.663420 501.631200 291.427500
3.679950 495.532800 291.123000
3.696440 496.036800 290.304000
3.712740 513.660000 269.083500
3.729230 509.023200 249.343500
3.745560 505.814400 237.321000
3.762050 504.856800 252.903000
3.778410 495.230400 249.175500
3.794970 495.818400 252.588000
3.811430 502.404000 242.298000
3.827850 490.896000 259.581000
3.844210 494.776800 274.291500
3.860570 505.596000 292.971000
3.877060 498.086400 312.102000
3.893450 499.749600 317.656500
3.909850 507.292800 311.650500
3.926440 498.926400 324.439500
3.942690 499.480800 327.127500
3.959180 485.251200 387.261000
3.975740 478.564800 393.298500
3.992110 479.673600 395.430000
4.008420 487.653600 402.139500
4.024930 483.016800 393.099000
4.041430 479.673600 383.533500
4.057680 475.960800 389.140500
4.074170 475.272000 387.775500
4.107040 470.685600 379.774500
4.123600 467.476800 377.863500
4.156430 495.986400 392.049000
4.172670 496.910400 389.445000
4.189180 499.144800 396.847500
4.205550 508.872000 401.530500
4.222060 522.144000 406.066500
4.238430 523.135200 408.229500
4.254930 509.241600 409.206000
4.271480 518.414400 400.092000
4.287810 513.189600 382.620000
4.304320 820.764000 341.775000
4.320560 917.414400 324.733500
4.337040 918.136800 314.160000
4.353560 921.177600 308.700000
4.369920 926.772000 324.796500
4.402850 958.641600 325.300500
4.419170 964.269600 328.125000
4.452040 945.638400 354.112500
4.468540 941.371200 341.691000
4.484800 942.396000 333.385500
4.501300 936.633600 309.970500
4.517670 952.963200 288.687000
4.534180 954.055200 277.137000
4.550670 972.904800 270.637500
4.567050 961.245600 260.988000
4.599910 946.932000 274.228500
4.616420 921.664800 288.099000
4.649170 577.869600 406.140000
4.665570 464.637600 458.314500
4.698550 491.820000 484.018500
4.714800 478.900800 454.923000
4.731480 483.789600 469.329000
4.747680 492.357600 485.016000
4.764050 491.904000 514.143000
4.780730 499.380000 532.297500
4.797070 511.022400 560.311500
4.813480 501.715200 557.781000
4.829800 496.574400 544.162500
4.846300 501.412800 514.027500
4.862810 485.200800 479.346000
4.879070 477.943200 461.013000
4.895690 463.327200 468.625500
4.912060 469.560000 485.772000
4.928570 472.130400 492.901500
4.944810 545.949600 510.069000
4.961330 546.151200 533.736000
4.977800 547.293600 535.762500
4.994060 539.397600 524.695500
5.010680 552.955200 493.479000
5.026930 550.334400 486.664500
5.043550 549.040800 485.205000
5.059940 551.863200 473.476500
5.076310 553.341600 478.086000
5.092790 543.883200 498.603000
5.109240 547.276800 509.596500
5.125690 548.889600 514.300500
5.141980 513.340800 653.499000
5.158460 463.713600 671.979000
5.174800 465.931200 675.717000
5.191330 475.053600 654.748500
5.207670 475.960800 641.371500
5.240690 485.167200 637.003500
5.256940 486.662400 634.851000
5.289950 494.004000 651.777000
5.306440 499.800000 636.310500
5.339230 515.692800 635.743500
5.355730 497.196000 645.498000
5.388550 506.133600 620.634000
5.404970 510.434400 627.396000
5.437790 502.454400 664.566000
5.454330 505.780800 634.137000
5.487090 501.883200 639.786000
5.503460 492.475200 639.324000
5.536440 498.338400 663.327000
5.552780 542.522400 665.269500
5.585660 586.924800 641.193000
5.601930 574.408800 627.154500
5.634800 556.852800 658.119000
5.651170 560.952000 646.842000
5.684070 559.473600 634.777500
5.700680 562.867200 632.856000
5.733430 579.784800 646.464000
5.749920 566.260800 640.741500
5.783460 579.012000 656.848500
5.799210 554.836800 684.400500
5.831910 578.407200 682.300500
5.848560 495.516000 754.267500
5.881160 472.432800 746.560500
5.897800 475.339200 752.839500
5.914090 477.976800 757.144500
5.930730 509.140800 759.759000
5.947100 517.910400 762.825000
5.963580 521.438400 768.516000
5.979800 504.100800 771.435000
5.996290 510.048000 760.011000
6.012800 504.789600 750.666000
6.029050 505.864800 745.584000
6.045680 489.938400 740.124000
6.062060 482.328000 728.238000
6.078570 459.883200 735.997500
6.094800 449.988000 714.388500
6.127810 468.552000 735.409500
6.144040 480.480000 739.914000
6.176930 451.920000 742.738500
6.193420 461.126400 734.979000
6.226300 476.498400 729.298500
6.242680 465.931200 753.375000
6.275560 547.125600 727.933500
6.291950 537.297600 731.839500
6.308440 539.548800 736.564500
6.324940 534.122400 733.089000
6.341380 566.916000 745.069500
6.357800 570.057600 751.275000
6.374240 579.784800 753.396000
6.390550 565.588800 781.116000
6.423480 551.409600 765.943500
6.440080 561.624000 783.058500
6.472690 555.744000 769.765500
6.489170 592.166400 766.101000
6.521910 714.672000 870.334500
6.538560 738.393600 890.410500
6.571180 721.140000 884.310000
6.587800 713.865600 884.646000
6.620680 743.114400 881.737500
6.637070 738.477600 886.315500
6.669920 747.616800 891.702000
6.686290 738.813600 851.728500
6.719040 725.188800 861.714000
6.735690 721.375200 865.557000
6.768540 716.032800 869.484000
6.784930 728.968800 842.467500
6.817790 503.076000 859.750500
6.834170 491.988000 861.756000
6.850540 494.508000 864.990000
6.867050 506.217600 903.115500
6.883650 480.799200 900.532500
6.899800 482.126400 901.593000
6.916170 498.708000 886.063500
6.932850 504.268800 903.535500
6.949050 500.556000 899.661000
6.965680 499.228800 885.276000
6.981930 474.163200 897.834000
6.998410 471.206400 894.652500
7.014940 473.457600 854.406000
7.031170 449.517600 850.479000
7.047670 445.015200 845.712000
7.064190 443.536800 857.671500
7.080690 445.636800 844.903500
7.097060 448.660800 848.473500
7.113600 466.233600 871.290000
7.129790 455.061600 875.259000
7.146300 459.631200 879.805500
7.162800 487.972800 894.222000
7.179050 553.358400 895.219500
7.195540 551.107200 892.027500
7.212100 569.889600 880.173000
7.228470 564.564000 894.358500
7.244840 563.438400 893.151000
7.261170 575.988000 910.612500
7.277790 585.194400 904.858500
7.294160 588.201600 909.006000
7.310670 579.650400 900.910500
7.326920 582.304800 897.886500
7.359800 623.061600 908.082000
7.376170 672.117600 892.006500
7.409040 686.481600 867.510000
7.425700 664.456800 892.930500
7.458300 665.112000 884.919000
7.474930 672.084000 877.023000
7.507660 691.017600 891.891000
7.524230 755.815200 834.120000
7.557050 957.952800 757.711500
7.573430 939.002400 734.223000
7.589920 941.488800 724.206000
7.606230 938.078400 697.347000
7.622850 936.163200 695.530500
7.639050 937.204800 687.267000
7.655690 924.823200 698.029500
7.672060 922.891200 723.534000
7.688550 921.782400 730.306500
7.704800 949.670400 745.920000
7.721340 929.409600 736.942500
7.754180 937.423200 729.886500
7.770550 935.071200 725.560500
7.803440 947.889600 716.100000
7.819930 943.017600 715.344000
7.852660 929.527200 703.993500
7.869220 928.082400 720.447000
7.901930 802.636800 653.593500
7.918550 654.931200 561.676500
7.934920 656.124000 567.913500
7.951310 529.720800 514.962000
7.967800 541.564800 549.454500
7.984180 544.840800 558.190500
8.000690 526.226400 587.349000
8.016910 538.440000 562.590000
8.033430 538.440000 562.590000
8.049790 548.066400 531.121500
8.066330 542.858400 548.341500
8.099180 555.139200 570.885000
8.115750 543.664800 582.004500
8.131930 545.664000 587.895000
8.148560 565.286400 569.929500
8.164920 554.282400 581.563500
8.181170 555.273600 583.474500
8.197800 486.964800 566.265000
8.214160 491.047200 563.902500
8.230670 489.938400 562.044000
8.247040 500.808000 573.457500
8.263550 507.108000 587.769000
8.279920 510.602400 595.581000
8.296170 510.854400 601.345500
8.312790 505.562400 605.388000
8.329220 503.143200 599.445000
8.345600 497.851200 590.247000
8.362060 493.533600 563.734500
8.378430 491.803200 559.860000
8.394790 489.854400 521.472000
8.411160 498.943200 540.781500
8.427800 501.362400 547.249500
8.444030 511.560000 549.601500
8.460740 501.933600 551.449500
8.477100 503.664000 555.513000
8.493410 512.232000 561.319500
8.509780 521.203200 562.663500
8.542850 530.527200 571.599000
8.559170 534.391200 574.056000
8.575700 532.190400 567.777000
8.591930 520.800000 534.198000
8.608290 500.976000 386.736000
8.624850 497.666400 376.687500
8.641340 493.365600 336.714000
8.657840 490.593600 334.456500
8.674160 492.912000 342.573000
8.690690 504.907200 361.599000
8.707050 490.039200 364.791000
8.723600 493.516800 375.343500
8.739970 500.102400 377.937000
8.756360 508.804800 383.785500
8.772670 510.854400 391.062000
8.789170 538.389600 393.424500
8.805540 568.276800 318.696000
8.822050 571.603200 331.558500
8.838610 638.047200 140.122500
8.854980 641.743200 176.610000
8.871150 641.205600 164.514000
8.887790 706.473600 198.849000
8.904040 721.660800 163.012500
8.920550 720.619200 151.179000
8.936950 682.600800 167.590500
8.953570 665.246400 146.181000
8.986340 691.723200 164.083500
9.002790 698.560800 160.009500
9.035550 682.130400 150.223500
9.051930 689.556000 152.775000
9.084980 711.009600 144.606000
9.101180 745.987200 152.082000
9.134050 736.377600 160.314000
9.150670 728.280000 137.235000
9.166930 728.280000 137.235000
9.183470 744.693600 151.525500
9.200000 753.933600 156.670500
9.232860 694.512000 179.959500
9.249240 636.249600 164.577000
9.282100 635.124000 173.271000
9.298770 620.088000 145.236000
9.314960 621.364800 154.633500
9.331310 638.131200 169.879500
9.347840 648.446400 178.794000
9.364490 649.051200 181.587000
9.381040 646.363200 154.003500
9.397430 646.497600 160.629000
9.413590 644.784000 148.428000
9.429950 644.061600 139.324500
9.446460 615.367200 157.836000
9.479350 533.232000 216.636000
9.495710 536.558400 212.247000
9.528930 527.234400 219.103500
9.544940 534.290400 218.946000
9.577850 558.432000 217.381500
9.594330 544.437600 220.069500
9.627200 539.011200 222.904500
9.643750 523.555200 223.513500
9.676530 500.287200 223.755000
9.693150 513.828000 218.704500
9.726150 505.411200 232.281000
9.742070 503.714400 233.761500
9.775090 507.292800 225.981000
9.791460 500.203200 232.386000
9.807820 502.252800 240.975000
9.824340 670.303200 251.254500
9.840870 705.751200 283.248000
9.857210 706.708800 288.697500
9.873600 705.801600 276.801000
9.890090 693.890400 266.479500
9.906480 691.840800 249.606000
9.923050 717.847200 228.879000
9.939360 726.230400 219.733500
9.955860 725.709600 214.063500
9.972180 710.908800 230.139000
9.988720 705.768000 200.991000
10.005000 705.868800 203.941500
10.021350 714.705600 240.649500
10.038010 716.973600 246.960000
10.054340 716.839200 243.789000
10.070850 809.541600 234.790500
10.087080 796.336800 228.648000
10.103550 796.118400 233.562000
10.119950 811.406400 240.292500
10.136350 813.724800 262.006500
10.152830 814.245600 276.895500
10.169110 809.340000 273.819000
10.185750 810.801600 272.968500
10.202040 810.448800 253.249500
10.218550 787.668000 250.288500
10.234990 802.082400 215.512500
10.251480 801.796800 212.446500
10.267810 833.179200 254.761500
10.284360 884.570400 218.463000
10.300720 884.184000 230.569500
10.317090 880.857600 219.681000
10.333570 884.856000 208.981500
10.366300 893.894400 227.125500
10.382830 911.534400 231.262500
10.415540 889.022400 197.473500
10.432050 946.344000 214.452000
10.448590 948.410400 195.636000
10.464920 968.184000 170.394000
10.481310 970.922400 161.374500
10.497860 973.106400 136.258500
10.514070 982.144800 98.406000
10.530670 977.776800 93.261000
10.547060 976.668000 103.236000
10.563600 959.716800 125.013000
10.579930 964.353600 146.296500
10.596310 963.244800 159.726000
10.612790 826.308000 171.780000
10.629430 701.383200 202.597500
10.645540 703.533600 227.514000
10.661900 624.674400 286.135500
10.678530 623.296800 306.400500
10.694920 629.479200 338.992500
10.711300 646.648800 348.736500
10.727810 644.884800 352.128000
10.760530 617.870400 365.389500
10.777040 626.472000 365.326500
10.810060 604.648800 352.369500
10.826290 544.572000 345.912000
10.859040 566.328000 338.719500
10.875580 560.229600 334.614000
10.908450 540.204000 328.471500
10.924930 544.756800 330.802500
10.957890 538.423200 335.863500
10.974370 542.152800 338.583000
11.007080 551.006400 338.499000
11.023590 552.115200 338.898000
11.056460 643.944000 336.577500
11.072810 719.090400 360.496500
11.089390 717.813600 345.198000
11.105680 700.492800 313.687500
11.122100 695.486400 294.556500
11.138490 692.899200 273.987000
11.155120 693.235200 270.816000
11.171450 701.181600 267.592500
11.204320 703.382400 265.650000
11.220730 721.509600 283.647000
11.237120 720.031200 265.230000
11.255460 794.959200 235.714500
11.269930 781.720800 233.058000
11.286470 780.880800 215.523000
11.302950 807.156000 206.125500
11.319180 807.307200 208.435500
11.335720 807.626400 211.774500
11.352140 798.621600 224.595000
11.368590 811.692000 183.645000
11.384980 810.885600 178.857000
11.401340 792.825600 191.698500
11.417880 800.066400 209.370000
11.434390 800.973600 219.471000
11.450710 799.663200 219.796500
11.469090 882.840000 233.971500
11.483580 882.739200 221.770500
11.499970 928.855200 227.976000
11.516330 935.877600 237.510000
11.532990 935.894400 241.006500
11.549190 938.851200 225.718500
11.565730 941.337600 221.970000
11.583160 941.791200 215.974500
11.598420 926.604000 220.027500
11.614930 936.247200 215.145000
11.631350 935.373600 224.164500
11.647800 909.216000 272.107500
11.664180 908.964000 274.396500
11.680660 908.292000 286.429500
11.697110 916.893600 291.774000
11.713410 922.488000 308.070000
11.729950 922.488000 308.070000
11.746280 926.167200 245.521500
11.762790 904.159200 260.872500
11.795990 917.481600 292.488000
11.812070 923.798400 291.742500
11.828310 924.638400 282.901500
11.844940 918.422400 277.924500
11.861270 950.762400 260.998500
11.877840 950.913600 253.921500
11.894170 982.195200 242.497500
11.910680 997.298400 257.166000
11.927030 995.047200 274.585500
11.943420 979.624800 276.937500
11.959930 981.489600 284.035500
11.976320 980.750400 290.356500
11.992860 949.519200 288.435000
12.009220 958.524000 296.667000
12.025730 959.649600 288.036000
12.042050 962.371200 275.089500
12.058410 947.301600 288.939000
12.074920 947.772000 283.731000
12.091310 932.433600 290.535000
12.107670 925.881600 295.386000
12.124050 925.444800 301.455000
12.140690 943.941600 351.813000
12.157070 944.563200 343.423500
12.189970 924.890400 319.578000
12.206300 933.895200 321.016500
12.239170 948.612000 312.532500
12.255710 936.717600 309.676500
12.288480 939.775200 310.905000
12.304930 945.840000 307.923000
12.337650 950.275200 320.691000
12.354060 971.712000 325.615500
12.370610 970.586400 333.249000
12.387080 961.178400 348.820500
12.403410 957.045600 359.436000
12.419800 958.137600 353.860500
12.436280 950.124000 299.586000
12.452790 946.596000 256.620000
12.469240 947.284800 240.733500
12.485720 949.334400 268.159500
12.502230 975.945600 291.574500
12.518460 972.148800 323.998500
12.534940 962.304000 344.179500
12.551450 977.071200 399.325500
12.568080 978.180000 395.062500
12.584320 968.923200 358.732500
12.600740 987.151200 334.162500
12.617190 990.544800 308.574000
12.633640 971.812800 316.386000
12.649990 986.344800 307.198500
12.666350 985.605600 313.110000
12.682860 982.396800 315.147000
12.699370 985.572000 318.864000
12.715580 984.816000 324.817500
12.732060 1002.657600 323.473500
12.748440 1013.644800 296.415000
12.764980 1015.224000 287.836500
12.782200 983.035200 294.252000
12.798000 974.803200 267.015000
12.814240 973.845600 271.509000
12.830690 989.990400 296.835000
12.847080 983.707200 311.398500
12.863460 980.800800 334.204500
12.879970 763.072800 304.888500
12.896420 617.685600 292.509000
12.912810 617.349600 289.621500
12.929320 581.532000 287.563500
12.945740 598.180800 281.095500
12.962250 598.483200 283.815000
12.978790 567.974400 289.432500
12.995420 571.939200 300.972000
13.015870 571.452000 297.769500
13.028140 568.864800 289.264500
13.044460 595.240800 255.832500
13.060700 594.434400 253.081500
13.077510 500.942400 288.991500
13.093900 500.337600 299.323500
13.112490 503.697600 310.831500
13.126740 490.946400 306.001500
13.142850 487.636800 322.938000
13.159240 487.015200 320.040000
13.175720 493.281600 321.363000
13.192200 474.146400 285.148500
13.208620 474.079200 284.917500
13.224980 507.645600 266.542500
13.241490 485.100000 269.493000
13.274170 487.502400 261.513000
13.290710 474.801600 269.314500
13.307100 471.307200 257.607000
13.323580 478.632000 256.819500
13.340060 485.973600 246.550500
13.356480 489.048000 260.095500
13.372800 494.172000 275.982000
13.389190 491.568000 289.222500
13.405850 501.496800 322.875000
13.422090 523.437600 341.659500
13.438570 518.733600 356.590500
13.471220 512.887200 356.212500
13.487850 511.274400 345.387000
13.520720 495.835200 387.219000
13.537260 509.040000 383.932500
13.553470 504.655200 368.602500
13.569950 508.620000 337.365000
13.586330 495.532800 318.066000
13.602810 486.981600 288.855000
13.619320 469.257600 280.602000
13.635830 468.300000 268.422000
13.652070 464.788800 256.924500
13.668580 466.989600 259.014000
13.685270 465.158400 255.969000
13.717960 477.640800 268.191000
13.734340 474.700800 259.224000
13.750850 480.177600 278.386500
13.767820 487.015200 362.764500
13.783600 502.824000 380.037000
13.799930 507.931200 395.745000
13.816500 509.712000 388.384500
13.832860 517.826400 379.585500
13.849180 518.800800 384.405000
13.865690 496.624800 391.723500
13.882230 523.219200 409.321500
13.898410 523.572000 408.607500
13.914920 552.736800 395.692500
13.931340 538.020000 376.572000
13.947850 532.593600 357.651000
13.964360 545.731200 384.730500
13.980680 554.299200 360.192000
14.013430 551.308800 353.703000
14.029940 545.294400 362.113500
14.046300 547.142400 369.568500
14.062810 561.355200 366.838500
14.079040 557.995200 377.212500
14.095700 560.666400 387.103500
14.112180 523.068000 419.013000
14.128570 521.152800 418.246500
14.161290 507.561600 425.218500
14.177860 511.224000 428.788500
14.210660 503.882400 402.381000
14.226900 512.198400 427.644000
14.259800 503.311200 424.221000
14.276280 501.816000 416.776500
14.309140 505.713600 435.162000
14.325650 507.544800 439.068000
14.358430 507.292800 405.489000
14.374970 518.716800 414.676500
14.408140 598.836000 436.621500
14.425870 592.536000 432.694500
14.441100 590.906400 425.565000
14.457210 582.607200 416.136000
14.473480 580.003200 406.413000
14.489930 575.736000 389.140500
14.506320 572.510400 371.710500
14.522860 567.168000 361.389000
14.540280 564.513600 351.004500
14.555730 563.740800 356.359500
14.572240 631.780800 354.091500
14.588560 632.805600 359.383500
14.604950 663.499200 368.025000
14.621460 659.181600 377.118000
14.637820 658.173600 371.322000
14.654210 655.586400 375.427500
14.670720 657.804000 356.034000
14.687190 655.720800 342.457500
14.703550 664.171200 352.044000
14.720000 652.058400 330.120000
14.736330 653.469600 340.788000
14.753850 672.504000 364.696500
14.769170 651.319200 380.026500
14.785640 652.680000 385.140000
14.802030 644.028000 375.438000
14.818390 650.277600 330.225000
14.834960 647.808000 317.100000
14.851260 760.586400 315.997500
14.867830 883.915200 310.831500
14.884190 883.478400 322.434000
14.900670 942.580800 352.495500
14.917050 915.112800 361.935000
14.949890 914.457600 353.304000
14.966160 904.814400 330.298500
14.982760 905.570400 321.888000
14.999150 915.734400 312.427500
15.015410 912.559200 310.905000
15.032010 913.248000 299.617500
15.048310 895.423200 304.195500
15.064940 736.730400 318.685500
15.081300 737.301600 327.127500
15.097750 516.146400 387.366000
15.114010 534.206400 394.411500
15.130550 537.432000 405.090000
15.147030 508.368000 395.398500
15.163390 515.306400 397.677000
15.179930 517.473600 405.258000
15.196320 525.806400 413.952000
15.212650 545.109600 418.236000
15.229160 546.100800 420.535500
15.245610 522.530400 417.868500
15.262050 480.580800 430.185000
15.278440 481.723200 434.752500
15.294950 510.014400 459.826500
15.311280 521.035200 479.608500
15.327820 526.360800 493.080000
15.344020 512.988000 467.859000
15.360530 522.194400 479.335500
15.377080 518.112000 468.489000
15.393280 485.822400 455.889000
15.409880 491.232000 444.339000
15.426270 491.299200 444.538500
15.442840 509.880000 461.454000
15.459170 504.453600 467.827500
15.492070 488.577600 461.139000
15.508270 485.268000 444.276000
15.541290 489.988800 475.681500
15.557830 490.896000 475.083000
15.590520 493.869600 465.433500
15.607090 492.290400 462.115500
15.639890 477.573600 480.732000
15.656190 470.148000 498.393000
15.689030 489.770400 477.130500
15.705630 493.903200 493.720500
15.738430 548.452800 497.427000
15.754940 552.568800 491.200500
15.787810 538.658400 487.924500
15.804020 543.900000 503.538000
15.837040 562.195200 479.419500
15.853640 550.788000 486.885000
15.869930 548.788800 479.755500
15.886320 556.668000 433.618500
15.902680 569.805600 443.866500
15.919040 567.117600 434.500500
15.935580 575.988000 418.908000
15.952060 586.504800 428.473500
15.984800 586.084800 417.375000
16.001310 572.762400 402.864000
16.034210 573.787200 437.251500
16.050540 566.546400 421.365000
16.083400 554.332800 427.906500
16.099910 565.908000 450.324000
16.132690 599.911200 454.513500
16.149140 607.891200 447.898500
16.165710 609.369600 454.818000
16.182040 608.714400 453.022500
16.198390 609.033600 503.968500
16.214970 609.924000 506.089500
16.231290 587.647200 447.531000
16.247800 623.280000 453.001500
16.264160 622.524000 450.775500
16.280520 640.768800 467.334000
16.296940 639.004800 477.645000
16.313420 639.777600 479.850000
16.329770 641.692800 463.375500
16.346310 637.022400 470.232000
16.362640 635.006400 461.254500
16.379030 644.044800 457.642500
16.395690 655.401600 458.031000
16.428440 606.480000 447.573000
16.444890 532.408800 426.237000
16.477660 475.977600 418.729500
16.494140 468.854400 421.764000
16.510590 471.307200 429.135000
16.526920 507.544800 439.057500
16.543400 492.223200 461.086500
16.559810 495.784800 470.463000
16.576260 493.012800 478.926000
16.592770 486.981600 482.107500
16.609160 489.266400 488.628000
16.625520 496.927200 495.946500
16.642060 506.217600 508.420500
16.658420 504.789600 503.181000
16.674930 490.576800 494.550000
16.691280 482.865600 478.254000
16.707820 475.910400 460.771500
16.724180 482.126400 461.800500
16.740540 475.524000 461.905500
16.773440 469.543200 466.746000
16.789950 487.166400 445.809000
16.822660 505.142400 447.258000
16.839170 535.264800 437.440500
16.855410 537.264000 444.685500
16.872040 553.795200 473.602500
16.888400 540.220800 476.931000
16.904940 541.245600 479.062500
16.921300 538.826400 488.334000
16.937770 534.038400 454.597500
16.954160 530.980800 445.294500
16.970400 538.759200 446.376000
16.987030 524.697600 430.605000
17.003450 526.764000 437.850000
17.019900 546.302400 444.664500
17.036130 531.686400 452.203500
17.052760 532.694400 454.356000
17.069030 534.878400 470.095500
17.085510 519.153600 462.976500
17.102020 515.944800 453.778500
17.118320 540.573600 458.241000
17.134920 566.613600 425.575500
17.167820 572.443200 423.370500
17.184140 572.157600 435.907500
17.216920 577.483200 443.278500
17.233400 594.283200 438.417000
17.249910 595.845600 445.504500
17.266270 556.752000 432.253500
17.282680 574.257600 456.403500
17.299130 576.962400 465.801000
17.315520 599.592000 462.798000
17.332210 655.905600 469.245000
17.364930 628.420800 473.413500
17.381530 650.344800 485.929500
17.397770 649.101600 479.010000
17.414150 648.379200 469.707000
17.430510 650.613600 446.092500
17.446900 648.732000 436.747500
17.463410 619.365600 420.283500
17.479950 628.840800 433.650000
17.496460 630.151200 440.758500
17.512630 640.752000 452.749500
17.529020 634.452000 476.143500
17.545650 635.241600 478.369500
17.562040 519.657600 533.368500
17.578250 502.471200 550.053000
17.594910 501.345600 548.142000
17.611300 514.836000 519.697500
17.627780 501.127200 543.186000
17.644200 504.655200 551.596500
17.660520 513.139200 551.271000
17.677030 517.960800 553.738500
17.693270 520.060800 559.576500
17.709960 519.120000 585.816000
17.726290 503.596800 592.809000
17.742650 502.118400 588.336000
17.759220 480.631200 554.568000
17.775540 489.753600 548.604000
17.792020 487.485600 545.076000
17.808410 470.383200 549.465000
17.824890 481.908000 541.989000
17.841280 484.176000 545.664000
17.857850 498.708000 541.579500
17.874210 542.052000 539.427000
17.890380 537.768000 527.824500
17.907070 547.293600 527.961000
17.923400 531.972000 531.993000
17.939910 533.601600 536.308500
17.956330 547.024800 531.478500
17.972530 550.754400 526.837500
17.989170 551.224800 529.084500
18.005400 538.658400 530.449500
18.022030 551.308800 538.272000
18.038450 550.704000 535.794000
18.054900 550.452000 522.921000
18.071200 535.130400 532.749000
18.087650 534.105600 530.838000
18.104190 540.909600 555.271500
18.120390 476.212800 565.362000
18.136990 477.388800 567.199500
18.153380 486.074400 552.289500
18.169770 483.050400 547.869000
18.186160 479.404800 539.679000
18.202640 464.906400 542.052000
18.219020 479.841600 538.251000
18.235380 481.706400 542.440500
18.252380 480.362400 537.222000
18.268430 482.428800 542.871000
18.284940 484.327200 547.123500
18.301120 490.392000 560.910000
18.317630 532.240800 564.910500
18.334140 532.744800 567.031500
18.350370 524.899200 558.379500
18.367070 510.652800 582.613500
18.383270 512.349600 586.467000
18.399750 537.398400 552.667500
18.416140 544.605600 575.064000
18.432620 542.522400 568.890000
18.449010 512.769600 563.934000
18.465520 526.159200 552.804000
18.481930 520.564800 537.799500
18.498260 492.273600 543.658500
18.514890 453.566400 544.635000
18.531130 452.306400 542.661000
18.547820 469.324800 545.107500
18.564330 465.192000 564.721500
18.580510 469.341600 573.258000
18.597020 470.366400 565.782000
18.613280 479.976000 559.786500
18.629910 482.496000 565.929000
18.646300 485.738400 556.857000
18.662660 480.362400 589.795500
18.679020 484.159200 597.628500
18.695530 489.132000 591.759000
18.711880 489.619200 572.239500
18.744960 492.240000 593.859000
18.761320 486.796800 592.368000
18.794130 511.308000 662.991000
18.810390 512.551200 668.398500
18.827030 510.165600 662.980500
18.843290 507.259200 665.112000
18.859890 510.199200 630.829500
18.876130 506.755200 623.700000
18.892760 511.896000 630.304500
18.909210 503.731200 619.164000
18.942020 486.259200 655.032000
18.958370 504.369600 645.823500
18.974950 501.816000 640.038000
18.991120 482.109600 644.994000
19.007630 479.539200 623.332500
19.024140 475.608000 615.772500
19.040410 488.661600 591.906000
19.057040 489.972000 605.115000
19.073390 492.492000 611.047500
19.089750 463.310400 666.361500
19.106140 462.991200 661.531500
19.122500 467.224800 668.766000
19.139130 463.276800 670.078500
19.155430 465.813600 668.881500
19.188390 466.687200 666.067500
19.204930 453.180000 652.459500
19.221310 455.952000 657.741000
19.237760 503.260800 660.502500
19.254180 570.141600 659.526000
19.270390 569.083200 655.273500
19.287020 565.706400 638.337000
19.303440 555.559200 635.628000
19.319890 549.528000 621.232500
19.336150 555.760800 617.368500
19.352780 570.091200 644.689500
19.369140 573.652800 654.948000
19.385410 590.032800 656.208000
19.402070 591.460800 677.082000
19.418430 596.954400 690.963000
19.434750 647.791200 677.680500
19.451260 660.794400 667.758000
19.484250 645.439200 670.299000
19.500580 654.998400 666.172500
19.533450 664.440000 674.383500
19.550230 649.420800 680.473500
19.582920 660.727200 680.337000
19.599180 651.218400 683.581500
19.632110 652.276800 679.822500
19.648470 683.625600 680.095500
19.682430 653.940000 674.583000
19.697810 660.660000 676.756500
19.730650 681.508800 684.495000
19.747070 681.290400 700.066500
19.763430 681.156000 698.491500
19.779970 669.043200 692.853000
19.796300 675.360000 673.963500
19.812770 672.638400 663.369000
19.829190 671.563200 650.800500
19.845550 674.654400 631.396500
19.861970 672.856800 623.941500
19.878420 684.969600 625.338000
19.894930 629.244000 622.849500
19.911290 631.713600 632.005500
19.927830 573.787200 652.648500
19.944150 568.948800 666.729000
19.960540 569.503200 666.487500
19.977260 574.677600 643.828500
19.993740 568.142400 638.358000
20.010070 562.396800 624.067500
20.026460 586.740000 629.454000
20.042630 595.812000 640.437000
20.059140 597.408000 645.823500
20.075590 602.347200 658.255500
20.092040 594.434400 646.579500
20.108430 595.425600 648.364500
20.124910 564.664800 676.725000
20.141300 568.579200 755.401500
20.157780 565.538400 749.490000
20.174160 579.045600 767.256000
20.190550 540.724800 770.290500
20.223750 574.711200 770.311500
20.239930 560.347200 766.248000
20.272740 555.223200 755.023500
20.289180 532.576800 724.206000
20.322080 548.049600 740.061000
20.338440 528.074400 716.772000
20.355160 532.492800 726.064500
20.371460 542.236800 759.633000
20.387820 535.231200 769.870500
20.404170 542.169600 781.504500
20.420530 550.200000 822.475500
20.438660 551.208000 809.497500
20.469910 523.219200 821.751000
20.486300 526.495200 783.006000
20.519200 565.471200 788.655000
20.535800 559.725600 788.455500
20.568570 544.353600 784.318500
20.584930 600.079200 790.251000
20.601350 598.365600 786.271500
20.617800 587.546400 796.015500
20.634060 618.626400 789.222000
20.650700 616.257600 783.940500
20.667050 611.536800 774.312000
20.683410 579.768000 795.522000
20.716460 593.964000 802.777500
20.732670 578.524800 777.388500
20.765690 582.993600 780.916500
20.782100 704.642400 763.738500
20.814970 926.553600 771.981000
20.831270 920.404800 774.742500
20.864230 938.011200 789.253500
20.881160 919.581600 774.721500
20.913390 912.004800 752.566500
20.929930 908.980800 761.176500
20.962800 910.358400 751.359000
20.979220 913.785600 766.657500
20.995570 914.827200 762.363000
21.012240 913.533600 776.160000
21.028410 914.608800 763.234500
21.045070 915.532800 757.428000
21.061280 982.598400 729.393000
21.077820 977.306400 745.342500
21.094300 975.727200 749.605500
21.110690 980.700000 749.878500
21.127040 998.306400 742.770000
21.143400 996.391200 748.891500
21.159910 1009.948800 773.472000
21.176300 923.076000 787.899000
21.209290 685.692000 842.803500
21.225710 688.598400 800.730000
21.258450 691.404000 827.400000
21.274900 689.186400 832.440000
21.291320 688.212000 828.649500
21.307710 681.710400 824.775000
21.324220 698.964000 822.990000
21.340390 698.947200 824.953500
21.357030 708.103200 833.059500
21.373410 699.232800 826.990500
21.389890 700.711200 829.626000
21.406310 716.940000 846.846000
21.422640 683.894400 823.693500
21.439210 680.484000 813.918000
21.455570 520.380000 832.996500
21.472050 508.788000 801.738000
21.488460 511.274400 805.675500
21.504940 517.540800 819.147000
21.521330 527.520000 817.089000
21.537780 531.165600 822.381000
21.554170 535.600800 807.733500
21.570560 524.160000 810.390000
21.587040 524.160000 810.390000
21.603490 527.956800 825.972000
21.619960 468.988800 819.766500
21.652680 482.479200 830.791500
21.669160 474.600000 824.985000
21.685550 474.600000 824.985000
21.702060 476.280000 816.081000
21.718410 467.107200 846.499500
21.751310 454.910400 838.099500
21.767790 454.221600 853.660500
21.800540 448.744800 852.841500
21.817020 490.660800 848.179500
21.849950 467.140800 836.535000
21.866300 441.100800 765.135000
21.899170 486.964800 759.675000
21.915530 480.429600 758.541000
21.948430 472.684800 769.419000
21.964900 464.385600 751.810500
21.981290 461.395200 747.096000
21.997680 472.920000 737.268000
22.014280 473.256000 722.946000
22.030670 469.140000 716.604000
22.046880 434.565600 709.390500
22.063260 445.687200 703.206000
22.080260 448.677600 708.151500
22.096130 481.756800 718.126500
22.112520 476.397600 754.719000
22.129180 480.597600 760.840500
22.145390 507.578400 450.922500
22.162050 497.011200 274.323000
22.178410 499.178400 282.964500
22.194890 491.131200 136.248000
22.211270 495.633600 143.125500
22.227630 498.842400 156.355500
22.244140 497.145600 153.804000
22.260380 504.840000 154.560000
22.277010 504.840000 154.560000
22.293270 506.839200 144.543000
22.309780 496.087200 186.711000
22.342500 478.010400 189.892500
22.359130 477.036000 192.297000
22.392000 476.968800 196.507500
22.408630 483.168000 193.452000
22.441310 467.308800 150.979500
22.457640 480.933600 197.494500
22.490690 474.028800 213.066000
22.507080 466.956000 202.209000
22.539950 480.547200 192.853500
22.556270 474.297600 211.029000
22.589140 489.081600 201.390000
22.605560 501.530400 201.873000
22.638430 561.187200 203.416500
22.654750 562.816800 174.489000
22.671260 565.202400 186.144000
22.687500 586.588800 199.846500
22.704130 588.924000 252.903000
22.720490 590.788800 260.946000
22.737030 590.520000 242.046000
22.753360 589.915200 240.439500
22.769740 588.688800 234.318000
22.786320 581.515200 241.552500
22.802520 589.696800 235.588500
22.819150 588.991200 233.415000
22.835570 585.900000 220.500000
22.852020 625.514400 209.065500
22.868380 625.648800 209.842500
22.884770 648.194400 225.561000
22.901180 645.388800 219.523500
22.934020 654.108000 226.684500
22.951630 657.652800 239.998500
22.983280 653.268000 222.904500
22.999760 645.943200 234.948000
23.032620 650.848800 236.680500
23.049320 689.925600 246.540000
23.065520 689.220000 240.723000
23.082000 712.034400 199.164000
23.098450 714.268800 205.800000
23.114900 713.680800 199.888500
23.131260 723.391200 206.976000
23.147640 717.158400 202.167000
23.180510 714.890400 206.398500
23.197020 710.018400 207.574500
23.213260 709.178400 198.082500
23.229770 711.429600 200.529000
23.246280 722.736000 184.611000
23.262630 722.299200 181.461000
23.280360 793.900800 171.318000
23.295500 793.732800 186.522000
23.311890 794.371200 207.721500
23.328370 792.808800 218.767500
23.344760 795.412800 233.887500
23.361270 795.597600 227.220000
23.377660 800.755200 208.288500
23.394500 811.423200 196.402500
23.410550 810.784800 172.914000
23.427000 780.024000 142.705500
23.443360 772.951200 155.337000
23.476260 818.949600 145.488000
23.492610 867.736800 172.336500
23.525570 899.421600 183.781500
23.541930 886.636800 189.199500
23.558440 887.191200 179.487000
23.574890 916.456800 166.047000
23.591130 917.414400 151.788000
23.607510 917.380800 148.239000
23.624110 900.060000 180.778500
23.640500 898.615200 176.746500
23.657010 897.523200 195.121500
23.673370 909.064800 194.680500
23.689940 932.349600 200.718000
23.706300 931.543200 215.848500
23.722500 956.575200 232.176000
23.739140 957.516000 228.459000
23.755550 958.960800 217.423500
23.772000 937.725600 194.008500
23.788240 959.162400 195.310500
23.804870 960.237600 179.802000
23.821260 952.896000 166.708500
23.837680 944.748000 164.251500
23.854190 944.260800 170.866500
23.870390 931.963200 197.305500
23.886870 834.640800 185.692500
23.903380 834.489600 194.712000
23.919740 556.147200 221.413500
23.936520 520.951200 244.146000
23.952640 524.008800 256.137000
23.968990 521.354400 268.107000
23.985530 506.200800 273.210000
24.018250 532.392000 258.027000
24.035000 533.080800 256.893000
24.067500 531.669600 244.765500
24.084010 474.012000 255.538500
24.117000 486.091200 258.709500
24.133240 477.741600 260.127000
24.166320 489.367200 257.334000
24.182680 491.584800 259.476000
24.215550 482.512800 250.561500
24.231990 472.668000 244.629000
24.265720 521.068800 245.763000
24.281310 565.286400 250.141500
24.314150 586.672800 256.672500
24.330510 587.932800 259.770000
24.363250 591.763200 255.234000
24.379760 597.727200 247.548000
24.412660 593.107200 249.984000
24.429140 572.527200 268.002000
24.462010 609.168000 268.432500
24.478360 612.192000 261.208500
24.511260 658.005600 240.723000
24.527620 656.644800 254.572500
24.560520 656.913600 243.936000
24.577030 645.573600 241.342500
24.593380 644.380800 232.165500
24.609890 658.896000 238.560000
24.626280 654.662400 202.209000
24.642670 654.007200 199.237500
24.659000 647.640000 216.877500
24.675480 641.205600 238.213500
24.691860 643.120800 250.246500
24.708250 664.524000 264.201000
24.724730 738.360000 264.117000
24.757630 735.184800 258.447000
24.773990 721.896000 257.502000
24.806980 732.664800 270.900000
24.823360 724.785600 269.440500
24.856230 694.764000 269.167500
24.872620 694.898400 269.230500
24.905490 767.239200 264.106500
24.922060 800.167200 251.160000
24.938260 800.083200 242.224500
24.954860 801.057600 243.243000
24.971250 793.430400 231.136500
24.987670 792.960000 219.408000
25.004120 806.870400 223.576500
25.020480 804.468000 226.485000
25.053380 800.553600 210.997500
25.069890 826.845600 191.698500
25.086120 826.543200 187.740000
25.102600 817.840800 187.467000
25.118990 823.603200 194.806500
25.135500 823.804800 206.829000
25.152040 821.822400 204.844500
25.168400 832.994400 219.418500
25.184750 833.112000 232.564500
25.201110 592.905600 300.636000
25.217620 502.252800 278.649000
25.250490 477.052800 276.517500
25.267000 477.523200 275.730000
25.299870 485.200800 277.389000
25.316130 496.288800 271.330500
25.349180 521.707200 277.221000
25.365540 502.068000 270.595500
25.398380 486.981600 277.683000
25.414890 490.274400 289.264500
25.447630 489.820800 292.299000
25.463990 525.705600 315.619500
25.497040 484.512000 325.006500
25.513370 479.371200 326.403000
25.529750 481.639200 334.288500
25.546170 505.293600 340.494000
25.562620 499.766400 357.945000
25.579440 504.974400 375.102000
25.595490 509.863200 399.924000
25.611880 519.439200 413.353500
25.628270 522.379200 422.394000
25.644870 511.761600 444.045000
25.661130 508.536000 432.768000
25.677610 506.419200 425.943000
25.694150 502.941600 386.400000
25.710510 495.650400 382.105500
25.727050 490.274400 364.927500
25.743230 512.920800 347.329500
25.759740 501.513600 401.572500
25.776250 496.003200 384.205500
25.792600 495.079200 559.104000
25.809170 477.170400 538.839000
25.825380 475.994400 536.991000
25.841860 485.066400 545.632500
25.858250 496.792800 547.795500
25.874790 500.371200 556.111500
25.891240 516.331200 570.780000
25.908020 504.067200 583.800000
25.940370 509.023200 591.024000
25.957000 522.832800 592.683000
25.973240 520.548000 586.635000
25.989750 489.753600 549.297000
26.006290 476.649600 536.959500
26.022490 472.936800 528.622500
26.039180 459.513600 537.033000
26.055360 479.085600 535.017000
26.088260 555.004800 519.750000
26.104740 561.540000 515.266500
26.137480 559.440000 522.574500
26.154110 568.730400 525.514500
26.187040 560.431200 517.954500
26.203250 551.628000 518.301000
26.236390 546.991200 539.805000
26.252500 574.744800 527.058000
26.268980 576.475200 533.295000
26.285520 483.403200 548.142000
26.301970 481.051200 563.146500
26.318240 482.260800 564.984000
26.334750 489.686400 561.151500
26.351290 476.011200 556.668000
26.367490 472.281600 548.614500
26.384190 473.373600 565.225500
26.400360 485.352000 557.791500
26.416870 490.022400 569.383500
26.433230 484.092000 591.381000
26.449620 500.824800 577.195500
26.466250 505.545600 587.160000
26.482670 521.858400 601.902000
26.499110 549.427200 610.260000
26.515350 546.554400 603.193500
26.532010 544.370400 580.818000
26.548250 544.706400 538.524000
26.581270 534.979200 547.606500
26.597630 539.901600 561.015000
26.614170 537.835200 554.736000
26.630430 527.352000 560.196000
26.646850 529.099200 567.493500
26.663360 528.024000 565.645500
26.679750 512.971200 545.359500
26.696260 492.223200 545.349000
26.712490 495.852000 553.728000
26.729100 499.430400 578.140500
26.745390 500.304000 580.461000
26.761990 502.572000 586.110000
26.778380 516.432000 602.553000
26.794620 522.715200 612.843000
26.811220 523.740000 614.523000
26.827480 519.153600 624.949500
26.844150 500.388000 602.490000
26.860380 494.541600 589.186500
26.876890 456.388800 550.987500
26.893370 469.845600 528.402000
26.909760 468.669600 526.522500
26.926300 487.687200 553.476000
26.942630 498.136800 571.452000
26.959140 503.966400 585.112500
26.975430 511.056000 611.142000
26.992030 498.825600 680.452500
27.008420 497.364000 676.641000
27.024600 507.528000 658.854000
27.041230 493.298400 640.941000
27.057500 486.292800 627.291000
27.073970 488.712000 628.971000
27.090360 494.054400 634.116000
27.123350 515.323200 623.542500
27.139770 502.034400 613.546500
27.172670 484.024800 629.779500
27.189120 479.068800 634.620000
27.205380 476.212800 628.530000
27.221980 481.790400 642.684000
27.238370 478.262400 627.763500
27.254670 474.297600 620.161500
27.271240 458.959200 619.962000
27.287660 446.846400 623.731500
27.320530 465.830400 624.729000
27.337010 461.412000 610.837500
27.353360 466.821600 622.177500
27.369780 469.442400 615.835500
27.386290 480.312000 649.981500
27.402500 488.275200 664.639500
27.419160 486.645600 661.405500
27.435360 484.293600 663.747000
27.452000 481.622400 658.381500
27.468350 486.998400 650.580000
27.484740 520.413600 647.482500
27.501250 517.070400 640.500000
27.517490 605.018400 628.089000
27.534120 599.356800 630.976500
27.550510 597.592800 625.044000
27.566860 604.060800 630.241500
27.583220 608.025600 630.252000
27.599730 605.488800 622.713000
27.616240 585.950400 626.293500
27.632480 574.644000 635.575500
27.665530 577.466400 606.091500
27.681850 600.516000 610.480500
27.698360 602.179200 616.171500
27.714630 661.836000 602.427000
27.731110 649.773600 621.915000
27.747500 651.890400 629.674500
27.764620 684.415200 664.482000
27.780520 675.007200 661.038000
27.813230 662.256000 652.722000
27.829620 660.727200 664.671000
27.862490 561.976800 722.799000
27.879150 513.542400 747.138000
27.911870 530.460000 758.625000
27.928410 524.815200 736.344000
27.944730 522.379200 731.514000
27.961120 537.986400 718.326000
27.977630 511.207200 714.189000
27.994170 507.544800 707.710500
28.010350 505.075200 715.911000
28.026860 508.233600 715.039500
28.059720 522.211200 761.985000
28.076110 528.628800 755.569500
28.109160 509.107200 732.910500
28.125550 509.913600 721.875000
28.158230 502.168800 774.711000
28.174620 488.964000 827.998500
28.207610 503.479200 835.348500
28.224150 507.141600 837.312000
28.256870 503.916000 835.989000
28.273250 521.018400 840.283500
28.306240 514.869600 841.039500
28.322630 471.256800 820.963500
28.339110 479.018400 831.421500
28.355500 508.888800 866.481000
28.371860 509.023200 876.813000
28.388280 515.524800 883.837500
28.404720 515.894400 877.894500
28.421260 504.655200 871.185000
28.437680 497.498400 862.932000
28.454130 509.745600 858.837000
28.470370 496.053600 863.572500
28.503360 481.202400 863.520000
28.519590 486.830400 857.734500
28.536250 483.957600 854.143500
28.552610 578.608800 862.323000
28.569120 613.334400 855.340500
28.585390 610.764000 850.657500
28.601870 615.837600 832.650000
28.618380 621.196800 831.138000
28.651250 623.296800 827.736000
28.667480 625.665600 824.113500
28.700350 618.542400 827.872500
28.716980 650.277600 844.746000
28.749730 685.339200 852.799500
28.766240 672.168000 876.340500
28.782470 673.260000 879.532500
28.799100 673.999200 865.998000
28.815490 696.208800 862.018500
28.832000 697.872000 866.722500
28.848270 697.972800 872.413500
28.864750 684.314400 876.393000
28.897490 685.053600 869.893500
28.914030 698.947200 867.583500
28.946870 688.430400 869.904000
28.963230 692.580000 874.713000
28.979740 691.605600 871.279500
28.996250 746.323200 828.376500
29.012480 733.454400 825.688500
29.029050 732.261600 820.659000
29.045470 751.934400 833.112000
29.061860 743.416800 830.077500
29.094790 763.408800 837.102000
29.111240 848.618400 771.225000
29.144010 956.188800 734.002500
29.160550 972.568800 734.275500
29.193420 946.377600 722.232000
29.209750 950.241600 712.761000
29.242490 986.361600 705.211500
29.258970 972.686400 696.927000
29.292020 952.476000 724.731000
29.308560 939.052800 723.471000
29.341250 950.493600 726.610500
29.357480 947.604000 705.579000
29.390500 930.636000 437.755500
29.408230 938.481600 432.306000
29.439610 927.007200 410.214000
29.456120 931.324800 417.469500
29.489170 919.128000 412.818000
29.505370 911.248800 425.008500
29.522030 912.223200 417.144000
29.538240 930.518400 422.929500
29.554780 918.976800 403.431000
29.571290 919.850400 392.668500
29.587490 598.096800 276.685500
29.604130 489.955200 241.164000
29.620480 498.556800 275.982000
29.636840 531.451200 334.813500
29.653350 542.488800 364.665000
29.669740 551.056800 393.970500
29.686280 533.820000 390.169500
29.702640 532.929600 365.200500
29.718990 527.133600 345.282000
29.735630 531.216000 342.142500
29.751980 544.790400 334.593000
29.768340 548.419200 350.038500
29.784730 518.935200 373.285500
29.801270 507.511200 415.086000
29.817600 514.113600 434.574000
29.834110 513.324000 440.065500
29.850650 521.925600 405.226500
29.883360 489.417600 405.394500
29.899750 503.109600 407.778000
29.932620 511.795200 420.325500
29.949160 504.268800 420.619500
29.981840 519.405600 415.894500
29.998410 507.914400 420.094500
30.014740 505.747200 412.755000
30.031280 501.009600 403.935000
30.047610 484.596000 397.204500
30.064090 481.269600 387.670500
30.080510 478.766400 383.806500
30.096980 484.780800 390.033000
30.113220 487.032000 397.341000
30.129730 548.150400 408.093000
30.146210 564.278400 420.724500
30.162600 566.916000 430.153500
30.179900 568.176000 432.442500
30.195530 573.165600 432.904500
30.212160 571.368000 425.691000
30.228580 590.234400 424.252500
30.244960 719.628000 377.422500
30.261440 718.502400 367.783500
30.277770 907.485600 370.860000
30.294160 925.092000 370.566000
30.310700 925.982400 362.932500
30.327210 917.935200 356.601000
30.343440 927.780000 354.070500
30.359890 928.166400 346.069500
30.376310 940.867200 352.348500
30.392760 948.813600 351.456000
30.409300 947.755200 361.746000
30.425570 945.487200 359.467500
30.442020 937.120800 345.166500
30.458590 936.633600 350.616000
30.474760 999.180000 324.555000
30.491330 975.408000 316.029000
30.509770 977.944800 299.029500
30.524290 982.363200 275.142000
30.540530 1000.087200 261.859500
30.557310 1000.288800 255.664500
30.573520 993.048000 279.321000
30.589810 1004.556000 305.088000
30.606260 1002.691200 319.903500
30.622500 972.736800 328.713000
30.639100 972.283200 285.768000
30.655640 974.736000 265.818000
30.672210 977.356800 241.069500
30.688510 1025.152800 192.864000
30.704770 1025.505600 178.710000
30.721410 983.875200 268.212000
30.737700 998.978400 264.348000
30.770810 987.554400 256.420500
30.787410 1003.716000 262.174500
30.803860 1002.355200 270.700500
30.820100 989.721600 290.010000
30.836700 976.516800 309.162000
30.853000 976.449600 312.354000
30.869140 1049.160000 270.081000
30.885530 1076.980800 239.715000
30.902040 1077.854400 226.023000
30.918400 988.176000 256.998000
30.934780 996.996000 261.786000
30.951450 994.425600 277.935000
30.967650 991.502400 267.477000
30.984310 970.132800 311.776500
31.000520 967.528800 334.446000
31.017030 978.919200 315.661500
31.033510 966.016800 328.461000
31.049900 965.529600 330.529500
31.066440 988.680000 346.311000
31.082760 976.903200 338.299500
31.099150 978.062400 333.102000
31.115660 794.186400 295.386000
31.131900 679.593600 294.252000
31.148530 678.266400 286.629000
31.166630 614.174400 285.201000
31.181460 604.464000 290.965500
31.197630 608.126400 310.159500
31.214110 628.504800 320.124000
31.230560 607.790400 339.171000
31.247040 608.529600 341.638500
31.263430 615.602400 332.451000
31.279910 608.344800 322.297500
31.296260 604.665600 303.303000
31.312770 597.626400 294.283500
31.329160 549.578400 281.610000
31.345640 548.637600 279.037500
31.362000 522.715200 287.164500
31.378510 521.875200 285.316500
31.394960 524.966400 296.772000
31.411440 531.988800 298.903500
31.427800 609.940800 318.916500
31.460660 914.071200 326.655000
31.477050 893.121600 336.031500
31.493380 893.709600 328.041000
31.509740 929.056800 316.249500
31.526250 904.411200 317.394000
31.542630 904.999200 306.600000
31.559110 921.278400 279.814500
31.575530 932.517600 286.839000
31.608490 912.912000 297.339000
31.624730 926.083200 277.630500
31.657590 922.588800 294.661500
31.673980 823.351200 296.782500
31.706850 543.530400 263.928000
31.723420 506.738400 273.735000
31.739750 508.838400 282.481500
31.756130 490.946400 281.620500
31.772800 518.968800 291.973500
31.789120 524.042400 311.472000
31.805360 528.108000 339.790500
31.821930 537.902400 313.078500
31.838260 538.742400 315.493500
31.854920 524.580000 327.106500
31.871310 522.900000 320.491500
31.887600 519.993600 310.054500
31.903990 520.010400 305.518500
31.920470 527.133600 306.180000
31.953370 517.087200 315.231000
31.969730 500.606400 323.809500
32.002500 491.702400 313.729500
32.019100 512.332800 310.327500
32.035490 514.332000 318.255000
32.051880 481.622400 312.900000
32.068240 492.357600 328.324500
32.084750 493.365600 330.708000
32.101260 755.412000 358.459500
32.117460 888.031200 400.501500
32.133970 889.812000 375.385500
32.150510 943.202400 406.318500
32.166900 932.198400 373.401000
32.183350 933.962400 353.167500
32.199980 934.382400 353.146500
32.216090 927.696000 313.288500
32.232640 925.965600 328.776000
32.249110 948.561600 358.932000
32.265530 937.944000 377.622000
32.282040 935.911200 398.674500
32.298370 913.903200 397.362000
32.314790 950.661600 405.100500
32.331300 952.980000 389.739000
32.347630 930.669600 361.473000
32.364110 927.444000 336.787500
32.380490 926.604000 337.858500
32.396850 921.664800 364.245000
32.413540 933.458400 405.048000
32.429720 932.484000 421.081500
32.446110 924.436800 389.875500
32.462590 916.860000 371.553000
32.479160 918.271200 352.044000
32.495480 907.603200 359.982000
32.511840 908.594400 330.036000
32.528230 908.275200 335.338500
32.544710 912.744000 361.000500
32.561100 916.372800 369.589500
32.593960 914.894400 362.229000
32.610350 919.044000 341.775000
32.626860 919.447200 332.902500
32.643220 912.038400 337.449000
32.659730 910.879200 365.568000
32.676120 911.719200 360.108000
32.692720 937.423200 429.072000
32.709110 926.990400 410.266500
32.725520 927.813600 400.921500
32.741850 930.031200 405.783000
32.758360 926.066400 406.360500
32.791110 918.472800 401.110500
32.807740 915.969600 397.435500
32.840360 919.077600 416.934000
32.856870 944.563200 414.928500
32.889740 932.349600 413.154000
32.939180 691.622400 381.202500
32.955470 620.844000 372.256500
32.971830 623.481600 387.439500
32.988220 630.184800 404.040000
33.004610 632.923200 441.829500
33.021210 636.064800 454.282500
33.037600 633.511200 447.646500
33.054110 646.497600 440.128500
33.070340 644.565600 430.804500
33.086820 656.359200 428.736000
33.103210 647.690400 430.741500
33.136110 558.096000 415.233000
33.152590 549.477600 422.215500
33.185360 572.779200 418.267500
33.201840 565.958400 423.108000
33.235470 576.676800 414.687000
33.251220 574.593600 419.496000
33.284090 582.187200 420.514500
33.300450 580.624800 429.240000
33.333340 559.238400 419.874000
33.349730 566.983200 413.689500
33.382600 570.528000 413.238000
33.399080 561.120000 406.066500
33.431850 577.869600 412.513500
33.448390 564.732000 437.020500
33.481110 566.882400 424.830000
33.497590 563.925600 413.175000
33.530490 588.688800 597.723000
33.546840 633.292800 854.973000
33.564090 631.848000 851.371500
33.826110 673.276800 930.993000
33.842680 635.762400 667.023000
33.875520 633.780000 301.486500
33.892000 616.459200 256.189500
