0.016420 52.500178 1.409703
0.032650 87.062543 3.544242
0.049190 93.748989 6.445268
0.065550 71.797483 8.166095
0.081910 42.356629 7.291985
0.098450 19.456124 5.156500
0.114930 4.768532 3.226141
0.131410 -2.630668 0.866664
0.147640 -4.800040 -3.125310
0.164060 -3.815563 -7.077142
0.180420 -1.559925 -7.492023
0.197080 0.300735 -3.710151
0.213260 1.408377 2.198684
0.229800 2.106716 7.427080
0.247250 2.178929 9.663226
0.262700 2.145116 8.765260
0.279110 1.292342 6.269635
0.295530 -4.809326 3.705451
0.311890 -17.490588 1.745826
0.328310 -30.090456 0.778776
0.361150 -34.020430 1.335883
0.377690 -27.522762 2.377173
0.393980 -16.936921 1.276667
0.410520 -9.568233 -2.825136
0.426940 -7.785230 -7.778432
0.443360 -8.824683 -10.335312
0.459840 -8.182075 -8.321742
0.476200 -4.209347 -2.482676
0.492610 0.431722 3.633211
0.509220 2.417440 5.807308
0.525450 0.916267 2.822908
0.541930 -2.070425 -2.102472
0.558530 -2.812547 -5.168504
0.575870 0.072817 -5.207530
0.591430 4.164157 -3.389862
0.607670 7.081131 -1.523990
0.624270 8.365559 -0.892467
0.640560 8.257347 -1.718475
0.656920 6.814222 -2.793986
0.673340 4.819909 -3.125597
0.689700 2.566942 -2.341230
0.706180 0.869742 -0.237304
0.722660 4.131548 1.847759
1.067690 13.562548 2.027261
1.083980 23.356663 -0.281920
1.182680 26.060613 -3.366747
1.215390 19.948805 -4.586732
1.348570 11.013910 -3.190196
1.363650 4.879925 -0.390681
1.380190 2.813098 1.767226
1.396670 1.910939 2.356216
1.544370 -1.895342 2.311479
1.560910 -7.259903 2.085055
1.577210 -10.904570 1.722265
1.593320 -15.087347 3.468886
1.692080 -22.631480 9.090929
1.708310 -29.670973 15.824168
1.724850 -29.266314 18.674137
1.741210 -20.546813 16.750914
1.757810 -9.452856 13.677933
1.790470 -0.278139 11.490364
1.807010 5.698715 9.638567
1.823490 7.261703 7.719850
1.839970 4.157001 6.154814
1.856380 -1.236403 5.170698
1.872990 -4.692065 4.262778
1.889280 -4.330636 3.083390
1.905700 -2.109274 1.655697
1.922060 -0.410518 -0.188685
1.938350 0.719496 -2.979796
1.955020 1.880021 -6.682789
1.971370 2.472946 -10.017395
1.987610 2.222092 -11.306409
2.004210 1.983434 -9.717916
2.020570 1.933660 -5.809159
2.037110 0.703513 -1.157454
2.053470 -1.972605 2.710616
2.069950 -3.931074 5.106633
2.086180 -3.211797 6.261191
2.102660 -0.546404 6.992655
2.119200 1.842511 7.668924
2.135560 3.219299 7.588564
2.152100 4.390457 5.730036
2.168460 6.051640 2.429787
2.184940 7.785121 0.005065
2.201350 8.016317 -0.497718
2.219180 5.318918 -0.839303
2.234380 0.483593 -2.076817
2.250430 -3.175689 -3.218476
2.266910 -2.917425 -3.628947
2.283330 0.179069 -4.682608
2.299870 2.629938 -7.033479
2.316220 2.031718 -7.988844
2.332760 -1.459532 -4.779000
2.348940 -5.057430 1.438000
2.365300 -5.954836 6.450474
2.381960 -4.394358 7.240686
2.398380 -2.670060 3.889790
2.414920 -2.513807 -1.420446
2.431270 -3.150808 -6.129091
2.447630 -2.509417 -8.806995
2.480530 -0.689472 -8.892677
2.497130 0.880271 -7.318221
2.529790 1.162667 -5.519206
2.546510 0.395290 -3.022540
2.579160 -0.312181 1.071883
2.595460 -0.568689 5.843365
2.612120 -0.110994 8.421243
2.628420 0.954902 7.093248
2.644900 1.949109 3.966806
2.661250 2.121897 2.458204
2.677730 1.178452 3.646313
2.694210 -0.003742 5.487291
2.710630 -0.373139 4.924184
2.726870 -0.171114 1.254477
2.743410 -0.069502 -3.197402
2.759770 -0.015234 -5.619434
2.776370 0.217815 -4.996459
2.792660 0.480769 -2.472821
2.809200 0.533653 -0.148461
2.825440 1.036854 0.261085
2.842100 2.063833 -1.280442
2.858460 2.027028 -2.818307
2.874940 0.850470 -2.288760
2.891360 0.207176 0.433707
2.907900 0.480981 3.604187
2.924070 0.422593 5.302227
2.940490 -0.956052 4.311402
2.957090 -3.324624 2.000420
2.973450 -5.775439 2.901976
2.989930 -7.168509 8.265017
3.006350 -6.276782 12.664703
3.022710 -3.446276 10.350181
3.039180 -0.486162 3.306588
3.055480 1.354938 -0.273785
3.072020 1.844026 3.108994
3.088440 1.472207 8.404041
3.104740 0.809386 8.820732
3.121340 -0.009888 3.283127
3.137760 -1.463186 -3.767324
3.154240 -3.244226 -8.325918
3.170470 -2.821665 -9.980513
3.186950 1.530674 -9.399079
3.206360 8.190378 -5.657232
3.220150 13.503606 0.988513
3.236510 14.741624 7.768152
3.252930 12.024794 11.779137
3.269410 7.887942 11.594836
3.285710 4.461429 7.307888
3.302250 0.969470 -0.153122
3.321960 -3.553884 -8.403934
3.334960 -7.759620 -13.058227
3.351440 -9.820508 -10.619462
3.367920 -10.113263 -2.006618
3.384700 -10.404228 8.565605
3.417360 -10.734392 15.828106
3.433780 -10.052651 16.986572
3.449710 -7.416463 13.680531
3.466310 -2.129475 9.865284
3.482600 4.359961 8.355004
3.499210 8.451200 7.398910
3.515560 7.785354 4.088317
3.532590 3.149586 -0.711008
3.548650 -2.612959 -3.716473
3.565190 -6.532253 -3.777455
3.581480 -6.475562 -2.909305
3.598080 -1.272826 -3.326144
3.614380 6.680145 -5.201949
3.630800 12.115497 -6.740533
3.663450 12.159545 -6.250045
3.679810 8.352872 -3.579895
3.696230 4.332122 -0.102483
3.712590 1.570863 2.634481
3.729190 0.033327 3.986172
3.745540 0.325353 3.824601
3.762080 0.756933 2.840311
3.778320 1.035527 1.068570
3.794800 7.307285 -3.281564
3.811520 22.903368 -10.005600
3.827760 39.584732 -15.122690
3.844360 44.558060 -14.872305
3.860530 36.046454 -10.671524
3.877080 23.789117 -6.891827
3.893620 14.175367 -4.444280
3.909850 6.723572 -1.287877
3.926330 0.409031 2.285382
3.942690 -3.444955 3.452033
3.959230 -2.779592 2.010456
3.975520 1.820167 0.483132
3.991940 6.786920 0.804528
4.008300 8.557138 2.571084
4.024840 6.705278 3.545289
4.041260 3.642872 2.978433
4.057800 0.949367 1.453437
4.074160 -1.673171 -0.739822
4.106990 -4.028358 -2.690971
4.123470 -4.725760 -3.543711
4.156370 -2.746073 -2.980593
4.172730 0.365270 -1.404138
4.189150 1.282247 -0.610904
4.205750 -0.807738 -1.525297
4.221920 -3.731099 -2.943431
4.238460 -4.667539 -2.758821
4.254700 -2.437050 0.130997
4.271300 1.046011 3.651721
4.304200 4.521721 4.073175
4.320560 4.496528 1.846558
4.336910 -7.473915 3.048923
4.353520 -31.447945 11.187694
4.369810 -53.812667 21.129305
4.386230 -59.365515 24.791907
4.402590 -47.107676 20.672669
4.419130 -29.426213 13.304678
4.435550 -14.814952 6.251594
4.451840 -4.332842 0.998509
4.468320 2.723674 -1.357197
4.501340 7.160147 -0.398038
4.518010 8.694041 1.585644
4.534240 6.644188 0.990675
4.550480 2.273672 -2.666110
4.566830 -1.190050 -6.915570
4.583440 -1.786873 -8.606950
4.599730 -0.939014 -6.344915
4.616210 -0.769276 -1.633436
4.632690 -0.960384 2.796826
4.649230 0.079433 4.227498
4.665530 2.004912 3.043500
4.681950 2.099349 3.170111
4.698300 -0.955375 6.483183
4.714840 -5.157080 10.854921
4.747680 -7.060939 12.990881
4.764220 -5.605674 11.732816
4.780460 -3.254696 7.685701
4.796810 -2.407215 1.204084
4.813660 -3.042134 -5.579339
4.829830 -3.354096 -8.558284
4.846310 -2.311586 -5.655588
4.862730 -0.383424 0.817396
4.879090 1.714478 5.890315
4.895570 2.924221 6.135651
4.911990 2.567402 2.538924
4.946900 1.186323 -1.032951
4.961180 -0.041252 -1.853229
4.977540 -0.078793 -0.596195
4.994080 1.271798 0.186063
5.010560 2.954833 -0.096595
5.026920 4.929965 0.685083
5.043330 8.829088 3.922204
5.059630 16.450589 7.235632
5.076170 28.794235 7.264957
5.092590 41.963639 4.325527
5.109010 48.703219 1.134440
5.141780 43.874647 -0.150455
5.158330 28.913572 0.543000
5.174870 12.394236 1.592504
5.191350 1.903124 1.278527
5.207640 -0.910380 -2.201574
5.223940 0.814889 -10.421974
5.240420 2.669867 -22.425247
5.256770 2.477373 -32.783956
5.273740 0.642624 -34.504943
5.289860 -1.268652 -26.453225
5.306150 -1.653503 -14.892559
5.322570 -0.042360 -5.866878
5.338930 1.776068 -0.786781
5.355410 1.572203 1.671631
5.371950 -0.490697 2.754980
5.388430 -1.901087 2.921321
5.404660 -1.122806 2.337888
5.421140 0.970945 0.127236
5.437560 3.415548 -4.553349
5.453860 5.879289 -9.917428
5.470460 7.252996 -12.365453
5.486820 5.532021 -10.379529
5.503480 0.762940 -5.738108
5.520140 -3.870822 -0.465659
5.536380 -5.397850 5.509000
5.552800 -3.759161 11.408207
5.569400 -1.322539 13.433762
5.585630 -0.394669 9.379009
5.604800 -1.104942 2.230772
5.618590 -1.530217 -2.953948
5.634830 0.010163 -4.628512
5.651250 2.729304 -4.926368
5.667660 3.975372 -4.135217
5.683960 2.235678 0.829689
5.700440 -1.142344 10.210750
5.733640 -3.082136 18.021186
5.749690 -1.800121 18.104538
5.782530 1.347563 11.293513
5.799070 3.321408 3.888850
5.831910 2.725512 0.496271
5.848390 0.457589 0.795972
5.864810 -2.448395 1.678109
5.881160 -5.075421 1.262154
5.897580 -5.987679 -0.149243
5.914120 -3.775626 -1.577695
5.932920 0.937863 -1.712788
5.946960 5.146664 -1.422583
5.963320 6.531024 -5.032477
5.979800 5.625961 -14.339027
5.996340 4.223199 -23.870102
6.012700 2.388660 -26.160537
6.029110 -0.854572 -21.350436
6.046630 -4.588727 -14.930759
6.078310 -6.427326 -7.978974
6.094670 -5.417207 0.318325
6.111270 -2.761199 6.576901
6.127560 -0.225239 7.147793
6.144040 1.318934 3.533380
6.160580 1.982578 -0.081314
6.176940 2.365931 -2.054105
6.193420 2.311480 -2.557364
6.209840 0.464791 -1.124195
6.226200 -2.847427 2.011907
6.242430 -5.025933 5.097944
6.275450 -4.442296 6.544651
6.291930 -1.968297 5.184514
6.308290 0.571405 0.329424
6.324650 2.413929 -6.482440
6.341190 3.353044 -11.788195
6.357540 3.145260 -12.436291
6.373900 2.459738 -7.786737
6.390440 2.128989 -0.685159
6.406800 2.242481 4.803580
6.423340 2.709646 6.748334
6.439820 3.787533 5.328993
6.456050 5.399317 1.543597
6.472530 5.945498 -2.592383
6.489070 4.178063 -4.606217
6.505620 0.921997 -3.310235
6.521970 -1.781136 0.810137
6.538270 -2.166477 7.127031
6.571230 -0.430574 13.891141
6.587650 2.185347 17.326049
6.604250 4.100895 15.092942
6.620420 3.225052 9.583330
6.636900 -0.468426 4.514325
6.653560 -4.149513 0.498452
6.670100 -4.736578 -1.799789
6.686400 -2.102537 -1.260803
6.719240 0.831442 0.317471
6.735900 1.842629 0.124915
6.752380 0.868286 -2.485420
6.768800 -0.944578 -6.099434
6.785030 -2.037159 -8.975642
6.801510 -1.255452 -8.997738
6.819210 1.226388 -4.089384
6.833920 3.704125 3.817327
6.850590 4.112771 8.318352
6.866820 1.719099 5.457611
6.883420 -2.301543 -1.258654
6.899660 -5.465440 -4.333051
6.917790 -4.864590 -0.710566
6.932680 -1.064959 6.356237
6.949040 1.747792 13.792813
6.965450 1.899122 21.086949
6.981810 1.506429 25.903403
6.998350 2.427905 23.512080
7.014830 3.024671 14.215617
7.031860 1.168532 4.723998
7.047730 -1.381987 -0.453540
7.064090 -1.547553 -2.789386
7.080570 0.435761 -5.176489
7.096920 1.093405 -7.850861
7.113460 -1.834858 -8.972051
7.129820 -6.270657 -6.624564
7.146180 -8.182375 -0.276523
7.162660 -7.099780 7.447486
7.179080 -5.261985 11.920333
7.195370 -3.160868 10.122509
7.211980 -0.701759 2.579625
7.228450 1.193551 -6.214224
7.244750 1.317253 -10.963617
7.261170 -0.346487 -10.175189
7.277650 -2.175113 -6.367952
7.310490 -2.718607 -2.913961
7.326840 -1.397344 -1.091755
7.343380 1.109570 -0.190374
7.360050 2.876862 0.458710
7.376160 2.863796 2.229625
7.392700 1.768954 7.316635
7.409120 1.000271 14.815749
7.425290 1.332173 21.105780
7.442080 2.167112 23.086768
7.458310 2.378739 19.587278
7.474790 1.815956 11.999013
7.491150 1.426472 2.810805
7.507570 2.005921 -4.348148
7.524050 2.869518 -5.902315
7.540710 1.837983 -1.808485
7.556820 -2.029961 3.733299
7.573490 -6.208027 6.878885
7.589840 -6.724411 7.834344
7.606200 -2.685954 7.715498
7.622680 2.335774 6.715167
7.639100 4.606139 4.777903
7.655580 4.564456 3.064948
7.671880 4.391353 2.320145
7.688290 3.823841 0.425455
7.704830 2.543381 -3.294665
7.721250 -0.348155 -5.010923
7.737730 -9.675781 -0.312924
7.754210 -26.933120 8.603901
7.770750 -43.976039 14.423864
7.786930 -48.896791 13.806620
7.803280 -38.517588 10.702524
7.820010 -21.666726 9.596590
7.836060 -7.281141 8.980816
7.852540 1.550294 6.051976
7.869080 5.881268 3.581863
7.885440 8.209547 6.365580
7.902040 7.318121 11.681457
7.918460 2.818857 12.658789
7.934690 -0.201245 6.922704
7.951230 1.692493 -2.420556
7.967530 5.632658 -9.575761
7.984070 6.671190 -11.460755
8.000430 5.240816 -8.360345
8.017030 5.012480 -3.844388
8.033260 5.752733 -3.178771
8.049680 5.532309 -6.287240
8.066160 3.995610 -8.518793
8.082580 0.980268 -7.608531
8.098940 -2.977542 -5.269241
8.115360 -7.743699 -5.320019
8.131770 -15.510708 -10.474602
8.148320 -25.599508 -17.931288
8.164790 -32.507906 -21.669528
8.181150 -31.099299 -18.866102
8.197570 -22.795404 -13.472366
8.214050 -13.999949 -11.145215
8.246950 -7.232124 -10.403992
8.263310 -1.672200 -6.198524
8.279720 2.379925 2.048007
8.296080 4.112551 9.110195
8.312560 3.951869 10.345008
8.328920 3.351452 6.775920
8.345520 2.553785 2.117638
8.361940 1.160285 -0.867864
8.378300 -0.203044 -1.353585
8.394840 -0.446982 0.419931
8.411070 0.116165 3.680085
8.427670 -0.493783 5.653819
8.444090 -2.475088 2.565344
8.460450 -3.788277 -4.501829
8.493230 -3.556779 -9.836227
8.509770 -2.770894 -9.275612
8.542540 -2.713189 -4.517164
8.559020 -2.792536 -0.386082
8.591920 -1.635947 2.061872
8.608280 0.842910 3.616979
8.624690 4.616946 3.199321
8.641050 9.119863 -0.021791
8.657710 12.274656 -4.369036
8.674010 11.876683 -6.553910
8.690490 8.302658 -5.625716
8.706970 4.013767 -2.566276
8.723210 0.278004 1.944479
8.739690 -2.560013 5.223968
8.756350 -4.041692 4.242837
8.772710 -4.274883 -0.349568
8.789060 -4.574651 -4.591501
8.805420 -5.483676 -5.650062
8.821780 -5.293787 -4.550904
8.838260 -3.354202 -2.778494
8.854680 -1.574579 -1.092379
8.871030 -1.532388 0.867380
8.887630 -2.148860 5.904644
8.904110 -1.396399 14.052196
8.920410 0.737924 19.574819
8.936950 2.365701 17.359588
8.953190 2.070906 9.770557
8.969790 0.456207 3.676626
8.986270 -0.779175 1.185882
9.003110 -0.845862 0.028209
9.019100 -1.082001 -1.004411
9.035460 -2.455867 -1.659503
9.051820 -2.850830 -1.360700
9.084840 -0.138606 -0.732813
9.101070 4.219350 -0.092818
9.117680 5.948095 1.125879
9.134030 2.853737 2.359463
9.150450 -2.444088 2.876545
9.166750 -5.962008 2.795641
9.183350 -5.539302 3.750278
9.199830 -2.427778 4.938315
9.216130 0.162146 0.030923
9.232670 1.105416 -13.335476
9.249080 1.013407 -28.084096
9.265440 0.301475 -34.777014
9.281800 -0.384264 -30.433852
9.298160 -0.219864 -19.955727
9.331480 1.060253 -8.509110
9.347600 2.277566 0.706688
9.364260 2.101867 4.949629
9.380430 1.013107 4.497807
9.396790 -0.110163 2.162533
9.429750 -0.958798 0.387617
9.446170 -1.429734 -0.050482
9.462590 -1.573186 0.205287
9.479060 -1.562157 -0.115610
9.495300 -1.507795 -2.511905
9.511900 -1.007150 -6.705078
9.528200 0.241870 -8.828612
9.544800 1.606370 -5.699014
9.561220 2.074398 0.123038
9.577820 1.684898 2.468232
9.594060 1.384524 0.097416
9.610290 1.570394 -1.147442
9.626770 2.063809 2.803600
9.643310 2.596889 8.502364
9.659790 3.133950 9.404745
9.676150 4.014484 4.947997
9.692500 4.774029 0.460849
9.709110 3.779195 -0.793761
9.725460 0.215574 -0.893091
9.741940 -4.016828 -2.851554
9.758180 -5.544654 -5.729068
9.774780 -3.611630 -6.853355
9.791080 -0.339410 -5.262814
9.807430 2.044367 -1.999371
9.824040 2.164691 1.525928
9.840210 0.165294 4.795958
9.856810 -2.490610 7.470554
9.875610 -3.911660 9.095641
9.889770 -3.043030 8.477793
9.906190 -0.571318 3.819855
9.922550 1.584636 -4.047001
9.939090 1.974188 -10.061541
9.955320 0.963871 -9.157563
9.971920 0.140848 -2.603190
9.988280 0.068481 3.020036
10.004700 -0.454842 3.423946
10.021360 -1.804553 0.954069
10.037840 -2.333974 -0.197958
10.054320 -0.258309 -0.063416
10.070680 3.795367 -0.374959
10.087160 7.027508 -0.526920
10.103270 6.785961 1.671368
10.119810 2.457612 6.152640
10.136050 -3.087700 9.327520
10.152590 -5.679273 7.598513
10.168950 -4.219787 1.652905
10.185490 -1.413247 -3.250136
10.218260 -0.493096 -2.471762
10.234680 -1.254252 2.344827
10.251220 -1.058096 4.442366
10.267460 0.616729 0.136113
10.283940 2.381489 -7.164190
10.300290 2.712335 -11.284397
10.316890 1.437150 -9.406756
10.333310 0.194515 -3.857501
10.366030 -0.702701 0.982590
10.382570 -2.095956 2.538930
10.398930 -3.771261 0.735387
10.415220 -3.818776 -3.504489
10.431880 -1.443554 -8.422211
10.448300 0.525108 -11.265818
10.464660 0.218491 -9.668669
10.481020 -0.792387 -3.968693
10.497440 -0.646497 3.145143
10.513920 0.066616 8.784650
10.532530 -0.415835 10.863480
10.547000 -1.961887 8.453018
10.563290 -3.008636 2.556908
10.579650 -2.584026 -3.297770
10.596190 -1.224244 -5.928315
10.612550 0.375731 -4.773016
10.629030 3.398076 -1.342551
10.661930 8.830553 1.633342
10.678280 14.285276 2.279024
10.711120 15.183799 0.164697
10.727420 10.120264 -3.298064
10.760380 3.279132 -5.085427
10.776980 -0.934588 -3.923072
10.793150 -1.948929 -1.495902
10.809690 -1.269591 -0.294513
10.826170 -0.356651 -0.750636
10.842470 -0.844221 -1.873847
10.860780 -4.533464 -3.802602
10.875370 -10.000330 -6.252308
10.891970 -12.335741 -7.020030
10.908200 -9.221704 -4.559304
10.924560 -4.432645 -1.672969
10.941160 -2.840791 -2.662359
10.957460 -3.609352 -6.053426
10.973880 -3.303054 -6.987254
10.990420 -1.969490 -4.070889
11.006900 -1.857311 0.411177
11.023320 -2.530502 4.216922
11.039610 -0.599605 6.964292
11.056150 3.630051 8.272831
11.072510 6.488978 7.398829
11.088990 6.833056 4.651665
11.105290 5.958381 1.613526
11.121770 4.990769 -0.241094
11.138370 3.479182 -1.141721
11.154910 1.369804 -1.889593
11.171200 0.555529 -2.029644
11.204040 2.751117 -1.040532
11.220280 6.825024 -0.165220
11.236940 8.738599 -0.910611
11.253170 5.759683 -2.430400
11.269650 0.337651 -3.277889
11.286190 -2.468568 -3.683200
11.302550 -1.149176 -3.330020
11.319030 1.722874 -1.396279
11.335450 3.613426 0.873562
11.351990 4.099956 1.267202
11.368100 3.964249 -0.511759
11.384640 2.562177 -2.411164
11.401180 -1.784470 -2.986180
11.417480 -8.143218 -1.955993
11.434020 -12.784276 0.747142
11.450320 -12.918523 2.971833
11.466800 -9.340223 2.575265
11.483280 -5.019316 0.714683
11.499690 -1.912415 0.162688
11.518370 -0.657535 1.747470
11.532710 -1.267161 2.793778
11.549070 -2.559220 1.099346
11.565310 -2.890543 -2.550794
11.581670 -1.341542 -5.835657
11.598140 1.544486 -6.214438
11.614690 4.025336 -3.207723
11.630980 4.606911 1.146615
11.647340 2.953544 4.512596
11.664000 0.247064 5.684889
11.680480 -1.473292 4.847349
11.696780 -0.853385 3.256035
11.713320 1.452351 1.929946
11.729610 3.299126 1.120827
11.746220 3.236605 1.457561
11.762390 1.972295 3.202673
11.778930 1.258251 4.817282
11.795350 1.400910 4.249641
11.811710 1.465287 1.196715
11.828190 1.095357 -2.309574
11.845520 0.670958 -4.208337
11.861210 0.338127 -4.297313
11.894230 -0.138150 -3.190036
11.910340 -1.007243 -2.186385
11.926820 -2.605034 -2.974678
11.943300 -4.802852 -5.804366
11.959660 -6.279477 -8.943719
11.976140 -5.046561 -9.464338
11.992430 -0.894599 -6.085889
12.009030 3.845153 -0.692638
12.025390 6.776901 4.041550
12.041810 7.280068 6.946559
12.058230 6.099540 8.484357
12.074890 3.762575 9.333444
12.091190 0.588719 9.379640
12.107420 -2.260934 8.026701
12.124080 -2.717620 4.986589
12.140440 0.347888 0.786445
12.156680 4.776196 -3.678811
12.175050 6.451306 -8.021757
12.189450 3.314960 -12.292271
12.206420 -1.843836 -15.421188
12.222470 -3.764079 -14.824909
12.238890 -0.870835 -9.013308
12.255310 3.607495 -0.716872
12.271790 5.699051 4.730770
12.288270 4.251525 5.506092
12.304570 1.319396 4.583631
12.321040 -0.652183 5.070287
12.337590 -0.951347 6.474111
12.354000 0.074327 6.615794
12.370420 1.869170 5.236431
12.386780 3.241281 3.297272
12.403260 2.748669 1.166322
12.419620 -0.107451 -1.044040
12.436040 -3.677154 -2.108680
12.452450 -5.460432 -1.014450
12.469060 -4.649461 1.279043
12.485410 -2.053482 3.056122
12.503110 0.562983 3.413064
12.518310 1.853907 2.557071
12.534670 2.344661 1.080058
12.551150 2.821798 -0.227134
12.567690 2.624320 -0.433172
12.584050 1.323344 0.632912
12.600340 -0.810768 1.860474
12.616700 -4.426821 1.295818
12.633240 -9.394498 -1.188005
12.649840 -12.669247 -2.304683
12.682500 -10.882672 0.753777
12.698970 -5.188646 5.715487
12.715390 -0.550210 6.512238
12.731810 0.484183 0.712105
12.748470 -0.502770 -7.049901
12.764530 -1.069332 -10.209349
12.781070 -0.145896 -5.999110
12.797490 1.355728 2.011596
12.813780 1.944152 6.277322
12.830380 1.900814 2.123623
12.846800 1.963287 -7.586859
12.863160 1.466147 -14.830092
12.879580 -0.065075 -14.209755
12.896180 -1.665859 -7.580136
12.912540 -1.709619 -0.647936
12.928890 -0.001060 2.629739
12.945370 2.112286 1.767176
12.961730 3.333380 -1.726231
12.978150 2.575770 -5.495232
12.994510 0.167617 -7.185461
13.011110 -1.966059 -5.988021
13.027530 -2.920614 -3.887933
13.043880 -2.809484 -3.387996
13.060420 -1.207647 -4.269782
13.076660 1.824536 -4.915560
13.093140 4.405059 -4.745200
13.126040 4.098063 -4.150196
13.142460 1.271666 -3.358610
13.158870 -1.184414 -2.271434
13.175420 -1.886620 -1.308111
13.191590 -1.597862 -1.332670
13.224550 -1.369842 -2.454430
13.241030 -1.132970 -3.766306
13.257570 0.248857 -3.092817
13.273800 3.274545 2.007280
13.290410 5.888832 9.809325
13.306760 4.600130 14.687998
13.323180 -0.531781 13.230936
13.339540 -5.495152 6.905936
13.356200 -7.052163 0.042909
13.372500 -5.763955 -3.793206
13.388980 -3.897829 -3.971134
13.405460 -1.916376 -2.087062
13.421690 0.108795 -0.342423
13.438290 1.082257 0.175808
13.454530 0.732542 0.039332
13.471070 0.655314 -0.189343
13.487610 2.233142 -0.268094
13.503910 4.290600 0.487669
13.520450 4.206902 1.988017
13.536800 1.548265 3.575573
13.553280 -1.148851 5.227454
13.569520 -2.075061 6.616304
13.586180 -1.264659 6.356497
13.602480 1.070074 3.257633
13.618900 4.180110 -1.760340
13.635440 5.863362 -6.109930
13.651670 4.530702 -7.847919
13.668330 2.762295 -7.079127
13.684690 3.358882 -4.956600
13.703370 3.928577 -1.895780
13.717770 1.042217 2.041363
13.733950 -3.656574 5.844575
13.750240 -5.165236 7.503513
13.766780 -2.853156 5.942424
13.783260 -0.310553 2.014120
13.799620 0.472537 -2.746514
13.816960 -0.547439 -6.925745
13.832580 -2.557386 -9.558076
13.848940 -5.254485 -10.377406
13.865300 -5.018347 -9.483628
13.881840 7.029636 -6.681117
13.914610 31.897076 -2.341642
13.931030 55.927629 1.316027
13.963810 62.154741 2.166442
13.980290 47.873388 0.850345
14.013180 26.670837 -0.373392
14.031490 10.035687 -0.507189
14.062440 -0.607741 0.005027
14.078800 -6.527612 0.777226
14.095580 -7.233455 2.068496
14.111820 -2.937947 4.376858
14.128300 2.762718 7.172608
14.144650 5.302524 8.377607
14.161010 4.444726 6.298748
14.177430 0.919161 1.446985
14.193910 -10.358834 -3.862865
14.210570 -31.125597 -6.954640
14.226750 -51.210506 -6.433145
14.243290 -56.395486 -2.992962
14.259700 -43.464782 0.940209
14.276000 -23.758804 3.133191
14.292540 -8.625146 2.998471
14.308780 -0.676463 0.808445
14.325320 2.554286 -1.755364
14.341670 4.124432 -1.923391
14.359500 4.859120 0.707574
14.374690 4.330826 3.744908
14.390930 2.621222 5.533575
14.407410 0.019101 6.994988
14.423890 -3.316866 7.914698
14.440490 -7.481846 5.496278
14.456790 -12.029382 -0.059558
14.473270 -14.638866 -5.178919
14.489870 -11.895907 -8.738604
14.505920 -3.907856 -12.993102
14.522770 4.491769 -17.901564
14.538760 8.796596 -18.984881
14.555300 8.743303 -13.335231
14.572750 6.814067 -3.622329
14.588380 4.286298 5.128569
14.604610 1.370033 9.565678
14.620910 -0.884742 9.087047
14.637390 -0.896589 5.421351
14.653930 1.570327 0.748753
14.670290 4.313723 -3.728243
14.688540 3.931609 -7.235653
14.703250 -0.943198 -8.763391
14.719730 -7.282760 -6.927517
14.736150 -10.020661 -0.930254
14.752560 -6.778191 7.659166
14.768920 -0.463668 14.715393
14.785400 4.011135 15.674524
14.801760 5.345079 9.579530
14.818300 5.122330 0.211739
14.834660 3.927826 -7.408325
14.851070 1.249016 -10.261987
14.867430 -2.586959 -8.929346
14.883730 -5.622912 -6.209605
14.900570 -5.136914 -4.394611
14.917050 0.049689 -4.076109
14.949650 7.690496 -4.448147
14.965880 12.864864 -4.323271
14.982540 12.417290 -2.682743
14.999210 8.475649 0.701357
15.015690 4.900683 4.547608
15.031920 3.040394 7.116101
15.048460 2.282373 8.092937
15.064640 1.817883 7.436292
15.081050 1.302510 4.340908
15.097410 0.274639 -0.979137
15.113890 -1.149143 -6.251048
15.130370 -1.849715 -8.529654
15.146790 -1.721369 -7.056543
15.163090 -1.009989 -3.591223
15.179570 1.360904 -0.585541
15.196040 5.712430 0.411152
15.212400 9.915267 -0.203151
15.228700 10.651701 -0.646424
15.245420 7.021539 0.437072
15.261720 1.611993 2.697395
15.278020 -2.766100 4.860911
15.294560 -4.820018 5.376652
15.311100 -4.659557 3.513679
15.327580 -1.214165 0.401099
15.344970 7.527690 -1.886996
15.360410 20.095104 -2.655361
15.377010 31.963702 -3.388865
15.393130 38.401234 -4.333613
15.409550 37.671430 -3.519619
15.426030 30.716222 -0.066891
15.442440 19.215804 3.376492
15.458920 7.166655 3.511358
15.475340 -1.222979 0.734321
15.491760 -4.187342 -1.877620
15.508120 -2.987125 -2.735144
15.524600 -1.001553 -3.439028
15.541020 -0.073213 -5.503618
15.557500 0.587426 -8.276912
15.573910 1.704497 -9.315826
15.590330 1.829429 -5.837410
15.606750 -0.372668 1.659678
15.623170 -3.492420 8.552909
15.639830 -4.699679 9.806119
15.656010 -3.199226 4.837337
15.673220 -1.065789 -2.126779
15.689030 0.023253 -7.280237
15.705380 0.232611 -8.798094
15.721800 0.281911 -5.366761
15.738040 0.638989 1.179156
15.754520 1.319106 6.164872
15.787480 1.723182 7.097044
15.803890 1.354848 5.621576
15.820250 0.455501 4.317986
15.836790 -0.653933 3.418425
15.853150 -1.760494 2.561825
15.869630 -2.490135 2.319675
15.885990 -2.399079 2.522444
15.902650 -1.408694 1.863678
15.918880 0.617045 -0.666976
15.935300 4.376937 -4.778617
15.951660 8.488340 -8.217058
15.968020 9.154199 -7.785284
15.984500 5.629582 -3.164320
16.000980 1.097879 2.594614
16.017520 -2.144319 6.843672
16.033940 -4.411155 8.668111
16.050230 -5.927170 7.320193
16.083130 -5.450787 2.505431
16.099490 -2.789497 -3.020347
16.116030 0.343960 -4.606193
16.132570 2.218985 -1.395964
16.148860 1.968965 2.954754
16.165160 -1.272902 4.678034
16.181640 -7.500387 2.525052
16.198120 -13.898858 -1.472471
16.214660 -16.449347 -3.605489
16.231020 -13.685850 -1.317694
16.247680 -8.290310 4.246835
16.263920 -3.722762 9.069742
16.280150 -0.520018 10.562869
16.296810 1.991639 8.426164
16.312990 3.455605 2.947991
16.329590 3.596085 -5.065573
16.345890 3.079346 -12.669306
16.362430 2.583537 -15.364882
16.378780 1.843468 -11.618827
16.395260 0.587707 -4.327807
16.411740 -0.412084 2.341138
16.428040 -0.381634 5.968302
16.444640 0.256971 6.818852
16.461000 1.597564 6.343984
16.477360 5.545827 5.480508
16.493960 12.016146 4.267683
16.510130 16.922350 1.863578
16.526790 16.480726 -2.341181
16.543150 11.235637 -7.443058
16.559630 4.457987 -11.205176
16.576050 -1.304020 -10.973563
16.592410 -4.838881 -6.749181
16.608760 -5.778083 -2.169020
16.625310 -4.817215 -0.074153
16.641660 -3.138105 0.242502
16.657960 -1.206025 1.069391
16.674870 0.425884 2.753147
16.691040 1.046407 3.940721
16.707340 1.116305 4.280873
16.723940 1.651259 4.019826
16.740110 2.717871 3.172924
16.756650 3.546492 2.093798
16.773130 4.016884 1.614814
16.789610 4.257418 2.130663
16.805970 3.116528 3.122716
16.822390 -0.527719 4.092652
16.838870 -5.331344 4.809894
16.855290 -7.884164 4.949775
16.871770 -6.046780 4.158523
16.888310 -1.352760 2.238870
16.904540 2.632629 -0.495303
16.921020 3.445128 -2.985989
16.937380 1.595810 -3.950971
16.953920 -0.191852 -2.410086
16.970280 -0.167603 1.971152
16.986760 0.787209 7.778213
17.003170 1.128668 11.543151
17.019530 1.217382 10.001379
17.036070 2.256694 3.288132
17.052430 3.626917 -4.593218
17.068910 3.457170 -9.069223
17.085080 0.664596 -8.285824
17.101750 -4.167332 -3.965483
17.118040 -8.509663 0.052021
17.134460 -10.005457 1.168722
17.150880 -8.484368 -0.161873
17.167420 -5.678731 -1.507151
17.183900 -3.288462 -0.777254
17.200260 -1.066521 2.027166
17.216740 1.025555 5.079679
17.233150 2.054259 6.147365
17.249630 2.022899 4.638675
17.265930 1.701478 2.028833
17.282290 1.420892 -0.315038
17.298770 0.618894 -2.530815
17.315250 -0.642752 -5.069943
17.331790 -1.305611 -6.799781
17.364690 -0.952937 -5.860489
17.380920 -0.415237 -2.527239
17.397220 -0.774738 0.399775
17.416440 -1.889419 0.527082
17.430240 -2.893984 -1.556161
17.446720 -3.129981 -2.469507
17.463070 -2.113467 0.890899
17.479680 0.014393 7.233495
17.496220 2.519663 11.489519
17.512330 4.288649 10.570346
17.528930 4.975832 5.359016
17.545290 4.964200 -2.371412
17.561650 3.440351 -10.808189
17.578190 0.442166 -17.301958
17.594540 -1.957949 -19.035603
17.610900 -2.375759 -15.397465
17.627440 -1.329971 -9.160410
17.660340 -0.165926 -3.667285
17.676820 1.159067 -0.463445
17.709660 2.708300 1.385326
17.725830 3.412262 3.229154
17.743960 3.265722 3.995331
17.758790 2.399624 3.019367
17.775150 0.373449 2.370163
17.791750 -2.296735 4.364401
17.808040 -3.894047 8.561557
17.824520 -3.435530 12.083212
17.840880 -1.637619 12.522457
17.859380 2.322688 9.052085
17.874020 5.312959 2.577252
17.890140 -4.611274 -5.055998
17.906800 -31.192873 -11.886227
17.922970 -59.087878 -15.597744
17.939510 -67.712387 -14.413776
17.955990 -53.061116 -8.929041
17.972350 -29.895219 -2.412070
17.989070 -11.278381 1.867549
18.005250 -0.380964 2.814251
18.021610 4.014154 1.303367
18.038020 4.365847 -0.466417
18.054440 2.662698 -0.086399
18.072570 0.709614 3.008057
18.087590 0.064432 6.538024
18.103880 0.319338 7.317436
18.120240 0.119929 4.855243
18.136780 -0.569041 1.492174
18.153140 -0.896312 -1.264627
18.169560 -0.639734 -3.459269
18.185970 -0.304430 -4.348900
18.202450 0.301452 -2.714092
18.218930 1.652473 0.308732
18.251770 2.995585 1.666021
18.268130 3.181955 0.639319
18.284550 2.167183 0.244685
18.301030 1.056886 3.367591
18.317380 0.826382 8.666419
18.333740 1.192639 11.759070
18.350160 1.055719 10.268690
18.366760 0.096753 5.973865
18.383060 -0.709022 2.249331
18.400450 -0.467777 0.237438
18.416080 0.047896 -1.297769
18.432370 -0.836417 -2.972355
18.448790 -2.754369 -4.066969
18.465150 -4.166998 -4.748370
18.481810 -4.818299 -6.573366
18.498170 -5.154764 -9.503162
18.516970 -4.941978 -10.734254
18.547300 -3.521647 -7.778176
18.563900 -1.897057 -2.394462
18.596740 -1.071574 0.861720
18.613040 -0.790884 0.651049
18.629520 -1.154160 -0.760473
18.646000 -1.998290 -2.185437
18.662350 -3.027541 -4.029819
18.695310 -3.894926 -5.907299
18.711790 -4.013318 -5.674710
18.744570 -3.071274 -1.843800
18.761050 -0.883726 3.551349
18.777530 1.635164 7.452720
18.793880 3.220193 8.462369
18.810120 3.508064 7.285526
18.826720 2.741799 6.068736
18.843440 2.680778 5.937446
18.859680 4.957018 6.141055
18.876040 8.300412 5.430694
18.892330 9.261962 3.731096
18.908750 6.429743 1.416270
18.925110 2.284955 -2.139745
18.941590 -0.509444 -7.246442
18.958560 -1.398579 -11.949204
18.974790 -1.329263 -12.642481
18.991150 -1.464118 -8.190958
19.007510 -1.959580 -1.541668
19.024110 -2.010921 3.818647
19.040470 -0.647867 7.065734
19.060550 1.312788 8.486301
19.073610 1.197779 5.979463
19.089840 -1.596845 -2.009779
19.106260 -4.476931 -11.864911
19.122560 -4.964903 -16.950345
19.139220 -3.625393 -14.233383
19.155400 -2.462518 -7.142478
19.171940 -1.749004 -0.801141
19.188290 -1.152774 2.137043
19.204530 -0.873032 1.307300
19.220890 -1.030689 -1.689718
19.237240 -1.613640 -4.009528
19.254090 -2.535267 -3.759230
19.270570 -3.377993 -1.336247
19.288760 -2.922218 1.391316
19.303340 -0.781474 2.832566
19.319520 1.326221 2.515138
19.336120 1.443401 1.120729
19.352290 0.318942 0.097875
19.368770 1.340522 0.458172
19.385190 5.433093 1.317805
19.401670 9.828135 1.197765
19.418150 11.620395 -0.020644
19.434450 10.088254 -1.911151
19.451050 7.207097 -3.564236
19.483890 4.514225 -3.955988
19.500240 1.940087 -2.747925
19.533140 -0.572335 -0.438637
19.549380 -3.099480 1.934219
19.565860 -4.138693 3.955145
19.582280 -1.758313 5.246478
19.598690 4.352071 4.654308
19.615170 13.994765 1.669138
19.631590 23.716514 -2.106094
19.648190 28.200546 -4.461128
19.664490 25.495124 -5.156074
19.681030 17.977691 -4.963344
19.779540 10.158634 -2.562548
19.795780 4.453620 3.281388
19.812380 1.525770 9.640469
19.828980 1.344432 12.205246
19.845280 2.243798 9.763095
19.861690 2.026746 4.319350
19.877990 -0.395477 -1.495845
19.894410 -3.259877 -5.799216
19.911010 -3.986044 -7.341054
19.927250 -3.203290 -6.534876
19.943790 -3.821107 -4.950541
19.960270 -7.522009 -3.684731
19.976560 -12.069246 -3.447895
19.993100 -13.917235 -3.931504
20.009520 -12.406189 -3.256321
20.025880 -8.720465 0.293643
20.042360 -4.759248 5.974744
20.058780 -2.019215 10.532797
20.075130 -0.525313 10.666988
20.091550 0.479387 5.959267
20.108030 1.650940 -0.349891
20.124570 2.560547 -4.226489
20.141050 2.205824 -4.394460
20.157590 -0.132738 -3.007642
20.173770 -4.280444 -3.028631
20.190250 -8.315218 -4.661995
20.206670 -9.604226 -5.172669
20.223020 -7.128488 -2.338115
20.239380 -3.033075 2.840140
20.256040 -0.633791 6.983081
20.272340 -0.464480 7.752070
20.288640 -0.942767 5.343084
20.305240 -1.311491 0.996515
20.321470 -1.898429 -4.005620
20.337950 -2.611731 -7.900842
20.354490 -2.442098 -8.592083
20.370970 -1.364720 -5.406245
20.387570 -0.316626 0.500018
20.403630 0.386838 6.722994
20.420290 0.649684 9.575794
20.436650 0.343359 7.345886
20.453130 -0.069809 2.828732
20.469540 0.453857 0.343725
20.486080 1.945701 1.491543
20.502380 3.069477 3.836552
20.518620 3.374460 4.361930
20.535160 3.136023 2.260788
20.551700 2.019255 -1.241140
20.568050 0.226654 -3.315629
20.584530 -1.242681 -2.746518
20.600950 -1.815110 -1.263762
20.617310 -1.991802 -0.168009
20.633610 -2.302520 1.244346
20.650210 -1.863483 3.400419
20.666500 -0.313860 4.429747
20.683040 2.572239 2.366489
20.699460 8.497429 -2.026495
20.716000 16.110623 -5.461002
20.732360 20.734916 -5.817865
20.748780 19.235958 -3.917309
20.765140 12.241548 -0.860199
20.781620 5.336276 2.468467
20.798100 5.687829 4.826839
20.814820 14.562413 4.911950
20.830990 25.141390 2.829383
20.847410 28.368361 0.349210
20.863770 22.435639 -2.128775
20.880130 13.045964 -5.369208
20.896550 4.676230 -8.928948
20.913020 -0.673686 -11.173996
20.929500 -2.233399 -10.814264
20.945980 -1.436004 -7.987579
20.962280 -0.271382 -3.711876
20.978580 0.227946 1.082138
20.995120 0.370311 5.259318
21.011470 0.781784 6.958436
21.028080 1.633942 5.578841
21.044490 2.608899 3.078950
21.061040 3.276547 2.157448
21.077390 2.302086 3.542425
21.093750 -5.401596 5.769642
21.110110 -23.262288 7.348426
21.126650 -44.462936 7.437850
21.143130 -55.630888 5.589622
21.159480 -49.740590 1.846467
21.175900 -33.121739 -2.417542
21.208740 -16.438821 -4.974128
21.225280 -4.612104 -4.741213
21.241460 1.514101 -2.406834
21.258120 1.592232 0.293251
21.274540 -3.109142 2.054909
21.290830 -8.378222 2.615562
21.307310 -9.458070 2.745468
21.323730 -5.804885 3.475631
21.340150 -1.419300 4.312863
21.356630 0.549125 3.339085
21.373290 0.048500 -0.011832
21.389400 -1.428553 -3.658829
21.405880 -2.405008 -5.636077
21.422240 -2.250712 -6.601431
21.438780 -1.342359 -8.034765
21.455380 -1.083591 -8.664584
21.471620 -2.174260 -6.141668
21.488220 -3.143819 -0.879892
21.504390 -1.870146 4.408652
21.520810 1.405240 7.551946
21.537230 3.856339 7.985736
21.553890 3.220850 5.086149
21.570310 0.892008 -1.117340
21.586610 1.179813 -7.482631
21.603150 5.594854 -9.924628
21.652400 10.512064 -8.109904
21.668640 11.107621 -5.394123
21.701600 6.727557 -4.536786
21.734440 1.492045 -4.509364
21.750730 -0.986830 -2.266942
21.767400 -0.778769 2.382151
21.800230 -0.375280 6.201731
21.816650 -1.443783 6.443597
21.833130 -3.307414 3.877970
21.849490 -4.422239 1.934675
21.865780 -3.935933 2.513224
21.882450 -2.079049 4.048497
21.898740 -0.072079 4.201636
21.915220 0.991921 2.277043
21.931640 1.484838 -0.763220
21.947940 2.051556 -3.850297
21.964420 2.846311 -6.104479
21.980770 4.979818 -5.668607
21.997250 9.876364 -1.244017
22.013730 15.970456 5.552128
22.030270 18.199290 10.797557
22.046570 13.604353 11.894068
22.063170 5.152390 9.213779
22.079530 -1.925072 4.448144
22.096010 -4.633090 -0.437534
22.112300 -3.463333 -3.922922
22.128720 -1.070636 -5.632575
22.145450 0.057773 -6.682916
22.161560 -0.751355 -7.623400
22.178040 -1.817069 -6.970430
22.194460 -0.286437 -4.493063
22.210880 3.285900 -0.194707
22.227840 3.138874 9.419187
22.243710 -4.882401 26.308570
22.260130 -16.835574 44.505069
22.293030 -23.406471 53.185305
22.309510 -20.345338 47.176681
22.325740 -12.168417 32.129339
22.342350 -5.012472 17.779531
22.358760 -1.334936 9.687593
22.375120 0.081430 6.884927
22.391660 1.459751 4.975333
22.407900 3.106993 1.574003
22.424380 3.425469 -2.102170
22.440730 1.704883 -4.160806
22.457340 -0.956194 -4.342006
22.473750 -3.081562 -4.154582
22.490230 -4.060907 -5.768191
22.506470 -3.733637 -9.096962
22.522830 -1.930049 -10.909742
22.539490 -0.251755 -8.902315
22.555850 -0.399524 -5.040014
22.572330 -1.324007 -2.745029
22.588990 -0.980367 -1.814789
22.605220 0.654751 0.244026
22.621640 1.307356 3.446173
22.638180 -0.302131 4.538162
22.654480 -2.549929 1.711678
22.670840 -2.797548 -1.700050
22.687500 -0.416102 -1.532606
22.703800 2.282683 1.944454
22.720280 2.481870 4.754793
22.736510 0.212031 4.367729
22.752810 -2.045974 2.020584
22.769470 -2.611590 -0.133455
22.785830 -1.629667 -1.149700
22.802370 -0.210454 -0.594689
22.818790 0.889668 1.587147
22.835140 1.558359 3.441365
22.851620 1.938369 2.389052
22.868040 2.250505 -1.477174
22.884460 1.993164 -5.246546
22.900820 0.838509 -6.578000
22.917360 -0.340350 -6.128762
22.933780 -0.781374 -5.478680
22.950320 -0.415316 -5.191754
22.966610 0.346786 -5.282600
22.983030 0.697072 -5.717552
22.999450 0.606432 -5.722494
23.015930 1.374684 -3.567150
23.032410 3.877456 0.607567
23.048650 6.963504 4.250300
23.065250 7.836642 5.416515
23.081480 4.769472 4.163274
23.098020 -0.340373 2.241874
23.114500 -3.499005 1.131847
23.130860 -2.235718 0.668031
23.147580 1.964518 0.203194
23.163760 4.869873 -0.133882
23.180050 4.188374 0.521804
23.196470 1.347500 1.895116
23.212830 -1.839574 2.387246
23.229370 -5.183676 2.444716
23.245850 -8.308757 3.338307
23.262210 -9.555571 3.724493
23.278630 -7.631389 1.876898
23.294860 -3.740834 -1.131163
23.311460 -0.327345 -2.086501
23.327820 2.112567 0.368107
23.344360 3.712856 4.230398
23.361020 3.398591 7.104340
23.377140 0.925906 8.567002
23.393800 -2.232157 9.445525
23.426450 -4.078911 9.712690
23.442990 -3.993797 8.167765
23.459230 -2.515082 3.997864
23.475710 -0.526163 -2.041086
23.492250 1.460870 -7.657279
23.508540 4.554421 -9.558687
23.524960 8.836865 -6.747186
23.541440 11.717507 -2.791908
23.574580 10.919791 -1.489563
23.590940 8.192344 -2.702627
23.623600 7.270260 -3.667753
23.639950 7.488801 -3.219508
23.656490 4.668446 -1.823907
23.672850 -1.980028 0.948671
23.689330 -7.995270 4.369687
23.705750 -8.282809 4.386458
23.722230 -2.793464 -1.602990
23.738590 3.906731 -12.355139
23.754940 8.138998 -26.480169
23.771670 9.354295 -40.773416
23.787840 9.021551 -49.362779
23.820740 8.380233 -46.883866
23.837100 7.149628 -34.197066
23.853520 4.325439 -18.567138
23.886470 -0.016746 -5.566213
23.902830 23.206351 3.380881
23.919310 -55.962268 -1.110456
23.952270 -122.723002 -7.738180
