0.000000 902.020000 1041.392000
0.016270 923.066000 1122.220000
0.032850 958.188000 1042.998000
0.065630 757.503000 786.610000
0.082110 703.188000 892.342000
0.098480 705.398000 926.772000
0.114990 552.228000 695.266000
0.131180 569.398000 724.482000
0.147740 571.234000 740.212000
0.164110 583.814000 750.838000
0.180420 553.214000 731.456000
0.196950 551.378000 716.562000
0.213360 577.082000 692.296000
0.229860 551.650000 640.486000
0.246250 549.270000 617.254000
0.262560 586.551000 675.752000
0.278950 587.605000 637.010000
0.295580 588.064000 643.434000
0.311920 592.467000 547.162000
0.328370 592.518000 566.038000
0.344830 595.714000 598.796000
0.361240 582.471000 609.840000
0.377700 591.634000 667.370000
0.394090 592.416000 673.090000
0.410610 636.633000 103.378000
0.427190 646.595000 112.838000
0.443330 644.861000 91.146000
0.459820 647.479000 74.052000
0.476240 648.380000 97.548000
0.492750 648.193000 90.970000
0.509000 642.940000 95.106000
0.525540 653.497000 84.370000
0.541950 654.551000 102.872000
0.558400 672.520000 137.984000
0.574870 651.882000 176.572000
0.607740 644.045000 159.280000
0.624110 582.216000 32.648000
0.640580 580.941000 14.828000
0.656980 542.606000 96.448000
0.673190 552.024000 73.942000
0.689990 554.217000 103.268000
0.706240 561.272000 170.500000
0.722730 553.639000 98.208000
0.740190 555.203000 117.260000
0.755600 587.282000 161.744000
0.771930 574.566000 208.736000
0.788470 571.880000 169.774000
0.804960 540.158000 51.238000
0.821330 578.289000 11.902000
0.887150 665.414000 49.632000
0.903470 633.998000 108.020000
0.919750 658.019000 38.896000
0.936280 658.308000 37.928000
0.952730 658.478000 65.890000
1.067750 716.006000 96.602000
1.084110 715.445000 73.172000
1.166320 723.911000 4.290000
1.182690 725.118000 24.750000
1.544250 745.909000 351.120000
1.560750 784.856000 350.196000
1.593490 659.124000 3.872000
1.609880 662.184000 0.484000
1.724980 613.887000 6.028000
1.839830 592.552000 19.888000
1.938460 658.597000 76.626000
1.954940 661.708000 6.666000
1.987720 650.692000 36.718000
2.004140 674.713000 5.236000
2.119260 675.682000 4.994000
2.250610 763.793000 31.372000
2.300000 613.836000 50.974000
2.316380 612.578000 31.834000
2.332860 525.657000 77.792000
2.349240 537.795000 134.420000
2.365490 538.458000 144.034000
2.382660 543.184000 119.108000
2.398360 525.385000 118.470000
2.414860 526.473000 128.656000
2.431230 531.879000 57.420000
2.447720 503.523000 139.238000
2.464000 502.282000 129.492000
2.480480 538.339000 141.240000
2.496930 495.278000 139.194000
2.513340 499.137000 178.024000
2.529850 542.929000 255.618000
2.546110 502.044000 247.720000
2.562760 503.166000 256.410000
2.579210 601.239000 198.176000
2.595630 588.013000 140.646000
2.612090 585.633000 111.056000
2.628520 584.375000 93.280000
2.644870 557.141000 63.580000
2.661410 558.144000 74.118000
2.677900 582.573000 172.062000
2.694140 586.126000 148.654000
2.712200 586.024000 147.400000
2.727050 590.087000 157.608000
2.743500 546.992000 185.900000
2.760150 545.360000 167.310000
2.776260 621.180000 122.364000
2.792590 648.448000 62.744000
2.809300 647.717000 53.504000
2.828200 629.170000 72.358000
2.842160 653.072000 127.974000
2.858520 653.820000 138.248000
2.875030 636.225000 140.184000
2.891360 649.094000 121.660000
2.907910 648.295000 111.760000
2.924120 638.520000 153.472000
2.941830 671.415000 153.604000
2.957120 672.146000 163.482000
2.973400 642.804000 178.288000
2.989990 650.998000 141.130000
3.006380 649.825000 121.396000
3.022890 637.296000 37.422000
3.041580 633.879000 29.392000
3.055680 634.287000 39.424000
3.088520 649.808000 261.932000
3.104900 650.641000 271.634000
3.121380 667.352000 98.912000
3.137630 631.482000 85.932000
3.155320 629.748000 54.604000
3.170520 646.153000 109.406000
3.187150 622.047000 105.842000
3.203510 621.027000 94.644000
3.220000 721.446000 57.772000
3.236390 797.147000 145.178000
3.252620 797.623000 167.024000
3.269240 788.902000 139.084000
3.285640 752.794000 208.758000
3.318450 774.996000 128.216000
3.334880 757.316000 17.138000
3.370880 762.042000 5.016000
3.417110 755.208000 0.484000
3.433500 773.143000 16.566000
3.449870 774.248000 57.002000
3.466430 736.916000 86.130000
3.484570 794.087000 95.194000
3.499150 793.543000 62.524000
3.515640 814.334000 27.038000
3.532320 849.082000 68.002000
3.548780 848.538000 38.588000
3.565200 862.665000 33.088000
3.581570 830.756000 17.776000
3.599500 831.249000 71.258000
3.614270 827.526000 133.936000
3.630690 841.432000 129.536000
3.646940 841.653000 149.380000
3.663380 840.480000 129.910000
3.679840 837.964000 169.180000
3.696320 838.253000 177.848000
3.712630 850.986000 217.008000
3.729230 871.726000 207.680000
3.745640 871.471000 197.384000
3.761990 915.212000 219.120000
3.778520 890.035000 163.240000
3.794850 890.256000 154.660000
3.811810 883.898000 161.436000
3.827760 870.859000 148.566000
3.844130 870.791000 129.052000
3.860490 822.290000 116.710000
3.877010 768.094000 97.372000
3.893390 768.060000 86.262000
3.909880 751.740000 18.678000
3.926220 787.916000 91.168000
3.942780 787.372000 69.036000
3.959150 779.263000 3.542000
3.975450 764.932000 38.258000
4.008290 783.853000 6.292000
4.057710 762.144000 50.600000
4.074250 767.635000 132.000000
4.090610 768.825000 164.450000
4.107010 531.692000 99.528000
4.123500 521.220000 125.972000
4.139970 519.384000 106.018000
4.156400 502.741000 93.456000
4.172640 553.010000 100.210000
4.205630 542.368000 163.592000
4.222020 502.282000 138.138000
4.238370 504.798000 166.276000
4.254850 515.695000 177.562000
4.271380 550.120000 172.898000
4.287610 551.242000 183.260000
4.304090 573.954000 145.046000
4.320620 550.936000 115.632000
4.336990 549.950000 105.534000
4.353440 502.928000 141.768000
4.370040 515.780000 192.984000
4.386250 517.735000 213.026000
4.402600 504.730000 238.414000
4.419280 489.957000 213.752000
4.435500 488.002000 195.140000
4.452120 508.589000 219.516000
4.468340 516.885000 189.178000
4.484970 516.086000 179.234000
4.501220 501.551000 103.752000
4.517930 537.098000 94.688000
4.534440 535.942000 84.546000
4.550830 498.474000 93.610000
4.567440 554.438000 160.776000
4.586500 555.441000 171.138000
4.600050 565.590000 183.128000
4.616380 574.209000 93.302000
4.632570 574.107000 92.048000
4.649140 568.072000 179.740000
4.665510 553.945000 235.510000
4.698530 579.768000 170.368000
4.714900 566.389000 110.572000
4.731460 564.893000 91.850000
4.747740 570.503000 126.126000
4.764110 611.422000 176.792000
4.780610 609.977000 156.310000
4.796950 672.792000 65.186000
4.813490 666.094000 74.998000
4.829850 664.972000 54.230000
4.846390 706.027000 52.404000
4.862820 702.355000 65.252000
4.879300 703.035000 74.580000
4.895650 704.208000 75.262000
4.912080 685.406000 33.176000
4.928360 684.641000 21.406000
4.961200 692.172000 67.980000
4.977750 692.240000 69.542000
4.994110 676.294000 122.386000
5.010590 669.681000 29.964000
5.027220 671.041000 60.632000
5.043330 775.217000 97.394000
5.059860 759.832000 160.556000
5.076370 761.056000 191.268000
5.092620 776.645000 176.110000
5.109240 753.440000 123.662000
5.125460 752.947000 113.388000
5.141950 683.757000 91.476000
5.158360 679.286000 125.554000
5.174730 679.983000 135.916000
5.191380 696.558000 213.136000
5.207610 693.855000 218.746000
5.224260 692.886000 199.650000
5.240600 697.561000 168.322000
5.257020 695.538000 163.900000
5.289690 692.036000 126.896000
5.306210 667.471000 167.442000
5.339080 678.793000 180.290000
5.355620 690.030000 118.338000
5.388370 620.704000 157.850000
5.404720 632.689000 160.380000
5.421250 633.080000 170.170000
5.437760 624.444000 194.788000
5.454100 624.767000 145.134000
5.470670 625.651000 155.562000
5.487120 618.800000 195.712000
5.503390 666.128000 107.976000
5.519870 665.040000 87.956000
5.536250 630.309000 101.794000
5.552630 712.776000 132.748000
5.585530 806.021000 205.590000
5.602010 794.376000 250.646000
5.634700 775.013000 192.874000
5.651260 774.027000 109.318000
5.684230 785.842000 112.046000
5.700490 780.929000 122.474000
5.717120 780.334000 111.188000
5.733380 769.947000 82.500000
5.749730 724.472000 136.906000
5.766330 724.540000 138.446000
5.782610 708.016000 93.830000
5.799090 735.624000 66.880000
5.832000 723.843000 152.856000
5.848370 753.491000 51.986000
5.864870 754.103000 62.084000
5.881200 728.705000 98.186000
5.897570 744.583000 50.622000
5.914180 743.903000 38.918000
5.930620 735.624000 104.390000
5.946980 748.306000 105.908000
5.963350 749.071000 128.128000
5.979710 738.769000 115.698000
5.996230 746.385000 109.164000
6.029130 749.734000 209.638000
6.045520 748.595000 191.444000
6.061890 748.765000 200.794000
6.078370 749.173000 89.936000
6.094770 762.773000 270.292000
6.111210 763.385000 289.080000
6.127720 796.518000 218.812000
6.144290 797.691000 171.094000
6.160510 797.725000 161.568000
6.177000 786.420000 195.118000
6.193510 790.347000 201.938000
6.211850 789.361000 162.426000
6.226200 761.549000 61.688000
6.242720 807.041000 82.170000
6.275590 763.844000 139.480000
6.291990 809.115000 165.462000
6.308380 809.506000 185.702000
6.324720 805.358000 188.474000
6.341420 880.056000 110.418000
6.374250 904.128000 150.150000
6.390530 868.581000 182.160000
6.423550 878.560000 108.724000
6.439710 891.191000 136.532000
6.456360 891.157000 154.682000
6.472730 884.952000 224.774000
6.489270 881.960000 189.794000
6.505510 882.249000 178.904000
6.521930 897.549000 90.706000
6.538330 915.161000 182.094000
6.554820 915.603000 123.288000
6.620620 855.100000 47.410000
6.636990 843.030000 61.688000
6.653320 843.047000 92.752000
6.669860 850.204000 143.638000
6.686370 866.490000 64.174000
6.702640 866.490000 65.758000
6.719130 831.419000 68.816000
6.735610 863.498000 77.044000
6.768390 828.189000 128.678000
6.817580 472.753000 728.926000
6.834090 531.607000 331.848000
6.866900 707.319000 694.232000
6.883320 740.758000 564.938000
6.899890 739.228000 546.612000
6.916210 728.195000 593.340000
6.932750 749.190000 520.498000
6.949130 747.762000 502.238000
6.965480 695.181000 658.482000
6.984100 680.323000 614.548000
6.998370 604.962000 453.178000
7.014710 516.001000 249.348000
7.031370 506.872000 269.522000
7.047740 507.008000 270.688000
7.064130 525.810000 205.722000
7.080490 528.666000 175.846000
7.113390 503.608000 225.984000
7.129850 505.563000 243.540000
7.146260 506.294000 252.802000
7.162600 505.427000 203.852000
7.179140 513.247000 236.170000
7.195450 517.004000 273.438000
7.211850 531.267000 305.470000
7.228650 554.319000 340.362000
7.244800 556.019000 358.204000
7.261370 535.806000 368.984000
7.277630 554.047000 380.886000
7.311450 586.721000 368.280000
7.326970 617.474000 320.364000
7.343460 615.604000 293.172000
7.359710 618.562000 202.378000
7.376360 644.725000 166.892000
7.392610 642.362000 128.722000
7.409270 602.871000 164.890000
7.425480 623.186000 164.538000
7.458530 599.403000 151.074000
7.474700 616.845000 100.826000
7.507750 602.701000 129.690000
7.524080 612.034000 208.296000
7.540450 611.490000 197.362000
7.556990 715.394000 92.378000
7.573360 692.631000 64.724000
7.589710 691.832000 53.262000
7.606230 693.634000 95.942000
7.622680 689.112000 78.958000
7.638950 690.217000 101.486000
7.655460 707.387000 123.244000
7.671830 711.484000 176.726000
7.688340 712.300000 194.722000
7.704570 718.318000 183.524000
7.721050 705.262000 190.476000
7.753980 712.793000 217.338000
7.770290 722.194000 178.178000
7.786870 721.123000 149.248000
7.803360 714.629000 181.808000
7.819670 795.549000 139.282000
7.836210 794.920000 137.434000
7.852570 804.797000 155.936000
7.869110 812.413000 156.882000
7.885330 813.314000 177.958000
7.901920 806.956000 234.872000
7.918520 775.353000 226.578000
7.934940 774.316000 206.008000
7.951420 807.432000 81.356000
7.970410 762.960000 207.284000
7.984190 764.269000 248.072000
8.000660 816.612000 157.718000
8.017040 791.996000 268.664000
8.049870 814.623000 208.076000
8.066410 807.738000 247.500000
8.082750 807.704000 238.018000
8.099120 818.193000 204.776000
8.115830 897.753000 308.220000
8.132000 897.855000 289.982000
8.148500 883.065000 221.034000
8.164890 872.695000 181.016000
8.197830 900.473000 155.892000
8.214290 905.624000 127.050000
8.230510 905.318000 136.466000
8.247040 897.940000 184.118000
8.263400 894.115000 218.592000
8.279770 894.268000 228.228000
8.299330 876.758000 269.236000
8.312790 883.881000 269.874000
8.329130 884.153000 240.944000
8.345780 909.398000 178.134000
8.362030 887.910000 157.278000
8.378390 887.468000 155.144000
8.394900 882.283000 216.612000
8.411380 744.651000 379.104000
8.427720 746.028000 408.232000
8.444320 537.285000 454.168000
8.460800 519.197000 495.880000
8.477290 516.392000 469.678000
8.493840 536.928000 399.938000
8.509990 540.634000 424.776000
8.526430 539.954000 422.972000
8.542740 528.037000 462.792000
8.559130 532.338000 431.750000
8.575500 535.704000 460.548000
8.591860 534.582000 462.022000
8.608370 556.223000 432.828000
8.625200 554.472000 415.338000
8.641400 546.227000 348.524000
8.657610 550.970000 420.398000
8.690510 544.425000 483.824000
8.706990 556.138000 470.184000
8.739870 522.648000 454.498000
8.756210 527.952000 425.018000
8.772610 529.720000 441.276000
8.788970 519.639000 388.652000
8.805500 534.106000 425.612000
8.821870 535.874000 442.244000
8.838350 515.780000 487.190000
8.854870 528.751000 538.010000
8.871250 526.082000 512.622000
8.887600 483.429000 289.696000
8.904130 472.617000 320.298000
8.920550 469.217000 292.842000
8.936980 446.505000 305.338000
8.953340 465.018000 315.238000
8.969890 468.401000 344.344000
8.986390 463.811000 437.184000
9.002780 468.010000 422.972000
9.019130 466.990000 413.116000
9.035510 476.510000 366.630000
9.051900 445.995000 242.968000
9.068530 443.785000 224.356000
9.084690 472.515000 288.376000
9.101120 473.093000 429.440000
9.117950 473.960000 437.756000
9.134430 695.181000 1524.688000
9.363980 566.321000 976.316000
9.380450 544.272000 369.930000
9.397020 508.572000 361.988000
9.413350 507.348000 353.012000
9.429720 515.831000 280.060000
9.446230 517.633000 344.476000
9.462600 521.033000 373.362000
9.478970 510.221000 335.808000
9.495760 525.861000 341.154000
9.511980 524.501000 330.682000
9.528320 529.686000 366.608000
9.544690 521.492000 320.034000
9.561130 524.348000 349.272000
9.577610 537.795000 347.688000
9.593980 535.976000 467.324000
9.610470 536.316000 466.312000
9.626860 610.589000 473.022000
9.643360 631.822000 405.702000
9.659740 629.493000 378.576000
9.676100 635.885000 386.826000
9.692610 610.317000 389.444000
9.708940 611.932000 409.288000
9.725600 593.266000 412.918000
9.741820 618.596000 442.596000
9.758350 616.607000 414.634000
9.774730 615.077000 353.870000
9.791120 584.086000 295.988000
9.807600 583.440000 294.602000
9.823970 596.700000 303.600000
9.840470 615.706000 396.484000
9.856860 619.752000 443.872000
9.873490 625.243000 387.684000
9.889740 623.237000 388.828000
9.906110 621.860000 371.030000
9.922610 591.464000 415.822000
9.938960 619.514000 427.636000
9.955610 617.491000 399.784000
9.971880 607.512000 309.012000
9.988400 613.972000 246.246000
10.005070 612.969000 235.840000
10.021390 598.043000 299.794000
10.037890 569.840000 350.020000
10.056500 571.676000 370.062000
10.070600 573.920000 337.370000
10.086900 550.426000 324.148000
10.119780 545.326000 336.490000
10.136230 574.277000 417.032000
10.152710 576.640000 443.894000
10.169160 568.990000 463.122000
10.185500 553.231000 435.754000
10.202210 554.336000 444.906000
10.218520 577.371000 360.734000
10.234730 552.993000 347.710000
10.251270 549.423000 310.200000
10.267730 558.093000 253.990000
10.284260 563.499000 318.538000
10.316890 532.457000 326.216000
10.333720 583.270000 402.468000
10.349840 584.936000 420.904000
10.366210 545.343000 456.060000
10.382800 565.811000 451.418000
10.399110 565.165000 441.694000
10.415850 613.921000 334.136000
10.431880 616.046000 349.888000
10.448530 615.570000 348.326000
10.464800 609.331000 422.400000
10.481220 605.676000 446.996000
10.497860 608.294000 475.486000
10.514160 625.396000 474.914000
10.530500 627.147000 460.900000
10.547030 625.787000 443.674000
10.563260 618.443000 407.154000
10.579770 611.439000 364.320000
10.596100 609.348000 335.368000
10.612720 612.867000 366.344000
10.629210 610.810000 352.616000
10.645580 609.773000 342.408000
10.661990 659.668000 306.416000
10.678220 674.016000 404.800000
10.694840 676.362000 442.398000
10.711240 681.190000 449.284000
10.727710 677.263000 473.242000
10.744020 677.569000 481.712000
10.760510 679.762000 392.700000
10.777040 689.979000 476.036000
10.793330 691.016000 493.218000
10.809830 684.726000 519.948000
10.826370 684.318000 530.970000
10.842800 682.822000 504.218000
10.859150 563.652000 508.816000
10.875690 538.611000 449.262000
10.892180 537.455000 440.902000
10.908570 566.219000 490.050000
10.929660 545.224000 470.602000
10.941240 548.267000 497.486000
10.957640 567.171000 454.718000
10.974110 567.477000 460.240000
10.990630 565.063000 433.356000
11.006850 549.321000 428.032000
11.023360 542.912000 388.762000
11.039860 542.453000 387.222000
11.056230 545.309000 438.878000
11.072630 568.293000 499.972000
11.088960 571.234000 527.692000
11.105650 545.547000 511.896000
11.121870 544.986000 543.004000
11.139830 543.864000 534.402000
11.154800 531.437000 472.890000
11.171280 534.429000 533.654000
11.187650 535.704000 541.992000
11.204030 514.182000 537.658000
11.220460 514.097000 520.080000
11.236850 514.726000 527.428000
11.253360 534.990000 592.636000
11.269880 559.079000 539.748000
11.286240 560.184000 548.262000
11.302720 529.941000 567.930000
11.319030 528.445000 574.244000
11.335480 524.637000 542.278000
11.351840 514.964000 400.488000
11.368390 512.363000 411.422000
11.384860 514.216000 427.812000
11.401260 513.145000 439.494000
11.417620 522.597000 496.672000
11.434050 521.237000 487.036000
11.450810 495.584000 443.190000
11.467970 506.345000 499.180000
11.483550 506.481000 500.236000
11.499880 514.879000 450.978000
11.516250 511.462000 480.414000
11.532750 512.822000 490.292000
11.549040 522.189000 505.978000
11.565800 522.563000 466.136000
11.581990 520.625000 448.910000
11.598390 594.439000 441.364000
11.614670 577.932000 457.952000
11.631260 576.861000 447.986000
11.647660 581.842000 429.638000
11.664080 569.738000 472.846000
11.680600 571.404000 489.720000
11.696960 582.913000 456.654000
11.713360 587.180000 481.602000
11.746120 539.121000 463.584000
11.762630 581.162000 425.524000
11.779130 582.114000 433.136000
11.797970 596.394000 514.800000
11.812230 596.479000 567.578000
11.828380 597.499000 575.124000
11.844730 602.293000 450.252000
11.861450 591.158000 473.880000
11.877750 586.279000 420.244000
11.894150 572.747000 397.166000
11.910610 560.439000 400.400000
11.927020 557.906000 376.640000
11.943330 520.421000 377.168000
11.959900 516.596000 378.180000
11.976150 521.594000 422.048000
11.992580 527.782000 541.596000
12.009080 529.074000 501.622000
12.025680 530.468000 517.858000
12.042010 537.166000 532.730000
12.058380 528.071000 516.780000
12.075060 529.669000 528.792000
12.091400 522.189000 572.792000
12.107940 521.101000 548.196000
12.124450 519.843000 539.770000
12.140870 515.848000 585.398000
12.157200 542.079000 605.968000
12.173390 545.020000 629.398000
12.189770 547.774000 578.028000
12.206450 544.544000 548.438000
12.222960 545.105000 555.808000
12.243260 550.613000 584.804000
12.255660 542.113000 622.424000
12.271880 540.498000 606.254000
12.288130 531.879000 533.962000
12.304750 539.053000 472.604000
12.321060 533.443000 420.420000
12.337590 527.646000 462.374000
12.353990 550.222000 468.820000
12.370380 553.316000 501.688000
12.386870 516.511000 604.340000
12.403260 532.610000 601.964000
12.419750 536.860000 637.142000
12.436100 555.781000 720.038000
12.452580 554.948000 709.390000
12.468990 552.500000 686.774000
12.485370 540.940000 740.916000
12.501860 556.835000 669.790000
12.518260 555.016000 654.192000
12.534760 541.586000 606.628000
12.551130 531.063000 614.988000
12.584010 529.822000 626.230000
12.600360 524.263000 639.254000
12.616970 523.396000 630.674000
12.633240 524.569000 610.434000
12.649720 563.261000 613.954000
12.666090 561.306000 596.244000
12.682620 578.221000 584.738000
12.699130 552.976000 547.712000
12.731870 566.865000 573.936000
12.748210 628.558000 565.642000
12.764760 629.034000 574.486000
12.781200 677.739000 176.242000
12.797700 678.181000 239.052000
12.814090 679.694000 268.950000
12.830370 675.223000 277.508000
12.846830 671.245000 318.076000
12.863250 672.367000 336.556000
12.879750 683.706000 329.802000
12.895980 681.071000 350.988000
12.928940 680.986000 376.706000
12.945360 693.090000 281.996000
12.961870 692.784000 272.668000
12.978240 694.722000 409.464000
12.994710 741.387000 255.684000
13.011110 740.537000 226.732000
13.027620 755.480000 229.262000
13.043980 752.471000 160.864000
13.060350 751.740000 139.304000
13.076860 755.531000 125.444000
13.093230 737.698000 140.800000
13.109730 737.919000 150.898000
13.126130 747.728000 163.746000
13.142350 770.423000 194.700000
13.158980 771.052000 216.128000
13.175350 756.534000 155.408000
13.191850 753.491000 181.984000
13.224930 765.510000 247.896000
13.241300 683.485000 215.226000
13.257740 683.774000 224.356000
13.274120 679.201000 253.682000
13.290510 674.679000 199.430000
13.306960 675.750000 218.856000
13.323350 663.204000 327.954000
13.339950 665.176000 347.754000
13.372790 675.886000 289.432000
13.389130 672.860000 303.358000
13.405690 671.364000 274.208000
13.422130 682.397000 261.294000
13.438390 682.635000 180.158000
13.454900 680.578000 141.064000
13.471100 701.539000 122.628000
13.487470 705.041000 159.016000
13.504010 703.715000 125.840000
13.520370 679.473000 130.548000
13.536820 642.056000 55.902000
13.553360 641.172000 44.858000
13.569890 620.449000 60.412000
13.586230 637.670000 97.790000
13.602650 640.390000 142.098000
13.619140 660.059000 125.290000
13.635500 640.305000 141.372000
13.651980 641.937000 170.632000
13.668400 673.982000 224.224000
13.684910 663.816000 275.308000
13.701140 664.547000 284.900000
13.717800 653.837000 305.998000
13.734190 680.493000 309.914000
13.750470 676.838000 241.120000
13.766970 655.214000 64.680000
13.783390 642.498000 72.908000
13.799610 641.597000 62.282000
13.816100 631.856000 0.110000
13.832490 634.882000 57.288000
13.848980 637.636000 102.322000
13.865480 646.476000 87.252000
13.881960 647.088000 118.338000
13.914690 630.088000 190.784000
13.931110 647.173000 116.204000
13.947460 648.788000 146.080000
13.964140 634.321000 224.554000
13.981410 678.810000 321.442000
13.997060 681.020000 359.172000
14.013260 686.290000 365.068000
14.029750 678.895000 340.076000
14.062520 706.639000 357.654000
14.078990 699.822000 370.458000
14.095470 697.017000 310.068000
14.111880 678.878000 202.950000
14.128250 686.664000 145.178000
14.144740 685.355000 124.146000
14.161120 691.186000 71.324000
14.177510 714.510000 216.766000
14.193920 717.196000 270.094000
14.210480 685.950000 237.072000
14.226850 677.195000 222.332000
14.243230 676.481000 212.784000
14.259890 713.728000 230.824000
14.276260 694.671000 230.912000
14.292500 693.906000 206.668000
14.309950 686.902000 150.854000
14.325500 688.908000 120.230000
14.341960 687.633000 99.374000
14.358200 673.047000 171.622000
14.374880 679.422000 235.246000
14.391130 683.995000 317.196000
14.407500 706.299000 300.278000
14.424030 721.837000 310.002000
14.440510 719.389000 247.786000
14.456880 716.040000 147.290000
14.473210 698.462000 66.594000
14.489750 697.629000 54.406000
14.506120 676.328000 131.934000
14.523180 674.288000 183.876000
14.539180 677.127000 237.952000
14.555340 700.094000 159.720000
14.571810 697.646000 195.558000
14.588230 697.187000 176.132000
14.604710 694.943000 233.068000
14.621280 704.616000 200.838000
14.637800 703.035000 171.314000
14.653960 698.139000 161.590000
14.670360 706.044000 223.102000
14.686870 704.820000 192.830000
14.703230 668.355000 53.790000
14.785370 679.473000 4.994000
14.801700 668.933000 94.468000
14.818190 686.579000 164.736000
14.834750 689.554000 219.538000
14.852170 701.352000 221.034000
14.867710 687.191000 168.388000
14.883990 686.528000 158.620000
14.900380 670.786000 180.642000
14.916870 672.945000 218.570000
14.933240 676.209000 275.924000
14.949620 682.652000 303.182000
14.966310 657.526000 370.612000
14.982570 657.203000 361.438000
14.998920 647.088000 310.420000
15.015370 636.055000 281.886000
15.031880 634.049000 254.628000
15.048250 617.831000 282.018000
15.064770 627.572000 302.280000
15.081100 628.422000 312.026000
15.097580 639.183000 284.746000
15.113890 640.764000 265.188000
15.130310 639.523000 246.400000
15.146880 627.606000 251.944000
15.163350 614.703000 227.634000
15.196240 668.321000 227.832000
15.212490 662.354000 218.878000
15.228970 662.932000 226.314000
15.245380 656.574000 233.662000
15.261830 654.976000 234.960000
15.278210 653.650000 213.488000
15.294590 639.336000 230.186000
15.311110 681.360000 200.728000
15.327480 679.388000 163.724000
15.343980 697.391000 206.580000
15.360340 699.125000 121.484000
15.377060 699.363000 131.318000
15.393360 670.361000 140.954000
15.409500 654.806000 198.880000
15.426220 657.645000 248.864000
15.442470 682.992000 285.714000
15.458860 671.534000 309.848000
15.475390 671.840000 309.628000
15.491870 673.574000 299.574000
15.508190 690.319000 283.206000
15.524610 687.616000 234.630000
15.540990 679.524000 216.502000
15.557460 701.284000 165.352000
15.574140 701.998000 176.374000
15.590360 691.271000 182.952000
15.606840 687.497000 180.972000
15.623200 687.701000 189.772000
15.639620 671.857000 193.754000
15.656130 666.927000 210.232000
15.672500 667.284000 220.726000
15.688870 708.917000 214.368000
15.705400 690.778000 217.250000
15.722020 691.016000 216.634000
15.738370 710.022000 279.686000
15.754620 701.267000 181.610000
15.771100 699.601000 151.712000
15.787350 679.422000 157.696000
15.804140 696.269000 207.702000
15.820370 697.289000 228.536000
15.836810 677.620000 165.814000
15.853230 692.172000 278.014000
15.886090 696.473000 218.922000
15.902500 691.645000 222.244000
15.918950 690.642000 202.708000
15.935560 574.073000 615.758000
15.951810 527.000000 681.758000
15.968250 529.754000 704.638000
15.984620 547.842000 731.742000
16.001130 540.838000 707.938000
16.017440 544.102000 731.984000
16.034010 556.138000 689.766000
16.050340 568.310000 743.600000
16.066820 564.638000 712.646000
16.083330 534.548000 694.232000
16.099590 557.634000 629.794000
16.116070 556.903000 621.170000
16.132480 531.148000 661.034000
16.148990 557.413000 678.612000
16.165310 556.818000 677.226000
16.182080 543.983000 605.022000
16.198240 518.823000 688.754000
16.214740 520.965000 704.946000
16.231060 564.349000 643.104000
16.247480 530.757000 710.160000
16.263850 530.009000 702.900000
16.280320 559.521000 606.826000
16.296880 537.761000 614.460000
16.313250 538.594000 623.150000
16.329740 516.273000 738.188000
16.346130 532.219000 694.804000
16.362490 537.030000 733.040000
16.378980 567.307000 759.594000
16.395520 548.573000 818.532000
16.411870 548.828000 817.938000
16.428220 534.021000 801.218000
16.444600 550.341000 701.888000
16.461120 547.451000 680.108000
16.477430 514.522000 711.194000
16.493930 517.820000 754.688000
16.510510 519.911000 769.714000
16.526980 525.368000 736.516000
16.543240 527.425000 735.614000
16.559600 526.660000 727.892000
16.576250 550.630000 722.128000
16.592640 554.829000 698.456000
16.608960 553.724000 690.558000
16.625400 504.237000 693.154000
16.642060 521.560000 685.608000
16.658570 523.617000 701.206000
16.674930 548.488000 715.066000
16.691600 535.959000 721.116000
16.724240 521.135000 969.584000
16.740810 511.989000 912.846000
16.773530 536.197000 914.144000
16.789930 537.557000 905.344000
16.824390 513.723000 876.766000
16.839310 525.130000 974.204000
16.871730 530.043000 912.450000
16.888380 522.920000 915.486000
16.904630 524.943000 928.510000
16.921480 516.001000 935.506000
16.937840 535.551000 967.164000
16.954130 531.505000 938.300000
16.970470 594.473000 917.312000
16.986770 576.368000 829.708000
17.003230 572.356000 801.350000
17.019640 575.025000 790.878000
17.036130 570.826000 873.356000
17.052600 575.943000 910.888000
17.069120 620.228000 899.536000
17.085460 606.866000 895.510000
17.101840 603.602000 867.108000
17.118390 592.467000 775.676000
17.134750 576.045000 810.700000
17.167600 562.785000 796.664000
17.184100 556.988000 846.824000
17.200440 559.640000 868.318000
17.216870 548.624000 893.662000
17.233380 603.517000 902.748000
17.249790 604.571000 909.744000
17.266240 601.273000 864.798000
17.282560 610.759000 854.370000
17.299060 607.563000 825.286000
17.315510 636.429000 754.622000
17.331910 626.416000 771.474000
17.348270 625.872000 763.378000
17.364640 604.537000 775.214000
17.381210 647.802000 712.404000
17.397540 648.346000 719.378000
17.413850 653.531000 741.510000
17.430470 643.280000 771.034000
17.446760 645.235000 794.640000
17.463260 641.359000 883.212000
17.479710 630.122000 855.866000
17.496280 631.567000 870.056000
17.512630 635.511000 872.718000
17.529100 574.821000 909.172000
17.545500 574.226000 902.704000
17.561750 581.043000 906.818000
17.578410 552.993000 869.506000
17.594740 549.865000 847.330000
17.611220 529.312000 804.936000
17.627670 527.782000 832.634000
17.644060 528.989000 840.092000
17.660460 561.136000 881.122000
17.676900 583.372000 856.218000
17.693340 581.672000 842.248000
17.709580 577.966000 830.676000
17.726430 551.208000 798.930000
17.742740 551.837000 805.420000
17.759080 560.235000 817.674000
17.775500 545.360000 832.832000
17.791870 547.298000 847.110000
17.808330 529.091000 858.330000
17.824920 536.588000 896.478000
17.841130 535.755000 889.702000
17.857790 555.203000 883.476000
17.874110 557.685000 882.090000
17.890500 557.804000 882.948000
17.907060 535.976000 901.230000
17.923320 529.516000 867.812000
17.956250 556.920000 894.146000
17.972640 658.308000 883.454000
17.989000 656.965000 868.934000
18.005510 676.872000 790.592000
18.021850 681.190000 767.404000
18.038330 680.340000 759.066000
18.054760 675.291000 786.346000
18.071090 671.126000 755.018000
18.087570 673.115000 778.052000
18.103880 638.367000 797.126000
18.120510 651.508000 823.592000
18.137310 651.593000 824.472000
18.153180 647.887000 794.266000
18.169590 672.248000 840.290000
18.186130 672.554000 846.780000
18.202470 637.160000 794.728000
18.218840 651.491000 861.608000
18.235350 652.375000 869.088000
18.251830 651.321000 853.006000
18.268190 682.414000 835.692000
18.284770 681.292000 821.480000
18.301120 721.378000 846.164000
18.317630 703.732000 833.844000
18.333880 703.392000 826.298000
18.350360 719.440000 781.132000
18.366700 694.688000 773.542000
18.383240 694.059000 772.486000
18.399610 709.410000 840.070000
18.416120 712.079000 777.854000
18.432480 714.051000 809.050000
18.448820 703.698000 838.024000
18.467120 700.111000 875.534000
18.498380 692.767000 893.618000
18.514620 711.365000 835.912000
18.547580 729.215000 921.294000
18.563960 733.958000 855.184000
18.581710 732.972000 832.920000
18.596880 735.131000 780.428000
18.613250 740.231000 808.720000
18.629750 739.551000 801.372000
18.646130 735.403000 721.358000
18.843410 867.629000 895.004000
18.859740 875.704000 946.440000
18.876250 756.279000 455.026000
18.892620 694.348000 609.202000
18.908980 673.625000 506.616000
18.925350 672.520000 490.204000
18.941890 670.956000 553.102000
18.958250 686.188000 596.112000
18.974590 687.293000 612.898000
18.991260 709.614000 600.468000
19.007450 678.198000 612.678000
19.040340 719.865000 530.420000
19.056900 670.650000 609.598000
19.089770 710.464000 629.244000
19.106140 650.794000 652.278000
19.124560 651.185000 659.912000
19.139070 586.245000 634.810000
19.155500 581.332000 644.798000
19.171880 582.471000 652.806000
19.188140 590.172000 634.810000
19.204760 578.833000 662.244000
19.221150 577.796000 654.302000
19.237640 609.824000 726.000000
19.253880 591.379000 676.720000
19.270510 592.433000 684.794000
19.286710 579.275000 642.730000
19.303210 559.793000 615.692000
19.319660 558.790000 607.310000
19.336210 594.694000 665.764000
19.352450 568.497000 596.178000
19.368960 567.834000 587.246000
19.385420 562.394000 622.468000
19.401920 553.792000 610.302000
19.418300 552.024000 594.616000
19.434630 535.296000 619.454000
19.453090 542.096000 655.886000
19.467620 544.714000 679.800000
19.484010 550.188000 693.110000
19.500550 550.018000 645.018000
19.516860 551.259000 652.872000
19.533280 550.375000 749.298000
19.549640 557.413000 628.298000
19.565990 556.240000 619.916000
19.582630 528.836000 660.594000
19.599010 590.274000 707.630000
19.615400 591.328000 715.902000
19.631700 599.573000 604.670000
19.648300 563.023000 593.076000
19.664900 561.255000 576.862000
19.681180 618.018000 628.760000
19.697660 573.070000 651.794000
19.730380 602.293000 619.938000
19.746750 569.585000 611.138000
19.779740 583.661000 573.826000
19.796170 604.724000 617.144000
19.812820 605.251000 624.866000
19.829280 567.953000 633.446000
19.845690 568.803000 686.642000
19.862080 569.143000 686.246000
19.878450 583.202000 646.492000
19.897510 579.598000 604.274000
19.911150 576.827000 579.106000
19.927760 656.064000 584.452000
19.944290 675.053000 573.738000
19.960750 676.294000 591.888000
19.977070 676.940000 633.204000
19.993560 659.923000 606.232000
20.012250 658.206000 580.756000
20.025990 642.328000 512.556000
20.042500 634.950000 478.412000
20.058870 633.505000 459.976000
20.075350 625.736000 493.592000
20.091720 656.914000 505.472000
20.108200 658.529000 531.410000
20.124650 660.348000 545.226000
20.141010 636.089000 572.814000
20.157500 637.993000 598.928000
20.173920 647.258000 654.236000
20.190350 659.345000 677.974000
20.206910 661.759000 708.202000
20.223400 661.929000 776.138000
20.239760 656.455000 740.080000
20.272660 651.338000 710.622000
20.288860 634.899000 732.974000
20.305510 633.063000 710.798000
20.321840 667.114000 676.390000
20.338270 674.679000 634.986000
20.354750 673.557000 619.190000
20.371030 640.152000 627.726000
20.387650 648.023000 623.084000
20.420520 579.734000 673.464000
20.437130 542.759000 573.826000
20.453550 544.510000 588.984000
20.470030 532.372000 600.050000
20.486330 536.197000 685.014000
20.519320 534.344000 683.056000
20.535710 544.306000 671.924000
20.554260 542.555000 657.404000
20.568570 535.398000 595.232000
20.585110 529.839000 655.028000
20.617770 551.582000 641.652000
20.634320 545.547000 560.428000
20.650820 547.281000 575.696000
20.667130 551.633000 682.946000
20.683350 511.105000 622.556000
20.716160 528.989000 664.246000
20.732650 534.174000 674.894000
20.749020 532.355000 660.396000
20.766360 527.884000 650.606000
20.781890 526.813000 710.270000
20.814800 535.024000 693.814000
20.831010 689.248000 649.418000
20.847500 690.591000 671.682000
20.864010 717.757000 637.626000
20.880340 741.472000 674.916000
20.896840 742.169000 683.188000
20.913300 723.537000 608.894000
20.929750 721.769000 600.490000
20.945980 720.324000 577.214000
20.962660 730.371000 592.922000
20.978960 720.579000 623.282000
20.995510 721.242000 631.576000
21.011760 699.431000 652.696000
21.028120 705.942000 652.542000
21.044630 703.970000 620.246000
21.061000 708.118000 528.110000
21.077500 722.568000 475.134000
21.110720 694.756000 586.432000
21.126910 701.692000 631.598000
21.143430 702.712000 648.076000
21.159760 781.745000 629.794000
21.175990 793.390000 590.920000
21.192550 793.390000 590.920000
21.208830 792.370000 607.948000
21.225490 796.348000 662.090000
21.258120 783.819000 652.344000
21.274700 775.370000 626.956000
21.291020 775.472000 634.436000
21.307590 560.371000 964.634000
21.324040 554.421000 987.272000
21.340550 555.628000 994.092000
21.356750 559.198000 938.432000
21.373280 539.308000 968.308000
21.389770 538.118000 961.510000
21.406020 546.261000 1017.434000
21.424350 562.581000 977.790000
21.439040 564.468000 990.990000
21.455380 541.824000 1047.420000
21.471760 542.198000 1093.950000
21.504580 538.339000 1028.324000
21.521090 530.247000 1073.336000
21.537630 529.482000 1067.088000
21.553990 559.912000 1040.798000
21.570510 530.859000 1041.370000
21.586870 528.751000 1028.720000
21.603120 501.993000 1067.880000
21.619780 506.566000 1062.886000
21.652560 500.718000 1068.408000
21.668910 481.423000 1096.172000
21.685590 482.358000 1101.826000
21.701920 528.394000 1020.250000
21.718280 507.875000 960.146000
21.734920 509.303000 966.834000
21.751280 521.832000 1023.770000
21.767620 527.051000 1116.412000
21.784000 524.892000 1104.356000
21.800380 487.696000 969.826000
21.816930 486.863000 999.482000
21.833250 487.730000 1005.840000
21.849670 578.731000 1069.200000
21.866130 564.910000 1149.236000
21.882490 566.100000 1155.396000
21.898900 546.805000 1174.228000
21.915680 547.315000 1202.344000
21.932050 543.099000 1178.958000
21.948580 512.754000 1066.692000
21.964890 516.800000 1058.662000
21.981380 514.556000 1045.858000
21.997960 520.591000 1080.838000
22.014180 522.886000 1084.248000
22.047070 530.349000 1064.866000
22.063450 546.618000 1018.314000
22.079900 549.270000 1037.410000
22.096150 568.089000 1034.352000
22.112500 554.710000 1104.972000
22.128890 557.362000 1117.380000
22.145390 546.329000 1081.630000
22.161760 579.309000 1053.580000
22.178090 576.164000 1034.044000
22.194610 540.685000 1025.244000
22.210940 562.734000 1060.950000
22.227630 562.887000 1061.940000
22.244000 551.208000 1069.046000
22.260380 535.670000 1055.912000
22.295580 572.084000 988.218000
22.309720 567.001000 1043.856000
22.326050 569.568000 1062.952000
22.342680 528.037000 1065.064000
22.359210 531.964000 1068.100000
22.375600 533.188000 1074.634000
22.392170 584.885000 1324.290000
22.408390 572.679000 1302.026000
22.424790 570.758000 1291.488000
22.441010 555.373000 1299.144000
22.457520 533.137000 1259.390000
22.490200 556.087000 1198.142000
22.507720 533.545000 1290.190000
22.539610 537.438000 1283.106000
22.555980 540.260000 1298.616000
22.588840 529.890000 1295.228000
22.605330 523.821000 1266.386000
22.638350 547.672000 1281.588000
22.654750 506.039000 1280.752000
22.671140 506.923000 1285.636000
22.687620 507.671000 1330.384000
22.703870 491.640000 1306.250000
22.720230 493.119000 1312.256000
22.736720 518.585000 1232.550000
22.753160 518.993000 1220.450000
22.769640 516.766000 1209.252000
22.786010 463.981000 1182.632000
22.802510 467.993000 1203.510000
22.835210 435.642000 1222.210000
22.851880 449.565000 1288.650000
22.868100 450.704000 1293.688000
22.884750 503.387000 1182.016000
22.901000 510.408000 1271.556000
22.917620 511.836000 1277.298000
22.934040 484.398000 1225.972000
22.951450 466.327000 1194.842000
22.966900 463.760000 1183.402000
22.983120 494.462000 1241.350000
22.999630 652.494000 1271.732000
23.016130 651.049000 1260.446000
23.032500 665.210000 1243.506000
23.048840 676.566000 1209.758000
23.065350 676.872000 1214.730000
23.081770 656.795000 1261.832000
23.098130 677.416000 1269.026000
23.114640 679.915000 1291.180000
23.131100 670.769000 1303.544000
23.147460 687.786000 1248.324000
23.180370 644.861000 1293.292000
23.196720 684.199000 1282.644000
23.213100 683.978000 1277.452000
23.229750 659.617000 1267.112000
23.246110 662.609000 1261.260000
23.262630 661.300000 1250.436000
23.280700 661.691000 1203.950000
23.295240 667.998000 1200.166000
23.328140 569.432000 1598.674000
23.344640 503.948000 1534.588000
23.377490 510.595000 1632.312000
23.393840 527.952000 1652.222000
23.410250 530.111000 1659.416000
23.426740 540.906000 1607.914000
23.443250 549.542000 1616.186000
23.459750 550.341000 1620.102000
23.475980 542.164000 1555.268000
23.492320 514.284000 1562.308000
23.508970 513.451000 1558.788000
23.525210 500.888000 1714.702000
23.541760 522.665000 1800.568000
23.558110 520.268000 1793.990000
23.574630 502.095000 1688.280000
23.590960 473.807000 1693.296000
23.624080 465.562000 1672.660000
23.640350 519.010000 1677.060000
23.656750 519.010000 1677.060000
23.673140 499.137000 1688.456000
23.689640 501.806000 1680.866000
23.706010 504.118000 1687.840000
23.722460 588.744000 1724.404000
23.738890 587.962000 1756.832000
23.755220 586.551000 1752.498000
23.771710 597.006000 1678.468000
23.788130 572.067000 1681.768000
23.804580 571.557000 1678.556000
23.821200 598.638000 1697.014000
23.837620 578.867000 1792.032000
23.854020 579.632000 1795.508000
23.870250 586.143000 1646.018000
23.886730 601.868000 1682.098000
23.903260 603.687000 1689.644000
23.919590 630.768000 1713.008000
23.935940 628.592000 1733.490000
23.952510 626.841000 1725.812000
23.968870 550.358000 1695.980000
23.985280 567.358000 1693.362000
24.018100 575.246000 1688.676000
24.034640 561.357000 1689.842000
24.051040 562.972000 1694.242000
24.067470 569.755000 1763.630000
24.084180 556.410000 1750.804000
24.100780 555.033000 1747.130000
24.117070 552.687000 1719.828000
24.133440 553.282000 1732.192000
24.149770 555.458000 1739.364000
24.166110 560.983000 1683.704000
24.182420 565.964000 1625.778000
24.198900 563.754000 1617.154000
24.215420 573.036000 1679.194000
24.232010 549.100000 1713.998000
24.248440 548.369000 1710.368000
24.264940 709.223000 1711.006000
24.281310 714.731000 1759.362000
24.297380 714.799000 1759.780000
24.314000 695.963000 1681.680000
24.330600 699.210000 1698.158000
24.363140 673.285000 1610.730000
24.379750 704.480000 1664.366000
24.412480 715.547000 1671.516000
24.429180 701.063000 1672.176000
24.462130 669.341000 1647.954000
24.478390 691.152000 1652.574000
24.494740 691.492000 1656.050000
24.511080 708.356000 1680.228000
24.527680 690.387000 1664.014000
24.544310 691.339000 1668.084000
24.560580 721.463000 1669.932000
24.577350 642.294000 1468.632000
24.593430 640.815000 1459.458000
24.609940 556.036000 499.136000
24.626020 557.736000 486.464000
24.658980 581.349000 419.584000
24.675200 583.202000 406.516000
24.708210 574.923000 442.090000
24.724610 553.265000 387.794000
24.740970 553.911000 396.308000
24.757390 600.168000 528.528000
24.774020 583.100000 473.154000
24.790340 585.684000 498.432000
24.806850 577.779000 548.768000
24.823100 586.670000 504.328000
24.839740 585.038000 487.058000
24.856140 542.011000 389.752000
24.872510 535.228000 395.472000
24.889020 534.174000 387.838000
24.905360 551.616000 368.368000
24.922330 548.386000 397.584000
24.938250 551.888000 432.278000
24.954620 562.547000 464.728000
24.970990 559.130000 482.064000
25.003910 536.010000 468.006000
25.020230 531.845000 463.034000
25.036710 530.009000 446.402000
25.053250 532.542000 438.856000
25.069580 550.375000 427.394000
25.102490 540.175000 391.028000
25.118910 546.125000 462.704000
25.152100 557.362000 384.120000
25.168270 570.078000 369.094000
25.184630 569.432000 360.074000
25.200880 547.179000 351.626000
25.217500 546.108000 377.828000
25.233860 544.323000 359.898000
25.250240 548.930000 354.750000
25.266740 528.751000 374.000000
25.283110 531.216000 399.322000
25.299500 524.858000 329.032000
25.315990 536.996000 382.074000
25.332350 540.685000 417.868000
25.348850 540.923000 469.876000
25.365370 576.912000 537.064000
25.381560 576.232000 528.264000
25.398070 728.246000 220.418000
25.414490 716.686000 185.416000
25.430980 714.068000 125.554000
25.447480 715.003000 100.232000
25.463810 713.286000 97.262000
25.480220 712.521000 79.002000
25.496750 718.488000 54.428000
25.512970 701.573000 144.826000
25.529450 703.851000 200.706000
25.546170 721.021000 201.608000
25.562380 715.649000 286.484000
25.578870 716.193000 294.008000
25.595210 711.467000 273.372000
25.611620 717.332000 210.232000
25.628070 715.564000 165.506000
25.644610 806.837000 52.228000
25.660930 846.226000 69.718000
25.678590 846.158000 108.086000
25.693880 844.492000 191.202000
25.710240 832.371000 202.268000
25.726670 833.017000 221.914000
25.743120 826.778000 264.506000
25.759450 829.396000 208.758000
25.776000 828.580000 153.978000
25.792300 826.064000 150.018000
25.808850 818.533000 154.022000
25.825240 818.805000 181.566000
25.841710 786.165000 214.170000
25.858110 777.138000 231.638000
25.874480 777.648000 241.582000
25.890930 786.607000 181.280000
25.907330 792.370000 162.030000
25.923890 791.452000 124.014000
25.940230 773.653000 156.486000
25.956590 783.190000 80.498000
25.989490 772.021000 89.276000
26.005970 778.634000 114.818000
26.022380 779.263000 142.890000
26.038850 764.728000 162.448000
26.055250 770.151000 177.914000
26.071730 770.746000 197.890000
26.088060 787.032000 154.088000
26.104490 799.901000 131.362000
26.121080 799.442000 102.630000
26.137360 778.566000 232.254000
26.153750 780.555000 145.662000
26.170060 780.640000 153.956000
26.186680 801.618000 140.360000
26.203140 773.398000 202.862000
26.219500 773.925000 212.872000
26.236010 779.467000 169.972000
26.252380 778.889000 131.054000
26.268880 777.835000 92.488000
26.285250 673.574000 228.052000
26.301740 566.151000 194.810000
26.317980 568.310000 222.310000
26.335170 603.041000 319.396000
26.350950 594.966000 326.700000
26.367370 597.431000 354.112000
26.383870 594.966000 382.272000
26.400240 576.861000 347.776000
26.416690 573.648000 311.476000
26.433070 588.625000 225.148000
26.449430 596.853000 204.754000
26.466000 597.890000 222.134000
26.482380 579.666000 230.978000
26.498870 608.957000 335.412000
26.515060 612.306000 372.042000
26.531710 591.192000 280.808000
26.548130 596.445000 243.056000
26.564500 593.555000 205.788000
26.580990 577.422000 215.886000
26.597370 561.493000 207.680000
26.613880 559.929000 189.288000
26.630250 550.953000 177.298000
26.646740 539.410000 158.774000
26.663060 540.719000 176.836000
26.679700 538.696000 239.514000
26.695970 549.814000 288.288000
26.712370 554.353000 335.126000
26.728870 568.582000 316.624000
26.745190 545.088000 335.236000
26.761750 542.725000 308.220000
26.778080 529.295000 373.956000
26.794450 525.028000 315.854000
26.810990 522.699000 296.186000
26.827350 541.858000 326.568000
26.843750 543.014000 367.510000
26.860370 546.533000 402.556000
26.876570 548.131000 355.916000
26.893140 561.697000 390.324000
26.909640 560.439000 372.966000
26.925870 688.959000 286.660000
26.942380 685.151000 225.368000
26.958850 683.213000 188.826000
26.975200 678.725000 173.074000
26.991730 642.277000 281.842000
27.008190 643.178000 298.782000
27.024510 652.511000 273.746000
27.041000 655.962000 291.060000
27.057370 657.832000 319.110000
27.073870 679.524000 304.106000
27.090090 659.243000 340.780000
27.106740 657.832000 314.622000
27.123110 667.590000 256.410000
27.139500 651.712000 255.464000
27.155990 650.505000 236.478000
27.172260 671.160000 176.044000
27.188870 679.201000 204.930000
27.205230 680.187000 223.146000
27.221620 670.701000 283.030000
27.238130 660.824000 244.860000
27.254500 659.736000 226.798000
27.270940 669.256000 214.940000
27.287550 649.145000 184.822000
27.303860 648.040000 166.716000
27.320160 654.041000 141.306000
27.336580 565.573000 382.294000
27.353120 563.805000 363.506000
27.369630 533.528000 399.036000
27.385940 532.457000 368.632000
27.402540 534.140000 384.912000
27.418870 547.961000 401.368000
27.435180 552.959000 436.238000
27.451630 555.577000 463.452000
27.468140 535.432000 526.746000
27.484500 528.666000 550.220000
27.500990 528.785000 551.276000
27.517330 530.740000 522.192000
27.533860 522.087000 519.222000
27.550250 522.767000 526.614000
27.566640 551.956000 628.408000
27.583130 554.591000 628.034000
27.599300 559.657000 671.924000
27.616000 563.924000 637.868000
27.632320 561.799000 536.602000
27.648930 560.541000 519.728000
27.665250 546.159000 375.232000
27.681590 559.198000 354.002000
27.698120 557.821000 343.222000
27.714490 562.411000 431.178000
27.730990 575.858000 519.508000
27.747360 580.363000 561.858000
27.763890 564.162000 498.410000
27.780410 564.825000 428.472000
27.796780 557.481000 355.124000
27.813340 537.166000 293.722000
27.829640 557.243000 275.044000
27.846210 556.750000 267.080000
27.862520 547.706000 288.332000
27.878970 550.001000 247.940000
27.895420 548.862000 238.414000
27.912080 598.366000 211.596000
27.928250 597.499000 218.350000
27.944640 599.811000 246.488000
27.961350 593.997000 289.124000
27.977970 610.402000 276.188000
27.993990 610.895000 284.064000
28.010530 606.135000 312.202000
28.026720 605.574000 342.034000
28.043230 606.220000 351.142000
28.059810 600.185000 354.684000
28.076170 602.344000 362.208000
28.093860 601.052000 344.212000
28.109050 685.525000 334.356000
28.125430 689.010000 287.474000
28.141770 687.378000 261.404000
28.158400 706.350000 283.514000
28.174680 694.365000 280.654000
28.191160 695.351000 299.420000
28.207380 689.112000 322.872000
28.223970 690.982000 271.128000
28.256710 696.830000 272.162000
28.273270 696.439000 270.776000
28.289660 696.082000 261.536000
28.307720 796.246000 250.690000
28.322510 776.968000 298.452000
28.338780 776.322000 270.116000
28.355270 804.355000 206.668000
28.371580 814.708000 161.392000
28.388090 814.300000 158.928000
28.404510 792.710000 160.358000
28.420960 802.026000 303.556000
28.437500 802.893000 342.694000
28.453750 798.983000 342.936000
28.470140 798.524000 334.312000
28.486620 798.439000 325.622000
28.503100 877.030000 243.870000
28.519500 895.441000 261.712000
28.535960 895.509000 243.078000
28.552520 894.557000 213.268000
28.568740 911.336000 223.410000
28.585220 910.979000 232.364000
28.601610 863.719000 197.736000
28.618130 891.701000 315.304000
28.634430 891.854000 324.808000
28.651020 895.730000 293.326000
28.667480 880.481000 221.408000
28.683730 880.464000 202.444000
28.700300 892.891000 263.450000
28.716800 863.821000 282.854000
28.733440 863.770000 308.594000
28.752330 898.399000 296.450000
28.766310 874.871000 362.274000
28.782700 875.041000 371.668000
28.798930 832.524000 265.562000
28.815400 840.191000 341.352000
28.831790 839.783000 306.130000
28.848240 859.299000 320.606000
28.864610 852.992000 256.102000
28.881290 852.839000 236.478000
28.897570 850.731000 223.234000
28.913850 865.453000 214.236000
28.930450 865.708000 204.292000
28.946750 830.943000 400.092000
28.963210 760.410000 422.466000
28.979710 760.359000 421.124000
28.996150 549.372000 403.546000
29.012540 567.953000 257.180000
29.028920 569.024000 276.276000
29.045380 547.196000 439.538000
29.061800 564.128000 381.876000
29.080580 567.120000 411.048000
29.094530 563.176000 486.684000
29.111150 586.228000 450.076000
29.127530 582.284000 404.668000
29.143880 565.080000 452.848000
29.160420 542.283000 437.712000
29.176740 539.342000 410.476000
29.193220 529.924000 405.086000
29.209670 558.705000 426.272000
29.226170 557.838000 415.624000
29.242510 516.392000 438.372000
29.258910 530.502000 294.206000
29.275410 528.581000 274.780000
29.291720 533.545000 267.234000
29.308300 529.686000 339.592000
29.324650 530.927000 348.942000
29.341030 561.357000 336.138000
29.357540 532.746000 306.526000
29.373900 530.570000 284.460000
29.390260 529.652000 321.684000
29.407590 511.717000 256.806000
29.423280 510.544000 247.170000
29.439650 549.219000 348.084000
29.456160 553.741000 340.802000
29.472340 553.146000 332.310000
29.488740 528.377000 431.706000
29.505230 532.287000 388.542000
29.521700 530.961000 378.136000
29.538100 523.855000 324.192000
29.554460 534.310000 486.882000
29.570920 533.375000 475.992000
29.587360 511.054000 276.342000
29.603730 514.981000 321.046000
29.620190 515.610000 329.648000
29.636610 519.758000 384.428000
29.653260 506.345000 391.512000
29.669690 513.485000 454.278000
29.686000 540.362000 495.792000
29.702330 562.037000 451.022000
29.735230 551.616000 448.008000
29.751590 538.628000 543.180000
29.784390 527.901000 489.632000
29.800690 519.792000 522.192000
29.817500 520.642000 530.860000
29.833680 541.093000 493.526000
29.850200 530.485000 447.348000
29.866580 530.366000 446.182000
29.883100 569.279000 862.004000
29.899580 546.040000 942.458000
29.916000 543.048000 920.436000
29.932370 553.078000 962.126000
29.948680 543.592000 987.888000
29.965210 542.793000 981.222000
29.981610 547.162000 875.776000
29.998110 533.987000 875.226000
30.014480 535.636000 888.404000
30.030850 580.992000 988.548000
30.047360 548.709000 979.220000
30.063890 550.188000 987.800000
30.080200 552.466000 935.396000
30.096570 570.962000 935.748000
30.113050 567.069000 906.796000
30.129430 569.449000 899.536000
30.145920 549.746000 918.830000
30.178670 548.641000 878.812000
30.195180 532.185000 915.002000
30.211610 535.160000 936.408000
30.228070 569.925000 861.146000
30.244750 554.608000 967.516000
30.261050 555.883000 974.820000
30.277470 554.064000 901.076000
30.294040 559.572000 849.222000
30.310380 555.577000 818.818000
30.326770 549.474000 814.110000
30.343120 529.057000 904.068000
30.359390 532.117000 925.892000
30.376010 561.051000 891.308000
30.392610 536.299000 881.804000
30.408860 540.753000 912.450000
30.425400 574.209000 877.536000
30.442060 559.589000 965.404000
30.458280 556.682000 943.250000
30.474950 591.549000 841.368000
30.491170 650.335000 782.232000
30.510760 650.250000 781.154000
30.523880 678.674000 849.794000
30.540120 679.354000 873.180000
30.556700 680.663000 889.020000
30.573260 660.280000 875.512000
30.589630 656.999000 888.646000
30.606000 654.296000 859.408000
30.622650 627.980000 825.528000
30.639050 668.100000 794.134000
30.655380 669.630000 815.166000
30.671630 667.046000 842.732000
30.688250 663.527000 862.554000
30.704640 664.887000 877.866000
30.720870 666.417000 903.254000
30.737470 662.422000 937.728000
30.753880 659.311000 902.506000
30.770610 660.569000 841.786000
30.786770 630.394000 777.656000
30.803280 632.366000 799.854000
30.819600 656.132000 885.368000
30.836180 659.090000 864.644000
30.852690 661.555000 888.888000
30.869190 620.500000 867.988000
30.885640 653.038000 871.112000
30.901950 651.644000 856.086000
30.918440 610.640000 875.314000
30.934750 629.136000 895.818000
30.967860 718.386000 883.190000
30.983890 689.078000 867.020000
31.000400 688.007000 853.204000
31.016770 727.090000 840.466000
31.033450 701.386000 885.082000
31.054020 702.695000 905.520000
31.066020 692.903000 878.856000
31.082520 714.340000 943.976000
31.098890 715.258000 952.006000
31.115220 733.703000 837.628000
31.131640 708.645000 784.520000
31.148240 705.585000 737.440000
31.164870 770.678000 1402.302000
31.181210 835.992000 2073.082000
31.197370 835.516000 2070.288000
31.460240 555.883000 961.884000
31.476580 547.655000 956.890000
31.493190 545.632000 943.272000
31.509830 528.275000 1012.968000
31.526320 537.200000 916.454000
31.542770 540.022000 936.782000
31.559190 563.516000 1039.346000
31.575580 553.214000 1024.914000
31.592000 557.260000 1051.182000
31.608140 553.809000 1129.150000
31.624600 546.686000 1111.374000
31.641070 545.955000 1105.170000
31.657500 585.820000 1097.822000
31.673890 584.732000 1024.474000
31.690370 582.964000 1011.736000
31.706830 546.312000 1072.808000
31.722950 564.825000 1037.234000
31.739440 565.522000 1043.416000
31.755660 561.051000 1069.926000
31.772340 562.819000 1098.042000
31.789030 564.128000 1104.356000
31.805450 543.592000 1132.252000
31.821850 528.275000 1012.946000
