0.000000 620.390400 434.395500
0.016480 625.716000 406.444500
0.032840 581.364000 440.496000
0.049680 579.919200 436.411500
0.065670 619.264800 458.272500
0.082030 614.846400 467.166000
0.098510 615.938400 474.432000
0.114990 605.707200 444.591000
0.131470 618.626400 443.646000
0.147950 617.601600 436.296000
0.164310 630.722400 426.447000
0.180790 602.330400 437.104500
0.213620 640.214400 444.748500
0.229980 640.936800 448.959000
0.246700 641.776800 456.193500
0.262940 635.544000 437.965500
0.279420 652.780800 460.351500
0.312260 613.804800 451.825500
0.328860 636.283200 464.572500
0.361570 530.392800 224.794500
0.378050 520.934400 130.336500
0.394530 520.900800 134.400000
0.411130 526.461600 120.613500
0.427490 534.525600 124.299000
0.443970 537.633600 138.526500
0.461060 530.964000 160.345500
0.476560 521.320800 142.632000
0.492920 521.203200 146.590500
0.509400 533.517600 183.036000
0.525760 508.653600 177.597000
0.542110 508.737600 173.596500
0.558720 487.351200 74.067000
0.574950 444.225600 57.844500
0.591800 439.924800 38.272500
0.607910 453.784800 54.211500
0.624270 438.715200 69.331500
0.640870 440.983200 83.055000
0.657230 441.386400 56.290500
0.673710 462.705600 80.902500
0.690060 466.855200 100.558500
0.706670 459.984000 121.212000
0.723140 452.558400 138.883500
0.756230 456.288000 79.411500
0.772580 507.511200 66.160500
0.791260 507.544800 61.435500
0.805050 453.012000 102.028500
0.821530 616.408800 28.570500
0.837890 615.064800 22.963500
0.854250 719.964000 8.022000
0.870730 741.115200 33.075000
0.887210 741.165600 43.491000
0.903810 717.679200 15.498000
0.920040 715.562400 25.410000
0.952880 719.980800 0.241500
0.969240 717.729600 17.713500
1.003660 715.545600 32.434500
1.018800 706.960800 6.363000
1.133670 717.141600 20.842500
1.166500 739.586400 57.088500
1.182860 740.426400 72.418500
1.199220 713.764800 83.013000
1.215940 737.100000 54.442500
1.232180 737.570400 20.653500
1.330810 694.394400 14.973000
1.347170 672.369600 33.537000
1.363650 686.767200 44.646000
1.396480 674.973600 40.603500
1.412840 679.509600 32.161500
1.429200 679.593600 17.020500
1.445920 682.768800 1.564500
1.511350 664.557600 17.902500
1.527950 665.800800 38.556000
1.546630 684.028800 15.046500
1.560790 785.702400 6.930000
1.577150 784.879200 11.434500
1.593630 792.976800 33.925500
1.609990 785.332800 40.393500
1.626590 785.853600 45.370500
1.642940 801.175200 35.626500
1.661010 805.946400 15.151500
1.675780 806.316000 5.607000
1.692140 789.986400 13.923000
1.741330 797.748000 4.315500
1.807130 708.019200 23.341500
1.840090 610.730400 3.685500
1.856320 633.847200 21.871500
1.872920 634.267200 16.926000
1.889280 607.588800 19.330500
1.905760 624.775200 0.976500
1.922120 623.868000 8.736000
1.938720 624.691200 25.326000
1.955080 633.208800 65.950500
1.971440 634.872000 85.858500
1.988040 621.751200 85.680000
2.004390 631.528800 76.177500
2.037110 613.804800 38.986500
2.053590 618.996000 20.538000
2.070070 616.425600 9.702000
2.086910 612.645600 27.111000
2.102910 597.996000 49.171500
2.119260 600.684000 59.944500
2.135740 615.333600 62.527500
2.152100 615.602400 40.488000
2.168460 613.737600 20.916000
2.250850 811.188000 0.829500
2.266970 809.188800 10.132500
2.283450 830.256000 34.881000
2.299930 814.766400 38.598000
2.316410 814.732800 54.169500
2.332890 835.497600 45.969000
2.349240 831.280800 38.671500
2.365720 831.297600 38.398500
2.381960 828.072000 52.720500
2.398560 818.008800 70.770000
2.415040 817.555200 79.716000
2.431400 827.349600 78.928500
2.447750 816.379200 71.053500
2.464230 816.816000 62.034000
2.480710 799.008000 48.468000
2.497070 827.484000 38.850000
2.513670 827.030400 34.125000
2.530270 737.318400 69.111000
2.546390 567.890400 78.015000
2.562870 570.460800 91.969500
2.579220 518.095200 140.868000
2.595830 502.572000 149.877000
2.612180 502.521600 149.614500
2.628540 506.200800 168.976500
2.645020 492.760800 153.573000
2.661380 491.064000 145.152000
2.677980 476.246400 139.398000
2.694210 495.364800 127.764000
2.710690 493.735200 119.332500
2.727170 465.595200 116.298000
2.743530 426.888000 88.735500
2.776370 465.074400 132.489000
2.792850 453.852000 74.434500
2.809450 453.734400 69.741000
2.825810 451.231200 71.032500
2.842160 425.107200 78.025500
2.858760 423.040800 72.513000
2.875120 397.269600 99.529500
2.891360 442.260000 112.644000
2.907960 446.241600 126.409500
2.924320 466.351200 123.868500
2.940800 474.045600 130.809000
2.957150 472.029600 125.443500
2.973510 503.832000 94.437000
2.989990 503.865600 95.875500
3.006590 505.663200 101.241000
3.022950 499.346400 86.488500
3.039310 514.466400 90.646500
3.055790 512.719200 80.556000
3.072140 511.274400 69.268500
3.088500 484.478400 81.112500
3.104980 482.916000 76.944000
3.121340 484.344000 223.072500
3.402100 678.787200 130.021500
3.417240 549.897600 101.125500
3.433470 543.832800 81.952500
3.449830 542.152800 76.387500
3.466310 560.464800 39.753000
3.482910 566.260800 65.299500
3.499270 567.604800 75.463500
3.515630 551.006400 67.147500
3.531980 580.322400 82.068000
3.548710 581.414400 90.772500
3.564940 564.866400 118.041000
3.581300 535.886400 133.896000
3.597780 534.290400 124.246500
3.614260 561.540000 100.380000
3.631840 569.755200 74.970000
3.647460 568.612800 66.360000
3.663820 539.616000 80.755500
3.680420 565.420800 118.818000
3.696780 566.748000 128.299500
3.713260 639.861600 87.507000
3.730100 632.066400 91.612500
3.746090 632.503200 86.961000
3.762570 640.063200 84.955500
3.778690 620.474400 57.130500
3.795170 619.214400 51.639000
3.811650 635.342400 64.396500
3.827880 633.796800 63.724500
3.844360 634.636800 73.888500
3.860720 600.180000 84.630000
3.877320 635.476800 85.596000
3.893680 635.930400 81.112500
3.910160 640.533600 59.923500
3.926510 629.983200 51.051000
3.942990 629.563200 54.180000
3.959350 621.230400 63.199500
3.975830 637.946400 113.242500
3.992310 638.786400 123.217500
4.008540 635.896800 124.960500
4.025270 620.625600 108.139500
4.041750 619.785600 99.582000
4.058350 659.719200 104.643000
4.074220 703.987200 97.933500
4.107180 764.618400 117.652500
4.123660 744.256800 102.942000
4.156620 750.540000 118.786500
4.172850 761.947200 129.118500
4.205570 777.487200 128.089500
4.222290 745.550400 112.339500
4.238530 745.533600 102.763500
4.255370 750.993600 88.672500
4.271850 742.375200 92.883000
4.289790 742.425600 101.283000
4.304570 727.557600 60.994500
4.320800 741.249600 86.005500
4.337160 741.367200 104.716500
4.353760 747.180000 106.890000
4.370360 736.696800 134.547000
4.386720 737.385600 121.411500
4.402950 745.298400 117.190500
4.419430 750.758400 102.637500
4.435670 749.952000 88.914000
4.452150 760.754400 67.735500
4.468630 770.952000 75.694500
4.484990 770.784000 85.753500
4.503910 779.772000 77.259000
4.518070 843.124800 103.110000
4.550660 1007.361600 86.614500
4.567260 994.156800 105.399000
4.600100 973.862400 83.926500
4.616580 971.947200 93.282000
4.632930 970.519200 97.450500
4.649290 1012.435200 127.627500
4.665770 998.608800 144.721500
4.682250 998.356800 149.226000
4.698730 970.435200 121.159500
4.715330 976.802400 81.921000
4.731570 978.314400 72.891000
4.747920 995.030400 77.175000
4.764280 966.554400 80.808000
4.797240 1013.913600 80.188500
4.813600 993.451200 79.873500
4.846440 954.038400 62.443500
4.862790 959.767200 87.612000
4.895750 928.788000 85.669500
4.912230 942.933600 95.329500
4.945190 955.752000 91.539000
4.961550 971.308800 93.376500
4.994380 960.456000 102.648000
5.011110 963.328800 98.521500
5.043820 968.704800 98.049000
5.061160 870.643200 123.700500
5.076420 869.870400 132.069000
5.092900 612.108000 140.374500
5.109250 618.945600 142.684500
5.142210 629.076000 135.303000
5.159910 620.356800 129.265500
5.175170 619.516800 120.855000
5.191530 609.268800 127.701000
5.207890 607.084800 128.761500
5.240720 489.585600 125.233500
5.257320 418.992000 111.888000
5.273680 421.108800 120.382500
5.290040 442.579200 116.424000
5.306520 446.376000 144.826500
5.339360 437.052000 159.054000
5.355710 438.866400 116.088000
5.372440 436.867200 107.572500
5.388920 426.854400 126.220500
5.405150 418.824000 135.072000
5.421510 420.957600 143.409000
5.437870 438.933600 142.212000
5.454470 456.321600 157.846500
5.470830 456.422400 161.721000
5.487300 441.756000 156.744000
5.503660 455.481600 169.480500
5.520140 455.263200 165.805500
5.536500 457.514400 153.636000
5.552730 512.265600 121.884000
5.569210 510.669600 113.127000
5.586430 525.571200 113.662500
5.602170 509.376000 122.524500
5.635010 526.243200 127.816500
5.651370 524.697600 137.140500
5.684330 496.406400 115.615500
5.700680 487.435200 101.314500
5.717290 489.232800 113.935500
5.733520 513.206400 131.733000
5.750000 516.264000 154.539000
5.766480 517.776000 159.411000
5.782710 487.418400 168.052500
5.799320 472.113600 154.119000
5.815670 468.636000 141.004500
5.832150 464.503200 155.620500
5.848630 488.796000 155.641500
5.865360 490.392000 156.093000
5.881840 488.544000 146.475000
5.898070 493.852800 136.951500
5.918820 490.358400 123.186000
5.931030 463.680000 103.624500
5.947270 486.578400 115.972500
5.963500 488.527200 125.716500
5.980220 479.824800 119.553000
5.996460 465.158400 120.781500
6.012700 465.326400 124.771500
6.029420 463.999200 119.133000
6.045780 486.124800 135.103500
6.062260 489.619200 152.302500
6.078490 498.993600 178.752000
6.095090 519.204000 186.091500
6.111570 519.153600 182.112000
6.127930 506.251200 166.939500
6.144410 522.950400 147.388500
6.160770 519.926400 130.378500
6.177000 521.488800 142.474500
6.193480 528.477600 133.087500
6.226560 536.709600 136.552500
6.242920 542.388000 141.718500
6.275760 556.785600 154.990500
6.292110 535.651200 126.934500
6.308470 537.012000 135.313500
6.324950 529.788000 153.499500
6.341550 542.018400 161.584500
6.374510 583.665600 162.120000
6.390990 535.197600 145.078500
6.407100 533.803200 136.773000
6.423580 565.118400 147.483000
6.440060 530.023200 89.208000
6.456420 530.124000 84.735000
6.473020 647.959200 130.735500
6.489380 638.215200 85.260000
6.505620 638.097600 83.832000
6.522340 636.451200 112.392000
6.538570 663.398400 124.761000
6.554930 662.860800 129.223500
6.571530 645.590400 122.566500
6.588010 659.668800 118.902000
6.604370 659.769600 120.309000
6.620850 655.082400 140.626500
6.637080 663.163200 127.711500
6.653690 663.684000 123.186000
6.670040 623.028000 129.675000
6.687500 573.720000 128.121000
6.702880 572.174400 122.976000
6.719360 590.368800 104.884500
6.735600 597.492000 108.780000
6.752320 598.600800 118.566000
6.768550 615.283200 148.806000
6.784910 593.308800 158.959500
6.817750 599.054400 154.161000
6.834470 624.758400 158.413500
6.850830 626.623200 169.480500
6.867310 583.396800 149.478000
6.883540 598.466400 172.357500
6.899900 597.088800 167.139000
6.916500 603.926400 153.573000
6.932980 668.421600 130.956000
6.949340 668.052000 124.939500
6.965700 704.004000 123.207000
6.982180 716.671200 125.979000
6.998660 717.343200 121.632000
7.015500 711.211200 110.523000
7.031490 712.639200 111.153000
7.047970 712.370400 101.461500
7.064210 682.029600 101.661000
7.080690 672.420000 112.507500
7.097050 671.899200 116.854500
7.113530 648.832800 122.766000
7.129880 649.790400 135.156000
7.146610 650.109600 148.554000
7.162840 658.660800 155.778000
7.179200 657.232800 143.745000
7.195680 658.308000 148.344000
7.212160 634.536000 157.983000
7.228640 691.135200 151.903500
7.245000 691.689600 147.199500
7.261470 667.111200 127.291500
7.277950 670.353600 118.083000
7.294310 669.748800 108.234000
7.310670 684.280800 95.665500
7.327030 683.692800 119.595000
7.344120 682.701600 115.731000
7.359990 665.532000 135.901500
7.376590 662.726400 147.777000
7.392940 663.364800 157.237500
7.409300 662.256000 149.625000
7.425780 666.808800 145.288500
7.458980 677.342400 148.512000
7.475100 665.700000 144.375000
7.491700 666.220800 152.596500
7.508180 650.092800 166.551000
7.524540 657.031200 141.781500
7.557370 680.786400 141.561000
7.575810 662.575200 120.844500
7.589970 662.020800 112.381500
7.606450 653.973600 127.554000
7.623170 673.512000 128.289000
7.656130 722.853600 134.977500
7.672360 721.156800 113.179500
7.688840 721.828800 108.591000
7.704960 727.540800 115.741500
7.721310 732.984000 97.566000
7.737790 732.110400 92.263500
8.000610 777.554400 85.092000
8.016970 751.514400 92.988000
8.033450 751.497600 101.587500
8.049800 779.620800 123.280500
8.066410 792.120000 114.334500
8.099000 820.377600 152.775000
8.115600 830.323200 119.427000
8.131960 830.860800 110.964000
8.148440 849.374400 133.665000
8.165160 831.583200 120.561000
8.197880 838.303200 130.830000
8.214230 836.690400 134.767500
8.247070 836.606400 103.162500
8.263670 792.640800 105.966000
8.279910 793.598400 101.451000
8.296510 692.008800 110.649000
8.312740 703.869600 97.461000
8.329220 702.828000 92.158500
8.345830 709.766400 96.169500
8.362180 690.009600 100.663500
8.378540 691.034400 106.029000
8.395020 690.614400 91.371000
8.411380 685.087200 82.792500
8.427730 684.012000 77.385000
8.444090 682.231200 66.423000
8.460570 682.987200 85.197000
8.476930 683.877600 103.729500
8.493650 682.164000 110.523000
8.510010 703.584000 123.616500
8.542850 691.404000 111.489000
8.559330 688.917600 112.129500
8.575810 688.531200 103.603500
8.592040 670.908000 127.102500
8.608520 671.596800 131.880000
8.625000 672.117600 127.627500
8.641600 662.793600 96.799500
8.657840 675.158400 94.500000
8.674190 674.990400 105.105000
8.690800 643.675200 140.689500
8.707280 661.063200 178.216500
8.723630 662.205600 183.414000
8.739870 669.160800 168.777000
8.761840 654.158400 140.794500
8.775390 651.823200 120.088500
8.789180 653.637600 80.566500
8.805660 662.692800 90.258000
8.822020 663.801600 95.665500
8.838500 660.240000 80.293500
8.854860 627.732000 66.118500
8.871460 626.472000 60.679500
8.887700 642.348000 101.713500
8.904170 655.183200 115.458000
8.920780 655.872000 125.191500
8.937010 704.944800 116.371500
8.953610 749.263200 125.611500
8.986330 721.610400 129.528000
9.002690 751.548000 126.336000
9.035640 756.571200 125.853000
9.052000 725.037600 108.318000
9.068480 725.810400 103.708500
9.087400 749.212800 69.468000
9.101440 761.392800 85.428000
9.117800 760.620000 80.178000
9.134280 741.585600 72.838500
9.150630 768.280800 83.590500
9.167110 768.129600 93.586500
9.183470 768.969600 102.427500
9.199830 760.233600 94.573500
9.232790 767.340000 109.956000
9.249150 790.238400 116.434500
9.281980 811.557600 113.694000
9.298710 866.258400 99.162000
9.331420 802.250400 105.588000
9.347780 868.929600 85.018500
9.380620 845.527200 110.817000
9.396970 840.218400 110.859000
9.429810 839.764800 89.386500
9.446410 801.175200 82.015500
9.462890 800.839200 90.688500
9.479130 780.124800 120.435000
9.495610 735.604800 137.224500
9.512080 736.360800 132.709500
9.528440 755.798400 110.785500
9.544920 771.943200 88.242000
9.561160 771.338400 74.340000
9.577760 759.964800 77.196000
9.594120 761.510400 86.310000
9.610720 761.426400 96.285000
9.626950 716.620800 122.556000
9.643550 740.392800 104.065500
9.676270 745.399200 116.119500
9.692750 749.397600 127.890000
9.725590 733.152000 122.020500
9.744380 744.895200 122.472000
9.774900 755.428800 135.712500
9.791260 751.329600 134.641500
9.807740 752.186400 120.687000
9.824100 843.057600 46.840500
9.840820 866.863200 26.533500
9.857060 867.686400 16.401000
9.873540 824.762400 31.027500
9.890010 848.601600 40.698000
9.906370 846.787200 55.114500
9.922730 821.604000 97.534500
9.939330 812.834400 99.624000
9.955570 812.364000 109.483500
9.972050 833.683200 114.156000
9.988530 851.289600 111.447000
10.021240 821.620800 93.796500
10.037720 828.290400 96.862500
10.071170 569.620800 153.268500
10.087160 479.740800 161.920500
10.103520 481.420800 165.690000
10.120000 480.043200 168.063000
10.136230 459.446400 164.052000
10.152710 459.547200 170.677500
10.169310 465.981600 178.006500
10.185550 489.820800 205.653000
10.202150 493.600800 223.398000
10.218380 476.968800 228.711000
10.234990 489.384000 230.527500
10.251340 487.485600 218.673000
10.267820 487.972800 217.056000
10.284180 456.271200 214.578000
10.300660 453.936000 202.314000
10.317140 442.814400 171.066000
10.333500 445.149600 176.347500
10.350100 443.116800 171.286500
10.366580 434.448000 180.537000
10.383060 449.047200 175.885500
10.403560 449.366400 177.229500
10.417600 470.786400 197.011500
10.432010 444.595200 200.781000
10.448360 444.242400 196.654500
10.464970 451.164000 197.851500
10.481200 437.304000 200.508000
10.497800 435.002400 191.541000
10.514280 437.186400 159.169500
10.530880 436.480800 159.054000
10.563480 441.957600 153.216000
10.579830 446.392800 149.845500
10.596190 446.880000 157.836000
10.612790 520.144800 149.016000
10.629150 549.813600 167.391000
10.645750 552.669600 181.503000
10.662110 553.324800 212.982000
10.678470 546.100800 208.813500
10.694950 544.790400 196.518000
10.711300 513.643200 153.751500
10.729250 526.293600 163.653000
10.744140 524.546400 158.539500
10.760740 547.932000 144.942000
10.777220 548.856000 155.316000
10.793460 550.351200 164.734500
10.809940 532.022400 171.402000
10.826420 531.132000 159.715500
10.859250 476.548800 155.515500
10.875730 466.149600 149.362500
10.908330 467.006400 175.308000
10.924800 456.489600 192.580500
10.941530 458.388000 200.476500
10.957890 499.027200 197.883000
10.974120 503.714400 199.374000
11.006960 478.884000 164.745000
11.023320 499.816800 178.111500
11.040040 498.069600 165.900000
11.056760 459.211200 177.040500
11.072880 462.151200 143.493000
11.089230 460.202400 138.222000
11.105710 479.774400 123.175500
11.121950 492.508800 139.744500
11.138790 494.272800 145.026000
11.155030 471.290400 170.278500
11.172240 485.184000 151.420500
11.187870 483.487200 146.160000
11.204470 463.041600 152.418000
11.220830 582.640800 183.015000
11.237060 583.884000 192.192000
11.253540 973.509600 187.467000
11.269900 1020.213600 149.509500
11.302730 987.050400 180.904500
11.319210 968.184000 144.963000
11.352050 992.930400 173.565000
11.368410 1008.302400 169.606500
11.385010 1006.840800 173.355000
11.401250 1016.652000 159.411000
11.417850 1012.300800 196.507500
11.434450 1012.082400 200.770500
11.450930 998.995200 208.530000
11.467410 998.760000 189.273000
11.483640 1000.440000 181.051500
11.500120 985.454400 181.807500
11.516240 976.936800 150.328500
11.549320 1023.036000 165.417000
11.565550 1001.280000 161.521500
11.598630 1001.044800 171.045000
11.618650 1045.380000 182.731500
11.647710 1017.492000 185.871000
11.664060 1021.104000 193.704000
11.697020 1028.546400 205.096500
11.713500 1030.310400 211.417500
11.729860 1028.731200 215.187000
11.746220 1040.692800 220.248000
11.762820 1036.929600 234.633000
11.779300 1036.644000 238.885500
11.795530 1013.040000 222.201000
11.812130 1009.260000 220.321500
11.828490 1012.939200 203.563500
11.844850 1019.726400 211.396500
11.861330 981.153600 227.493000
11.894170 985.101600 239.652000
11.910640 968.469600 248.797500
11.927000 966.856800 257.166000
11.943600 965.916000 243.274500
11.960210 966.369600 246.477000
11.976440 964.941600 253.942500
11.992920 969.880800 283.741500
12.009280 970.351200 294.210000
12.025630 972.048000 285.957000
12.042110 970.334400 248.745000
12.058590 990.141600 239.568000
12.074950 993.484800 223.828500
12.091430 992.426400 193.032000
12.107910 929.712000 193.609500
12.124150 928.435200 202.230000
12.140630 567.201600 240.775500
12.157100 480.564000 280.014000
12.173580 484.276800 295.386000
12.190060 482.109600 302.389500
12.206420 511.123200 310.516500
12.239140 467.040000 304.290000
12.255740 456.808800 302.883000
12.271970 454.658400 292.068000
12.288450 490.459200 269.577000
12.304930 503.193600 253.659000
12.321170 501.412800 248.881500
12.337890 464.452800 268.023000
12.354130 438.984000 267.655500
12.370730 441.319200 276.139500
12.387330 439.975200 274.207500
12.403440 452.743200 290.797500
12.436280 437.841600 236.187000
12.452640 434.834400 234.601500
12.469120 434.448000 230.643000
12.485470 433.574400 282.576000
12.501950 398.395200 275.950500
12.518430 395.774400 267.603000
12.534670 419.714400 245.385000
12.551150 423.847200 257.439000
12.584110 433.053600 275.352000
12.600590 434.095200 249.595500
12.617070 436.312800 260.694000
12.633300 490.980000 247.768500
12.649900 523.706400 293.338500
12.666260 525.487200 297.885000
12.682620 504.201600 300.646500
12.699100 516.465600 261.838500
12.715450 514.651200 257.113500
12.731930 501.883200 273.115500
12.748410 535.701600 294.294000
12.764890 538.742400 309.949500
12.781130 604.648800 323.694000
12.797610 810.936000 338.593500
12.814090 811.356000 331.579500
12.830440 952.610400 316.512000
12.847050 993.367200 303.334500
12.879880 963.362400 331.033500
12.896240 961.161600 315.241500
12.929080 1008.235200 336.336000
12.945430 988.276800 298.893000
12.962040 989.889600 291.763500
12.978270 985.639200 379.375500
12.994870 988.864800 403.137000
13.011230 990.612000 399.682500
13.027590 1006.370400 395.283000
13.044070 1008.890400 388.941000
13.060420 1009.125600 385.045500
13.077030 1013.594400 375.700500
13.093380 1006.538400 382.767000
13.109740 1004.539200 390.232500
13.126220 1023.876000 386.074500
13.142700 1034.745600 384.163500
13.175420 1033.704000 384.699000
13.192260 1028.311200 384.415500
13.224850 1007.294400 382.263000
13.242920 1002.187200 411.201000
13.290410 998.911200 402.591000
13.323360 1001.431200 413.479500
13.339840 1016.652000 408.922500
13.357300 1018.416000 405.520500
13.372680 997.298400 398.748000
13.389160 920.354400 324.786000
13.405640 920.236800 320.544000
13.422000 818.395200 247.086000
13.438350 813.489600 240.922500
13.454830 812.985600 249.595500
13.471190 587.395200 229.677000
13.487550 466.972800 235.221000
13.521000 472.970400 236.901000
13.537350 489.770400 262.227000
13.570070 507.964800 311.587500
13.586670 499.783200 275.562000
13.602910 499.699200 271.582500
13.619140 498.792000 279.069000
13.635620 496.221600 273.724500
13.652100 494.306400 265.356000
13.668330 469.694400 261.660000
13.685180 467.443200 282.156000
13.701660 467.493600 285.862500
13.717770 494.793600 287.637000
13.734250 494.138400 291.837000
13.750610 497.683200 307.188000
13.766970 497.498400 302.893500
13.783330 504.436800 328.450500
13.816280 577.802400 47.376000
14.112060 480.194400 308.553000
14.128300 444.595200 315.094500
14.144900 442.293600 307.062000
14.161250 443.469600 296.373000
14.177610 428.954400 256.441500
14.194090 430.987200 263.644500
14.210450 445.233600 276.223500
14.227170 446.779200 281.652000
14.259770 467.493600 269.913000
14.276250 485.083200 265.912500
14.292600 483.571200 262.437000
14.309330 437.707200 284.497500
14.325440 470.870400 280.539000
14.343630 474.751200 296.068500
14.358400 495.868800 286.608000
14.374760 521.169600 291.249000
14.391240 519.456000 282.943500
14.407710 478.934400 292.740000
14.424070 509.896800 288.141000
14.440550 508.351200 281.064000
14.457030 480.866400 286.198500
14.473510 495.868800 294.997500
14.489750 497.716800 303.030000
14.506230 525.436800 307.272000
14.522580 498.372000 307.009500
14.539180 498.220800 303.334500
14.555540 475.658400 284.098500
14.572020 484.108800 288.634500
14.588380 482.277600 284.098500
14.604740 505.646400 289.527000
14.621220 499.716000 302.032500
14.637700 501.580800 310.212000
14.654050 523.286400 309.309000
14.672490 522.933600 310.107000
14.703370 504.218400 323.778000
14.719730 518.599200 315.010500
14.752810 506.402400 327.684000
14.769410 502.790400 322.423500
14.802000 505.209600 336.703500
14.818480 507.141600 307.671000
14.834720 505.360800 299.670000
14.851200 574.240800 284.077500
14.867680 614.577600 310.569000
14.900760 605.522400 314.191500
14.917360 587.882400 309.204000
14.933720 589.058400 317.121000
14.950070 565.840800 317.278500
14.966670 557.860800 304.951500
14.982910 557.961600 301.245000
14.999510 588.823200 290.745000
15.015870 531.484800 256.840500
15.031860 529.754400 252.231000
15.048460 494.911200 279.489000
15.064700 498.456000 283.437000
15.081180 500.337600 291.784500
15.097780 510.938400 303.408000
15.114140 498.153600 307.734000
15.130490 498.019200 303.954000
15.146850 519.960000 282.471000
15.163450 480.009600 279.205500
15.179810 478.195200 274.617000
15.196410 507.763200 279.037500
15.212890 477.540000 285.148500
15.229490 481.320000 300.594000
15.245610 498.724800 298.819500
15.261840 535.332000 315.619500
15.294680 541.833600 310.348500
15.311280 591.612000 303.019500
15.327760 590.587200 295.879500
15.344360 610.327200 290.734500
15.360470 573.451200 294.724500
15.376950 572.157600 286.629000
15.393430 579.264000 283.269000
15.409670 553.560000 271.593000
15.442750 568.092000 298.378500
15.459110 562.195200 307.398000
15.475460 563.572800 315.336000
15.491940 585.681600 300.583500
15.508300 559.070400 301.990500
15.524660 560.313600 309.088500
15.541260 553.660800 325.248000
15.557500 667.195200 290.293500
15.590450 655.082400 306.043500
15.606810 648.110400 309.939000
15.623410 647.455200 302.862000
15.639770 639.475200 291.459000
15.656250 624.842400 300.489000
15.672610 623.935200 292.446000
15.689090 652.075200 272.538000
15.705440 663.566400 269.934000
15.738530 676.855200 304.972500
15.754760 651.201600 306.789000
15.771240 651.924000 314.716500
15.787600 632.990400 306.999000
15.803960 656.392800 298.221000
15.836790 660.139200 306.327000
15.853390 670.118400 299.271000
15.886230 641.088000 289.390500
15.902590 648.446400 282.303000
15.935420 630.487200 272.779500
15.951780 619.718400 268.474500
15.984860 652.747200 274.260000
16.001100 640.315200 288.309000
16.033940 650.680800 289.149000
16.050540 639.307200 295.018500
16.083370 660.912000 285.264000
16.099850 634.334400 305.602500
16.116330 635.493600 308.836500
16.132810 656.292000 301.591500
16.149170 645.523200 298.116000
16.165530 643.843200 297.108000
16.181880 684.247200 286.839000
16.198490 682.063200 299.491500
16.214840 682.567200 308.112000
16.231200 657.300000 328.482000
16.247560 665.112000 329.553000
16.264160 665.632800 326.245500
16.280520 643.960800 307.786500
16.296880 630.806400 294.031500
16.316160 630.336000 282.723000
16.329830 462.436800 312.091500
16.346440 432.801600 310.485000
16.362670 430.735200 305.991000
16.379030 438.547200 313.246500
16.395630 450.088800 316.323000
16.412110 452.340000 324.387000
16.428470 462.974400 323.620500
16.444820 473.810400 322.612500
16.461300 475.624800 329.563500
16.477780 498.204000 328.891500
16.494140 458.774400 367.122000
16.526980 427.106400 351.151500
16.543580 435.926400 344.704500
16.559690 433.860000 337.869000
16.576170 438.446400 322.917000
16.592770 454.356000 331.632000
16.625490 450.710400 342.069000
16.644900 452.289600 338.782500
16.691410 451.197600 339.874500
16.724120 444.830400 323.578500
16.740600 433.406400 338.173500
16.773440 450.256800 342.058500
16.789920 453.482400 335.559000
16.822750 432.784800 346.783500
16.839110 468.602400 346.195500
16.856080 470.450400 352.968000
16.871950 485.805600 363.111000
16.888310 482.731200 366.628500
16.921020 438.412800 325.374000
16.937500 433.927200 319.462500
16.953980 431.860800 312.438000
16.970460 443.116800 327.117000
16.986820 481.840800 296.499000
17.003300 483.588000 303.628500
17.019900 476.229600 314.622000
17.036010 464.520000 321.856500
17.068970 440.529600 337.732500
17.085570 425.426400 329.427000
17.101810 423.292800 322.476000
17.118290 415.800000 322.087500
17.134640 418.135200 335.107500
17.167600 431.390400 336.357000
17.184080 417.127200 324.660000
17.216920 447.535200 320.880000
17.233280 456.808800 333.049500
17.265990 479.656800 329.070000
17.282590 473.390400 330.918000
17.315550 531.031200 295.911000
17.331790 530.292000 297.696000
17.364620 526.478400 309.151500
17.381100 529.216800 303.754500
17.413940 521.152800 309.078000
17.430420 529.956000 297.045000
17.463260 530.560800 296.656500
17.479740 530.191200 297.139500
17.513060 530.745600 299.943000
17.528930 515.172000 312.091500
17.562010 545.916000 350.794500
17.578370 487.888800 313.299000
17.611080 481.488000 337.680000
17.627560 481.588800 311.776500
17.660400 493.483200 321.132000
17.677000 493.147200 324.208500
17.709960 491.551200 330.603000
17.726560 484.512000 332.314500
17.758910 506.419200 330.613500
17.775390 498.960000 325.993500
17.808470 510.064800 351.655500
18.104130 617.383200 292.225500
18.120480 604.900800 305.865000
18.153320 578.356800 307.629000
18.169920 579.129600 285.663000
18.202760 577.701600 317.835000
18.219120 514.449600 290.167500
18.251950 445.771200 338.614500
18.268310 438.900000 342.352500
18.301030 440.462400 357.934500
18.317630 447.636000 352.495500
18.350460 479.388000 342.384000
18.366820 452.272800 337.186500
18.383180 451.987200 333.574500
18.399660 453.784800 339.937500
18.416020 435.321600 323.169000
18.432620 433.305600 318.832500
18.448970 450.760800 321.048000
18.465450 455.212800 328.009500
18.482060 459.328800 342.793500
18.498290 458.875200 342.426000
18.514770 492.693600 330.571500
18.547610 459.547200 319.567500
18.564090 458.152800 321.436500
18.580440 456.237600 314.422500
18.596800 461.647200 310.390500
18.613160 460.034400 313.939500
18.645870 455.330400 299.092500
18.662600 454.372800 304.489500
18.695430 475.624800 325.405500
18.711790 491.836800 363.279000
18.744750 500.236800 359.257500
18.761110 507.880800 351.739500
18.793950 519.556800 371.028000
18.810420 518.044800 359.541000
18.843140 515.088000 352.327500
18.859740 513.508800 351.603000
18.876100 513.424800 348.096000
18.892580 493.399200 335.265000
18.908940 530.661600 328.104000
18.925420 530.426400 330.550500
18.942020 534.072000 334.876500
18.958250 541.564800 355.131000
18.974730 543.261600 359.499000
18.991090 526.948800 355.351500
19.007450 476.532000 343.129500
19.023930 472.432800 324.576000
19.040410 516.936000 308.815500
19.056880 528.880800 302.683500
19.073120 526.831200 301.287000
19.089720 511.576800 334.299000
19.106080 546.604800 341.890500
19.122560 548.352000 350.952000
19.139040 586.740000 349.902000
19.155270 578.373600 345.019500
19.188230 591.074400 345.145500
19.205080 570.057600 365.011500
19.221560 571.384800 372.477000
19.238040 598.567200 347.539500
19.254270 572.661600 329.301000
19.286990 587.395200 354.532500
19.303220 604.514400 323.148000
19.319700 604.783200 319.452000
19.336060 581.229600 295.585500
19.352540 560.649600 285.316500
19.368900 559.137600 280.812000
19.385620 597.424800 310.485000
19.401980 616.845600 322.980000
19.418210 617.820000 330.981000
19.434690 592.972800 334.383000
19.451050 668.976000 316.449000
19.483890 723.021600 342.646500
19.500490 667.833600 326.676000
19.533080 685.473600 321.363000
19.549680 660.592800 323.652000
19.582640 701.551200 319.326000
19.599000 666.220800 336.514500
19.631840 697.334400 350.143500
19.648190 707.733600 307.293000
19.664670 709.262400 298.924500
19.681030 648.597600 294.997500
19.697510 665.548800 279.615000
19.713990 663.230400 270.490500
19.730350 625.632000 289.978500
19.747190 623.330400 299.869500
19.763430 625.279200 317.152500
19.780030 628.084800 314.538000
19.796390 627.328800 314.916000
19.829100 634.720800 327.253500
19.845340 620.978400 333.228000
19.861940 621.801600 340.084500
19.878170 672.285600 389.151000
19.894900 673.041600 380.005500
19.932130 662.054400 361.525500
19.943970 665.196000 354.511500
19.960330 664.658400 347.749500
19.976810 604.615200 328.545000
19.993290 628.588800 335.727000
20.026250 649.908000 359.184000
20.042600 630.504000 327.652500
20.075320 604.296000 319.021500
20.091920 588.436800 316.060500
20.124760 597.508800 307.776000
20.141240 608.210400 314.233500
20.173950 592.485600 318.675000
20.190550 588.453600 316.869000
20.223140 758.167200 320.313000
20.239500 758.469600 327.390000
20.256100 759.292800 323.736000
20.272460 768.314400 316.869000
20.288940 765.945600 296.425500
20.305300 766.080000 288.277500
20.321900 766.584000 278.712000
20.338260 772.464000 271.152000
20.354740 771.590400 274.984500
20.371090 795.933600 275.698500
20.387450 819.974400 281.893500
20.403930 821.049600 278.334000
20.420410 767.844000 259.644000
20.437010 785.030400 290.356500
20.453250 784.392000 286.020000
20.469850 804.148800 248.230500
20.486080 787.130400 270.291000
20.502440 787.416000 282.922500
20.518920 725.524800 303.943500
20.535520 724.113600 314.097000
20.551880 723.945600 306.106500
20.568360 702.240000 322.108500
20.584960 720.048000 317.793000
20.600950 719.359200 321.520500
20.617430 729.237600 273.535500
20.634030 733.404000 286.723500
20.650390 733.504800 295.018500
20.666870 742.291200 310.422000
20.683840 732.177600 318.727500
20.699710 732.765600 307.135500
20.716190 569.049600 340.651500
20.732420 509.796000 337.207500
20.749020 508.048800 332.923500
20.765380 522.782400 352.222500
20.781740 517.171200 362.260500
20.798460 520.581600 377.254500
20.814700 511.812000 392.458500
20.831050 508.468800 391.398000
20.863890 506.620800 393.939000
20.880250 506.872800 388.101000
20.913450 489.703200 386.631000
20.929690 467.124000 402.045000
20.962650 463.344000 398.632500
20.978880 458.875200 368.676000
21.011840 439.353600 348.222000
21.028200 443.436000 336.252000
21.044680 440.949600 324.786000
21.061040 447.115200 337.207500
21.077390 460.824000 317.803500
21.094120 458.942400 313.614000
21.110230 451.752000 336.336000
21.126830 449.500800 354.291000
21.143430 453.919200 369.421500
21.159670 454.053600 375.868500
21.176030 464.587200 358.942500
21.192380 464.284800 355.404000
21.208860 469.425600 355.057500
21.225220 448.291200 364.581000
21.241820 446.023200 356.979000
21.258180 462.688800 363.331500
21.274540 472.600800 358.869000
21.291020 472.819200 362.302500
21.307250 424.216800 379.627500
21.323850 466.586400 398.265000
21.340210 468.736800 405.646500
21.356810 435.288000 399.168000
21.373170 448.593600 390.978000
21.406010 523.219200 364.455000
21.422360 528.662400 374.367000
21.455440 530.275200 345.093000
21.471800 570.225600 369.222000
21.504640 538.288800 361.893000
21.521120 551.896800 363.258000
21.537350 551.964000 359.793000
21.555540 557.491200 340.504500
21.570430 528.796800 357.262500
21.586910 527.133600 349.597500
21.603150 489.854400 320.659500
21.619380 512.148000 335.254500
21.652470 504.218400 308.679000
21.669190 499.598400 348.988500
21.701780 523.504800 326.308500
21.718260 521.824800 328.188000
21.734620 521.757600 331.695000
21.750980 545.966400 337.921500
21.767460 486.813600 344.011500
21.788820 488.728800 348.358500
21.800780 617.988000 365.022000
21.816770 617.702400 363.100500
21.833250 616.375200 358.963500
21.849730 640.852800 370.681500
21.866090 641.692800 373.296000
21.883910 642.499200 380.866500
21.898930 619.684800 371.416500
21.915280 717.276000 374.062500
21.948360 1006.320000 372.288000
21.964600 986.882400 371.322000
21.997440 994.392000 370.944000
22.013920 1009.226400 345.870000
22.046750 984.278400 370.996500
22.063230 990.931200 360.706500
22.079710 992.544000 356.905500
22.096190 999.768000 361.651500
22.116580 1014.837600 319.620000
22.129390 1013.476800 322.182000
22.145260 1020.633600 338.803500
22.161990 994.224000 370.398000
22.178340 992.275200 378.136500
22.194700 983.673600 388.500000
22.212520 967.461600 381.286500
22.227540 969.175200 370.513500
22.244020 989.906400 380.898000
22.260500 964.740000 367.447500
22.276860 964.588800 370.986000
22.293330 1017.441600 361.084500
22.309690 1010.469600 367.006500
22.328490 1008.554400 374.304000
22.342530 1009.999200 380.320500
22.359010 1012.502400 382.987500
22.391970 1040.961600 369.012000
22.408570 1022.061600 345.229500
22.424680 1023.892800 338.446500
22.441160 1042.591200 363.079500
22.457640 968.721600 375.973500
22.490360 942.732000 339.412500
22.506710 949.317600 344.431500
22.523190 947.990400 351.193500
22.539550 961.531200 392.710500
22.556030 958.339200 390.894000
22.588870 951.434400 386.946000
22.605350 940.245600 377.706000
22.621700 943.000800 363.699000
22.638180 953.400000 339.160500
22.654540 957.381600 333.931500
22.687380 927.948000 321.720000
22.703980 962.640000 376.593000
22.736690 947.520000 370.167000
22.753050 937.826400 351.141000
22.786010 941.572800 341.922000
22.802370 930.955200 360.234000
22.835330 945.117600 347.991000
22.851680 954.559200 331.485000
22.884770 908.107200 307.062000
23.114620 905.688000 322.717500
23.130980 511.375200 262.395000
23.147460 474.902400 225.687000
23.180300 479.690400 247.411500
23.197750 488.644800 247.086000
23.213260 490.324800 254.583000
23.229490 509.258400 285.663000
23.246090 486.544800 262.059000
23.278930 470.484000 270.921000
23.295290 477.086400 266.731500
23.312990 475.288800 259.318500
23.328250 460.051200 291.753000
23.344730 458.908800 283.710000
23.377440 458.304000 264.169500
23.393920 438.614400 248.367000
23.426760 440.949600 232.533000
23.443120 416.472000 282.691500
23.476070 511.123200 457.789500
23.492430 500.942400 464.383500
23.525880 495.868800 481.278000
23.541630 483.369600 487.336500
23.574580 499.716000 481.383000
23.591060 479.623200 433.051500
23.607420 477.607200 426.090000
23.623780 474.784800 399.661500
23.640260 483.050400 393.981000
23.673220 481.891200 395.304000
23.689580 491.937600 406.245000
23.706050 493.836000 413.353500
23.722410 484.898400 409.374000
23.738890 489.384000 426.426000
23.771730 471.492000 435.067500
23.788570 450.340800 426.184500
23.821530 460.756800 403.788000
23.837770 454.994400 407.158500
23.871460 449.769600 400.470000
23.886720 450.122400 397.687500
23.919560 457.144800 427.150500
23.936040 449.114400 410.665500
23.952510 446.880000 403.515000
23.968870 434.901600 396.396000
23.985350 446.476800 399.840000
24.018310 466.485600 372.225000
24.034550 448.123200 391.429500
24.051270 450.357600 398.674500
24.067630 458.455200 401.100000
24.083980 452.289600 406.066500
24.116700 450.324000 373.831500
24.133180 470.131200 388.678500
24.149660 469.879200 385.371000
24.166140 544.303200 390.568500
24.182500 674.772000 383.365500
24.198970 674.217600 375.931500
24.215330 861.655200 375.469500
24.231690 851.877600 353.808000
24.248170 850.752000 357.367500
24.264530 856.615200 405.247500
24.281250 849.962400 416.682000
24.297490 851.037600 413.595000
24.313840 836.808000 384.510000
24.330320 856.027200 359.016000
24.346680 855.640800 355.099500
24.363160 937.288800 470.368500
24.379640 981.388800 485.268000
24.396000 979.557600 491.820000
24.412600 985.488000 502.561500
24.428960 1004.270400 487.378500
24.461670 1009.461600 495.180000
24.478150 1022.968800 488.691000
24.494510 1020.885600 495.106500
24.510990 1003.514400 510.006000
24.527590 984.160800 531.216000
24.543820 985.891200 528.265500
24.560300 982.279200 499.663500
24.576660 995.736000 518.679000
24.593140 999.532800 506.320500
24.609620 1002.825600 505.837500
24.625980 1007.176800 503.884500
24.642460 1005.513600 506.667000
24.658940 1005.463200 499.107000
24.675290 986.613600 514.825500
24.691650 986.361600 518.385000
24.708130 988.276800 490.486500
24.724610 733.706400 426.268500
24.741090 732.832800 422.478000
24.757450 463.612800 476.763000
24.773800 500.992800 484.648500
24.790280 504.688800 497.626500
24.806760 493.768800 527.751000
24.823120 503.496000 527.614500
24.839480 503.311200 524.706000
24.855960 501.900000 515.025000
24.872440 512.080800 481.603500
24.888790 508.519200 471.492000
24.905400 508.569600 473.686500
24.921630 497.918400 491.862000
24.938110 499.800000 498.288000
24.954590 440.059200 480.889500
24.970950 458.589600 482.055000
24.987430 460.740000 488.554500
25.003780 441.184800 513.628500
25.020260 443.402400 489.888000
25.052980 455.952000 486.076500
25.069580 454.692000 497.122500
25.102540 456.405600 492.439500
25.118900 465.460800 510.825000
25.151730 467.258400 512.274000
25.168330 516.448800 499.233000
25.200930 549.914400 469.738500
25.217650 560.397600 477.424500
25.250240 548.889600 472.794000
25.266720 540.960000 486.045000
25.283200 539.397600 479.535000
25.299560 558.768000 477.823500
25.315920 532.862400 471.114000
25.332640 531.249600 461.674500
25.349000 516.230400 463.018500
25.365480 541.682400 418.666500
25.381840 541.548000 421.722000
25.398320 570.376800 445.536000
25.414670 541.783200 486.748500
25.431150 543.345600 493.321500
25.447510 547.612800 495.999000
25.463990 488.443200 610.302000
25.497190 491.332800 688.285500
25.513310 478.144800 676.168500
25.529540 480.194400 681.082500
25.545780 478.581600 669.112500
25.562500 481.992000 698.575500
25.595340 464.100000 710.461500
25.611690 505.075200 664.261500
25.644530 461.092800 637.266000
25.660770 485.402400 628.887000
25.693600 491.685600 652.197000
25.710450 471.592800 648.133500
25.743040 478.783200 636.069000
25.759400 479.320800 614.302500
25.776000 477.052800 606.238500
25.792480 471.844800 624.435000
25.808840 465.696000 603.876000
25.825560 463.579200 598.405500
25.841800 432.801600 622.860000
25.858030 454.137600 622.933500
25.874630 456.640800 630.472500
25.890990 484.125600 626.839500
25.907470 470.097600 628.530000
25.924070 471.962400 631.564500
25.944090 457.480800 642.054000
25.957030 445.552800 630.546000
25.973270 443.604000 627.480000
25.989750 466.653600 637.560000
26.006230 461.697600 638.799000
26.022830 463.915200 644.143500
26.039060 509.174400 653.236500
26.055540 491.097600 629.874000
26.088380 473.071200 613.042500
26.104860 469.576800 618.807000
26.137700 500.220000 635.628000
26.154050 484.024800 637.644000
26.186650 450.811200 616.108500
26.203130 462.688800 616.045500
26.235960 476.112000 596.515500
26.252930 475.120800 566.443500
26.285520 478.581600 501.490500
26.301880 477.960000 500.556000
26.334720 469.761600 512.568000
26.350950 496.020000 508.273500
26.383910 460.017600 508.893000
26.400390 480.244800 513.187500
26.416870 478.228800 506.898000
26.433470 443.100000 501.333000
26.449950 465.880800 486.979500
26.482670 448.392000 484.333500
26.498900 479.488800 511.371000
26.515500 481.504800 517.629000
26.531860 486.292800 509.659500
26.548220 469.912800 497.448000
26.581050 475.994400 507.738000
26.597530 423.780000 556.090500
26.614010 425.964000 561.340500
26.630490 473.457600 552.363000
26.646730 454.070400 580.965000
26.679690 446.745600 579.243000
26.695920 461.798400 540.424500
26.712520 459.883200 535.027500
26.729130 461.546400 523.698000
26.745240 454.490400 527.394000
26.778440 447.770400 549.507000
26.795040 459.312000 581.280000
26.811280 457.111200 575.547000
26.827760 438.597600 526.018500
26.843990 522.916800 513.859500
26.860350 522.883200 510.972000
26.876710 538.171200 506.121000
26.893190 541.228800 509.554500
26.909550 541.178400 509.376000
26.926030 544.185600 501.417000
26.942870 529.368000 503.569500
26.958860 527.788800 500.241000
26.975220 537.633600 483.273000
26.991700 544.269600 487.567500
27.008180 544.353600 484.722000
27.024660 536.575200 480.952500
27.041020 545.244000 499.978500
27.057620 545.176800 502.572000
27.073850 541.884000 513.744000
27.090450 510.988800 545.527500
27.106690 514.332000 554.830500
27.123170 542.673600 513.429000
27.139650 531.468000 512.347500
27.156130 529.821600 505.995000
27.172610 539.599200 490.612500
27.189090 524.479200 502.477500
27.221680 542.841600 503.727000
27.238160 522.043200 488.880000
27.271120 528.326400 523.005000
27.287480 523.857600 520.800000
27.320190 484.696800 546.892500
27.336790 478.430400 515.760000
27.353150 478.632000 518.595000
27.369630 473.743200 488.659500
27.385860 482.344800 524.034000
27.402340 484.377600 530.344500
27.418700 463.831200 543.091500
27.435180 474.465600 559.335000
27.468020 446.443200 538.482000
27.484500 449.316000 534.135000
27.517460 465.813600 538.786500
27.533810 442.915200 536.571000
27.550170 440.596800 530.460000
27.566650 464.083200 511.360500
27.583010 453.885600 505.753500
27.615970 442.444800 543.291000
27.632570 482.244000 555.660000
27.665410 460.000800 552.741000
27.944580 561.321600 112.434000
27.960940 417.748800 569.688000
27.977420 452.524800 580.891500
27.993770 452.961600 583.159500
28.010130 481.504800 576.093000
28.026860 476.548800 578.875500
28.043090 478.228800 581.773500
28.059570 471.878400 578.886000
28.076050 455.498400 586.215000
28.092410 453.482400 581.028000
28.108760 461.378400 560.154000
28.126100 447.669600 559.261500
28.141850 449.349600 561.676500
28.158080 439.202400 577.405500
28.174560 455.582400 560.584500
28.190920 455.851200 563.125500
28.207280 452.020800 596.095500
28.223750 465.998400 549.570000
28.240360 466.300800 550.462500
28.256590 464.200800 593.239500
28.273070 467.947200 630.756000
28.306150 443.368800 681.019500
28.322630 456.691200 689.818500
28.339110 454.456800 684.988500
28.355470 466.704000 674.488500
28.371830 458.220000 668.398500
28.388180 457.884000 666.057000
28.404790 441.588000 657.279000
28.421260 457.161600 630.220500
28.437620 457.464000 632.499000
28.454100 461.529600 643.839000
28.470340 457.934400 670.278000
28.486690 460.185600 675.370500
28.503300 443.133600 672.997500
28.519530 447.300000 675.780000
28.552370 462.016800 659.085000
28.568850 479.892000 647.083500
28.601810 459.715200 663.421500
28.618040 473.793600 644.196000
28.650880 474.028800 653.394000
28.667240 479.858400 656.680500
28.700320 458.942400 646.107000
28.716670 482.328000 671.002500
28.749630 483.151200 673.291500
28.765870 446.443200 664.345500
28.798830 474.868800 659.431500
28.815430 483.789600 647.115000
28.848140 482.059200 652.029000
28.864500 517.624800 647.283000
28.881100 517.574400 644.773500
28.897340 558.079200 629.821500
28.913820 563.892000 636.352500
28.930420 561.086400 625.852500
28.946660 553.022400 631.890000
28.963130 553.039200 634.725000
28.979740 552.955200 637.066500
28.995970 569.973600 649.603500
29.012570 575.904000 638.956500
29.028810 577.449600 641.781000
29.045290 580.440000 633.076500
29.061770 563.724000 604.516500
29.078000 562.128000 601.629000
29.094480 539.011200 629.443500
29.110960 536.558400 635.806500
29.127320 538.070400 636.027000
29.143800 537.885600 639.114000
29.160160 536.356800 624.771000
29.176640 531.501600 613.672500
29.192870 532.812000 642.778500
29.209350 530.040000 636.342000
29.226070 533.467200 645.046500
29.242430 533.131200 662.392500
29.258910 537.768000 659.095500
29.275270 536.205600 654.118500
29.291870 532.610400 631.354500
29.308230 533.584800 632.457000
29.324460 533.601600 634.756500
29.341060 540.069600 659.095500
29.357420 540.909600 664.681500
29.374150 543.933600 669.564000
29.390500 645.388800 634.315500
29.406980 642.129600 621.715500
29.423340 640.399200 620.791500
29.441530 592.788000 635.932500
29.455930 580.658400 653.152500
29.472290 583.363200 664.188000
29.488770 610.243200 665.112000
29.505130 634.099200 655.431000
29.538090 631.058400 658.885500
29.554440 590.973600 638.263500
29.587400 606.261600 667.212000
29.603760 612.276000 663.264000
29.636720 609.722400 653.562000
29.653200 607.303200 654.244500
29.685910 567.974400 624.813000
29.702270 581.935200 628.572000
29.735110 586.689600 643.986000
29.751710 594.148800 639.964500
29.784550 598.718400 650.128500
29.800900 600.801600 653.173500
29.834110 586.051200 668.335500
29.850460 577.449600 648.700500
29.886840 671.781600 642.852000
29.899660 680.517600 642.169500
29.932620 682.046400 637.140000
29.949100 704.743200 650.811000
29.965580 705.045600 643.356000
29.981930 668.472000 681.628500
30.260860 664.473600 661.783500
30.277340 703.164000 616.906500
30.293820 702.223200 624.267000
30.312500 702.861600 634.693500
30.326660 694.125600 639.712500
30.343260 716.116800 642.925500
30.359500 716.335200 648.091500
30.376100 716.486400 638.925000
30.392460 720.652800 658.129500
30.408940 721.425600 655.767000
30.425170 721.862400 670.456500
30.441770 726.650400 641.539500
30.458130 725.625600 633.444000
30.474730 717.931200 639.030000
30.491330 859.185600 642.526500
30.507570 860.328000 640.164000
30.524170 993.703200 588.882000
30.544800 993.972000 583.107000
30.556880 992.376000 585.469500
30.573240 951.854400 603.750000
30.589600 960.624000 624.361500
30.606080 962.421600 624.634500
30.622440 991.872000 600.694500
30.640380 1010.503200 578.119500
30.655150 1012.536000 569.289000
30.671510 997.600800 572.596500
30.687990 977.474400 575.494500
30.704470 973.795200 587.349000
30.721070 938.364000 593.260500
30.737300 943.420800 599.287500
30.753780 944.899200 593.911500
30.770140 993.031200 613.746000
30.786620 984.009600 609.462000
30.803100 982.413600 612.034500
30.819460 952.240800 619.290000
30.835940 950.208000 627.081000
30.852290 950.124000 629.895000
30.868770 693.336000 625.254000
30.885130 607.202400 620.644500
30.901730 606.144000 615.321000
30.918090 559.557600 626.031000
30.934570 561.842400 636.667500
30.967650 567.873600 635.848500
30.983760 569.100000 637.360500
31.000370 570.225600 641.749500
31.016480 564.362400 641.025000
31.033080 562.984800 644.952000
31.049560 564.362400 650.055000
31.065920 515.726400 677.775000
31.082400 490.879200 691.729500
31.099000 489.182400 687.592500
31.115110 471.559200 682.941000
31.131840 503.378400 680.547000
31.164790 481.672800 699.898500
31.181400 480.580800 696.097500
31.200440 480.748800 698.313000
31.214110 473.894400 715.879500
31.230220 468.468000 702.670500
31.246700 470.635200 707.479500
31.263180 462.823200 673.407000
31.279420 446.964000 670.446000
31.312380 468.585600 679.612500
31.328740 453.633600 692.223000
31.361690 453.062400 681.366000
31.378300 440.395200 693.430500
31.394410 439.958400 691.204500
31.411010 450.357600 678.331500
31.427370 467.174400 694.680000
31.443850 465.292800 692.107500
31.460330 462.201600 662.476500
31.476560 458.236800 702.849000
31.493040 460.504800 707.658000
31.509520 422.688000 708.414000
31.526120 429.861600 689.010000
31.542240 429.374400 686.658000
31.558840 520.615200 675.286500
31.575200 532.442400 673.134000
31.591670 530.779200 668.115000
31.608030 531.434400 665.847000
31.625980 548.268000 657.184500
31.640990 548.251200 659.631000
31.657470 542.136000 668.671500
31.673950 520.749600 679.654500
31.690550 522.513600 684.663000
31.707030 514.718400 693.609000
31.723510 528.561600 691.908000
31.739750 528.528000 689.619000
31.756230 555.105600 672.598500
31.772220 566.277600 672.651000
31.788570 564.732000 670.078500
31.805180 557.457600 663.295500
31.821530 564.748800 668.325000
31.838010 566.160000 673.428000
31.854370 528.225600 695.467500
31.870970 521.791200 681.502500
31.887330 521.740800 679.150500
31.903690 513.156000 638.358000
31.920290 532.828800 635.974500
31.936520 529.552800 627.900000
31.953860 523.353600 663.558000
31.969360 545.815200 648.270000
31.985840 547.327200 653.404500
32.002320 508.821600 655.074000
32.018680 502.588800 656.250000
32.035160 504.453600 661.311000
32.051510 495.717600 674.005500
32.067990 506.755200 674.604000
32.084350 504.772800 667.264500
32.100830 483.403200 686.563500
32.117310 444.998400 676.567500
32.133670 440.714400 669.123000
32.150150 463.327200 697.746000
32.166500 446.510400 716.142000
32.182980 452.961600 729.015000
32.199340 458.203200 740.722500
32.215940 463.646400 745.678500
32.232300 465.544800 748.062000
32.249020 483.588000 752.241000
32.265500 450.693600 737.058000
32.281980 446.359200 728.658000
32.298460 454.087200 717.391500
32.314330 471.172800 718.840500
32.347290 457.564800 704.413500
32.363650 459.900000 683.392500
32.380130 460.252800 685.555500
32.396730 426.837600 704.172000
32.412960 465.612000 710.839500
32.429320 467.460000 713.464500
32.445800 456.556800 706.513500
32.462280 436.716000 735.094500
32.478640 432.398400 728.259000
32.495480 445.418400 693.357000
32.511960 447.468000 689.860500
32.528440 447.182400 687.886500
32.544920 498.741600 686.542500
32.561160 523.756800 711.889500
32.577760 523.840800 713.790000
32.594120 521.623200 693.871500
32.610470 538.658400 714.777000
32.626830 541.833600 723.985500
32.643070 522.244800 724.132500
32.659420 509.560800 719.922000
32.675780 507.460800 710.734500
32.692380 526.680000 662.728500
32.708620 501.950400 401.908500
32.988040 597.357600 623.479500
33.004520 594.417600 629.548500
33.020750 595.106400 637.171500
33.040160 583.010400 612.969000
33.053830 608.680800 620.067000
33.070310 609.520800 628.509000
33.086550 567.688800 656.670000
33.103150 578.323200 643.891500
33.119380 580.692000 653.499000
33.135740 630.621600 689.598000
33.152470 589.629600 692.517000
33.168950 590.973600 695.047500
33.185300 603.388800 704.056500
33.201660 636.652800 687.435000
33.218140 634.569600 682.269000
33.234620 604.346400 680.578500
33.250730 608.932800 676.746000
33.267330 611.234400 684.379500
33.283810 620.474400 712.981500
33.300290 604.363200 715.711500
33.316650 603.540000 709.317000
33.333130 617.215200 700.644000
33.349490 617.870400 675.927000
33.365840 615.568800 668.472000
33.382320 652.528800 684.159000
33.398800 682.684800 652.879500
33.431640 702.424800 683.413500
33.447880 694.428000 696.171000
33.464480 695.335200 698.659500
33.481450 648.631200 674.992500
33.497560 650.143200 682.069500
33.513790 650.126400 681.922500
33.530270 700.812000 690.480000
33.546510 723.962400 702.859500
33.563110 723.072000 700.455000
33.579590 702.206400 672.556500
33.596190 686.263200 685.828500
33.612790 687.321600 688.348500
33.628910 668.421600 669.259500
33.645510 695.620800 665.511000
33.661870 694.747200 662.697000
33.678220 690.127200 646.747500
33.699830 676.233600 701.085000
33.712400 676.754400 705.778500
33.727290 681.105600 674.635500
33.743650 698.947200 713.580000
33.776610 673.764000 723.177000
33.792970 699.316800 705.222000
33.809330 699.854400 703.038000
33.825810 932.097600 602.868000
33.842290 941.959200 623.490000
33.858640 940.497600 625.747500
33.875120 938.481600 605.892000
33.891480 962.472000 607.708500
33.907840 962.421600 607.876500
33.924440 937.910400 643.870500
33.940800 939.825600 614.113500
33.973630 928.603200 621.043500
33.990230 928.704000 616.833000
34.006590 928.754400 619.542000
34.023190 955.382400 612.381000
34.044310 952.425600 610.659000
34.056150 954.021600 605.136000
34.072630 924.436800 606.385500
34.089110 937.776000 595.423500
34.105470 937.742400 592.662000
34.121950 995.467200 680.473500
34.138550 997.886400 709.884000
34.154910 995.920800 714.493500
34.170780 1001.515200 702.828000
34.187260 1001.061600 718.987500
34.203610 1000.876800 721.371000
34.219970 999.062400 717.570000
34.236570 999.919200 734.349000
34.252930 1000.221600 731.955000
34.269650 989.956800 678.762000
34.285770 992.191200 710.451000
34.302370 993.904800 710.608500
34.318730 1011.763200 720.730500
34.335210 1016.316000 708.739500
34.353520 1018.567200 701.190000
34.368040 906.628800 713.464500
34.384520 632.671200 701.862000
34.400880 633.645600 707.185500
34.417240 464.570400 751.926000
34.433960 493.063200 772.327500
34.450440 491.349600 770.269500
34.467160 477.372000 731.923500
34.483400 481.605600 733.845000
34.499510 481.656000 733.981500
34.516110 490.224000 758.551500
34.532590 484.814400 733.215000
34.549190 486.780000 737.551500
34.565310 467.812800 741.751500
34.584110 497.078400 743.998500
34.598020 498.859200 746.224500
34.614500 469.207200 708.225000
34.630860 466.166400 703.846500
34.647340 463.982400 699.079500
34.663570 452.944800 729.036000
34.682500 448.072800 732.070500
34.713010 438.715200 713.821500
34.729490 426.081600 717.990000
34.745730 426.468000 720.153000
34.762210 447.535200 720.835500
34.778690 457.548000 757.438500
34.797120 459.816000 761.785500
34.811520 425.863200 759.370500
34.828130 456.808800 749.091000
34.860840 478.716000 727.555500
34.877690 472.264800 714.756000
34.910160 464.520000 729.708000
34.926640 454.221600 736.942500
34.942990 453.952800 734.811000
34.959350 456.019200 739.021500
34.976070 475.574400 714.913500
34.992680 473.676000 712.477500
35.012450 580.507200 701.946000
35.026370 550.452000 710.157000
35.041500 551.980800 714.892500
35.057980 555.861600 724.143000
35.074460 565.051200 718.210500
35.107300 573.669600 705.579000
35.123660 552.501600 729.025500
35.140260 552.619200 726.778500
35.156620 559.876800 721.507500
35.173100 531.988800 726.558000
35.189450 530.308800 721.980000
35.205930 513.424800 723.555000
35.222290 519.422400 722.557500
35.238650 519.489600 724.762500
35.255130 528.746400 711.868500
35.271730 524.462400 699.531000
35.287960 526.192800 704.371500
35.304440 526.747200 731.115000
35.320680 514.886400 715.228500
35.337400 514.819200 713.023500
35.353880 529.922400 714.871500
35.370000 517.322400 710.860500
35.386600 515.726400 708.508500
35.402950 517.792800 715.144500
35.419430 510.820800 712.320000
35.435790 512.652000 717.045000
35.452270 508.502400 698.197500
35.468630 544.219200 718.189500
35.501830 509.241600 689.052000
35.518190 539.095200 707.647500
35.551030 529.989600 713.338500
35.569580 530.796000 702.355500
35.600460 567.571200 711.564000
35.616940 609.840000 757.816500
35.633300 610.142400 755.601000
35.649900 605.808000 705.705000
35.669920 597.307200 700.633500
35.684450 595.896000 698.019000
35.698610 608.462400 721.738500
35.715210 622.120800 715.690500
35.731450 623.078400 720.394500
35.747920 635.812800 731.314500
35.764530 541.581600 786.366000
35.780760 541.464000 784.570500
35.797240 481.555200 870.996000
35.813600 454.053600 875.059500
35.829960 452.138400 873.169500
35.846440 487.032000 862.228500
35.863040 495.717600 867.478500
35.879390 497.700000 870.912000
35.895750 482.294400 861.262500
35.912110 496.708800 872.875500
35.944950 536.625600 875.931000
35.961670 681.340800 860.002500
35.977780 682.651200 856.569000
35.994630 748.759200 867.562500
36.010740 746.978400 859.750500
36.027100 747.012000 852.516000
36.043700 736.512000 845.239500
36.060060 767.508000 850.143000
36.076540 765.861600 853.492500
36.092900 758.738400 861.955500
36.109380 765.240000 866.376000
36.125730 765.609600 872.035500
36.142090 740.510400 862.575000
36.158570 740.493600 859.110000
36.175050 740.460000 855.655500
36.191530 737.553600 847.591500
36.207890 743.232000 845.880000
36.224370 742.291200 844.095000
36.240840 757.612800 813.634500
36.257080 735.453600 835.075500
36.290040 646.833600 841.302000
36.306520 491.484000 863.100000
36.322880 493.113600 865.032000
36.339360 460.051200 864.769500
36.355830 470.030400 865.924500
36.372190 469.963200 865.830000
36.388670 450.324000 873.610500
36.405030 457.497600 872.266500
36.439210 465.108000 877.579500
36.454470 467.964000 887.281500
36.470830 468.232800 888.835500
36.487300 468.098400 920.650500
36.503660 477.892800 914.161500
36.520020 477.708000 912.912000
36.536500 442.579200 937.335000
36.552860 444.141600 938.994000
36.569460 439.857600 934.825500
36.585820 444.645600 915.820500
36.602050 442.209600 924.220500
36.618650 446.846400 929.859000
36.635010 433.692000 882.840000
36.651490 448.476000 796.960500
36.667850 450.408000 798.976500
36.684450 468.518400 779.509500
36.700810 467.493600 773.335500
36.717160 465.309600 769.146000
36.733640 462.285600 768.925500
36.750000 445.552800 774.690000
36.766480 445.905600 776.611500
36.782840 452.306400 785.557500
36.799320 456.960000 787.899000
36.815800 459.244800 791.994000
36.832150 462.117600 790.734000
36.848630 471.273600 781.609500
36.864990 470.920800 779.667000
36.881590 447.115200 773.136000
36.897830 449.853600 762.016500
36.914180 447.518400 757.732500
36.930790 464.906400 800.079000
36.947140 484.428000 788.623500
36.963620 484.596000 790.629000
36.979980 480.396000 771.424500
36.996460 475.288800 790.965000
37.012820 477.422400 795.039000
37.029540 453.566400 772.285500
37.045780 471.592800 809.875500
37.062130 471.240000 807.943500
37.078610 454.759200 788.529000
37.094970 465.561600 784.549500
37.111330 463.579200 782.470500
37.127930 483.050400 772.233000
37.144290 477.909600 776.601000
37.160770 480.026400 780.790500
37.177120 460.135200 785.452500
37.193600 474.348000 790.251000
37.226560 482.949600 738.349500
37.242680 506.301600 744.649500
37.259160 506.100000 742.696500
37.275760 552.216000 754.278000
37.291990 535.920000 733.225500
37.309810 534.256800 730.695000
37.325070 483.974400 729.424500
37.341310 505.209600 740.134500
37.357910 506.872800 742.644000
37.374270 537.667200 728.280000
37.390750 518.532000 721.066500
37.407100 516.835200 718.462500
37.423710 529.737600 728.721000
37.440060 501.110400 753.343500
37.456910 503.025600 757.722000
37.473020 512.030400 740.428500
37.489380 549.376800 745.458000
37.522340 510.938400 773.230500
37.538820 513.727200 782.512500
37.571660 517.288800 795.952500
37.588010 518.515200 799.354500
37.604490 516.751200 795.427500
37.620970 511.106400 812.826000
37.637210 503.092800 786.712500
37.653810 502.975200 784.780500
37.670170 503.378400 762.237000
37.686650 492.424800 772.380000
37.703490 492.525600 774.186000
37.719730 500.673600 781.536000
37.735960 491.954400 786.954000
37.752440 493.970400 791.059500
37.769170 456.640800 797.937000
37.785280 456.019200 787.521000
37.818240 462.537600 773.640000
37.834590 448.341600 775.929000
37.854370 447.686400 771.792000
37.867550 462.386400 791.080500
37.883790 443.654400 765.838500
37.900150 439.521600 761.008500
37.916500 426.804000 780.139500
37.932860 432.432000 770.395500
37.949220 437.640000 779.352000
37.965700 477.304800 788.287500
37.982180 471.844800 813.855000
38.015140 464.066400 786.334500
38.031370 460.672800 787.636500
38.047970 458.455200 783.604500
38.064210 456.859200 783.520500
38.080810 452.188800 778.249500
38.113770 471.273600 754.057500
38.130000 460.740000 779.037000
38.146480 462.940800 783.111000
38.162840 471.357600 778.690500
38.179320 473.928000 780.706500
38.212160 479.992800 791.899500
38.228640 483.789600 792.529500
38.261350 479.707200 795.721500
38.277950 479.606400 803.754000
38.310910 474.028800 810.925500
38.327150 487.519200 805.570500
38.359990 536.071200 801.181500
38.376340 553.896000 806.211000
38.409300 536.810400 797.286000
38.425900 542.001600 809.613000
38.458620 534.240000 802.179000
38.475100 527.637600 780.822000
38.491330 527.520000 778.911000
38.507810 558.331200 798.073500
38.524290 535.264800 785.830500
38.540770 533.584800 783.573000
38.557130 521.572800 768.652500
38.573610 511.778400 774.532500
38.589970 513.609600 778.743000
38.606450 517.540800 809.067000
38.623050 521.203200 814.170000
38.655760 496.641600 809.014500
38.672240 512.685600 799.060500
38.688600 510.871200 795.133500
38.705320 491.685600 825.835500
38.721800 508.687200 822.591000
38.754390 502.454400 815.566500
38.770750 526.377600 825.436500
38.787480 528.074400 829.122000
38.803960 513.441600 811.744500
38.820310 503.160000 810.096000
38.853270 513.441600 811.744500
38.869750 514.197600 785.358000
38.902220 521.304000 808.080000
38.918700 517.272000 783.258000
38.935060 517.154400 781.231500
38.951540 500.371200 753.648000
38.968020 511.459200 738.454500
38.984250 511.308000 739.903500
39.000980 520.279200 746.518500
39.017210 532.946400 765.387000
39.033690 534.660000 769.765500
39.050170 550.552800 757.144500
39.066530 576.962400 803.365500
39.082890 575.904000 798.105000
39.099370 583.531200 729.834000
39.115840 560.767200 732.511500
39.132080 559.120800 730.075500
39.148560 569.083200 708.697500
39.166500 557.592000 768.474000
39.181520 559.204800 770.952000
39.198240 545.966400 770.322000
39.214360 563.589600 774.102000
39.230960 562.077600 771.718500
39.247310 555.475200 768.516000
39.263550 592.065600 787.374000
39.280150 593.359200 789.684000
39.296510 576.811200 793.810500
39.312990 592.032000 769.713000
39.329350 590.436000 768.999000
39.345830 619.180800 778.617000
39.362300 619.802400 766.479000
39.378780 621.952800 772.884000
39.395140 631.562400 818.706000
39.411380 619.718400 816.973500
39.427980 618.811200 813.498000
39.444210 625.262400 665.847000
40.002930 680.668800 750.718500
40.035770 654.259200 751.695000
40.052250 669.900000 762.331500
40.084960 682.332000 761.880000
40.101440 670.320000 761.848500
40.134160 652.982400 751.695000
40.150630 660.374400 755.527500
40.167240 660.928800 753.522000
40.183720 665.952000 752.671500
40.200320 654.393600 759.391500
40.216670 653.671200 755.097000
40.233030 640.953600 754.540500
40.249510 630.571200 765.817500
40.265870 630.084000 767.791500
40.282230 772.699200 794.482500
40.298460 751.749600 782.323500
40.314940 751.682400 786.450000
40.331420 750.069600 775.477500
40.347780 761.880000 767.938500
40.380620 755.008800 739.221000
40.397090 763.190400 768.726000
40.429930 768.465600 769.881000
40.446530 768.112800 752.482500
40.482180 740.040000 768.463500
40.496090 731.421600 761.103000
40.528690 745.533600 774.448500
40.545170 753.396000 773.220000
40.578000 785.383200 760.662000
40.595210 774.312000 757.638000
40.627320 805.308000 731.461500
40.643680 804.300000 737.436000
40.660160 806.668800 733.015500
40.676510 821.268000 745.615500
40.692870 668.102400 746.508000
40.709230 666.321600 739.462500
40.725830 427.879200 784.864500
40.742310 436.060800 800.845500
40.758540 438.765600 805.245000
40.775270 454.188000 780.454500
40.791750 470.988000 795.049500
40.808470 471.307200 796.876500
40.824460 462.369600 794.902500
40.840700 465.108000 799.522500
40.857060 467.325600 803.523000
40.873660 478.632000 820.585500
40.890010 478.346400 825.447000
40.924190 463.092000 825.216000
40.939330 456.103200 838.645500
40.972410 447.468000 808.584000
40.988770 446.191200 821.572500
41.021730 474.499200 803.029500
41.037960 468.720000 778.291500
41.070680 462.302400 791.637000
41.087280 476.884800 799.470000
41.103760 476.515200 797.538000
41.120360 471.324000 821.950500
41.137210 491.013600 781.998000
41.152950 489.316800 779.845500
41.169310 536.289600 784.864500
41.185550 523.219200 788.130000
41.202150 525.000000 790.209000
41.218510 539.935200 765.334500
41.234990 524.680800 784.381500
41.253420 523.000800 782.124000
41.267700 538.120800 790.660500
41.284180 535.483200 801.549000
41.300780 535.533600 801.664500
41.317020 533.568000 788.119500
41.333500 527.100000 791.647500
41.366580 503.916000 808.048500
41.382690 499.699200 820.963500
41.399170 501.614400 824.680500
41.415530 497.733600 816.018000
41.432130 503.798400 803.691000
41.448490 503.596800 801.790500
41.465090 512.299200 776.653500
41.481320 501.396000 776.160000
41.497680 499.682400 773.913000
41.514530 506.486400 775.855500
41.530760 517.238400 793.579500
41.547240 517.305600 793.695000
41.563600 561.523200 766.783500
41.580690 557.978400 764.284500
41.596440 558.163200 762.300000
41.612790 582.506400 769.219500
41.629270 575.131200 784.192500
41.645750 575.064000 785.977500
41.662110 556.634400 756.084000
41.678710 536.709600 764.494500
41.695190 538.356000 768.778500
41.711550 566.983200 801.139500
41.727780 559.742400 784.833000
41.760740 557.440800 783.919500
41.777220 562.027200 791.343000
41.810060 537.600000 808.626000
41.826540 514.550400 812.290500
41.842900 512.752800 808.479000
41.859380 523.168800 820.134000
41.875610 508.284000 807.376500
41.892090 506.469600 803.607000
41.908940 507.141600 809.865000
41.925170 502.000800 792.183000
41.941410 503.832000 796.047000
41.957760 525.688800 784.276500
41.974240 530.376000 798.619500
41.990600 532.039200 802.515000
42.007080 513.458400 785.053500
42.023680 528.628800 797.695500
42.056520 512.601600 784.371000
42.072750 509.745600 795.385500
42.105590 568.495200 826.581000
42.122310 562.245600 804.867000
42.155150 568.629600 831.442500
42.171510 595.425600 793.663500
42.187740 595.610400 791.668500
42.204220 596.080800 816.112500
42.220700 573.921600 800.383500
42.237300 572.359200 798.451500
42.253660 543.009600 819.325500
42.270140 569.368800 825.478500
42.286500 570.763200 829.258500
42.302980 572.426400 820.690500
42.319210 569.822400 819.882000
42.352170 554.047200 797.916000
42.368650 549.796800 811.450500
42.384890 548.268000 807.618000
42.401370 568.646400 775.582500
42.417720 567.504000 771.529500
42.452510 563.724000 792.718500
42.467040 565.353600 799.900500
42.483520 566.748000 803.796000
42.499880 577.869600 795.858000
42.516600 508.922400 822.160500
42.532960 508.720800 820.375500
42.549440 437.371200 820.008000
42.565920 461.008800 850.699500
42.582400 458.992800 849.019500
42.598630 448.106400 867.867000
42.614990 450.996000 871.710000
42.631710 453.331200 875.101500
42.648070 452.676000 873.705000
42.664550 457.800000 882.850500
42.680910 455.532000 879.606000
42.697270 420.823200 866.554500
42.713750 450.710400 865.021500
42.746580 450.290400 863.026500
42.763180 442.680000 854.490000
42.779540 447.115200 860.989500
42.795900 457.564800 855.319500
42.812130 450.996000 847.161000
42.844850 480.916800 850.668000
42.861570 468.686400 819.577500
42.877930 466.552800 814.432500
42.894410 455.952000 819.934500
42.910770 458.656800 795.942000
42.927120 456.103200 789.810000
42.943480 457.564800 793.968000
42.959840 460.891200 780.076500
42.976320 458.774400 779.373000
42.992920 462.134400 790.209000
43.009280 472.852800 787.710000
43.025760 477.388800 796.383000
43.042110 516.112800 802.284000
43.058470 532.526400 806.116500
43.091550 530.829600 813.099000
43.110350 556.819200 807.660000
43.140750 519.607200 801.580500
43.157350 524.260800 784.780500
43.190060 546.890400 821.079000
43.206420 520.598400 815.545500
43.222900 520.648800 813.697500
43.239380 517.221600 809.938500
43.255620 533.232000 805.318500
43.272220 531.585600 803.302500
43.288570 523.773600 789.169500
43.304930 533.349600 830.991000
43.322750 535.029600 834.718500
43.338010 532.845600 826.108500
43.354370 520.044000 819.882000
43.370730 518.280000 816.123000
43.387210 516.045600 823.326000
43.403560 576.962400 818.674500
43.437500 614.913600 821.005500
43.452760 621.532800 802.872000
43.469600 622.490400 806.736000
43.485840 613.233600 828.156000
43.502080 624.657600 816.081000
43.535280 612.091200 811.419000
43.552000 612.040800 839.958000
43.584470 604.951200 808.237500
43.600590 615.182400 828.040500
43.633540 618.072000 839.170500
43.650020 613.435200 834.760500
43.682860 612.024000 818.979000
43.699460 599.172000 818.391000
43.715580 598.046400 814.632000
43.732180 613.737600 802.147500
43.748540 596.080800 783.006000
43.781620 626.320800 847.927500
43.797970 605.673600 858.732000
43.814330 606.900000 860.443500
43.830810 596.164800 863.026500
43.847050 572.325600 845.691000
43.863530 570.964800 842.110500
43.880000 562.615200 829.038000
43.896480 566.311200 835.128000
43.912840 566.210400 836.934000
43.929440 552.249600 795.280500
43.945920 568.125600 800.331000
43.962400 569.536800 804.321000
43.978760 556.987200 799.921500
43.995970 548.368800 834.708000
44.011470 546.840000 831.075000
44.027830 551.157600 813.225000
44.044310 559.692000 805.413000
44.060670 558.280800 801.622500
44.077510 550.485600 860.926500
44.093870 571.838400 848.578500
44.126340 564.429600 773.157000
44.142700 555.206400 776.118000
44.159300 556.651200 780.108000
44.175540 709.598400 869.557500
44.192140 708.926400 893.518500
44.224850 738.259200 847.570500
44.241330 734.109600 845.239500
44.274540 701.971200 873.001500
44.290770 705.012000 864.013500
44.307250 705.297600 867.373500
44.325560 747.465600 874.219500
44.339840 735.705600 886.788000
44.372800 764.635200 865.924500
44.389280 777.655200 850.006500
44.422610 754.000800 906.223500
44.438720 748.608000 902.685000
44.454960 749.464800 901.162500
44.471560 750.439200 891.345000
44.487920 736.663200 883.438500
44.504270 735.873600 878.566500
44.520630 742.476000 845.922000
44.537110 830.390400 828.733500
44.553710 830.373600 828.838500
44.569820 1016.820000 650.517000
44.586430 1009.629600 657.510000
44.602780 1007.647200 662.424000
44.619140 1038.055200 652.837500
44.635620 1011.931200 676.966500
44.652220 1013.678400 674.404500
44.668580 1027.269600 429.523500
44.684940 1012.065600 375.249000
44.701420 1012.368000 371.500500
44.717900 1032.024000 425.071500
44.734130 1024.447200 454.041000
44.750730 1022.196000 464.257500
44.766970 1017.945600 440.916000
44.783450 1015.980000 426.783000
44.799800 1016.282400 423.192000
44.816650 1051.797600 442.816500
44.832890 1024.245600 450.607500
44.849370 1023.943200 454.125000
44.865840 1005.244800 406.266000
44.882200 982.010400 383.166000
44.898440 983.774400 375.774000
44.914920 1003.111200 420.987000
44.931520 1013.913600 414.624000
44.947750 1012.116000 417.763500
44.964480 999.684000 381.234000
44.980960 993.820800 376.708500
44.996950 990.292800 390.652500
45.013430 1005.597600 447.331500
45.030150 1016.080800 457.716000
45.046630 1017.928800 454.345500
45.063230 957.062400 347.224500
45.079470 952.291200 333.375000
45.095950 955.164000 318.759000
45.112180 925.344000 320.743500
45.128660 925.209600 329.049000
45.145020 923.882400 328.314000
45.161380 984.328800 326.424000
45.177730 994.408800 330.267000
45.194210 992.409600 341.817000
45.210940 966.571200 368.508000
45.226930 956.272800 352.705500
45.243530 956.121600 353.398500
45.259890 935.390400 356.107500
45.276490 925.360800 353.083500
45.292850 926.788800 349.429500
45.309330 649.017600 360.423000
45.325810 542.808000 379.417500
45.342160 541.128000 378.304500
45.358520 525.621600 374.041500
45.375000 526.344000 372.403500
45.391480 531.031200 390.453000
45.407840 535.197600 431.749500
45.424320 529.653600 427.602000
45.440800 528.108000 421.018500
45.457030 533.988000 399.987000
45.473630 526.461600 397.750500
45.489870 523.320000 383.995500
45.507810 546.100800 335.139000
45.523320 547.663200 331.138500
45.555540 549.511200 344.610000
45.571900 461.328000 357.672000
45.588260 463.461600 365.200500
45.604860 496.104000 383.638500
45.621460 489.031200 388.185000
45.654300 485.284800 368.959500
45.670530 443.788800 368.991000
45.703370 439.404000 397.939500
45.719850 458.656800 382.893000
45.752690 495.028800 398.758500
45.769170 452.659200 402.129000
45.785640 452.860800 405.184500
45.802000 468.888000 400.239000
45.818480 479.102400 409.363500
45.836430 480.732000 412.975500
45.851320 492.576000 404.365500
45.867800 451.752000 387.807000
45.884030 449.937600 384.069000
45.900630 462.369600 403.924500
45.916990 481.504800 409.321500
45.933470 483.117600 412.933500
45.951660 502.807200 391.377000
45.966190 473.944800 377.086500
45.982790 473.877600 376.887000
45.999150 452.004000 381.318000
46.015630 462.722400 426.972000
46.048580 511.156800 510.111000
46.064820 513.156000 537.589500
46.081180 511.576800 532.171500
46.097780 505.377600 542.923500
46.114140 506.032800 544.666500
46.146970 487.216800 566.611500
46.165410 487.720800 570.423000
46.196040 488.258400 564.427500
46.212770 486.964800 581.301000
46.245610 493.399200 561.162000
46.262080 479.841600 558.190500
46.294920 467.056800 518.332500
46.311160 460.017600 525.451500
46.327640 458.052000 521.934000
46.344240 429.979200 527.131500
46.360720 438.849600 522.889500
46.376950 440.210400 522.847500
46.393550 454.574400 522.312000
46.409790 470.668800 507.391500
46.426270 468.720000 501.532500
46.442630 458.858400 504.504000
46.459110 471.374400 476.826000
46.476070 471.609600 479.808000
46.494020 503.059200 382.882500
46.508540 507.528000 373.443000
46.524780 509.342400 381.024000
46.541260 522.916800 399.871500
46.557740 511.358400 385.896000
46.590820 498.859200 367.405500
46.609250 507.192000 377.002500
46.639890 496.927200 371.805000
46.656250 529.132800 361.725000
46.689450 534.223200 401.194500
46.705930 538.003200 374.398500
46.738400 568.512000 364.150500
46.755000 552.451200 368.613000
46.787720 518.179200 345.544500
46.804080 528.124800 346.458000
46.821170 526.394400 342.090000
46.836910 525.100800 371.343000
46.853390 579.818400 359.152500
46.869870 581.162400 363.363000
46.886230 945.000000 354.343500
46.902590 1017.256800 351.361500
46.919190 1019.289600 343.686000
46.935550 1015.341600 333.217500
46.952030 1025.186400 333.207000
46.984860 1022.028000 330.120000
47.001220 1011.460800 345.429000
47.017820 1007.983200 355.467000
47.034180 1021.036800 372.645000
47.050540 1039.550400 388.605000
47.066890 1037.232000 396.175500
47.083250 963.984000 398.622000
47.099850 960.036000 392.920500
47.116210 964.790400 375.627000
47.132690 1001.851200 380.940000
47.150150 996.004800 343.980000
47.165650 996.240000 339.832500
47.181880 982.464000 379.050000
47.198360 974.551200 347.581500
47.214840 971.140800 362.743500
47.231200 966.235200 356.569500
47.247680 958.053600 354.406500
47.280640 941.354400 372.277500
47.296880 933.576000 353.703000
47.313350 932.349600 360.391500
47.329830 943.168800 409.069500
47.346190 938.431200 391.030500
47.363040 939.909600 383.596500
47.384160 983.388000 347.728500
47.395750 980.817600 346.563000
47.412110 982.346400 339.948000
47.428340 919.245600 325.626000
47.444820 915.700800 352.107000
47.461180 915.902400 356.076000
47.479980 898.212000 324.702000
47.494140 906.645600 311.514000
47.510740 908.980800 295.732500
47.527100 918.624000 285.484500
47.543460 925.024800 291.648000
47.559940 923.630400 295.407000
47.576420 939.405600 310.747500
47.594970 947.016000 364.266000
47.609250 945.504000 375.732000
47.625730 1010.436000 330.172500
47.641970 1015.627200 326.539500
47.658450 1015.946400 322.402500
47.674930 1032.847200 337.344000
47.691160 1008.470400 343.381500
47.707890 1006.471200 351.172500
47.724240 1011.091200 354.249000
47.740600 996.357600 360.276000
47.757080 998.222400 352.758000
47.773440 959.599200 329.794500
47.789920 959.481600 321.205500
47.806270 962.522400 309.855000
47.822880 973.022400 297.559500
47.839110 986.714400 288.445500
47.855710 985.168800 291.973500
47.872310 998.726400 296.079000
47.888430 1007.294400 313.173000
47.905030 1003.413600 328.891500
47.922610 1018.936800 351.624000
47.937740 1022.481600 334.246500
47.970580 1018.046400 352.464000
47.986940 1020.835200 344.389500
48.019900 988.680000 336.115500
48.036380 973.089600 368.203500
48.052860 974.685600 364.560000
48.069210 907.670400 308.028000
48.085570 899.119200 302.893500
48.102170 901.353600 286.986000
48.118530 942.580800 328.776000
48.135130 942.782400 311.692500
48.151370 941.186400 315.367500
48.168090 942.664800 320.512500
48.184200 932.920800 356.244000
48.200680 930.148800 371.301000
48.217040 912.844800 389.014500
48.233520 967.444800 362.208000
48.250000 969.108000 354.700500
48.266360 955.348800 323.368500
48.282840 980.280000 359.919000
48.299190 981.993600 352.569000
48.315430 971.628000 347.812500
48.331910 983.976000 370.576500
48.348270 982.245600 377.779500
48.364750 924.638400 132.132000
48.594850 923.916000 146.013000
48.611210 918.136800 501.658500
48.956180 637.375200 1021.702500
48.972530 545.361600 958.755000
48.989140 543.799200 956.151000
49.005370 520.682400 916.198500
49.021970 486.108000 916.356000
49.038330 483.890400 912.124500
49.054810 517.960800 931.297500
49.071170 518.414400 961.401000
49.087650 516.717600 960.099000
49.104000 524.311200 931.266000
49.120360 513.324000 941.241000
49.136840 516.852000 946.585500
49.153320 506.251200 946.690500
49.169800 492.256800 915.306000
49.186160 494.239200 918.256500
49.202640 532.963200 959.899500
49.219120 499.212000 949.998000
49.235470 497.078400 945.997500
49.251830 519.607200 966.693000
49.268310 509.191200 926.362500
49.284790 507.360000 923.527500
49.301150 519.136800 902.979000
49.317500 515.810400 979.356000
49.333980 517.792800 982.810500
49.350460 499.380000 917.353500
49.366940 508.183200 930.972000
49.383300 508.082400 929.764500
49.399780 457.867200 930.541500
49.416140 486.847200 930.132000
49.432500 484.848000 927.328500
49.449100 436.010400 932.064000
49.465450 468.316800 884.425500
49.481810 470.416800 887.523000
49.498290 443.990400 939.529500
49.514650 485.738400 904.554000
49.531130 483.756000 901.593000
49.547610 477.069600 927.318000
49.564090 455.800800 908.386500
49.596920 456.187200 880.362000
49.613280 448.072800 893.949000
49.629760 450.693600 898.380000
49.646120 685.860000 741.835500
49.662600 848.786400 623.353500
49.679080 849.072000 626.220000
49.695430 999.919200 532.297500
49.711910 1036.476000 503.569500
49.728270 1038.693600 497.175000
49.744750 1014.619200 509.071500
49.761110 1025.287200 532.507500
49.794070 1021.591200 494.739000
49.810300 1024.480800 519.015000
49.826900 1022.750400 521.818500
49.843260 1003.228800 488.880000
49.859860 1013.325600 448.822500
49.876220 1013.040000 452.623500
49.892580 982.615200 401.866500
49.909060 1017.206400 394.296000
49.925420 1019.256000 386.988000
49.941890 1027.908000 392.490000
49.958250 1014.451200 391.146000
49.992070 974.467200 370.314000
50.007570 973.677600 364.287000
50.024050 972.064800 367.857000
50.040410 918.624000 406.990500
50.056880 930.182400 385.486500
50.073240 931.560000 382.378500
50.089840 930.585600 395.356500
50.106320 922.303200 372.487500
50.122560 923.529600 361.441500
50.139040 992.157600 346.626000
