0.000000 34.513539 25.356825
0.016200 58.953605 41.722006
0.032700 65.387130 44.949376
0.065280 51.633343 34.306057
0.081890 30.834775 19.006067
0.098280 12.977727 5.908171
0.114840 0.542963 -3.804374
0.131210 -6.017165 -10.957528
0.147580 -7.621542 -17.301396
0.164090 -5.982154 -20.577216
0.180310 -2.679762 -16.314860
0.196960 0.920584 -5.403066
0.213300 3.083347 6.250522
0.229780 3.122292 13.334979
0.246050 2.180527 15.173109
0.262600 1.582638 14.401722
0.279080 0.953270 12.114349
0.295440 -0.531995 5.505462
0.312120 -0.897228 -7.358931
0.328340 1.786187 -22.078357
0.344850 5.162862 -30.247197
0.361370 4.662365 -27.444645
0.377750 0.234219 -16.694880
0.394090 -2.801880 -3.495079
0.410570 -1.571780 7.426844
0.427110 0.960015 12.712661
0.459870 0.640452 12.098871
0.476360 -1.776628 7.850573
0.509080 -2.728883 2.788355
0.525560 -1.623413 -1.680122
0.558500 -0.574013 -5.050821
0.574830 -0.746862 -4.902407
0.607590 -1.044620 1.148177
0.624110 -0.353356 10.553980
0.640640 0.731913 16.042453
0.657000 0.407048 12.553361
0.673320 -2.082272 3.142963
0.690000 -5.227161 -4.609509
0.706220 -6.021653 -6.281318
0.722790 -3.682241 -3.296091
0.739040 -1.150883 -0.637220
0.755580 -0.561069 -2.450909
0.772110 -1.061233 -7.732216
0.788360 -0.901803 -10.958180
0.804860 0.033393 -7.924750
0.821370 0.624801 -0.460764
0.837620 0.374810 5.710381
0.854190 -0.614039 7.424965
0.870620 -1.125338 4.972175
0.903380 2.628633 -0.740184
0.919860 13.498847 -8.403396
0.952580 26.858448 -14.804927
0.969250 33.080584 -16.482402
1.001940 27.816117 -13.810784
1.018460 16.166029 -9.642163
1.051190 5.669929 -5.792133
1.069610 -0.374155 -2.208271
1.100600 -2.089787 1.113993
1.116990 -1.046121 2.340305
1.149830 -0.068095 0.518669
1.166370 -0.996891 -2.729655
1.199230 -1.997338 -4.927899
1.215610 -0.702957 -4.831202
1.248490 2.537650 -3.401206
1.264920 5.758628 -2.023702
1.297820 7.639604 -1.598012
1.314070 7.498727 -2.414923
1.330570 3.755772 -2.273840
1.560620 -2.834885 0.627673
1.577120 -7.307583 4.075837
1.593370 -6.171832 5.045812
1.610050 -1.981531 3.452619
1.642730 0.809685 1.914867
1.659090 0.883704 0.926942
1.675600 -1.468629 -1.573953
1.856410 -5.476685 -4.553523
1.872630 -7.887302 -4.616305
1.889050 -4.508829 -1.016130
1.905470 3.289193 3.141338
1.940550 8.961775 4.423027
1.954830 9.191454 2.663362
1.987750 5.435621 0.888894
2.004120 -0.919588 1.982893
2.037090 -9.429269 4.882910
2.053440 -17.433043 6.109612
2.086360 -20.624772 3.989019
2.102750 -17.310574 0.530585
2.135620 -9.686501 -1.127050
2.152080 -1.642458 -0.460747
2.168350 3.684982 1.862504
2.184880 4.765639 3.890320
2.201250 2.525670 3.002897
2.234120 -0.075826 0.048120
2.250500 -0.968526 -1.750066
2.283490 -0.326151 -1.012839
2.299880 0.636194 0.140555
2.332750 1.641612 0.286713
2.349110 2.973888 1.046189
2.382550 3.523092 2.244287
2.398450 2.599148 0.808390
2.431240 1.700104 -3.752581
2.447560 2.330789 -6.529928
2.480610 3.898400 -3.907054
2.496950 4.181708 -0.351687
2.529880 2.168132 -1.216872
2.546340 -0.579735 -3.917432
2.579250 -1.570589 -2.897907
2.596800 0.647831 1.134619
2.628390 5.041973 3.494739
2.644880 8.401251 3.163626
2.677730 8.372657 1.841406
2.694240 5.261305 0.707935
2.726970 2.154481 -0.073225
2.743520 3.505121 0.099037
2.776250 9.483939 1.154377
2.792760 15.232414 0.835259
2.825490 16.258191 -1.143013
2.841870 12.321089 -2.361966
2.874680 6.843480 -1.948581
2.891240 2.949950 -1.359280
2.925550 1.137116 -0.868337
2.940610 -3.268570 1.782199
2.973340 -16.216730 7.217344
2.989850 -35.250517 11.557552
3.022610 -48.531867 11.535321
3.041060 -46.352831 7.970332
3.071960 -31.898399 3.330865
3.088350 -15.435149 0.204521
3.121260 -3.997592 0.005546
3.137740 1.398593 1.205072
3.170620 3.006091 0.786762
3.186980 2.722058 -1.561942
3.219860 2.081220 -3.380476
3.236240 1.140011 -3.547972
3.269300 -0.598352 -3.679101
3.285490 -2.039483 -5.015534
3.318480 -2.327694 -6.571048
3.334720 -1.305580 -6.427058
3.367710 0.656781 -4.290682
3.384230 3.572144 -2.530113
3.416980 7.605987 -2.130425
3.433360 9.645619 -0.765759
3.466190 7.364268 2.474769
3.482700 3.545236 5.268478
3.515490 2.640988 3.742919
3.531950 3.823515 4.889310
3.548310 -0.312856 21.166150
3.564820 -11.309255 39.783275
3.811330 -20.074307 36.405351
3.827760 -17.903612 8.636115
3.860580 -7.398865 -19.716720
3.877000 1.822339 -26.639169
3.893390 5.941764 -18.065858
3.910250 7.308540 -7.538096
3.926360 7.784891 0.160030
3.942580 6.488325 3.706250
3.959240 3.213524 4.503951
3.975620 0.107595 4.628650
4.008470 -1.216275 4.230988
4.024840 -1.049887 3.090893
4.057570 -0.906411 1.611892
4.074130 -1.217639 -0.560242
4.106990 -0.558969 -2.636746
4.123370 1.260883 -2.495638
4.156230 2.491984 0.017539
4.172580 1.818080 2.896121
4.205490 0.231250 3.487343
4.221830 0.125320 1.659688
4.255020 1.464568 -0.199535
4.271350 3.116601 -1.458662
4.304260 4.638903 -2.155704
4.320660 4.843649 -1.920102
4.353450 3.709892 -0.514687
4.369840 2.552591 1.846865
4.402760 2.790501 3.426818
4.419100 3.931211 2.604557
4.435640 2.941935 -0.638015
4.452000 -1.151480 -4.289710
4.468430 -5.255908 -5.805542
4.484990 -5.621831 -4.147473
4.501370 -2.777657 0.129265
4.517720 -0.352106 5.177350
4.534000 0.086323 8.175656
4.550600 0.146029 6.720477
4.566940 1.865696 1.630330
4.599840 4.149888 -3.098219
4.616240 4.233401 -4.244998
4.649120 2.872234 -1.914212
4.665630 3.781084 0.895558
4.698620 7.759030 1.522726
4.714900 9.828769 0.146359
4.747770 5.697251 -1.792014
4.764010 -0.174158 -3.107744
4.796950 -1.486352 -3.180668
4.813510 1.206569 -1.607210
4.846190 2.939158 0.820108
4.862610 -0.049218 1.850080
4.895570 -6.297949 1.157727
4.911990 -12.027484 0.142601
4.928500 -14.266684 -0.664042
4.944890 -11.721775 -1.377588
4.961380 -6.817731 -1.469664
4.977780 -3.096383 -0.163554
4.994130 -1.756431 1.295963
5.010700 -1.920542 1.687912
5.026980 -1.899916 2.032030
5.043500 -0.983159 2.936344
5.059880 0.300303 2.586115
5.076200 1.057836 -1.373232
5.092760 -0.243003 -7.506573
5.109120 -3.665528 -11.187105
5.125560 -6.692652 -9.651831
5.142120 -7.563725 -4.717227
5.158390 -6.620282 0.893344
5.174840 -4.011319 5.927483
5.191360 0.595553 8.373079
5.207600 5.089089 7.014475
5.240750 5.936451 2.908518
5.256930 2.588256 -0.284778
5.273450 -0.885828 0.301270
5.289720 0.201774 3.030519
5.306370 5.756923 5.390348
5.322630 11.624556 5.853893
5.339080 13.124342 3.445892
5.355820 9.186748 -1.666673
5.371890 3.802103 -7.902254
5.388380 1.798199 -11.571153
5.404890 3.748891 -9.427780
5.421520 5.386473 -2.297462
5.437590 3.828054 4.932385
5.454070 0.782073 7.162852
5.487000 -1.574266 3.981607
5.503450 -3.036322 -1.094675
5.519760 -4.060521 -4.522886
5.536250 -4.473822 -5.261996
5.552730 -4.478648 -4.667220
5.569090 -5.162450 -3.900449
5.585620 -6.226564 -2.942576
5.601880 -6.130424 -0.352155
5.618390 -4.190115 4.768870
5.634750 -1.068346 9.162373
5.651120 1.683379 8.604559
5.667690 3.030079 3.609745
5.684100 3.140626 -1.368583
5.700610 2.303966 -3.304217
5.717010 0.564759 -2.790098
5.733490 -0.937806 -0.626409
5.749740 -1.032498 3.672248
5.766170 -0.259589 8.700152
5.782700 0.380826 10.011087
5.799160 0.509457 5.061125
5.815630 0.560821 -3.349755
5.831940 0.920469 -10.350548
5.848510 1.389848 -12.977725
5.864760 1.750599 -11.802965
5.881230 1.300967 -9.999392
5.897600 0.130991 -9.344381
5.914080 -0.306507 -8.396878
5.930680 0.146984 -4.611007
5.947020 0.761146 2.191689
5.963380 1.369391 9.140645
5.979840 1.373578 13.947580
5.997450 0.453756 14.719060
6.012760 -0.355389 9.626386
6.029080 0.277188 0.940450
6.045360 1.619827 -6.708885
6.061810 0.825109 -10.974341
6.078350 -2.916282 -11.662673
6.094880 -7.108510 -9.246072
6.127980 -8.649797 -4.789221
6.144130 -6.708140 -0.499652
6.160430 -3.742213 2.247356
6.176860 -2.698822 4.623268
6.193360 -3.270316 7.196316
6.209820 -1.859646 8.690030
6.226120 2.240567 8.272816
6.242630 4.688460 6.311423
6.275500 3.356381 4.893114
6.291850 1.954884 5.036428
6.324860 4.037900 4.787295
6.341260 7.349342 3.009189
6.374100 7.591764 0.578942
6.390440 4.360498 -1.495741
6.423360 0.539682 -3.015567
6.439800 -2.064440 -3.235594
6.472640 -3.510568 -0.770135
6.489140 -4.087530 2.234742
6.505510 -3.748374 1.416526
6.522000 -1.937545 -2.591925
6.540820 1.505495 -5.427652
6.554990 6.616639 -5.218540
6.571120 12.826039 -3.510198
6.587590 17.179033 -1.913822
6.604060 15.356322 0.215249
6.620530 7.334047 2.932741
6.636980 -0.870892 4.116499
6.670090 -4.066976 2.388147
6.686230 -2.484983 -0.588246
6.719010 -0.263814 -1.769201
6.735610 0.289874 -0.483842
6.768310 0.318207 1.438751
6.784820 0.279504 2.313881
6.817660 -0.515009 2.163774
6.834000 -2.512060 2.106755
6.866960 -4.604914 2.589991
6.883530 -5.249360 3.086192
6.916460 -4.471773 2.604106
6.932620 -3.461382 0.384202
6.949160 -3.121920 -3.580142
6.965770 -2.024366 -8.684765
6.981950 0.414341 -13.124108
6.998730 1.792648 -14.047278
7.014970 0.640152 -9.920986
7.031250 -1.290128 -2.259281
7.047730 -0.893413 5.167499
7.064120 1.570820 9.265532
7.080630 3.049258 10.274432
7.113490 2.090050 10.119370
7.129750 2.414947 8.433034
7.178990 11.782191 3.368351
7.212040 30.460156 -3.550696
7.228360 46.077226 -8.152110
7.244740 45.902446 -9.298682
7.261230 32.065912 -9.835228
7.277600 17.134871 -11.272886
7.294160 7.985710 -11.203082
7.310590 3.523395 -7.524606
7.326980 1.300257 -1.097507
7.343380 0.487348 5.793131
7.359860 -0.317971 11.214582
7.376190 -2.812310 14.058055
7.409060 -5.792802 13.676209
7.425640 -6.547085 10.403480
7.442020 -4.014880 5.317908
7.458220 0.074214 -0.746208
7.474880 3.271456 -6.693686
7.491240 4.475857 -10.095804
7.507630 3.256168 -8.126919
7.525700 0.144446 -1.143258
7.540760 -2.618408 6.578522
7.556990 -2.240700 10.467126
7.573500 2.098652 9.173984
7.606260 7.570870 4.867990
7.622650 9.409284 0.379622
7.655590 5.818187 -2.393131
7.672100 0.258406 -2.834183
7.704850 -2.779651 -1.860612
7.721280 -2.481901 -0.667895
7.754100 -0.668274 -0.261623
7.770650 1.756673 -1.474432
7.803380 4.669726 -3.979582
7.819890 6.288479 -6.529757
7.852840 3.814862 -7.836314
7.869420 -2.030001 -6.520466
7.902150 -6.530298 -2.038905
7.918410 -5.918289 3.559222
7.951550 -1.789297 6.289763
7.967910 0.711359 4.074321
8.000600 0.366613 -0.637863
8.016830 -0.280826 -3.785661
8.049910 -0.292089 -3.791963
8.066220 -0.847081 -2.091325
8.082720 -2.695170 -1.515805
8.099320 -4.721460 -3.891800
8.115920 -6.006237 -7.888572
8.132230 -6.451677 -9.709528
8.148670 -5.488214 -6.849363
8.164900 -3.462638 -0.007236
8.181490 -1.948573 7.302327
8.198040 -1.544460 10.277194
8.214080 -1.080138 6.587217
8.230480 0.749171 -1.784568
8.246980 2.914860 -10.298382
8.263520 3.432256 -15.047244
8.280140 2.673623 -14.356782
8.299000 2.927776 -8.427960
8.312880 4.604685 0.475813
8.329130 5.074842 8.723158
8.345600 3.480326 13.400782
8.362140 1.895717 14.374298
8.395750 1.144651 13.195532
8.411060 0.851112 10.675376
8.443980 1.144461 7.285959
8.460460 1.704524 3.330945
8.493500 0.974744 -0.948321
8.510120 -2.238925 -4.841728
8.542720 -5.853900 -6.784273
8.558990 -6.675936 -4.871501
8.591800 -4.746714 -0.037784
8.608220 -2.339519 3.934024
8.641200 -1.513095 4.800847
8.657620 -2.167862 3.329930
8.674000 -1.437986 1.961854
8.690440 2.850334 3.534926
8.707170 8.744556 7.942049
8.723330 11.475127 10.596553
8.739870 8.593983 6.562139
8.756210 2.794601 -2.847788
8.772750 -1.254380 -9.479754
8.789120 -1.403598 -7.917681
8.805510 0.741484 -1.419764
8.821960 2.055207 2.975219
8.838330 1.190109 1.569642
8.854740 -0.922603 -3.379619
8.887740 -3.118586 -7.168671
8.904080 -4.607487 -7.678539
8.920350 -4.049436 -6.495012
8.937040 -0.487350 -6.385037
8.953350 4.109007 -7.699984
8.969700 5.648411 -7.572293
8.986250 2.676833 -3.366194
9.002620 -2.069290 4.088985
9.018970 -5.388784 10.601921
9.035510 -5.783954 12.192019
9.051850 -3.416148 8.428092
9.084850 -0.331926 2.278185
9.101100 1.647645 -2.447866
9.133990 2.172360 -4.067195
9.150500 2.521869 -3.563851
9.183610 3.904870 -3.043809
9.199980 5.170461 -2.706238
9.232770 5.100676 -0.709432
9.248950 3.136179 2.238521
9.282210 -0.085572 3.247328
9.298320 -2.516133 1.823033
9.331130 -2.482856 0.082602
9.347760 -0.292005 -0.194599
9.380450 1.843235 1.153874
9.396960 2.885019 3.489242
9.429730 3.292636 5.712209
9.446230 3.244274 6.011708
9.478970 1.882983 3.495090
9.495470 -1.023513 -0.574011
9.512210 -3.245584 -4.596514
9.528350 -1.751183 -7.299898
9.544880 2.814105 -8.018085
9.561130 5.613334 -7.660181
9.577580 3.932243 -6.794315
9.593990 0.289182 -4.614451
9.610470 -2.036375 -0.544753
9.626950 -4.153544 4.379417
9.643260 -7.823371 7.801137
9.676190 -11.207586 8.855403
9.692670 -11.933880 8.473742
9.725710 -9.630255 6.927196
9.742160 -5.829201 4.130006
9.774890 -1.705442 1.835803
9.791140 1.598456 2.417037
9.823970 2.705738 3.919836
9.840770 2.266824 1.758921
9.873340 1.726520 -3.747897
9.889690 2.147303 -6.951221
9.922580 3.857251 -4.780105
9.939090 5.570439 -0.453026
9.972000 5.979352 1.840560
9.988100 5.193253 0.806635
10.021210 3.787022 -2.072500
10.039570 2.000522 -3.490746
10.070540 0.036122 -0.724952
10.086850 -1.100731 4.222086
10.103350 -0.327185 5.120863
10.119720 1.613308 -0.939258
10.136200 2.626347 -9.693551
10.152660 1.757529 -14.414210
10.168980 0.412861 -13.014540
10.185350 0.016068 -8.268611
10.201800 0.334122 -3.006237
10.218350 0.790876 1.988582
10.234680 1.200039 6.975822
10.251040 1.034791 11.191757
10.267610 -0.785686 12.855540
10.284000 -2.933818 11.809720
10.316800 -2.615069 9.000422
10.333360 -1.302697 5.049944
10.366060 -1.579957 1.446813
10.382600 -6.057932 -0.431583
10.398940 -20.530275 -0.268994
10.415530 -44.342116 -0.288140
10.431850 -64.635891 -3.198363
10.448230 -66.209036 -8.291987
10.464720 -48.757480 -13.141421
10.481290 -26.694792 -14.482204
10.497600 -9.330865 -10.680882
10.514100 3.016183 -3.692595
10.530240 10.615055 4.019835
10.547030 11.938162 11.080375
10.563190 7.378266 16.402048
10.579670 1.499772 17.970338
10.612610 -1.552396 14.335576
10.628980 -1.910224 7.563702
10.661830 -1.932329 1.243800
10.678210 -2.582829 -2.467812
10.711240 -2.821452 -3.179008
10.727690 -1.656133 -2.631833
10.760360 0.490278 -2.510396
10.776860 2.477627 -2.012260
10.809860 2.786846 0.070398
10.826100 1.524631 3.461442
10.858980 0.281929 5.685004
10.875350 -0.936585 4.061561
10.908190 -2.295895 -0.157562
10.924710 -3.023220 -3.768723
10.957470 -2.015853 -4.326205
10.973920 0.603208 -1.065129
11.006810 2.160728 3.915481
11.023190 1.339038 8.091649
11.056110 -0.558525 9.367170
11.072480 -1.909988 5.932793
11.105160 -1.857361 -0.621110
11.121860 -1.280160 -5.903642
11.154790 -0.120083 -6.738759
11.170990 2.734403 -3.637565
11.203950 6.319756 -0.212889
11.220320 8.441436 1.288695
11.236740 7.892857 1.695516
11.253220 5.627178 1.769290
11.269740 2.821934 0.852178
11.302550 -0.405034 -1.619851
11.318980 -3.248372 -4.525975
11.335360 -3.853174 -5.872608
11.351880 -1.595862 -6.210478
11.368230 1.540730 -7.184166
11.384610 2.826811 -7.275230
11.400990 1.402750 -3.515383
11.417480 -1.084935 3.898374
11.433980 -2.590932 10.825714
11.450380 -2.875248 13.716951
11.466980 -3.459163 12.220170
11.499710 -4.687110 8.044145
11.515960 -4.474814 4.149842
11.548920 -2.093919 2.022778
11.565310 0.502078 0.436533
11.598240 1.468892 -1.741654
11.614580 1.029853 -4.170084
11.647480 1.003626 -5.978224
11.664090 1.858117 -7.399629
11.696870 2.165210 -8.852577
11.713200 1.545694 -8.921536
11.746090 1.151833 -7.103058
11.762410 1.282863 -5.299570
11.795470 -0.143557 -2.768450
11.811680 -4.541244 4.626205
11.844590 -8.766785 17.212993
11.861050 -8.736341 26.971923
11.877440 -5.153039 24.107651
11.893910 -2.262948 8.858107
11.910350 -2.459099 -8.567524
11.926830 -4.083424 -18.255992
11.943050 -3.594181 -16.975928
11.959590 0.412818 -7.886927
11.976090 4.806517 3.422897
11.992460 5.799552 12.330647
12.008910 4.060687 15.364274
12.041780 2.890816 10.998683
12.058030 2.388504 1.967295
12.074800 0.071544 -5.779885
12.091090 -2.037523 -7.849753
12.107330 -0.777515 -5.294857
12.123990 1.140956 -2.374829
12.140340 -0.381089 -1.374668
12.156650 -3.873487 -1.424939
12.173220 -3.165371 -0.724395
12.189590 2.932868 1.455230
12.206180 9.083034 3.929240
12.222580 11.000882 4.792589
12.239110 8.751058 3.953770
12.255460 5.386919 3.269787
12.288270 3.109023 3.715143
12.304720 2.161099 2.890880
12.337450 2.000255 -0.469363
12.354110 2.048820 -2.490216
12.386980 1.396176 -0.154711
12.403380 -0.198957 4.438189
12.436190 -1.764307 6.929768
12.452590 -2.967110 5.010780
12.485340 -3.983032 0.075862
12.502030 -3.972404 -4.433843
12.534680 -2.497594 -5.410201
12.551060 -1.913998 -2.510156
12.584140 -4.171243 1.163148
12.600370 -7.065486 2.287584
12.633260 -6.684211 1.209889
12.650040 -3.040359 1.140683
12.682910 -0.209286 2.908313
12.699140 0.212964 2.979115
12.732300 1.746639 -1.449042
12.748670 7.507919 -7.626561
12.783490 14.502280 -10.274162
12.797640 16.652763 -8.364062
12.830510 12.365607 -4.377155
12.846820 5.034667 0.154890
12.879730 1.232635 3.991075
12.896220 8.161047 5.617946
12.929320 25.142535 5.143014
12.945400 41.438718 4.442069
12.978260 44.991353 4.498266
12.996990 34.815829 3.787460
13.027590 20.458112 0.804723
13.044080 8.744912 -3.318332
13.076750 0.792759 -5.761704
13.093460 -3.773087 -5.564127
13.126130 -5.102573 -3.973802
13.142580 -3.595604 -1.543072
13.175510 -1.272132 1.153118
13.191710 0.451085 3.142554
13.224930 1.993661 3.301851
13.241170 2.784618 0.850211
13.273940 1.681197 -2.776484
13.290410 -0.573199 -5.608305
13.323330 -2.293357 -6.628974
13.339840 -2.197462 -5.916252
13.372630 -0.531231 -4.326237
13.388990 1.248714 -2.231319
13.421860 2.577808 0.614525
13.438340 2.510087 4.127517
13.471190 -0.310269 7.089114
13.487470 -4.862762 7.159035
13.504140 -7.297629 3.300849
13.520460 -4.151967 -1.190304
13.536830 2.312264 -2.718702
13.553570 6.232590 -1.910343
13.569780 6.189974 -0.538738
13.586330 4.975905 0.409199
13.602630 4.033573 -0.516437
13.618970 2.671081 -4.583561
13.635620 0.852590 -9.313970
13.651820 -0.345234 -8.560306
13.668380 -1.348631 -1.016361
13.684740 -2.214944 7.158096
13.701110 -0.810576 8.866141
13.717590 3.098589 1.472414
13.734120 6.245911 -11.562429
13.750350 5.234593 -23.589773
13.766880 1.254162 -28.257416
13.783390 -2.048206 -23.039211
13.799710 -3.759163 -10.403439
13.816220 -4.406068 5.339688
13.832490 -4.178535 19.627085
13.849110 -2.931694 27.708314
13.867570 -1.170754 26.932825
13.881900 -0.588244 19.375536
13.914760 -1.716717 10.868009
13.931090 -2.385832 6.038127
13.964000 -0.453083 4.322337
13.980440 2.924275 2.492439
14.013380 4.780476 -1.144638
14.029880 3.672761 -5.154416
14.062640 1.083689 -6.684241
14.081330 -0.240844 -4.784088
14.111880 0.958829 -0.796826
14.128330 3.662483 2.830151
14.161120 5.416216 4.524131
14.177510 4.740083 4.514352
14.210400 2.590288 3.727150
14.226730 1.192371 3.188377
14.259740 1.401295 3.314123
14.276120 1.717440 3.281710
14.309070 0.385764 2.269402
14.325450 -2.151046 0.706930
14.358340 -3.457538 -0.843825
14.374760 -2.860397 -2.880374
14.408550 -2.345563 -5.931192
14.424090 -2.192495 -8.729421
14.440540 -0.565396 -9.090643
14.456850 1.846368 -7.007133
14.473360 3.079576 -4.851816
14.489870 3.089270 -4.635657
14.506450 2.734541 -6.584748
14.525070 2.811361 -8.981892
14.555390 3.320273 -8.803230
14.572020 4.239268 -4.269056
14.588520 4.582619 3.449081
14.605060 2.661222 10.373575
14.621540 -0.336285 13.494033
14.642000 -2.195664 13.544352
14.653980 -3.073786 12.341513
14.670470 -3.299569 10.281871
14.703510 -1.985867 6.456457
14.719740 0.068453 1.732059
14.752620 1.218149 -1.379659
14.769040 0.967361 -2.149560
14.801740 -0.167842 -1.416618
14.818240 -1.177485 0.046363
14.851200 -2.136630 0.913122
14.867610 -2.444953 -0.306879
14.883880 -1.059855 -4.320571
14.900500 1.228531 -10.412058
14.916730 2.885715 -15.489729
14.949620 2.341971 -16.596869
14.966220 0.509446 -11.933644
14.982640 -0.834717 -2.903525
14.998960 -2.404761 4.352480
15.015610 -8.115224 5.634247
15.031850 -24.225426 2.830319
15.048390 -48.234491 1.041464
15.064940 -66.537373 1.977921
15.097500 -66.916147 1.846648
15.114000 -49.950816 -0.782409
15.146870 -27.622384 -1.875611
15.163360 -9.425822 0.900581
15.179720 1.602264 4.062578
15.196270 5.528464 4.392724
15.212620 5.219315 3.443047
15.228850 4.767127 3.883457
15.245360 5.955458 6.270114
15.261860 7.371257 9.470234
15.278370 7.014348 12.433577
15.294710 4.430520 13.769940
15.311140 1.321541 12.228456
15.327500 -0.623766 8.020519
15.343810 -2.007355 1.828293
15.360490 -3.842654 -4.755420
15.376740 -5.164028 -8.858843
15.394150 -4.343435 -9.016294
15.409620 -1.925469 -6.517506
15.426380 -0.279416 -4.210498
15.442500 -0.332313 -5.189805
15.458980 -0.595747 -9.441841
15.475340 0.939532 -12.973918
15.491870 4.456103 -12.128626
15.510190 7.587873 -6.992792
15.524840 7.448977 -0.652582
15.541280 4.200050 4.960741
15.557620 0.936351 9.508593
15.573870 -0.032583 12.505775
15.590410 1.344401 14.923330
15.606860 3.387616 16.967937
15.623340 4.535660 16.376985
15.639880 4.758677 12.594864
15.656130 4.483676 6.652554
15.672450 3.608303 -1.505853
15.688980 2.018911 -11.022426
15.705380 0.473106 -17.619504
15.738360 0.349292 -16.644608
15.754940 1.709476 -9.791714
15.787630 2.891754 -3.251149
15.804050 3.005681 0.331402
15.837190 2.817477 2.031011
15.853380 3.054963 3.044533
15.886250 3.178111 4.363772
15.902500 2.031073 6.250558
15.935470 0.135868 7.055963
15.951810 -0.671043 5.300294
15.984740 -0.617902 1.975750
16.001070 -1.475845 -0.677654
16.017650 -3.076822 -2.688107
16.033870 -2.900477 -6.871983
16.050570 0.244951 -12.554168
16.066930 4.654455 -14.417580
16.083360 8.519718 -10.027755
16.099750 11.057650 -2.554116
16.116070 11.425376 3.487641
16.132610 8.742202 6.960657
16.149020 3.976013 9.084832
16.181870 -0.262725 9.343920
16.198350 -2.391379 6.852688
16.230960 -2.801169 2.710688
16.247630 -2.905698 -0.893030
16.280470 -3.642410 -1.754787
16.296910 -4.633275 -0.350078
16.313390 -4.609226 0.474210
16.329700 -3.009699 -0.235597
16.346250 -0.282404 -1.288660
16.362700 2.560420 -2.054259
16.378940 3.532548 -3.823392
16.395520 1.342368 -6.674614
16.411870 -2.560917 -7.387390
16.428390 -4.316127 -4.118106
16.444760 -2.649500 0.469793
16.461120 -1.094535 2.337716
16.477830 -1.516757 -0.001953
16.496230 -2.601955 -3.618165
16.510500 -4.863819 -3.494188
16.526760 -10.943815 1.576919
16.543260 -19.153188 7.878416
16.559710 -22.286735 10.919547
16.576160 -17.358991 10.232361
16.592710 -9.193490 8.516399
16.608980 -3.115217 6.947812
16.625530 -0.050101 5.440713
16.641830 1.407227 4.454756
16.658310 1.809024 4.603998
16.674710 0.971784 5.116762
16.691010 -0.828887 3.865485
16.707570 -2.448131 -0.460691
16.724000 -2.600540 -6.714233
16.740340 -1.215268 -11.631092
16.756910 0.834657 -12.321336
16.773360 2.836258 -9.051427
16.789750 4.018671 -5.253637
16.806140 3.733005 -4.102164
16.822600 2.877571 -5.103397
16.838990 2.634611 -5.311739
16.855500 2.870384 -3.375744
16.872160 3.715972 -0.167963
16.888470 5.269505 3.351586
16.904920 5.893439 6.952867
16.921360 3.383405 9.799286
16.937870 -1.480804 10.577509
16.986820 -4.618108 9.174661
17.020050 -3.708684 6.807047
17.036480 -0.535332 4.895161
17.069310 2.098703 2.281228
17.085680 3.387752 -4.072672
17.118670 4.812852 -13.124524
17.134930 7.431842 -18.663093
17.167920 8.727723 -15.778781
17.183870 6.448239 -7.097686
17.216770 2.186736 0.151965
17.233400 -2.000186 2.744568
17.265960 -4.333425 2.367708
17.282620 -3.429531 1.455995
17.315310 -0.326899 1.748069
17.331710 2.078773 3.604657
17.364590 2.727141 5.960350
17.381070 3.453520 7.365059
17.414020 4.833449 6.951151
17.430500 5.365091 5.118306
17.463240 5.054995 2.937543
17.479570 4.999488 1.153372
17.496120 3.570954 -0.145244
17.512620 -0.789466 -1.561824
17.528870 -5.602491 -3.340926
17.545320 -7.686463 -4.609699
17.561870 -6.542098 -4.378834
17.578230 -3.986588 -2.500949
17.594700 -1.907259 0.380831
17.611220 0.530975 3.240330
17.627500 5.327818 4.849209
17.660310 10.613341 4.343406
17.676740 11.727738 1.920767
17.709730 7.463550 -1.654416
17.725980 2.369073 -5.265840
17.758990 0.398921 -7.331596
17.775360 0.418409 -6.789284
17.808070 0.863471 -4.303270
17.824720 2.882089 -1.832300
17.857510 6.457979 -0.297393
17.873980 7.196755 0.800078
17.906860 2.915621 1.705857
17.923070 -1.339406 2.785534
17.956070 -0.692796 4.240609
17.972440 2.479423 4.437391
18.005540 2.379523 2.097253
18.023860 -1.561997 -1.353397
18.054630 -3.907175 -3.613337
18.070980 -1.975167 -4.655580
18.103840 1.630869 -5.633886
18.120380 4.342567 -5.277057
18.153520 5.190690 -2.426913
18.169740 4.230168 0.828432
18.202480 2.180912 2.651987
18.218870 0.524339 3.796292
18.251690 0.444452 4.495890
18.268110 1.808427 3.377726
18.301100 4.466533 0.533780
18.317470 8.295391 -1.172116
18.350330 9.083900 0.169401
18.366870 -0.508105 2.896447
18.399600 -20.214466 4.720153
18.415990 -39.058883 5.039064
18.448940 -45.577536 4.252786
18.465380 -37.585160 3.138309
18.481750 -21.652482 2.482987
18.498060 -6.404876 2.190186
18.514600 2.731141 1.703212
18.530940 5.107921 1.078936
18.547620 3.703756 0.861012
18.563800 1.671052 0.696730
18.580460 -0.208876 -0.809621
18.596890 -1.438914 -3.719090
18.613130 -1.550253 -6.302003
18.629610 -1.023403 -6.785554
18.645980 0.097926 -4.675341
18.662520 2.238761 -0.886315
18.678970 4.969830 2.937575
18.695360 6.117515 4.993540
18.711760 4.896032 4.847799
18.728260 3.421027 3.635055
18.744610 2.622359 2.047667
18.760960 1.708615 0.859019
18.777440 0.932803 1.464560
18.793820 1.958699 3.810633
18.810490 4.153053 5.873073
18.843140 3.306195 5.706723
18.859560 -0.987336 3.315121
18.876130 -3.487242 -0.918954
18.892440 -1.704504 -6.986654
18.909040 0.797192 -12.458033
18.925490 -0.221813 -12.847689
18.941850 -3.490337 -6.463778
18.958050 -4.596560 2.998894
18.990980 -2.729946 9.746091
19.009570 -0.938668 11.025248
19.040220 -1.857233 8.459515
19.056700 -4.469421 5.565509
19.073090 -5.285444 4.611370
19.089750 -2.483023 5.551148
19.105990 2.110166 6.589175
19.122590 5.183155 5.183220
19.138990 5.078181 1.152049
19.155200 2.711106 -3.313420
19.171680 0.261372 -6.891676
19.188060 -0.829479 -9.948872
19.204620 -0.929702 -12.930469
19.220930 -1.336583 -14.287861
19.237440 -2.294194 -12.199414
19.253880 -2.894389 -7.308032
19.270370 -2.556250 -2.005499
19.286870 -1.751948 1.548979
19.303250 -0.864324 3.019509
19.319630 0.460742 3.315826
19.337890 1.543693 2.607480
19.352620 1.815957 0.269481
19.368940 1.446742 -2.918426
19.385360 1.024443 -4.255319
19.401730 3.099851 -2.731032
19.434740 7.735667 -0.084372
19.451130 11.424160 1.825248
19.483980 11.672257 2.630626
19.500380 8.580328 3.001133
19.533250 4.926706 2.904034
19.549580 3.159781 2.691849
19.582610 4.100112 3.790746
19.598980 6.764317 5.485422
19.615260 7.095821 4.192132
19.631960 3.238344 -2.471924
19.648100 -1.430909 -11.477856
19.665310 -3.615597 -15.765295
19.680980 -3.230953 -11.430113
19.697490 -1.346539 -1.608590
19.714000 1.852377 7.045470
19.730240 4.993074 10.579223
19.746860 5.961589 9.743251
19.779740 5.098958 6.491219
19.795970 4.750157 1.913370
19.812480 6.263209 -3.038098
19.828810 7.454118 -6.763993
19.845320 5.514251 -7.887337
19.861720 1.013614 -5.943727
19.878080 -2.530147 -0.874250
19.894790 -2.691655 5.861383
19.911130 -0.775565 10.892264
19.927630 0.458793 11.163025
19.943880 -0.376739 6.394346
19.976720 -2.087944 -0.555538
19.993230 -2.137927 -5.588092
20.026120 0.779440 -5.756757
20.042500 5.069251 -1.734847
20.075240 7.654022 1.673220
20.091740 7.203784 0.592631
20.108090 4.441407 -3.444787
20.124740 0.166386 -5.682015
20.140980 -4.204730 -4.270389
20.157520 -5.074165 -2.260587
20.173840 -0.132529 -1.703792
20.190410 6.985575 -1.263117
20.206740 10.385886 0.188708
20.223160 8.545630 2.117211
20.239610 4.467510 3.892408
20.272660 1.918047 5.804024
20.289000 0.540536 6.236417
20.321700 -3.921984 3.724809
20.338350 -14.043532 1.730006
20.371110 -26.421972 3.437170
20.387480 -33.123757 6.782295
20.420240 -29.232968 7.041888
20.436740 -18.074371 3.104168
20.469790 -6.657102 -0.869160
20.485990 0.847869 -2.098590
20.518880 3.545258 -1.683084
20.535200 2.972778 -1.553146
20.568120 0.776190 -2.338558
20.584610 -1.529204 -1.932388
20.617390 -1.885918 1.510494
20.633990 -0.437664 5.842967
20.666690 0.561964 7.587109
20.683240 0.466923 4.698626
20.699600 2.065318 -1.946073
20.716090 6.951169 -8.165440
20.732500 11.890076 -10.151073
20.748980 12.348311 -7.224304
20.765180 7.755173 -1.942893
20.781690 2.036929 2.594954
20.798110 -1.265909 5.405185
20.814740 -0.871797 6.628231
20.830960 1.308441 5.835495
20.863800 0.406872 1.164189
20.880250 -4.414669 -8.224246
20.913100 -8.730784 -18.906152
20.929760 -8.818216 -24.478099
20.962430 -5.940320 -22.007834
20.978960 -4.069176 -15.521593
21.011730 -3.969473 -10.262753
21.028240 -4.445196 -7.832966
21.061080 -5.089012 -6.246232
21.077480 -5.069512 -3.389894
21.110200 -3.064010 -0.088499
21.126860 0.646120 1.977566
21.143110 3.673465 2.754654
21.159610 4.440462 4.171541
21.175980 3.383392 6.679944
21.192460 1.543045 7.728988
21.209060 0.074546 6.091875
21.225270 -0.753041 2.492220
21.241880 -1.226794 -2.016879
21.258260 -0.571455 -5.751431
21.274610 1.860821 -6.644021
21.291000 4.459260 -3.406205
21.307460 3.503911 2.386557
21.324100 -1.471296 6.888379
21.340360 -5.421114 6.916411
21.356610 -4.729616 1.698615
21.373280 -1.034063 -5.863859
21.389620 2.124198 -10.764764
21.406130 2.916585 -11.037683
21.422530 1.865117 -8.810613
21.438930 0.395787 -6.253275
21.455250 -0.045157 -3.274187
21.471710 0.667304 1.050762
21.488130 1.132904 6.141376
21.504750 1.065205 10.072138
21.521270 1.643138 10.843887
21.537630 3.074594 7.209912
21.554030 3.509492 -0.172369
21.570330 1.078043 -7.730951
21.586760 -3.446545 -10.826771
21.603260 -6.455994 -8.097061
21.619630 -5.691797 -1.682945
21.636080 -3.596402 5.320016
21.652500 -3.819103 9.766616
21.668960 -6.878400 9.838842
21.685350 -9.188056 6.410889
21.701780 -6.879293 2.616006
21.718080 -0.215847 0.951844
21.734950 6.665600 0.838917
21.751210 8.096343 0.415723
21.767460 2.774887 -0.274259
21.783910 -3.482947 -0.447580
21.800320 -4.218757 -1.245268
21.816760 0.710844 -3.393833
21.833150 5.667871 -4.924607
21.849580 6.245195 -3.466628
21.866260 2.976690 0.388580
21.882520 -0.749784 4.126684
21.899120 -1.826507 7.390152
21.915360 -0.067543 9.787038
21.931730 2.506806 8.505244
21.948120 4.140031 2.945785
21.965580 4.798310 -3.343062
21.997360 5.765021 -6.830379
22.013890 6.992495 -7.535041
22.046710 7.614502 -7.052605
22.063200 7.035235 -5.790309
22.079740 4.777290 -4.049705
22.096070 1.679740 -3.349114
22.112530 -0.857624 -4.516938
22.128860 -1.931393 -5.740622
22.145250 -1.502876 -4.411837
22.161740 -0.343958 0.038859
22.178190 0.616778 4.750725
22.194780 0.661574 5.799244
22.211170 0.813179 2.673526
22.244310 3.000960 -1.267803
22.260680 6.240604 -2.522109
22.293430 7.073612 -0.939547
22.309600 4.205859 1.124904
22.343020 0.300283 2.383474
22.359530 -1.287366 2.864309
22.375630 0.154438 2.721000
22.393490 2.914086 2.518699
22.409380 4.682438 3.435136
22.424440 3.511606 6.685896
22.441120 -0.732681 11.046797
22.457310 -6.003137 13.341273
22.473860 -9.772963 12.236007
22.490230 -10.069571 9.294875
22.506680 -6.873450 6.499065
22.523130 -2.400934 3.165986
22.539470 0.304425 -2.238040
22.555970 -0.111559 -8.309869
22.572360 -2.002841 -11.602658
22.588880 -3.098558 -9.810184
22.605320 -2.610524 -3.970136
22.621700 -1.978066 1.938861
22.638210 -1.255597 4.739642
22.654450 5.765920 3.395618
22.687480 23.753606 -2.064615
22.703810 45.020951 -9.265974
22.736880 54.791274 -14.082358
22.753100 46.451039 -13.824477
22.785950 27.888850 -9.667834
22.802550 11.492344 -5.056649
22.835170 2.635480 -0.940146
22.851730 -0.673511 3.200806
22.884490 -1.702889 5.503803
22.901120 -3.326395 6.774312
22.933870 -11.499170 11.907763
22.950230 -30.647550 20.242374
23.229480 -53.222415 25.274539
23.246000 -63.096429 23.208797
23.278810 -53.269603 16.851062
23.295350 -33.582993 10.246905
23.328220 -16.091061 3.658056
23.344590 -3.416417 -1.837231
23.377350 4.833797 -3.955649
23.393890 8.261627 -3.365692
23.426680 8.278444 -2.436238
23.443120 8.017375 -2.992968
23.476140 9.139335 -4.501548
23.492310 9.637090 -4.152300
23.525360 7.959384 -0.773700
23.541580 5.841441 2.659336
23.574450 4.618298 2.047806
23.591110 2.967817 -1.614429
23.623860 0.069473 -3.659085
23.640090 -2.352189 -2.019888
23.673100 -3.023443 1.326862
23.689420 -2.496300 2.997681
23.722470 -1.573013 2.551166
23.738860 -1.307719 2.335550
23.771730 -2.678683 3.107366
23.788100 -4.970074 3.042933
23.820940 -5.841997 1.540461
23.837370 -4.473661 0.653193
23.870220 -2.965995 1.300230
23.886600 -2.208993 1.809319
23.919480 -1.129583 0.606533
23.936000 -0.086973 -1.303657
23.968870 0.583308 -1.078793
23.985210 1.146745 1.966228
24.018110 1.523524 5.212520
24.034440 1.147594 5.754564
24.067490 -0.749772 3.424586
24.083800 -3.169428 0.749494
24.116620 -4.807584 -0.255173
24.133100 -4.607210 0.084974
24.166150 -2.311478 0.417316
24.182340 0.009563 0.187975
24.215450 -0.355230 -0.305975
24.231700 -2.725185 -0.581018
24.248210 -1.654021 -1.068211
24.264630 5.555039 -2.808756
24.281130 14.535639 -5.219642
24.297300 18.585674 -6.547901
24.313860 15.305414 -5.463384
24.330220 8.197657 -2.143778
24.346680 1.602929 0.955859
24.363100 -1.732977 1.799983
24.379590 -1.105148 0.566795
24.412340 1.345340 -1.232176
24.428730 3.056731 -0.701128
24.461720 2.714357 2.616860
24.478070 0.213890 4.390235
24.510940 -2.279983 1.079521
24.527340 -2.066115 -4.887121
24.560360 0.344908 -6.397001
24.576630 1.109703 -0.678202
24.609560 -2.461688 6.463187
24.626100 -8.470803 8.646696
24.658860 -12.228114 5.536809
24.675190 -11.281277 1.685888
24.708220 -7.594307 0.034097
24.724620 -3.590799 -1.368029
24.757320 -0.135721 -4.437634
24.774000 2.811391 -7.196003
24.806690 4.453252 -6.759687
24.823140 2.206975 -3.767802
24.855940 -3.881602 -1.169137
24.872500 -10.031444 -0.158467
24.905230 -11.694834 0.480759
24.921840 -8.028564 1.914738
24.954420 -3.730204 3.552712
24.971100 -2.357626 3.942740
25.003800 -2.190837 2.923425
25.021930 -0.274869 2.552306
25.053130 2.860188 4.224866
25.069500 4.964562 6.019281
25.102360 5.520501 5.036830
25.118880 4.989175 1.070300
25.151750 3.680194 -2.987418
25.168120 1.683906 -4.657832
25.201000 -0.219387 -4.227955
25.217350 -1.126684 -2.353834
25.250460 -0.861019 0.688121
25.266600 0.222782 2.922641
25.299700 1.134335 2.446625
25.315950 1.503744 0.361336
25.350190 1.034057 -0.525784
25.365250 -0.766186 0.543415
25.398280 -3.475606 2.117087
25.414610 -5.445603 3.068132
25.430980 -4.371107 2.723650
25.447360 0.236560 0.378038
25.463730 5.567386 -3.221892
25.480240 7.083258 -5.207118
25.496600 3.512994 -3.980390
25.513140 -1.590854 -0.763614
25.529590 -3.911757 2.514286
25.545990 -2.488284 4.512496
25.564060 0.502407 5.070400
25.595200 3.548964 4.727116
25.611560 5.550495 3.441586
25.644490 5.950301 1.051972
25.661010 5.840832 -1.510788
25.693850 5.746614 -3.220191
25.710390 5.260447 -4.363720
25.743100 3.824266 -5.703017
25.759490 1.984469 -6.121611
25.792340 1.026949 -3.571904
25.808880 0.796246 0.500671
25.825360 0.278008 2.045080
25.841740 -0.786925 -0.098801
25.858060 -2.676249 -3.718105
25.874560 -6.490795 -6.199160
25.890910 -11.469585 -5.657839
25.907490 -14.194452 -1.852011
25.923750 -12.362942 3.238331
25.940190 -7.899918 6.614300
25.956740 -4.323981 7.547029
25.989590 -2.345428 8.406349
26.007690 -0.580448 9.799707
26.038860 1.566294 9.181182
26.055220 3.430189 5.780939
26.071730 4.589059 2.420175
26.088260 5.147759 2.115317
26.104490 5.284117 4.718079
26.121000 4.994440 7.339112
26.137360 3.963156 7.511059
26.153700 2.081205 5.197008
26.170240 -0.086983 2.275305
26.186600 -1.474238 0.248899
26.203110 -1.558350 -1.151330
26.221540 -0.829407 -2.945403
26.236100 -0.310676 -4.948004
26.252350 -0.479494 -6.312494
26.268860 -0.494438 -7.575828
26.285320 0.612638 -9.559733
26.301610 2.422752 -11.406890
26.318250 3.211610 -11.225195
26.335170 1.737361 -8.238606
26.350980 -0.943613 -3.374898
26.367390 -1.837095 1.631516
26.383740 0.878316 4.811125
26.400180 5.235156 5.658553
26.433320 7.689726 5.414931
26.449680 6.812956 5.037476
26.482350 4.157149 4.749991
26.498720 2.087785 4.602805
26.531600 1.159070 4.842507
26.549440 0.906668 4.805930
26.580870 1.162317 2.451505
26.597310 0.482385 -1.904148
26.630370 -3.361966 -3.985046
26.646730 -9.304330 -0.445379
26.679490 -13.357051 6.050789
26.695820 -13.250884 9.296518
26.728680 -10.116087 7.416574
26.745360 -6.460626 3.931069
26.778260 -3.097612 2.033965
26.794570 0.144616 1.221546
26.827320 2.670882 -0.313683
26.843770 4.296513 -2.384874
26.876680 4.541172 -4.385580
26.893110 2.911339 -5.695489
26.909610 0.230491 -5.796468
26.925870 -2.465061 -5.806589
26.942310 -4.284957 -6.172228
26.958720 -4.343251 -5.074229
26.975230 -2.063305 -0.370114
26.991580 1.712325 6.830338
27.008100 4.896505 11.484341
27.024600 5.861662 10.460539
27.040860 4.518571 5.764353
27.073750 2.447852 1.038889
27.090180 1.020340 -1.787459
27.123110 0.471559 -2.729023
27.139450 0.531559 -2.427244
27.172350 0.357121 -1.855885
27.188860 -0.713469 -1.558945
27.221740 -1.916788 -0.634519
27.238110 -1.866606 1.794752
27.270950 -0.009144 4.045408
27.287350 3.216854 3.300171
27.320180 6.571470 -0.379917
27.336550 8.790484 -4.159986
27.369490 8.943568 -5.566499
27.385990 7.075231 -4.739935
27.402370 4.675893 -3.256804
27.418730 2.642780 -2.094530
27.435260 0.887348 -1.740273
27.451600 -0.150201 -2.116351
27.468120 0.300815 -2.632873
27.484440 1.583691 -2.237289
27.500810 1.336743 0.333562
27.517440 -0.847401 5.006902
27.533680 -2.077245 9.213304
27.566600 -0.412750 9.535619
27.583100 1.950731 6.191681
27.615860 1.338465 3.822058
27.632340 -2.227675 6.645314
27.665370 -5.856565 12.788043
27.681760 -7.994872 15.546181
27.714490 -8.571945 11.750133
27.730990 -7.626955 4.571616
27.747220 -5.201280 -0.746710
27.763850 -2.285992 -2.083048
27.780260 -0.323889 -1.327042
27.796630 0.405888 -0.641056
27.813060 0.495474 -0.537999
27.829500 0.173864 -0.469955
27.845830 -0.914585 -0.358865
27.862300 -2.408118 -0.960976
27.878850 -2.943293 -2.243596
27.895220 -1.722020 -3.133985
27.911590 0.398573 -2.906153
27.928120 2.078328 -1.871325
27.960850 3.040318 -0.533240
27.977450 3.557826 1.053009
28.010250 3.439175 2.625510
28.026720 2.654770 3.559257
28.042920 2.384817 3.606451
28.059600 3.561105 3.323454
28.075960 5.298382 3.205075
28.092440 5.710307 2.770594
28.108720 3.710272 0.943206
28.125240 0.389741 -2.687572
28.141560 -1.923438 -6.915363
28.158100 -2.108647 -9.746446
28.174480 -1.050021 -9.607609
28.190800 -0.261954 -5.919843
28.207500 0.113842 0.475016
28.223850 0.990758 7.518661
28.240460 2.589272 12.722261
28.256640 4.429494 14.242922
28.272980 5.714342 11.873009
28.289470 4.941302 6.993945
28.307310 0.600375 1.399382
28.322360 -5.893672 -3.565757
28.338850 -10.192225 -6.398209
28.355220 -9.653552 -5.352706
28.371600 -5.903725 -0.614674
28.388090 -2.382686 4.631829
28.404450 -0.749293 7.015348
28.420970 -0.802758 6.014997
28.453840 -2.395984 2.748819
28.470180 -4.473753 -1.762044
28.502940 -4.632535 -6.298684
28.519590 -2.275782 -9.604771
28.552340 1.446724 -10.416235
28.568880 5.485588 -8.165847
28.601650 9.141109 -4.168545
28.617980 11.021130 -0.734390
28.651020 9.522211 1.168297
28.667480 6.026624 2.247135
28.700230 2.541965 3.112278
28.716720 -0.342268 3.335692
28.749630 -1.880679 2.455187
28.765850 -1.891437 0.983108
28.798690 -0.793110 -0.773150
28.815260 0.506850 -3.064701
28.847960 1.180855 -5.707865
28.864590 0.974633 -7.725692
28.881000 -0.070947 -7.410083
28.897340 -0.100482 -3.969397
28.913730 2.309629 0.871946
28.930240 5.061986 4.446807
28.946760 5.767087 5.641049
28.962950 4.314118 4.677634
28.979630 1.653951 1.780438
28.995860 -1.367798 -2.871548
29.012360 -3.898400 -7.835473
29.028720 -4.980451 -10.208319
29.045350 -4.436301 -9.078543
29.061570 -2.862396 -6.992217
29.094510 -0.758480 -6.356873
29.110810 1.002430 -6.824113
29.143740 1.086547 -6.337453
29.160190 -0.847834 -3.537314
29.193100 -3.443133 0.882304
29.209520 -4.232690 4.165133
29.242340 -2.723188 4.580496
29.258710 -2.022101 4.200441
29.291560 -4.520053 5.488981
29.307950 -8.262770 7.133002
29.340810 -9.010177 5.600781
29.357440 -6.283802 1.246821
29.390410 -3.700069 -1.186412
29.406560 -2.513094 1.028390
29.439470 -1.068888 6.638124
29.455830 1.108927 12.535198
29.488890 2.632691 15.991565
29.505080 2.459076 15.688967
29.538100 1.081305 12.192991
29.554470 -0.526923 8.313312
29.587340 -1.362750 6.464506
29.603730 -0.408677 5.862760
29.636600 1.378258 3.565445
29.686130 1.936719 -0.645686
29.702790 1.015169 -3.458286
29.736860 -0.210001 -2.792974
29.751750 -1.073664 -0.458708
29.784520 -2.346765 0.423691
29.800860 -4.330303 -0.055362
29.833820 -5.423879 -0.523555
29.850340 -4.538915 -1.203382
29.883130 -0.837763 -1.398197
29.899730 8.576293 1.038639
29.932680 23.660794 5.585324
29.953630 36.863204 7.961425
29.981920 38.550509 5.421652
29.998290 27.850440 0.653146
30.030900 14.129869 -1.631932
30.047440 5.488021 -0.494017
30.080230 2.158217 1.286867
30.096980 0.554240 0.842713
30.129780 -0.902901 -1.274227
30.145890 -0.913199 -1.334892
30.179050 2.087414 1.710466
30.195300 6.532547 4.332862
30.228090 7.327288 3.182080
30.244660 0.252005 -1.046528
30.277470 -14.481698 -4.806662
30.293870 -30.133294 -5.675480
30.310120 -37.941194 -3.349408
30.326780 -34.903680 1.055175
30.343110 -24.516055 5.128103
30.359620 -12.557089 6.542010
30.375950 -2.733270 4.529007
30.392460 3.014914 -0.066040
30.409060 3.478435 -5.105528
30.425260 0.063077 -7.287566
30.441790 -3.397820 -4.441869
30.458010 -3.716287 1.870347
30.474640 -0.767915 7.341129
30.490840 2.985656 8.907598
30.507520 5.007913 6.983099
30.523910 4.583397 3.825225
30.540190 2.814634 0.941166
30.556630 0.537876 -1.364782
30.573140 -2.144634 -3.326757
30.589660 -4.447846 -5.466842
30.622470 -4.753000 -7.174342
30.639080 -1.113122 -7.187138
30.671750 5.262412 -5.098413
30.688130 9.831796 -1.800341
30.720950 9.349431 0.927534
30.737490 4.714535 1.822476
30.770230 0.694555 0.521449
30.786640 0.625924 -1.448839
30.819490 2.857855 -1.419994
30.835890 3.774452 0.364198
30.869080 3.256218 1.079364
30.885470 3.778541 0.483358
30.918110 5.177247 0.823485
30.934590 5.286271 2.313714
30.967640 3.762590 2.857495
30.983870 2.319172 2.070476
31.016710 0.177266 2.021847
31.032940 -5.080114 3.097011
31.066160 -11.593661 4.028407
31.082600 -14.721822 4.439160
31.115370 -12.564709 4.042726
31.131620 -7.702016 2.590381
31.164690 -4.159433 0.555781
31.180980 -3.373601 -0.781934
31.213730 -3.509446 -0.706185
31.230260 -1.925414 -0.508911
31.263110 2.252422 -1.284351
31.279650 7.218839 -2.590063
31.312240 9.066866 -2.987887
31.328830 5.768080 -1.767311
31.361740 0.486314 -0.060718
31.378080 -1.768102 1.031170
31.411000 0.104245 1.035273
31.427350 2.098751 -0.117886
31.460240 1.593009 -2.035496
31.478320 1.265576 -3.739572
31.509510 3.139148 -3.771863
31.526000 5.014524 -1.236433
31.558840 3.843830 3.314285
31.575300 0.546085 6.993205
31.591750 -1.037357 5.993866
31.608140 -0.471522 0.100773
31.624450 -0.195724 -6.576423
31.640950 -0.953363 -9.907662
31.657180 -1.191719 -9.206728
31.673970 0.240327 -5.899436
31.690110 2.441629 -0.806717
31.706740 4.175063 4.732475
31.723010 4.131452 9.093193
31.756010 2.415550 11.553594
31.772250 2.525459 11.205178
31.805330 6.902301 7.428070
31.821730 12.719979 2.021392
31.854640 14.226600 -1.730600
31.870940 10.001680 -3.221410
31.903870 4.951564 -4.196124
31.920210 2.926480 -4.986245
31.953220 2.518028 -4.072404
31.969640 1.173763 -1.605597
32.002380 0.463009 -0.204800
32.018860 2.873615 -0.767770
32.051760 6.387297 -1.596453
32.067980 7.170187 -1.113109
32.100860 4.750596 0.458956
32.117490 1.988337 2.017944
32.150250 0.937112 3.288722
32.166790 0.483747 4.017711
32.199660 -3.404322 3.259329
32.215900 -13.655492 0.875133
32.248930 -26.813410 -1.573593
32.265200 -33.943247 -2.345183
32.298250 -29.611036 -1.530869
32.314610 -17.635020 -0.549763
32.331010 -5.661458 -0.036174
32.347320 1.392675 0.245772
32.363770 2.958370 0.375093
32.380260 1.083934 0.503806
32.396760 -1.664423 1.480303
32.413020 -2.959919 3.270917
32.429500 -1.708562 3.416188
32.446000 0.764837 0.292376
32.462710 2.775958 -3.673688
32.479000 4.851802 -4.726682
32.495120 7.320203 -2.480417
32.511760 8.423089 0.517232
32.544370 7.202022 2.459122
32.561310 5.136742 3.298803
32.593770 4.216569 3.371564
32.610470 5.840835 2.594313
32.642970 9.939648 1.235550
32.659410 13.787516 -0.582584
32.692610 13.109149 -3.284079
32.709170 7.251973 -6.316296
32.741990 1.320021 -7.656076
32.758420 -0.793840 -5.481052
32.791240 -0.815265 -1.522032
32.807500 -1.374418 0.450624
32.840390 -1.141378 -0.275670
32.856920 2.257610 -2.019047
32.889680 7.737241 -3.698453
32.908110 11.811283 -4.784245
32.938810 12.244651 -3.953574
32.955220 10.245002 -1.337534
32.987990 7.541425 0.524819
33.004320 3.963087 0.731490
33.037190 -0.157851 1.143857
33.053740 -3.028968 2.936330
33.087080 -2.846967 4.475041
33.103300 0.271033 4.290733
33.135990 3.734506 2.924236
33.152420 5.747377 0.955668
33.185420 5.553815 -1.028546
33.201920 -0.852118 -0.836028
33.236620 -15.769067 2.845824
33.250810 -32.075435 7.528308
33.283720 -38.516756 9.792493
33.300140 -31.469484 8.919598
33.333050 -19.112547 6.735157
33.349370 -10.684524 4.391190
33.382400 -7.263170 1.561759
33.399060 -5.321797 -1.235648
33.431900 -1.631761 -3.164001
33.448240 3.051707 -4.374830
33.481000 5.366015 -5.133539
33.497360 5.408510 -5.361203
33.530240 6.834694 -5.094462
33.546770 10.145670 -4.644077
33.579440 10.642252 -3.994088
33.595950 7.010138 -2.352169
33.628750 3.739849 0.558479
33.645250 2.795616 3.374129
33.677980 1.328815 4.624738
33.694370 -2.030143 4.335133
33.727390 -4.650789 3.981166
33.743930 -2.813727 4.462279
33.776920 7.511648 3.009204
33.793240 27.282251 -3.337026
33.826030 48.354212 -11.861816
33.842320 57.049494 -15.988639
33.875430 48.079011 -12.967166
33.891750 29.299095 -7.454175
33.924380 11.134240 -4.292895
33.940950 -1.304336 -3.486587
33.957290 -6.818025 -4.380109
33.973740 -5.848339 -7.830249
33.992310 -0.836351 -12.950560
34.006590 4.899400 -16.529403
34.023210 8.771137 -16.954002
34.039460 9.483271 -14.015194
34.055970 7.214825 -7.415206
34.072360 3.371388 0.541943
34.088760 0.168771 5.635576
34.121660 -0.915491 6.233982
34.138150 -0.175183 5.441576
34.154820 0.260886 6.159230
34.171310 -2.215075 6.678091
34.187650 -7.068582 5.546140
34.203990 -10.338062 4.373130
34.220490 -9.345278 4.850279
34.236880 -5.371559 6.503576
34.253160 -1.231090 6.666253
34.269810 2.030839 2.700243
34.286120 4.542147 -3.754347
34.302570 6.515743 -6.489844
34.319020 5.545557 -6.000983
34.335490 -4.080596 -14.559583
34.368410 -21.606747 -38.834666
34.384640 -36.189289 -65.543467
34.417530 -37.328916 -73.847038
34.434050 -26.541047 -59.673976
34.466510 -14.242327 -37.352460
34.483020 -6.473707 -18.753948
34.515850 -2.981860 -5.925692
34.532240 -2.807624 0.877812
34.565220 -3.387617 3.042343
34.581630 2.459269 9.092107
34.614520 17.705224 27.053951
34.631000 33.400391 50.060811
34.664030 37.372668 60.841566
34.680130 28.627699 52.406614
34.713120 17.434330 34.025424
34.729490 10.259997 17.227843
34.762330 5.088865 7.209653
34.779040 -0.035997 4.398930
34.811660 -3.341026 5.927937
34.828080 -3.709938 7.018839
34.861010 -2.666417 5.052797
34.877350 -2.223344 2.073796
34.910130 -2.978674 0.536686
34.926500 -3.557800 0.348420
34.959520 -2.474885 0.989325
34.975950 0.134564 1.785611
35.008880 2.921815 0.000759
35.025240 4.652892 -7.983352
35.058010 4.757527 -21.251562
35.074510 3.960573 -31.853482
35.107330 3.299756 -32.028228
35.123830 2.567519 -22.572698
35.156890 0.984044 -9.896579
35.173390 -1.449223 -0.424499
35.190640 -2.831232 2.178957
35.206270 -1.516379 -0.568883
35.222500 1.142156 -4.296885
35.239060 2.231954 -5.449958
35.255430 0.475919 -3.647565
35.271800 -2.914054 -0.481328
35.288330 -6.112249 3.392795
35.304670 -8.114739 6.960871
35.320980 -8.102978 8.774645
35.353900 -4.957096 8.715339
35.370290 0.288643 6.427826
35.386510 4.367069 1.501261
35.403120 5.927753 -3.756121
35.419480 5.864319 -6.210579
35.435880 4.764845 -5.229329
35.452210 2.698746 -2.626487
35.469070 0.062230 0.268400
35.485140 -2.355349 3.122510
35.501570 -3.565150 3.272313
35.518100 -3.011543 -1.517675
35.550830 -1.533037 -8.318339
35.567410 -0.510673 -11.733924
35.600200 -0.264757 -10.002162
35.616610 -0.169394 -6.076826
35.649460 -0.473345 -2.367106
35.666020 -1.931768 0.781973
35.682360 -3.363046 2.216714
35.698640 -3.101298 0.310091
35.715150 -1.088674 -4.552748
35.731630 1.118879 -9.659341
35.748110 1.334309 -11.814722
35.764530 -0.507423 -9.491403
35.797260 -2.326598 -3.592276
35.813740 -2.633501 3.790236
35.846630 -2.221209 9.378197
35.863010 -1.654694 9.667023
36.158710 1.093068 4.663375
36.191600 6.888735 -1.102587
36.208100 12.551594 -2.897904
36.224460 13.486969 -0.951728
36.240880 8.567987 1.323802
36.257340 1.112946 2.985731
36.273770 -4.385428 4.667667
36.291440 -5.289989 4.645044
36.306630 -2.563091 1.909318
36.322980 0.849504 -0.464861
36.339370 3.126367 0.910359
36.355960 4.185765 4.832569
36.372250 4.075014 6.532514
36.388900 1.998789 4.078822
36.405230 -1.906652 0.377245
36.421650 -5.114412 -1.506550
36.437960 -4.709166 -2.941177
36.454500 0.357973 -4.339997
36.470990 7.079223 -2.088990
36.487230 49.437518 20.959170
37.226440 -90.217810 -33.465960
37.242980 -209.419808 -84.558330
