0.000000 763.589000 345.950000
0.016360 764.915000 311.740000
0.032780 813.960000 408.584000
0.049010 743.376000 406.934000
0.065670 742.866000 394.218000
0.082030 766.003000 68.970000
0.098390 816.680000 378.092000
0.114930 813.127000 453.288000
0.131350 768.400000 452.826000
0.147830 733.992000 562.628000
0.164060 734.400000 573.980000
0.180730 731.782000 492.558000
0.197080 717.808000 565.180000
0.213560 716.635000 579.106000
0.230160 733.040000 582.648000
0.246460 727.889000 587.576000
0.263120 727.260000 664.532000
0.279300 723.367000 716.232000
0.295900 715.785000 823.702000
0.328610 611.762000 615.472000
0.344970 590.665000 690.448000
0.361450 592.178000 731.984000
0.377990 595.986000 749.672000
0.394410 623.237000 803.242000
0.410770 625.600000 864.446000
0.427250 614.414000 894.476000
0.443600 590.070000 897.204000
0.460020 590.903000 914.848000
0.476440 572.373000 931.546000
0.492980 573.937000 928.884000
0.509220 574.668000 936.694000
0.525700 582.488000 1016.202000
0.542050 579.768000 992.684000
0.558410 578.068000 968.396000
0.574890 577.201000 908.116000
0.591310 568.293000 911.438000
0.607790 567.069000 892.012000
0.624080 603.602000 663.454000
0.673400 561.561000 772.970000
0.689940 555.305000 713.570000
0.706300 553.282000 681.582000
0.723020 527.697000 728.046000
0.739380 528.870000 701.558000
0.755680 532.253000 741.158000
0.772460 531.624000 695.244000
0.788640 539.886000 779.768000
0.805050 539.495000 773.608000
0.821660 530.604000 693.242000
0.837950 517.548000 606.958000
0.854310 510.136000 508.904000
0.870910 542.028000 293.876000
0.887270 539.206000 275.264000
1.429380 559.980000 384.384000
1.528020 575.960000 18.722000
1.544250 576.521000 31.460000
1.560670 579.173000 32.296000
1.790710 651.695000 6.820000
1.807130 676.175000 389.532000
1.823490 644.521000 67.694000
1.856380 629.221000 52.976000
1.872990 646.646000 7.502000
1.905760 663.782000 57.860000
1.954960 906.440000 403.106000
1.971370 890.834000 427.328000
1.987980 893.112000 401.632000
2.004330 893.027000 433.422000
2.020750 901.765000 369.490000
2.037230 903.958000 337.084000
2.053470 905.658000 283.624000
2.070010 894.727000 231.264000
2.086360 892.381000 258.038000
2.102840 917.388000 306.878000
2.119320 989.026000 352.330000
2.135620 985.592000 386.518000
2.152160 1022.516000 399.256000
2.168520 1034.858000 398.486000
2.201350 904.825000 764.654000
2.217960 941.494000 805.552000
2.250610 1052.249000 380.600000
2.267090 921.876000 773.960000
2.299990 1020.238000 449.614000
2.316470 935.884000 758.054000
2.332820 936.275000 744.744000
2.349240 958.443000 760.738000
2.365720 954.516000 753.192000
2.382140 955.417000 727.342000
2.398500 1111.069000 308.022000
2.415220 1108.757000 336.182000
2.447810 1010.735000 765.622000
2.464360 1108.128000 258.786000
2.497250 1099.458000 268.290000
2.513610 998.427000 277.750000
2.546330 502.384000 220.220000
2.562930 501.211000 194.964000
2.595760 503.863000 38.566000
2.612300 493.493000 140.426000
2.628540 491.929000 113.828000
2.645140 487.101000 63.624000
2.661320 489.226000 46.332000
2.677800 489.617000 55.462000
2.694340 502.333000 211.178000
2.710630 470.560000 267.938000
2.727110 473.892000 321.662000
2.743590 528.751000 113.388000
2.760310 619.871000 453.200000
2.792850 580.329000 491.568000
2.809200 606.951000 493.372000
2.825740 607.444000 520.564000
2.842100 607.308000 505.010000
2.858580 591.702000 593.186000
2.877200 591.005000 567.006000
2.891600 496.638000 276.848000
2.907840 524.161000 263.054000
2.924380 523.413000 250.360000
2.940610 520.268000 238.216000
2.957150 531.573000 229.306000
2.973630 533.137000 267.036000
2.990110 491.895000 338.998000
3.006470 486.251000 390.676000
3.039370 503.455000 386.166000
3.055600 511.241000 438.680000
3.088440 506.668000 423.830000
3.105040 494.887000 444.686000
3.137760 517.650000 452.782000
3.154360 513.638000 362.516000
3.170590 512.482000 339.086000
3.187260 549.049000 360.360000
3.205200 526.235000 321.640000
3.219910 525.164000 297.396000
3.236510 521.186000 321.376000
3.252750 514.046000 282.612000
3.269410 513.264000 268.972000
3.285640 525.232000 152.328000
3.302190 513.434000 195.470000
3.318600 514.590000 221.738000
3.335020 511.139000 256.740000
3.351500 515.559000 321.684000
3.367920 516.953000 345.906000
3.384220 651.406000 544.522000
3.400820 668.440000 457.160000
3.417240 666.978000 363.484000
3.433470 677.093000 266.684000
3.449950 610.997000 581.020000
3.466370 608.464000 519.222000
3.482910 656.795000 139.150000
3.499390 660.637000 141.020000
3.533450 664.870000 193.006000
3.548650 642.379000 182.952000
3.581480 636.378000 159.258000
3.597900 649.723000 142.824000
3.630800 674.254000 191.576000
3.647090 655.214000 252.340000
3.680180 634.440000 368.984000
3.696470 551.718000 408.584000
3.729370 554.132000 471.086000
3.745540 554.863000 475.750000
3.762270 557.549000 520.014000
3.778750 575.110000 591.404000
3.794860 578.680000 671.440000
3.811340 582.369000 735.438000
3.827760 583.763000 710.556000
3.844240 592.688000 732.820000
3.862060 593.555000 751.916000
3.877080 545.904000 806.828000
3.893490 553.027000 883.982000
3.909970 553.707000 891.660000
3.926390 563.992000 823.856000
3.942750 580.312000 819.192000
3.959230 578.578000 793.056000
3.975710 585.854000 689.502000
3.992250 582.488000 681.054000
4.024840 589.543000 685.366000
4.041440 469.761000 238.722000
4.074340 482.188000 208.912000
4.090580 480.743000 173.074000
4.123350 486.472000 142.824000
4.139890 483.106000 140.514000
4.172970 484.160000 129.712000
4.190310 481.678000 134.266000
4.205630 480.182000 107.052000
4.222410 472.940000 28.556000
4.271360 599.828000 591.162000
4.287900 554.778000 594.462000
4.304200 553.231000 570.812000
4.320740 592.025000 552.508000
4.337160 560.167000 497.200000
4.353640 558.144000 462.726000
4.369870 580.584000 410.850000
4.386350 601.052000 469.964000
4.419250 567.477000 440.000000
4.435730 609.926000 525.096000
4.468510 602.174000 310.926000
4.484860 579.649000 354.420000
4.501340 578.612000 325.688000
4.517820 577.388000 341.748000
4.534180 600.015000 364.628000
4.550720 598.383000 326.414000
4.567140 558.212000 215.622000
4.583680 568.718000 280.830000
4.599980 569.976000 307.978000
4.616580 539.138000 375.936000
4.632810 486.744000 501.006000
4.649230 491.861000 561.572000
4.665590 504.390000 605.044000
4.682070 523.022000 565.554000
4.698490 525.198000 592.152000
4.714900 518.653000 611.336000
4.731320 520.574000 653.642000
4.748050 517.820000 621.346000
4.764340 501.313000 688.996000
4.780640 495.941000 685.564000
4.797000 498.508000 710.050000
4.813480 518.789000 719.334000
4.829900 492.439000 818.114000
4.846440 498.576000 877.646000
4.862850 478.890000 873.048000
4.879270 476.629000 876.656000
4.911990 491.130000 909.942000
4.928470 503.064000 861.322000
4.961360 501.024000 952.710000
4.977660 485.163000 841.258000
5.010620 479.009000 901.846000
5.026980 564.179000 963.996000
5.109190 539.002000 449.702000
5.125610 523.821000 423.874000
5.158510 500.582000 437.008000
5.224240 523.600000 359.040000
5.240600 523.600000 359.040000
5.274660 577.592000 883.828000
5.289860 576.538000 864.006000
5.306340 933.504000 637.230000
5.322690 1056.091000 630.256000
5.339110 1070.269000 537.306000
5.355590 1024.879000 691.460000
5.371950 1070.116000 414.150000
5.388790 1080.129000 338.228000
5.404850 1095.752000 369.996000
5.421390 1033.770000 537.152000
5.454100 1018.249000 609.158000
5.470580 1055.785000 335.346000
5.503480 1078.718000 191.642000
5.519840 1084.158000 110.132000
5.552730 1096.211000 203.588000
5.569090 1093.049000 238.766000
5.585630 1079.041000 328.966000
5.601930 1069.096000 358.314000
5.618350 989.247000 707.476000
5.634830 977.636000 807.048000
5.651370 982.872000 841.368000
5.667720 975.460000 860.816000
5.700500 961.112000 875.446000
5.716980 968.150000 842.732000
5.733460 965.362000 862.906000
5.749690 966.382000 885.544000
5.766360 966.535000 930.050000
5.782710 981.886000 826.782000
5.798950 959.599000 1046.782000
5.815610 974.491000 883.784000
5.832090 990.097000 749.012000
5.848630 1022.805000 598.752000
5.865050 1019.626000 668.140000
5.897890 980.900000 636.834000
5.914120 992.528000 649.154000
5.930600 988.873000 676.896000
5.946960 1157.326000 143.264000
5.963500 1190.272000 200.112000
5.980040 1189.847000 207.900000
5.996520 1198.109000 176.660000
6.012760 1197.905000 145.838000
6.029300 1205.674000 97.306000
6.045590 1194.335000 69.322000
6.062260 1217.285000 114.686000
6.078430 1210.009000 154.440000
6.095030 1201.203000 134.068000
6.111510 1177.675000 289.454000
6.127750 1170.093000 335.874000
6.144230 1166.115000 367.180000
6.160710 1065.951000 835.582000
6.193480 1106.309000 754.710000
6.209960 1075.403000 775.588000
6.226500 1080.316000 746.900000
6.242800 1090.091000 716.056000
6.259090 1087.473000 680.922000
6.275630 1093.015000 644.798000
6.291930 1187.603000 343.970000
6.308590 1072.768000 692.516000
6.341370 1069.946000 709.038000
6.357730 1205.419000 309.408000
6.390810 1085.399000 711.436000
6.407040 1103.487000 667.898000
6.440000 1123.088000 349.558000
6.456300 1099.798000 320.760000
6.489200 1123.819000 400.070000
6.505740 1112.837000 466.070000
6.538640 1083.291000 393.646000
6.554870 1093.797000 411.048000
6.587770 1108.910000 372.130000
6.604060 1107.346000 363.704000
6.637150 1103.538000 410.432000
6.653500 1092.539000 410.278000
6.686220 1111.324000 396.110000
6.704100 1127.644000 381.480000
6.735720 1084.668000 429.022000
6.752140 1068.688000 309.144000
6.785100 1011.585000 395.736000
6.801270 1017.093000 416.042000
6.834350 1031.050000 301.070000
6.850770 1040.094000 316.426000
6.883480 1071.136000 335.588000
6.899960 1083.699000 48.620000
6.932860 682.533000 632.390000
6.949220 510.935000 687.456000
6.982120 456.841000 328.548000
6.998540 506.957000 736.846000
7.032230 494.632000 682.022000
7.047910 496.757000 734.162000
7.080630 501.449000 751.234000
7.097050 472.447000 679.184000
7.129880 528.887000 778.514000
7.146180 472.940000 663.938000
7.179260 466.174000 629.420000
7.195740 475.405000 639.848000
7.228580 452.506000 589.864000
7.244930 460.547000 690.316000
7.294130 430.814000 76.384000
7.327030 425.272000 40.964000
7.343380 382.109000 3.718000
7.392880 417.962000 51.282000
7.442020 383.061000 24.244000
7.458500 385.832000 55.396000
7.507690 420.393000 60.016000
7.524230 445.553000 202.884000
7.540770 437.223000 238.942000
7.557130 435.897000 223.190000
7.573430 558.875000 745.250000
7.589840 539.104000 683.452000
7.606380 534.021000 614.350000
7.622860 539.376000 611.710000
7.639160 552.364000 680.614000
7.672120 558.263000 647.086000
7.689330 518.772000 616.330000
7.721370 561.289000 599.346000
7.737730 513.519000 664.048000
7.770630 556.546000 661.100000
7.787110 489.634000 314.402000
7.820010 510.442000 339.438000
7.836180 474.912000 254.958000
7.869260 502.894000 224.070000
7.885740 485.979000 221.958000
7.918460 533.069000 614.108000
7.935000 538.254000 600.776000
7.967900 532.644000 661.914000
7.984250 528.683000 636.482000
8.016970 529.346000 676.434000
8.033390 569.976000 634.590000
8.049870 571.387000 659.318000
8.066410 570.044000 725.208000
8.082890 585.072000 764.280000
8.099300 587.231000 799.524000
8.115780 600.015000 762.454000
8.132020 585.208000 756.602000
8.148500 584.834000 749.298000
8.164860 596.275000 734.316000
8.181270 628.099000 711.370000
8.197750 626.773000 682.792000
8.214110 574.498000 742.764000
8.230530 571.132000 642.224000
8.247190 571.166000 642.730000
8.263370 494.921000 322.322000
8.279850 498.746000 286.814000
8.312740 518.976000 324.126000
8.329100 519.537000 252.516000
8.361940 543.320000 710.226000
8.378360 554.183000 759.132000
8.394710 554.472000 765.204000
8.411250 550.783000 1635.348000
8.674130 1010.174000 795.894000
8.690310 1009.596000 804.694000
8.706970 1056.244000 507.914000
8.723330 1051.399000 482.130000
8.739870 1051.127000 484.242000
8.756230 1067.821000 525.800000
8.772710 1069.470000 503.470000
8.789000 1074.910000 469.260000
8.805360 1049.172000 473.066000
8.821780 1053.728000 415.250000
8.838320 1058.828000 374.286000
8.854860 1133.271000 246.532000
8.871220 1128.545000 220.308000
8.904110 1099.016000 259.556000
8.920410 1113.024000 300.718000
8.937070 1107.363000 335.500000
8.953250 1107.805000 323.004000
8.969850 1089.496000 415.712000
8.986390 1089.105000 424.160000
9.002810 1120.470000 367.070000
9.019290 1140.666000 313.720000
9.035640 1147.245000 270.028000
9.052120 1132.727000 355.982000
9.068360 1158.703000 296.604000
9.085020 1152.447000 332.068000
9.101560 1156.646000 323.202000
9.117860 1133.390000 388.300000
9.134280 1132.863000 396.044000
9.150570 999.923000 742.698000
9.167050 1125.349000 342.540000
9.183350 1125.825000 334.840000
9.199830 1149.081000 401.874000
9.216370 1187.722000 420.002000
9.232910 1187.093000 427.460000
9.249150 1162.953000 408.298000
9.265630 1162.494000 338.184000
9.281980 1163.072000 330.660000
9.298520 1186.226000 363.792000
9.315000 1152.566000 454.938000
9.331240 1140.139000 527.164000
9.347780 1139.510000 542.454000
9.364260 1144.100000 588.522000
9.380490 1143.522000 595.100000
9.397090 1111.171000 597.740000
9.413330 1111.902000 499.642000
9.432860 1123.615000 426.888000
9.446410 1150.747000 380.380000
9.462770 1162.681000 369.996000
9.479430 1169.600000 327.228000
9.495790 1154.538000 319.330000
9.512270 1165.265000 282.480000
9.528750 1159.179000 317.548000
9.545100 1152.464000 411.598000
9.561340 1143.930000 452.826000
9.577820 1137.113000 495.044000
9.594120 1166.659000 479.556000
9.610660 1142.060000 492.294000
9.627200 1156.119000 415.690000
9.643490 1149.914000 337.942000
9.659850 1186.736000 178.398000
9.676450 1194.216000 124.850000
9.692630 1155.337000 239.778000
9.709110 1161.066000 278.234000
9.725460 1160.522000 287.210000
9.742000 1173.000000 246.224000
9.759950 1063.520000 444.532000
9.774840 1068.909000 402.182000
9.791140 1163.089000 152.680000
9.807620 1154.317000 156.706000
9.840520 1190.051000 58.806000
9.856990 1077.562000 140.910000
9.889890 1088.034000 124.784000
9.906250 1152.192000 156.816000
9.922610 1139.663000 231.352000
9.939090 1098.540000 278.124000
9.955510 1015.002000 641.542000
9.971980 1009.443000 692.120000
9.990840 1011.670000 689.348000
10.005000 1105.187000 325.512000
10.021360 1111.256000 281.886000
10.037660 1102.705000 316.734000
10.054140 1097.384000 370.084000
10.087590 1102.671000 382.734000
10.103330 1092.743000 392.744000
10.119870 1087.422000 425.700000
10.136170 1076.559000 485.034000
10.152590 1068.144000 478.500000
10.169130 1062.466000 520.388000
10.185610 1091.689000 557.150000
10.202330 1092.012000 586.234000
10.234860 1091.706000 520.300000
10.251100 805.256000 800.382000
10.284120 524.552000 885.060000
10.300600 541.127000 926.156000
10.333370 516.154000 899.316000
10.349730 531.488000 807.070000
10.382570 508.198000 862.136000
10.399050 548.964000 907.126000
10.432010 523.039000 882.728000
10.448360 505.665000 867.658000
10.464720 503.421000 843.876000
10.481200 516.307000 800.932000
10.497740 504.016000 805.442000
10.514100 502.911000 794.596000
10.530460 527.391000 793.584000
10.547000 529.992000 841.302000
10.563350 533.001000 875.402000
10.579710 540.005000 939.686000
10.596250 534.837000 926.464000
10.629090 523.141000 890.890000
10.645570 518.942000 852.588000
10.661990 520.931000 873.224000
10.678340 497.488000 811.228000
10.694580 519.962000 783.398000
10.711240 522.699000 817.190000
10.727600 528.581000 876.700000
10.744020 527.068000 886.248000
10.776860 511.751000 903.672000
10.793400 463.080000 570.944000
10.826230 503.285000 949.410000
10.842710 517.242000 926.992000
10.875610 510.187000 983.466000
10.892150 507.195000 1011.076000
10.924870 522.971000 1005.730000
10.941280 513.196000 1035.496000
10.957820 511.649000 1020.822000
10.974060 491.793000 1230.856000
10.990480 507.331000 1203.488000
11.006840 502.724000 1165.032000
11.023190 496.757000 1107.964000
11.039730 486.625000 1080.970000
11.056210 483.888000 1058.552000
11.074950 516.817000 1026.410000
11.089360 531.403000 1085.304000
11.105650 534.531000 1114.894000
11.122250 514.845000 1131.922000
11.138670 493.068000 1148.026000
11.154970 495.346000 1165.758000
11.171450 483.038000 1101.166000
11.187740 462.553000 1101.012000
11.204220 461.652000 1094.236000
11.220520 481.185000 1093.774000
11.237000 458.184000 1019.656000
11.253480 451.826000 969.628000
11.269780 489.260000 969.584000
11.286250 475.898000 903.452000
11.302860 478.703000 928.224000
11.319270 465.290000 1110.428000
11.335450 500.854000 1073.908000
11.351990 507.654000 1133.572000
11.368350 468.469000 1191.542000
11.384770 471.563000 1233.914000
11.417600 505.512000 1157.596000
11.434080 510.510000 1208.702000
11.450500 508.300000 1190.288000
11.466860 491.147000 1192.158000
11.483340 510.697000 1168.992000
11.499880 507.586000 1142.856000
11.516170 500.004000 1103.762000
11.532710 481.185000 1098.900000
11.549130 483.463000 1117.402000
11.565490 636.786000 1095.578000
11.581850 899.317000 1102.706000
11.598450 902.156000 1085.744000
11.614620 966.892000 1128.534000
11.631350 1036.813000 1131.592000
11.647770 1045.840000 1078.044000
11.664120 1038.717000 952.688000
11.680420 1026.460000 960.916000
11.713320 1013.676000 1011.912000
11.729680 1044.242000 919.798000
11.746220 1040.111000 943.668000
11.762760 1023.366000 1056.462000
11.779110 1017.688000 1077.780000
11.795470 1017.093000 1084.578000
11.811710 1009.749000 1059.322000
11.828370 1000.467000 1075.426000
11.844730 1001.062000 1068.782000
11.861210 953.887000 997.964000
11.877620 1001.487000 1048.476000
11.894350 997.118000 1078.902000
11.910460 965.039000 1142.812000
11.926880 979.149000 1101.078000
11.943360 982.974000 1077.252000
11.959780 968.133000 1096.150000
11.976260 991.695000 1002.298000
11.992490 988.856000 1016.004000
12.009090 990.777000 1075.712000
12.025450 935.680000 1204.984000
12.041870 931.923000 1240.008000
12.058290 546.805000 1074.920000
12.074890 553.979000 1153.988000
12.091000 549.491000 1107.348000
12.107600 518.415000 962.962000
12.124150 541.756000 1044.230000
12.140380 538.951000 1014.376000
12.156860 514.318000 868.604000
12.173340 522.053000 952.688000
12.189760 525.810000 992.882000
12.206240 495.159000 1103.102000
12.222600 515.032000 1196.756000
12.239070 519.537000 1234.266000
12.255490 532.644000 1216.402000
12.271850 485.231000 1165.736000
12.288330 484.160000 1157.728000
12.304750 470.900000 1085.238000
12.321170 471.104000 1161.556000
12.337520 474.844000 1188.594000
12.354130 479.808000 1261.700000
12.370540 515.474000 1230.548000
12.403320 477.496000 1200.914000
12.419740 523.124000 1218.008000
12.452510 483.616000 1152.712000
12.469180 514.726000 1166.066000
12.485470 513.145000 1152.646000
12.502690 586.347000 1082.796000
12.518310 586.738000 1065.900000
12.534790 585.769000 1051.864000
12.551450 579.105000 1070.696000
12.567810 563.805000 1061.126000
12.600460 577.762000 1062.710000
12.616820 578.816000 1061.346000
12.649780 573.206000 1060.444000
12.666260 590.053000 1075.470000
12.682620 591.073000 1088.956000
12.698970 592.994000 1097.052000
12.715450 598.723000 1123.782000
12.731870 597.652000 1108.250000
12.748350 595.374000 1018.754000
12.764770 560.677000 1139.644000
12.781130 559.079000 1121.362000
12.797790 414.613000 1409.848000
12.814330 408.459000 1397.000000
12.830810 412.097000 1413.126000
12.847170 417.367000 1453.672000
12.863530 418.608000 1505.526000
12.879880 423.351000 1526.580000
12.896480 415.752000 1499.652000
12.912720 437.750000 1510.498000
12.929080 434.588000 1495.714000
12.945620 431.698000 1483.592000
12.961980 428.111000 1490.940000
12.978450 423.606000 1470.304000
12.994810 401.931000 1452.880000
13.011410 414.358000 1406.570000
13.045100 838.338000 1113.728000
13.060850 985.286000 993.476000
13.077030 989.043000 968.550000
13.093510 982.430000 908.490000
13.109740 998.801000 1020.448000
13.126280 1000.586000 992.508000
13.142760 977.262000 1093.026000
13.158940 1009.052000 901.142000
13.192020 1017.416000 965.206000
13.208370 1018.555000 1060.774000
13.241390 970.037000 1044.230000
13.257690 975.409000 1026.454000
13.274110 974.678000 1040.050000
13.290590 973.862000 1046.012000
13.307070 967.742000 1081.124000
13.323360 966.280000 1109.108000
13.339970 977.602000 1052.414000
13.356140 982.073000 856.526000
13.372800 978.894000 879.626000
13.389340 1021.139000 908.226000
13.405640 999.141000 860.332000
13.421940 995.486000 884.554000
13.438420 1016.396000 866.162000
13.454770 981.767000 899.162000
13.471190 983.467000 889.548000
13.487730 1033.583000 865.194000
13.503970 1008.746000 855.382000
13.520570 1008.542000 856.878000
13.537050 1005.261000 883.630000
13.553470 997.849000 906.532000
13.569820 996.268000 914.254000
13.586180 1021.938000 878.900000
13.602720 1013.880000 921.954000
13.619140 1027.361000 845.482000
13.635620 1033.702000 655.842000
13.651920 1056.907000 592.328000
13.668400 1059.916000 552.816000
13.684630 996.166000 676.016000
13.701050 969.680000 748.044000
13.717770 966.144000 833.536000
13.734010 1008.372000 952.666000
13.750430 991.168000 967.868000
13.766850 992.052000 952.490000
13.783390 971.788000 908.490000
13.799740 976.480000 901.450000
13.816040 977.228000 885.808000
13.832580 952.459000 956.274000
13.849000 932.467000 918.522000
13.881840 1001.249000 1132.978000
13.898250 988.720000 1010.482000
13.931030 1001.929000 1028.808000
13.947630 1001.453000 968.286000
13.980470 1010.837000 983.136000
13.996890 997.441000 936.848000
14.031310 1026.052000 945.296000
14.046260 1015.835000 967.032000
14.078920 969.782000 982.410000
14.095520 1030.880000 968.594000
14.128170 1025.559000 931.854000
14.144650 988.516000 1162.084000
14.161070 991.644000 1146.970000
14.177610 974.661000 1179.992000
14.193970 977.517000 1063.480000
14.210330 977.704000 1057.848000
14.226680 983.824000 993.256000
14.243230 1000.841000 1103.344000
14.259770 996.506000 1132.714000
14.276120 972.638000 1141.250000
14.292600 989.706000 1036.530000
14.308960 993.616000 1011.934000
14.325440 1022.414000 1338.194000
14.341860 1028.687000 1211.738000
14.358640 1033.413000 1184.612000
14.374760 984.436000 1255.848000
14.391110 967.623000 1222.650000
14.407590 961.316000 1260.842000
14.424010 1010.208000 1290.388000
14.440370 988.397000 1337.930000
14.456730 980.152000 1387.782000
14.473270 950.878000 1422.564000
14.489620 943.041000 1402.896000
14.522580 962.472000 1416.690000
14.538820 934.354000 1459.348000
14.571840 956.981000 1472.196000
14.588200 975.409000 1420.452000
14.621090 955.128000 1425.314000
14.637630 960.687000 1477.982000
14.670470 836.859000 1462.670000
14.686830 588.166000 1301.916000
14.703190 585.786000 1263.812000
14.719730 482.103000 1349.876000
14.736080 462.128000 1283.744000
14.752620 454.189000 1234.640000
14.768980 487.645000 1147.300000
14.785460 460.224000 1140.040000
14.818240 447.593000 1165.956000
14.834780 462.128000 1174.448000
14.851140 466.718000 1204.654000
14.867550 435.710000 1245.332000
14.884090 464.049000 1320.968000
14.900330 468.435000 1347.192000
14.916810 464.321000 1394.976000
14.933170 469.897000 1343.870000
14.949710 468.044000 1332.628000
14.966130 461.108000 1358.126000
14.982600 457.759000 1346.114000
15.015690 461.397000 1362.174000
15.031800 444.278000 1358.720000
15.064700 457.980000 1344.794000
15.081120 486.574000 1360.194000
15.114010 486.591000 1318.900000
15.130490 477.870000 1336.764000
15.163210 475.779000 1265.814000
15.179690 479.145000 1292.478000
15.212460 483.837000 1366.552000
15.229130 487.390000 1381.842000
15.245610 489.923000 1397.110000
15.262020 450.976000 1416.074000
15.278200 470.271000 1425.600000
15.294740 474.249000 1447.666000
15.311220 484.500000 1392.226000
15.327510 510.459000 1263.768000
15.344540 505.580000 1226.170000
15.360350 508.691000 1068.914000
15.376890 509.609000 972.202000
15.393250 503.489000 912.098000
15.409730 504.050000 837.672000
15.426150 479.485000 931.854000
15.458980 496.757000 981.860000
15.475340 495.805000 923.428000
15.508240 497.386000 960.476000
15.524780 481.865000 914.452000
15.557620 494.751000 938.762000
15.574160 486.183000 953.832000
15.606870 503.982000 955.724000
15.623230 477.615000 930.380000
15.656130 476.170000 926.618000
15.672550 501.823000 901.868000
15.705320 488.376000 892.914000
15.721860 490.399000 893.354000
15.754640 506.685000 897.908000
15.771120 509.439000 915.838000
15.804020 499.273000 910.140000
15.820370 490.314000 917.334000
15.836790 492.575000 939.026000
15.853210 465.919000 1050.764000
15.869690 470.543000 1042.602000
15.886050 476.867000 1092.102000
15.902770 483.531000 1162.370000
15.919130 482.001000 1187.956000
15.935360 485.656000 1214.158000
15.951840 482.902000 1242.384000
15.968260 497.148000 1222.474000
16.001040 481.355000 1240.822000
16.017640 481.627000 1201.288000
16.050350 534.565000 1208.680000
16.066770 553.027000 1251.052000
16.083250 551.004000 1226.434000
16.099730 523.957000 1122.242000
16.116270 530.519000 1146.156000
16.132450 526.711000 1111.330000
16.149050 530.383000 1056.330000
16.165340 533.188000 1098.636000
16.181820 536.537000 1132.010000
16.198240 537.370000 1091.266000
16.214720 545.802000 1254.616000
16.231260 546.754000 1262.228000
16.247680 528.292000 1238.710000
16.263980 525.623000 1180.102000
16.280330 522.767000 1154.010000
16.296880 515.117000 1117.732000
16.313230 519.384000 1052.480000
16.329710 521.254000 1071.554000
16.346130 547.587000 1171.918000
16.362430 527.340000 1190.728000
16.379030 528.343000 1198.692000
16.395390 478.482000 1335.510000
16.411870 381.123000 1554.146000
16.428160 375.887000 1534.522000
16.444700 405.127000 1416.932000
16.461060 399.704000 1473.208000
16.494080 442.884000 1474.286000
16.510310 481.712000 1495.824000
16.543210 419.254000 1341.758000
16.559750 453.441000 1355.816000
16.575990 456.365000 1371.062000
16.592470 479.842000 1366.222000
16.608950 455.974000 1418.868000
16.625370 453.577000 1408.748000
16.641850 450.959000 1339.822000
16.658200 449.497000 1308.164000
16.674740 444.346000 1277.694000
16.691100 420.937000 1288.540000
16.707520 436.254000 1326.556000
16.723880 443.785000 1367.850000
16.740360 468.282000 1443.728000
16.756900 473.518000 1467.664000
16.773320 477.394000 1489.400000
16.789730 470.135000 1476.090000
16.806150 464.423000 1507.792000
16.838990 483.021000 1550.692000
16.855350 473.433000 1488.586000
16.871830 470.492000 1473.802000
16.888430 453.101000 1420.452000
16.904790 452.846000 1403.688000
16.921140 451.673000 1396.692000
16.937620 439.841000 1460.272000
16.953860 442.935000 1478.708000
16.970210 444.108000 1485.572000
16.986820 500.021000 1401.950000
17.003480 506.413000 710.776000
17.019590 503.574000 676.588000
17.036070 511.717000 272.668000
17.052490 491.538000 250.646000
17.085270 457.164000 236.104000
17.101810 462.213000 309.386000
17.134950 455.685000 207.372000
17.151250 459.017000 222.816000
17.184020 461.788000 239.558000
17.200320 525.691000 574.200000
17.233280 485.316000 471.152000
17.249450 464.270000 454.498000
17.282350 493.068000 415.866000
17.298950 501.619000 439.318000
17.331850 468.435000 459.360000
17.348210 461.941000 469.920000
17.381160 526.082000 410.168000
17.397460 507.926000 411.246000
17.430540 500.871000 431.112000
17.446780 505.631000 415.404000
17.479610 498.695000 422.334000
17.496090 495.414000 409.332000
17.530090 501.296000 424.798000
17.545590 489.600000 521.070000
17.578250 512.567000 441.342000
17.594600 538.543000 239.954000
17.627500 549.916000 281.820000
17.644230 568.208000 488.158000
17.676880 518.755000 528.396000
17.693240 518.738000 588.786000
17.726070 528.105000 531.432000
17.742490 538.339000 500.280000
17.775330 550.885000 552.926000
17.791870 528.496000 483.274000
17.824650 526.456000 484.330000
17.841130 471.801000 547.910000
17.874020 483.599000 494.560000
17.890320 496.587000 549.428000
17.923280 500.973000 478.962000
17.939640 468.724000 515.746000
17.972470 476.629000 513.062000
17.989140 481.559000 493.834000
18.021970 501.092000 472.076000
18.038390 500.361000 494.956000
18.071040 470.084000 88.594000
18.087650 462.672000 120.538000
18.120360 456.807000 110.264000
18.136900 464.508000 83.446000
18.169620 443.836000 73.612000
18.186100 459.102000 70.004000
18.218990 442.119000 99.462000
18.235230 492.133000 114.158000
18.268370 480.777000 147.510000
18.284610 476.884000 736.604000
18.317630 520.829000 771.760000
18.333980 517.174000 765.006000
18.350340 518.738000 787.402000
18.366760 509.762000 889.240000
18.383120 527.748000 946.616000
18.401430 528.717000 956.582000
18.416260 483.667000 948.046000
18.432560 500.395000 926.618000
18.449040 497.250000 896.566000
18.465330 518.279000 823.878000
18.481750 454.359000 499.994000
18.514590 522.427000 853.116000
18.531250 523.804000 845.020000
18.563960 514.573000 778.536000
18.580510 520.795000 852.566000
18.613220 480.352000 860.486000
18.629580 487.186000 827.134000
18.662480 480.199000 805.860000
18.679200 488.801000 826.870000
18.711730 528.615000 554.686000
18.728330 562.802000 618.728000
18.761050 552.908000 625.416000
18.777830 558.586000 621.654000
18.810360 536.486000 681.494000
18.826720 569.262000 627.330000
18.859680 620.449000 689.348000
18.876280 572.237000 696.036000
18.892400 573.835000 715.022000
18.909000 624.444000 535.040000
18.925480 588.625000 781.000000
18.958190 577.813000 614.922000
18.974670 551.446000 541.376000
18.991150 552.959000 569.756000
19.007450 571.863000 180.246000
19.023990 583.474000 278.146000
19.040340 587.367000 356.246000
19.056760 575.994000 697.334000
19.073430 572.203000 686.620000
19.106140 587.707000 657.756000
19.122620 591.753000 617.430000
19.155270 572.220000 525.624000
19.171690 571.778000 553.894000
19.204590 581.298000 459.470000
19.221130 564.791000 667.018000
19.237610 563.414000 644.072000
19.549620 485.520000 29.612000
19.566100 492.167000 181.170000
19.582640 498.576000 306.130000
19.598880 500.412000 326.282000
19.615300 507.178000 343.618000
19.648190 489.464000 265.078000
19.697450 597.329000 311.410000
19.713870 586.568000 350.834000
19.746770 548.437000 326.502000
19.763240 596.241000 309.034000
19.796080 595.544000 308.880000
19.812560 589.424000 342.672000
19.861820 594.932000 320.210000
20.091740 706.452000 25.784000
20.108220 718.794000 0.242000
20.157470 527.357000 74.690000
20.190370 521.815000 95.128000
20.206730 524.620000 73.524000
20.239620 520.625000 90.552000
20.255800 514.403000 62.128000
20.288820 515.066000 57.024000
20.305300 538.390000 65.714000
20.338260 547.213000 75.042000
20.354610 549.151000 73.414000
20.387450 542.674000 12.760000
20.831180 513.910000 354.728000
20.847780 525.436000 341.462000
20.880550 483.361000 403.920000
20.896910 479.553000 427.064000
20.929690 518.789000 407.176000
20.946230 502.231000 372.768000
20.978940 501.228000 366.916000
20.995540 517.990000 360.272000
21.028380 479.298000 222.222000
21.044860 492.269000 191.224000
21.061160 490.824000 166.100000
21.077640 494.020000 91.190000
21.093990 541.518000 526.746000
21.110530 540.107000 501.798000
21.126890 550.426000 543.642000
21.143190 545.462000 554.268000
21.175960 549.644000 585.002000
21.192440 503.319000 49.038000
21.225400 610.487000 545.666000
21.241700 602.174000 588.852000
21.258120 601.290000 565.950000
21.274660 608.685000 522.566000
21.290950 631.856000 456.786000
21.307500 630.292000 397.342000
21.323730 631.550000 379.148000
21.340390 619.021000 346.654000
21.357910 618.409000 336.358000
21.373230 626.382000 329.516000
21.389770 610.028000 385.066000
21.406010 610.725000 395.780000
21.422490 625.413000 403.524000
21.438840 616.624000 374.308000
21.455200 615.315000 338.470000
21.471920 533.647000 534.578000
21.488100 529.057000 187.352000
21.521000 549.508000 260.304000
21.537540 549.627000 244.354000
21.571530 549.831000 284.152000
21.586980 540.821000 252.648000
21.619630 523.685000 213.400000
21.635990 543.354000 225.104000
21.668880 539.750000 248.006000
21.685300 547.757000 298.012000
21.718140 561.000000 285.494000
21.734620 555.441000 314.006000
21.767640 633.454000 232.298000
21.784000 619.310000 353.342000
21.816770 601.868000 365.574000
21.833130 615.434000 367.906000
21.865970 618.528000 335.676000
21.882320 628.235000 314.776000
21.915410 629.986000 323.598000
21.931760 619.242000 330.880000
21.964780 652.273000 122.122000
21.980960 649.060000 378.906000
22.015690 640.815000 321.046000
22.030400 699.890000 295.570000
22.063110 660.705000 407.770000
22.079590 646.204000 310.772000
22.112550 635.851000 255.992000
22.128970 649.264000 259.468000
22.145450 649.213000 286.968000
23.015990 753.644000 569.734000
23.032530 752.777000 538.472000
23.048890 797.096000 547.008000
23.065250 799.578000 532.158000
23.098080 801.448000 424.864000
23.114560 797.912000 546.568000
23.147460 812.855000 485.166000
23.163820 825.486000 537.768000
23.196720 829.855000 505.186000
23.213070 812.855000 485.166000
23.246150 815.541000 475.596000
23.262510 791.163000 474.298000
23.295230 814.368000 592.042000
23.311650 804.372000 502.062000
23.344600 811.631000 601.766000
23.360900 913.308000 605.462000
23.394040 1005.057000 226.468000
23.410400 1033.294000 260.084000
23.443050 1003.187000 233.574000
23.459660 991.593000 259.842000
23.492310 1004.513000 290.928000
23.542240 1011.721000 242.176000
23.558110 1024.862000 225.346000
23.590940 1023.366000 257.378000
23.607360 830.841000 477.048000
23.640380 623.220000 579.744000
23.656680 578.595000 635.052000
23.689640 592.637000 662.882000
23.705990 612.357000 524.172000
23.738890 548.131000 819.192000
23.755250 622.608000 510.202000
23.788150 595.612000 502.458000
23.804630 615.689000 479.622000
23.837340 570.350000 475.882000
23.853880 607.019000 528.066000
23.886840 569.007000 902.682000
23.903080 578.459000 874.852000
23.936100 560.116000 845.460000
23.952390 559.249000 848.958000
23.968990 558.008000 828.806000
23.985170 561.782000 760.276000
24.001890 574.566000 817.410000
24.018130 571.455000 767.382000
24.034610 538.356000 764.852000
24.051030 524.637000 741.312000
24.067380 520.030000 686.642000
24.083860 522.070000 594.924000
24.100160 543.864000 603.856000
24.116760 541.484000 568.546000
24.133120 479.502000 313.742000
24.149410 480.199000 316.998000
24.182370 476.510000 315.524000
24.199160 508.164000 369.534000
24.231630 518.670000 442.486000
24.248110 503.982000 409.860000
24.379700 484.925000 508.970000
24.396300 493.255000 517.022000
24.429140 501.891000 537.856000
24.445370 508.742000 530.926000
24.478030 503.846000 510.928000
24.494570 511.768000 520.432000
24.527280 520.778000 536.316000
24.544010 523.498000 532.620000
24.576720 536.248000 522.610000
24.593320 502.758000 206.734000
24.626160 555.339000 100.320000
24.642330 502.401000 45.782000
24.675350 554.489000 87.868000
24.691710 507.467000 56.496000
24.724610 546.533000 87.956000
24.741150 543.201000 645.128000
24.773860 537.710000 755.326000
24.790280 533.290000 771.562000
24.806760 534.514000 787.534000
24.823060 574.481000 789.668000
24.839480 577.507000 729.256000
24.855960 578.323000 737.902000
24.872380 560.983000 722.282000
24.888790 538.900000 737.066000
24.905270 536.316000 701.646000
24.921750 547.417000 723.514000
24.938110 533.732000 710.336000
24.954470 531.233000 676.126000
24.971010 403.733000 0.550000
25.036620 387.872000 41.514000
25.069520 405.144000 21.340000
25.086000 415.514000 13.464000
25.118770 383.877000 14.696000
25.135190 391.000000 4.290000
25.168090 507.144000 994.070000
25.185970 435.761000 1268.872000
25.200990 355.504000 812.812000
25.217350 332.452000 773.124000
25.233760 250.121000 520.938000
25.250120 182.036000 307.582000
25.266600 113.968000 259.402000
25.283140 105.740000 283.162000
25.315980 247.775000 157.190000
25.332460 248.030000 155.606000
25.595210 241.230000 94.182000
25.611630 292.672000 370.612000
25.628050 372.980000 867.878000
25.644470 452.438000 1346.818000
25.660950 443.700000 1388.772000
25.677490 430.151000 1335.048000
25.710210 444.771000 1398.496000
25.726560 441.099000 1420.254000
25.743100 443.479000 1432.002000
25.759460 442.986000 1400.190000
25.775880 428.400000 1363.384000
25.792240 434.435000 1391.918000
25.808720 442.119000 1458.226000
25.825200 503.897000 1436.688000
25.842830 506.107000 1450.020000
25.858090 555.407000 1397.330000
25.874510 567.443000 1349.502000
25.890870 562.785000 1306.074000
25.907350 551.242000 1319.714000
25.923890 528.598000 1289.618000
25.940250 526.320000 1270.896000
25.956790 549.508000 1290.828000
25.973140 532.814000 1255.386000
25.989500 529.754000 1229.294000
26.005980 516.375000 1251.404000
26.022340 507.314000 1215.038000
26.038880 509.796000 1233.078000
26.055240 549.253000 1224.652000
26.071720 552.568000 1261.370000
26.088130 555.390000 1288.056000
26.104490 440.589000 1691.206000
26.121150 467.177000 1616.120000
26.137330 460.428000 1584.748000
26.153690 400.809000 1508.760000
26.171330 395.335000 1518.000000
26.186650 388.654000 1489.928000
26.203130 409.309000 1487.860000
26.219600 406.045000 1525.370000
26.236020 411.825000 1548.624000
26.252380 424.099000 1501.544000
26.268860 431.103000 1553.750000
26.301510 483.939000 1492.150000
26.318240 494.139000 1477.234000
26.334470 494.819000 1481.986000
26.350950 537.098000 1495.692000
26.367370 545.751000 1536.568000
26.383670 547.247000 1547.348000
26.400210 533.460000 1594.648000
26.416690 534.072000 1514.062000
26.449460 515.406000 1540.726000
26.466000 523.396000 1532.696000
26.482360 523.838000 1536.876000
26.499080 546.312000 1566.686000
26.515200 522.155000 1570.184000
26.531620 524.807000 1585.804000
26.548100 517.888000 1583.208000
26.564450 501.092000 1569.062000
26.580870 501.296000 1570.140000
26.597350 457.640000 1623.204000
26.613710 431.120000 1615.482000
26.646610 461.890000 1642.300000
26.663020 443.768000 1626.020000
26.695980 472.379000 1640.540000
26.712340 420.393000 1741.806000
26.728700 423.453000 1753.400000
26.745480 452.285000 1829.498000
26.761600 476.697000 1788.578000
26.778020 476.476000 1787.632000
26.794490 443.190000 1792.252000
26.810970 445.995000 1738.924000
26.827450 441.422000 1721.566000
26.843930 462.417000 1721.896000
26.860110 454.767000 1672.352000
26.876590 456.246000 1678.886000
26.893010 470.883000 1675.652000
26.909480 470.135000 1664.564000
26.926030 470.356000 1665.576000
26.942320 458.592000 1653.058000
26.958740 472.481000 1631.388000
26.975280 469.557000 1616.868000
26.991820 467.449000 1553.266000
27.008120 435.727000 1645.204000
27.024480 434.214000 1638.890000
27.040830 501.806000 1521.850000
27.057370 619.769000 1409.936000
27.073730 623.118000 1436.204000
27.090210 529.244000 1643.004000
27.106630 545.802000 1661.726000
27.122990 541.433000 1631.366000
27.139340 499.018000 1569.744000
27.155820 510.493000 1598.388000
27.172300 506.022000 1572.274000
27.188720 486.013000 1549.680000
27.205260 494.649000 1630.948000
27.221620 495.975000 1637.988000
27.237980 521.373000 1569.172000
27.254520 514.046000 1574.914000
27.271000 510.391000 1552.342000
27.287350 507.348000 1473.318000
27.303710 529.414000 1352.802000
27.320190 535.245000 1400.168000
27.336550 464.916000 1316.172000
27.353150 451.656000 1422.454000
27.369690 465.528000 1496.286000
27.385800 450.670000 1419.088000
27.402400 479.910000 1491.314000
27.435240 452.064000 1489.070000
27.451600 448.613000 1564.200000
27.484440 456.790000 1551.022000
27.500850 448.460000 1423.928000
27.517460 442.306000 1390.070000
27.533630 528.904000 1404.260000
27.550350 514.607000 1266.628000
27.566650 510.561000 1236.136000
27.583130 522.172000 1244.826000
27.599670 523.141000 1255.870000
27.615840 524.093000 1264.076000
27.632390 531.743000 1230.020000
27.648740 528.581000 1202.366000
27.665160 527.612000 1194.094000
27.681640 522.121000 1255.210000
27.698000 528.241000 1281.808000
27.714420 531.505000 1307.922000
27.730900 535.279000 1329.944000
27.747250 532.049000 1315.864000
27.780210 534.956000 1326.336000
27.796630 548.199000 1275.384000
27.829470 533.817000 1280.840000
27.846010 628.626000 1383.866000
27.862370 629.425000 1399.684000
27.878910 976.803000 1599.312000
27.895260 947.580000 1593.900000
27.911620 944.299000 1613.282000
27.928040 1005.669000 1583.472000
27.944640 966.637000 1530.914000
27.977360 955.723000 1577.840000
27.993710 960.653000 1553.970000
28.010250 967.470000 1519.936000
28.026610 971.720000 1550.098000
28.043090 945.676000 1509.464000
28.059510 952.187000 1467.576000
28.075870 981.682000 1433.454000
28.092350 979.132000 1424.522000
28.125180 1001.130000 1454.442000
28.141600 981.614000 1478.950000
28.174680 996.897000 1456.730000
28.190920 989.247000 1482.492000
28.223570 994.585000 1457.742000
28.240230 1001.997000 1476.156000
28.272950 964.206000 1454.530000
28.289490 979.659000 1407.934000
28.322330 701.080000 1758.218000
28.338750 656.659000 1680.052000
28.355040 657.271000 1693.560000
28.371580 644.895000 1802.350000
28.388000 615.026000 1897.610000
28.404480 616.029000 1905.420000
28.420900 606.645000 1940.642000
28.437380 629.068000 1864.412000
28.453740 628.184000 1856.602000
28.470210 643.144000 1875.192000
28.486630 672.044000 1816.782000
28.502990 672.418000 1815.990000
28.519530 390.626000 1897.830000
28.536070 424.388000 1854.820000
28.552370 421.430000 1845.184000
28.568730 425.187000 1763.630000
28.585210 412.930000 1799.864000
28.617980 413.865000 1777.622000
28.634640 451.316000 1757.426000
28.650820 453.577000 1765.280000
28.667360 471.767000 1744.094000
28.683780 448.647000 1784.574000
28.700440 453.730000 1803.670000
28.716610 451.248000 1776.588000
28.733030 458.558000 1831.148000
28.765870 467.891000 1812.470000
28.782350 464.134000 1847.318000
28.815250 482.817000 1897.434000
28.831600 467.381000 1861.816000
28.864500 458.558000 1870.044000
28.880860 467.126000 1912.152000
28.913880 459.612000 1917.784000
28.930180 447.236000 1886.390000
28.963130 458.490000 1949.662000
28.979430 456.433000 1848.682000
29.012210 452.132000 1933.580000
29.028690 456.943000 1850.024000
29.061580 512.040000 1891.164000
29.078190 498.950000 1927.574000
29.110840 557.447000 1897.764000
29.127380 545.292000 1892.176000
29.160280 535.721000 1838.034000
29.176640 536.520000 1880.098000
29.209470 535.976000 1821.160000
29.225890 534.310000 1826.836000
29.258670 508.232000 1921.524000
29.275090 489.243000 1843.314000
29.307920 467.959000 1878.470000
29.324460 460.173000 1897.808000
29.357360 481.321000 1926.386000
29.373720 497.913000 1943.656000
29.390140 491.589000 1920.534000
29.406620 453.985000 1881.748000
29.422970 471.019000 1791.064000
29.439510 465.596000 1770.626000
29.455810 466.939000 1777.138000
29.472350 468.809000 1794.100000
29.488710 473.569000 1812.492000
29.505130 491.691000 1770.230000
29.521610 479.672000 1789.414000
29.538150 480.675000 1793.484000
29.554500 463.420000 1816.210000
29.570800 536.656000 1798.192000
29.587340 537.030000 1800.898000
29.603760 790.551000 1656.578000
29.620120 733.788000 1712.282000
29.636540 733.805000 1722.842000
29.652950 710.974000 1776.214000
29.669430 709.223000 1795.464000
29.702390 747.643000 1809.654000
29.718870 713.133000 1816.650000
29.735530 712.946000 1808.532000
29.752080 673.013000 1709.224000
29.768310 691.118000 1299.254000
29.784790 690.931000 1305.040000
29.801150 599.148000 937.618000
29.817380 569.857000 935.132000
29.833740 572.237000 967.824000
29.850280 600.117000 888.250000
29.866580 600.508000 891.528000
29.899540 572.917000 946.682000
29.915950 589.322000 890.076000
29.948730 584.528000 823.020000
29.965210 601.171000 986.986000
29.997920 611.388000 986.216000
30.014650 614.108000 994.356000
30.047360 552.415000 812.680000
30.063900 559.453000 784.454000
30.080260 560.507000 800.294000
30.096620 543.286000 837.804000
30.113280 521.135000 841.038000
30.129700 522.546000 856.504000
30.146000 519.537000 872.586000
30.162230 535.823000 859.980000
30.195070 508.164000 852.434000
30.211730 525.776000 876.766000
30.227970 526.337000 882.684000
30.244450 805.562000 923.802000
30.260990 950.572000 1156.298000
30.277220 948.889000 1169.806000
30.293880 993.820000 1184.678000
30.310120 1007.675000 1231.516000
30.343020 1008.253000 1254.770000
30.359500 1003.255000 1261.590000
30.376040 1000.195000 1278.442000
30.392400 1003.901000 1237.544000
30.408750 1013.506000 1257.630000
30.425110 1017.705000 1234.970000
30.441710 1015.087000 1215.896000
30.458130 1007.250000 1208.812000
30.474490 1015.104000 1159.884000
30.490840 1014.254000 1138.610000
30.507260 1021.989000 1154.692000
30.540220 996.982000 1057.144000
30.556760 985.575000 1136.938000
30.572940 988.550000 1121.868000
30.589480 1019.626000 1028.676000
30.605900 1028.364000 1104.554000
30.622380 1032.750000 1077.450000
30.638850 1029.860000 968.858000
30.656190 1027.939000 980.298000
30.688110 1030.829000 992.310000
30.704650 1026.001000 962.368000
30.720890 1022.091000 985.534000
30.737240 1006.587000 995.280000
30.753850 1011.891000 1057.936000
30.770080 1007.437000 1087.878000
30.786620 995.690000 1048.388000
30.803220 987.819000 1109.504000
30.819520 991.576000 1086.294000
30.836060 955.417000 1105.786000
30.852230 998.529000 1355.266000
30.868770 995.792000 1366.310000
30.885310 942.701000 1514.612000
30.901670 932.552000 1514.502000
30.917970 926.143000 1557.886000
30.934450 926.908000 1602.546000
30.950990 939.012000 1555.532000
30.983700 915.484000 1451.186000
31.000240 967.028000 1439.152000
31.016600 970.275000 1421.354000
31.033020 976.582000 1360.480000
31.049380 993.667000 1339.250000
31.065860 997.577000 1315.930000
31.082280 991.117000 1336.698000
31.098690 971.006000 1297.626000
31.131770 981.801000 1336.852000
31.148010 996.115000 1294.062000
31.180850 989.553000 1337.402000
31.197200 979.693000 1336.830000
31.213870 983.484000 1316.194000
31.230100 1002.915000 1301.828000
31.246580 946.050000 1422.982000
31.263000 949.450000 1399.706000
31.279480 944.554000 1442.276000
31.295780 960.466000 1479.038000
31.328860 980.118000 1466.762000
31.345090 966.110000 1438.624000
31.378110 964.155000 1435.720000
31.394350 957.338000 1449.954000
31.427250 950.691000 1414.512000
31.443660 965.583000 1497.122000
31.476500 937.601000 1499.806000
31.492980 938.383000 1483.834000
31.525820 986.799000 1533.334000
31.542240 964.019000 1475.056000
31.575130 960.942000 1488.432000
31.591610 954.380000 1460.602000
31.624390 982.141000 1467.070000
31.640810 982.209000 1477.608000
31.673770 976.463000 1480.182000
31.690120 976.004000 1564.838000
31.722960 947.920000 1464.452000
31.739380 969.238000 1493.536000
31.772400 976.497000 1463.308000
31.788760 987.870000 1438.778000
31.821660 945.710000 1491.358000
31.838070 928.302000 1504.800000
31.870970 984.113000 1508.540000
31.887330 984.827000 1504.580000
31.920170 955.111000 1521.542000
31.936650 953.649000 1506.340000
31.969300 954.210000 1504.998000
31.985900 979.557000 1480.116000
32.018740 994.568000 1478.092000
32.035100 978.333000 1522.356000
32.067990 957.763000 1455.454000
32.084590 980.968000 1497.694000
32.117190 949.518000 1509.816000
32.133610 983.314000 1480.974000
32.166630 1004.887000 1550.824000
32.182800 962.557000 1535.578000
32.199400 956.709000 1564.266000
32.215880 980.730000 1540.572000
32.232240 963.730000 1572.340000
32.248720 956.437000 1613.150000
32.265140 766.819000 1734.392000
32.281310 533.613000 1703.350000
32.297910 528.955000 1676.312000
32.314450 469.982000 1752.410000
32.330870 448.273000 1734.326000
32.347230 442.357000 1705.352000
32.363710 417.452000 1684.298000
32.380130 423.810000 1654.686000
32.413150 493.646000 1611.016000
32.429380 484.806000 1624.216000
32.462220 466.871000 1564.090000
32.478760 504.271000 1488.586000
32.512570 415.276000 1424.390000
32.528020 423.504000 1420.364000
32.560850 413.661000 1584.110000
32.577270 436.101000 1505.856000
32.609990 438.124000 1586.332000
32.626460 419.866000 1584.044000
32.659360 422.501000 1518.286000
32.675840 423.895000 1537.580000
32.708740 559.062000 1383.008000
32.725100 849.116000 988.416000
32.758000 1028.942000 565.708000
32.774290 1020.272000 533.236000
32.790770 1012.809000 580.602000
32.807250 977.177000 738.210000
32.823910 964.937000 799.568000
32.840450 962.387000 831.666000
32.858280 956.352000 852.368000
32.873050 959.446000 790.174000
32.889340 960.517000 761.948000
32.905880 923.831000 755.876000
32.922420 916.538000 755.568000
32.938840 916.164000 772.750000
32.955080 995.129000 709.632000
32.971620 990.811000 724.416000
32.988220 991.287000 715.220000
33.004460 1009.766000 672.188000
33.020940 972.451000 812.196000
33.037110 969.068000 842.468000
33.053590 995.571000 842.974000
33.070190 987.258000 921.272000
33.086610 986.544000 929.764000
33.102970 957.678000 860.288000
33.119510 958.001000 776.028000
33.135860 961.231000 744.414000
33.152280 973.930000 789.448000
33.168580 950.147000 784.190000
33.201540 968.660000 802.010000
33.218020 970.020000 694.716000
33.234380 966.841000 720.104000
33.250850 954.380000 762.234000
33.267210 971.992000 743.556000
33.283570 968.439000 776.490000
33.300290 878.203000 812.108000
33.316530 851.343000 833.690000
33.333250 853.196000 809.402000
33.349490 884.204000 689.612000
33.365970 881.399000 624.734000
33.382260 881.450000 616.374000
33.398620 844.645000 724.108000
33.415160 874.871000 693.616000
33.431460 870.893000 749.936000
33.448000 849.354000 780.802000
33.464540 984.402000 635.712000
33.480900 980.679000 669.372000
33.497190 1032.070000 561.792000
33.513610 1022.516000 565.268000
33.546390 1025.916000 600.336000
33.562990 1041.556000 566.412000
33.595760 1042.066000 573.298000
33.612240 1020.204000 498.850000
33.645140 1065.968000 563.156000
33.661500 1071.731000 556.732000
33.694520 1062.772000 537.724000
33.710880 1038.581000 501.534000
33.743770 652.324000 1000.890000
33.760070 549.678000 911.196000
33.776610 544.799000 840.466000
33.793150 504.067000 761.310000
33.809390 420.750000 113.190000
33.825810 416.245000 35.992000
33.842350 436.203000 112.134000
33.858760 456.008000 281.842000
33.875120 462.060000 375.364000
33.891360 447.423000 391.182000
33.908020 438.668000 378.576000
33.940730 563.006000 875.314000
33.957340 535.925000 799.084000
33.990110 505.070000 899.338000
34.006530 485.826000 870.430000
34.041500 400.724000 520.850000
34.055910 462.842000 467.434000
34.088560 516.222000 832.876000
34.105410 493.476000 875.908000
34.138000 514.760000 925.760000
34.155700 581.162000 804.496000
34.187380 570.792000 807.004000
34.203610 573.461000 837.914000
34.236510 579.122000 894.168000
34.253110 553.979000 839.960000
34.269470 552.313000 817.630000
34.285890 512.754000 824.274000
34.302370 562.377000 775.082000
34.318600 560.252000 742.192000
34.335270 539.223000 755.920000
34.351620 531.216000 775.720000
34.384340 584.018000 768.218000
34.400760 592.127000 781.594000
34.433470 600.406000 736.472000
34.450130 604.792000 733.106000
34.466490 603.670000 707.366000
34.482970 623.135000 684.156000
34.499510 604.078000 663.234000
34.515750 604.044000 674.806000
34.532230 610.011000 728.156000
34.548650 631.601000 766.172000
34.565120 634.066000 836.704000
34.581540 621.248000 884.158000
34.599980 628.541000 847.044000
34.614500 627.130000 812.482000
34.630740 597.822000 797.654000
34.647220 598.485000 801.592000
34.663760 596.292000 754.182000
34.680180 606.934000 680.372000
34.696470 581.043000 712.426000
34.712950 579.071000 678.436000
34.729310 591.549000 586.344000
