0.000000 613.368000 234.412500
0.032850 632.385600 167.422500
0.049230 629.311200 160.009500
0.082080 662.676000 169.050000
0.098470 625.917600 241.920000
0.131530 656.846400 187.225500
0.147730 632.620800 182.028000
0.180750 624.909600 188.349000
0.197130 596.232000 204.025500
0.229950 618.576000 175.749000
0.246380 595.207200 179.077500
0.279210 630.336000 176.326500
0.295740 599.440800 152.481000
0.328480 569.352000 115.647000
0.344990 554.635200 112.644000
0.377880 542.908800 113.064000
0.394210 517.440000 108.496500
0.427260 567.134400 123.154500
0.443660 508.569600 83.296500
0.476570 535.298400 130.147500
0.492930 658.324800 37.327500
0.525720 684.784800 40.509000
0.542060 704.860800 33.274500
0.574990 674.772000 40.162500
0.591370 686.061600 30.450000
0.624230 628.034400 65.394000
0.640770 664.591200 15.057000
0.673610 670.269600 18.312000
0.689910 692.294400 38.692500
0.722820 653.923200 33.747000
0.739240 652.646400 24.528000
0.772080 709.968000 42.378000
0.788590 743.064000 44.698500
0.824060 706.423200 40.456500
0.837870 704.524800 8.095500
0.870590 706.557600 70.654500
0.887240 719.678400 35.479500
0.919870 759.124800 43.890000
0.936350 762.535200 96.862500
0.969570 762.501600 18.564000
0.986060 712.672800 50.368500
1.018940 717.208800 110.859000
1.035170 705.096000 50.809500
1.067930 762.484800 547.564500
1.379950 580.843200 47.733000
1.412870 600.062400 64.543500
1.429190 567.000000 75.222000
1.462120 588.688800 106.239000
1.480560 577.970400 116.655000
1.511360 568.646400 88.746000
1.527680 560.263200 88.578000
1.561050 555.744000 111.814500
1.577240 516.734400 110.943000
1.610030 599.088000 160.114500
1.626520 641.188800 102.858000
1.659540 651.084000 135.387000
1.675950 636.316800 111.300000
1.708930 649.824000 131.565000
1.725060 612.007200 121.275000
1.758320 617.097600 133.570500
1.774580 680.450400 73.668000
1.812300 637.089600 90.237000
1.825870 673.713600 111.037500
1.856310 692.294400 12.600000
1.872820 689.371200 33.936000
1.905720 654.427200 59.818500
1.924330 666.254400 78.823500
1.954880 663.818400 95.455500
1.971490 678.484800 72.124500
2.004380 704.860800 60.280500
2.020650 730.564800 109.242000
2.053630 692.680800 64.281000
2.070180 821.352000 48.121500
2.102890 805.778400 77.889000
2.119240 804.552000 96.978000
2.151970 814.312800 115.468500
2.168620 834.237600 89.197500
2.201520 823.502400 102.585000
2.217900 630.840000 121.306500
2.250740 416.925600 191.163000
2.267130 457.497600 157.720500
2.299880 456.036000 178.111500
2.316530 483.957600 126.294000
2.349270 447.048000 143.188500
2.367320 481.656000 91.066500
2.398500 479.858400 130.945500
2.415020 436.598400 126.808500
2.447880 465.897600 118.492500
2.464950 477.338400 116.823000
2.497160 486.914400 77.185500
2.513460 469.946400 108.759000
2.546400 578.188800 55.786500
2.563050 563.908800 84.378000
2.595910 538.288800 136.647000
2.612450 527.032800 144.049500
2.645020 548.536800 165.994500
2.661370 581.028000 164.083500
2.694260 587.546400 113.641500
2.710620 562.363200 114.429000
2.743440 495.230400 155.421000
2.759750 526.058400 166.645500
2.792800 494.508000 190.711500
2.809370 489.115200 155.400000
2.842110 514.634400 107.047500
2.858470 528.225600 134.431500
2.891360 479.337600 141.036000
2.907720 517.725600 122.587500
2.940590 497.716800 132.174000
2.956980 471.206400 122.241000
2.973430 471.290400 128.625000
2.989990 481.000800 134.400000
3.006330 526.125600 145.015500
3.022710 528.393600 151.462500
3.039200 536.474400 147.745500
3.055620 511.761600 116.529000
3.071930 509.308800 103.981500
3.088490 527.284800 122.650500
3.104870 552.568800 143.398500
3.137940 610.612800 153.720000
3.154250 554.131200 187.908000
3.186990 561.540000 141.235500
3.203580 570.696000 147.231000
3.236320 568.881600 173.775000
3.252740 598.600800 145.929000
3.285890 549.544800 153.489000
3.302270 588.117600 159.442500
3.335040 530.560800 170.467500
3.354250 555.088800 148.806000
3.384120 577.584000 181.776000
3.400610 580.557600 127.228500
3.433620 590.100000 121.789500
3.450070 589.579200 102.459000
3.482760 627.177600 160.009500
3.499230 611.856000 145.971000
3.532120 572.712000 153.363000
3.548630 491.299200 235.483500
3.581370 488.107200 259.990500
3.597880 480.228000 242.350500
3.630590 504.285600 237.520500
3.647090 485.368800 274.890000
3.680020 491.366400 245.721000
3.696490 461.210400 263.466000
3.729260 434.095200 244.198500
3.745700 512.954400 214.053000
3.779060 459.648000 242.602500
3.795020 476.246400 241.363500
3.827740 422.822400 234.297000
3.844210 440.529600 220.584000
3.877130 472.651200 257.050500
3.893450 458.959200 239.851500
3.926390 511.761600 215.176500
3.942880 479.169600 240.702000
3.959230 482.008800 258.205500
3.975770 495.549600 246.792000
3.992140 454.070400 304.311000
4.008570 456.892800 310.054500
4.024900 550.687200 321.142500
4.041480 507.242400 315.052500
4.057710 502.034400 292.866000
4.074090 538.423200 246.970500
4.090560 555.643200 174.237000
4.123510 547.646400 228.900000
4.140000 530.863200 261.765000
4.172730 535.802400 228.690000
4.189120 512.618400 237.520500
4.222090 557.928000 269.451000
4.238620 533.282400 218.694000
4.271520 523.168800 227.146500
4.287880 549.847200 224.973000
4.320710 610.848000 209.842500
4.337120 627.916800 225.036000
4.369870 648.967200 217.990500
4.386330 660.408000 187.152000
4.419220 613.368000 242.812500
4.435570 605.203200 252.504000
4.468470 602.716800 201.358500
4.484980 672.000000 224.290500
4.517890 633.696000 165.007500
4.534250 671.580000 170.226000
4.567140 655.368000 184.747500
4.583620 672.672000 192.664500
4.616510 683.037600 185.902500
4.632870 679.022400 196.266000
4.665710 650.815200 204.046500
4.682130 672.907200 226.401000
4.714840 493.718400 207.102000
4.731380 531.568800 250.960500
4.764230 481.740000 223.356000
4.780740 474.600000 222.453000
4.813370 511.140000 232.774500
4.829690 520.917600 239.494500
4.862730 473.793600 242.235000
4.879290 516.684000 263.959500
4.912110 498.254400 235.725000
4.928460 512.904000 232.165500
4.961540 504.588000 266.878500
4.978090 527.469600 202.408500
4.997230 529.670400 220.395000
5.010930 577.752000 284.676000
5.027290 561.472800 314.296500
5.043610 563.707200 319.945500
5.060150 531.417600 284.865000
5.076540 534.828000 314.034000
5.093110 530.140800 291.805500
5.109220 574.543200 214.882500
5.125620 527.637600 170.740500
5.158460 552.484800 200.140500
5.174940 523.236000 219.817500
5.208060 590.637600 243.411000
5.224430 522.564000 204.634500
5.256980 521.992800 236.575500
5.273800 548.654400 286.608000
5.306570 533.971200 190.176000
5.324880 487.939200 245.889000
5.355590 486.040800 296.698500
5.372070 456.002400 294.084000
5.388650 459.244800 310.852500
5.404910 484.428000 344.137500
5.421650 506.889600 286.902000
5.438050 512.181600 310.369500
5.454150 516.818400 386.190000
5.470640 528.427200 361.063500
5.503460 547.831200 289.086000
5.519860 533.920800 299.743500
5.536360 531.501600 281.620500
5.552930 496.406400 316.323000
5.569270 494.440800 268.306500
5.585630 489.132000 245.143500
5.602020 556.533600 250.656000
5.618650 561.825600 227.944500
5.651330 526.898400 270.984000
5.667900 496.339200 257.775000
5.700580 576.693600 249.973500
5.717010 492.206400 258.825000
5.749990 514.449600 260.536500
5.766390 514.046400 296.016000
5.799240 488.460000 229.320000
5.815750 516.751200 281.694000
5.848640 510.854400 247.254000
5.864970 568.411200 246.330000
5.897890 485.822400 300.468000
5.914260 528.410400 327.127500
5.947120 532.509600 272.370000
5.963570 519.388800 204.561000
5.980000 523.773600 238.371000
5.996420 521.186400 268.663500
6.012760 687.909600 402.853500
6.029260 690.933600 413.164500
6.045630 638.148000 359.698500
6.062150 630.924000 305.455500
6.078490 625.245600 262.878000
6.095170 651.218400 222.211500
6.111260 622.104000 228.837000
6.144250 618.643200 268.716000
6.160590 618.441600 275.068500
6.193460 598.617600 218.379000
6.209890 645.304800 253.323000
6.242860 641.373600 294.493500
6.259210 601.154400 292.582500
6.292080 479.690400 358.774500
6.308450 438.698400 367.258500
6.341560 526.142400 364.759500
6.357860 488.325600 364.675500
6.390750 503.798400 333.585000
6.407120 474.331200 313.887000
6.440130 442.327200 339.066000
6.456390 438.933600 323.956500
6.489290 460.454400 340.903500
6.505760 456.892800 344.841000
6.522150 457.077600 350.049000
6.538510 482.227200 347.193000
6.555000 505.428000 314.601000
6.571550 507.948000 319.924500
6.587830 459.580800 306.988500
6.604260 570.528000 265.933500
6.622850 568.545600 254.782500
6.637070 561.624000 316.365000
6.653490 548.503200 261.198000
6.669990 548.234400 271.057500
6.686240 526.327200 338.016000
6.702560 560.599200 375.574500
6.719070 564.816000 385.780500
6.735560 597.525600 297.937500
6.752120 508.334400 347.214000
6.768480 503.613600 327.705000
6.784860 504.621600 310.989000
6.801350 605.001600 313.362000
6.834120 548.788800 310.600500
6.850770 515.726400 325.300500
6.883370 486.074400 283.447500
6.899850 526.394400 293.727000
6.932740 524.126400 319.095000
6.949140 502.689600 319.630500
6.981980 574.778400 306.778500
6.998370 610.680000 339.643500
7.031060 618.744000 336.640500
7.047760 624.439200 363.541500
7.080610 615.182400 300.174000
7.097290 642.213600 327.715500
7.130180 592.872000 318.559500
7.146880 620.289600 337.344000
7.180700 609.672000 323.200500
7.195770 669.043200 321.951000
7.228500 630.806400 309.151500
7.244820 695.032800 312.648000
7.277720 700.375200 308.290500
7.294210 624.926400 318.402000
7.326840 643.524000 318.937500
7.343500 663.902400 313.561500
7.376470 668.169600 312.154500
7.392960 649.773600 316.144500
7.425750 673.159200 354.144000
7.442010 737.906400 358.858500
7.474880 737.200800 327.841500
7.491380 719.006400 341.932500
7.524110 718.284000 329.364000
7.540610 713.176800 321.520500
7.573350 695.268000 349.671000
7.589890 703.197600 346.111500
7.622750 724.886400 320.638500
7.639130 657.384000 332.241000
7.672120 678.468000 317.383500
7.688340 717.477600 288.057000
7.721450 522.748800 376.593000
7.737870 494.894400 358.480500
7.770470 500.707200 360.045000
7.787300 471.861600 382.221000
7.820320 528.662400 377.244000
7.840990 566.277600 348.778500
7.869530 505.495200 373.485000
7.885940 521.236800 339.066000
7.918810 480.849600 334.845000
7.935120 558.751200 368.896500
7.967740 632.872800 319.483500
7.984150 684.616800 380.740500
8.016980 711.480000 310.275000
8.033490 762.552000 290.598000
8.066370 728.532000 335.275500
8.082730 743.416800 304.384500
8.115690 753.328800 298.893000
8.131990 763.140000 287.962500
8.164870 740.896800 266.269500
8.181190 773.992800 344.746500
8.214050 777.772800 253.092000
8.230440 789.986400 314.296500
8.263320 783.955200 317.583000
8.280000 771.153600 336.105000
8.312860 770.280000 291.207000
8.329110 759.544800 286.587000
8.361970 651.084000 424.630500
8.378450 671.815200 413.910000
8.411210 703.550400 376.057500
8.427910 746.541600 437.598000
8.460580 724.852800 468.027000
8.476980 723.189600 433.660500
8.509830 680.937600 412.765500
8.526390 685.120800 399.451500
8.559060 714.201600 409.531500
8.575450 750.909600 376.141500
8.608510 707.112000 433.986000
8.624840 678.031200 430.384500
8.657750 749.061600 420.934500
8.674090 748.893600 397.740000
8.706970 736.881600 411.621000
8.723370 709.884000 376.530000
8.756350 754.034400 432.736500
8.772760 754.185600 443.982000
8.805780 723.307200 391.440000
8.826020 713.227200 377.653500
8.855310 661.365600 393.445500
8.871560 601.641600 388.300500
8.888160 604.917600 407.641500
8.904450 657.955200 456.508500
8.920740 638.803200 462.871500
8.937250 641.524800 481.971000
8.953360 623.229600 476.700000
8.969940 623.968800 471.093000
8.986690 620.978400 451.752000
9.003190 591.259200 445.441500
9.019420 632.788800 447.877500
9.035870 630.033600 429.240000
9.052300 630.352800 422.121000
9.068690 613.569600 438.102000
9.101820 666.103200 429.313500
9.118060 649.387200 435.057000
9.134510 650.916000 462.010500
9.152010 674.486400 461.107500
9.167080 686.767200 508.693500
9.183380 690.026400 517.828500
9.199880 679.694400 496.639500
9.216250 660.139200 470.673000
9.232780 656.056800 448.980000
9.249370 676.485600 457.170000
9.265870 651.420000 465.297000
9.281960 653.284800 470.263500
9.298510 651.285600 329.469000
9.315010 664.406400 310.768500
9.331300 662.037600 288.424500
9.347630 681.828000 321.751500
9.364070 692.025600 305.854500
9.396990 687.523200 341.491500
9.413500 721.644000 341.197500
9.446260 661.920000 347.466000
9.462730 574.610400 412.482000
9.495590 587.076000 487.882500
9.512120 588.772800 487.284000
9.545000 611.805600 442.596000
9.561390 582.271200 447.919500
9.594270 571.166400 405.174000
9.610790 551.275200 437.461500
9.643520 522.883200 391.702500
9.660180 498.237600 420.598500
9.693700 512.786400 427.140000
9.709270 504.571200 433.534500
9.742150 520.010400 441.357000
9.758500 497.952000 379.249500
9.791370 531.199200 345.271500
9.807810 563.320800 376.551000
9.840630 574.912800 358.732500
9.857170 571.300800 352.096500
9.890020 606.916800 384.373500
9.906220 571.519200 444.927000
9.939300 580.154400 398.254500
9.955530 542.908800 355.152000
9.988360 508.989600 356.044500
10.004880 566.764800 404.208000
10.037630 557.558400 409.038000
10.054380 542.236800 440.632500
10.086990 605.976000 370.734000
10.103380 593.308800 418.645500
10.136380 689.472000 386.158500
10.152740 630.907200 407.683500
10.185600 615.232800 392.469000
10.202150 622.490400 401.793000
10.234830 628.975200 380.992500
10.251650 640.634400 394.579500
10.284150 629.311200 411.022500
10.300790 636.988800 416.178000
10.333660 673.411200 405.888000
10.350310 664.255200 407.988000
10.382760 646.380000 398.254500
10.399240 637.324800 394.065000
10.431950 641.810400 419.338500
10.448540 611.637600 430.384500
10.481340 611.318400 398.485500
10.497610 723.508800 404.586000
10.530770 724.617600 372.120000
10.547310 712.521600 396.805500
10.580170 650.680800 397.866000
10.596520 716.184000 402.811500
10.629090 698.678400 397.813500
10.645620 699.652800 401.373000
10.678360 558.566400 460.960500
10.694880 502.488000 412.545000
10.711140 502.488000 412.545000
10.727610 494.877600 411.211500
10.744120 518.700000 408.775500
10.760450 518.784000 413.511000
10.777100 547.260000 461.181000
10.793760 574.392000 430.678500
10.809830 576.576000 435.561000
10.826360 513.206400 434.647500
10.842610 535.584000 481.960500
10.859270 533.400000 480.868500
10.875940 557.944800 416.409000
10.893630 574.694400 441.745500
10.908750 578.793600 450.975000
10.925190 572.628000 478.422000
10.941530 613.653600 393.802500
10.957930 610.696800 375.039000
10.974260 596.484000 365.452500
10.990490 560.481600 390.484500
11.023380 590.923200 406.843500
11.039840 597.525600 419.937000
11.072770 566.664000 436.726500
11.089070 598.617600 465.433500
11.122270 598.550400 442.669500
11.138410 587.832000 468.846000
11.171400 623.952000 462.525000
11.187770 646.632000 471.429000
11.222580 640.836000 434.500500
11.237160 646.783200 439.194000
11.269890 649.538400 451.794000
11.286270 640.399200 374.167500
11.319130 604.077600 414.739500
11.335590 630.016800 424.147500
11.368500 646.867200 395.503500
11.384880 630.084000 429.387000
11.417720 654.578400 447.699000
11.434200 670.723200 470.515500
11.467180 615.434400 429.838500
11.483370 633.595200 415.033500
11.516380 630.537600 417.679500
11.532640 660.609600 415.852500
11.565540 700.190400 412.408500
11.582110 719.964000 462.945000
11.598530 718.905600 471.387000
11.615100 699.585600 467.607000
11.631410 706.120800 485.373000
11.647750 709.094400 494.382000
11.664240 664.641600 496.566000
11.680510 670.488000 493.279500
11.696970 668.556000 476.206500
11.713480 669.950400 426.688500
11.729850 664.440000 468.951000
11.762700 678.098400 467.092500
11.779300 678.938400 468.699000
11.795590 680.769600 486.696000
11.812120 741.064800 491.862000
11.828380 717.326400 503.832000
11.861560 696.830400 486.181500
11.877730 719.997600 474.274500
11.894120 718.855200 456.036000
11.910620 818.210400 451.405500
11.927150 828.156000 486.402000
11.960040 854.767200 490.948500
11.976280 798.235200 443.950500
12.009150 754.941600 456.330000
12.025460 791.767200 449.074500
12.058250 817.773600 452.445000
12.074830 850.869600 445.882500
12.107670 858.211200 438.732000
12.124270 800.352000 433.660500
12.156850 816.765600 386.746500
12.173520 835.060800 376.792500
12.206330 804.552000 486.538500
12.223000 829.886400 466.851000
12.255510 839.949600 400.071000
12.272020 823.687200 499.716000
12.304890 845.913600 476.731500
12.321340 857.169600 433.345500
12.354200 912.727200 424.000500
12.370500 908.560800 439.803000
12.403470 889.946400 444.139500
12.419870 899.371200 452.970000
12.452930 914.037600 377.779500
12.469460 886.149600 412.650000
12.501910 876.506400 456.519000
12.518640 912.861600 439.666500
12.551510 858.278400 446.344500
12.567780 866.308800 384.930000
12.600610 896.128800 397.435500
12.616990 883.932000 442.575000
12.649870 620.356800 426.636000
12.666410 548.150400 410.119500
12.699080 518.095200 479.902500
12.715510 537.448800 474.810000
12.748460 517.305600 424.431000
12.764840 528.544800 445.609500
12.781350 528.662400 450.082500
12.797730 555.559200 498.445500
12.814230 541.867200 528.087000
12.830520 544.017600 532.696500
12.847000 563.808000 506.383500
12.863450 565.941600 495.400500
12.880090 563.976000 486.370500
12.896380 575.786400 468.751500
12.912780 586.471200 462.987000
12.945520 604.850400 462.472500
12.963830 574.761600 464.247000
12.994850 604.094400 440.548500
13.011340 555.441600 495.253500
13.044130 567.772800 510.079500
13.060600 606.664800 465.927000
13.093720 603.355200 510.825000
13.109940 606.967200 496.146000
13.142770 606.009600 460.792500
13.159210 628.605600 459.070500
13.193080 640.298400 434.910000
13.208550 671.227200 522.196500
13.241410 791.817600 450.775500
13.257760 748.188000 453.484500
13.290480 773.203200 446.271000
13.306990 769.524000 454.471500
13.339850 787.920000 464.887500
13.356410 789.600000 464.142000
13.389280 778.596000 488.491500
13.405490 820.646400 477.928500
13.438520 827.517600 506.929500
13.454940 837.900000 490.119000
13.487740 806.601600 482.821500
13.504100 815.320800 461.055000
13.520610 814.816800 479.241000
13.537050 808.483200 458.850000
13.553410 787.483200 516.390000
13.569870 787.550400 534.481500
13.586290 554.097600 413.574000
13.602600 563.438400 426.699000
13.618990 559.305600 406.539000
13.635600 542.791200 341.911500
13.652020 540.892800 333.658500
13.668340 536.592000 312.921000
13.684900 551.678400 305.235000
13.701350 571.200000 296.373000
13.733960 501.093600 306.453000
13.750550 511.056000 313.740000
13.767010 511.056000 313.740000
13.783380 528.696000 356.716500
13.799760 540.523200 337.018500
13.816400 544.538400 366.996000
13.832780 568.831200 352.915500
13.851510 534.458400 412.335000
13.865820 538.591200 422.604000
13.882110 545.647200 452.655000
13.898460 520.245600 379.270500
13.915140 510.820800 339.517500
13.931580 523.773600 229.110000
13.948040 519.254400 296.268000
13.968250 523.874400 317.268000
13.980810 499.480800 354.910500
13.997280 527.956800 375.396000
14.030190 514.012800 337.680000
14.046510 484.831200 283.017000
14.062890 479.572800 261.376500
14.079110 482.916000 317.583000
14.095770 544.555200 267.277500
14.128510 523.420800 300.247500
14.145070 490.980000 315.672000
14.182870 574.056000 320.008500
14.194290 632.100000 300.993000
14.227000 563.035200 286.240500
14.243530 565.740000 258.919500
14.279470 566.176800 260.767500
14.292720 538.658400 313.551000
14.325580 566.176800 311.314500
14.341900 615.703200 274.270500
14.374760 548.368800 285.747000
14.391460 618.374400 303.208500
14.424150 640.987200 333.879000
14.440520 599.659200 292.089000
14.473750 599.541600 310.621500
14.489890 622.860000 284.287500
14.522760 634.032000 315.294000
14.539140 606.883200 247.926000
14.572030 572.712000 270.753000
14.588410 587.008800 313.792500
14.606950 588.604800 330.172500
14.621370 582.691200 372.886500
14.637770 611.234400 399.504000
14.654100 613.099200 404.638500
14.670650 618.156000 310.128000
14.686960 562.732800 310.212000
14.703560 558.667200 287.815500
14.721330 572.628000 327.327000
14.736360 606.631200 304.216500
14.769140 539.397600 304.143000
14.785630 567.487200 295.344000
14.818520 655.720800 274.218000
14.836580 649.756800 359.772000
14.867810 644.128800 346.342500
14.884110 640.416000 349.776000
14.916880 665.246400 264.159000
14.934580 652.864800 284.455500
14.966340 644.145600 255.223500
14.983190 637.543200 265.555500
15.015770 757.310400 320.974500
15.032190 674.419200 320.523000
15.048670 673.797600 325.731000
15.065050 754.034400 322.476000
15.081390 732.194400 335.097000
15.097640 733.538400 340.557000
15.114120 723.458400 365.043000
15.130680 751.648800 343.539000
15.147030 751.279200 333.060000
15.163470 740.947200 284.004000
15.180040 686.884800 290.671500
15.213020 736.680000 309.424500
15.229440 709.531200 298.504500
15.265000 587.983200 334.719000
15.278740 504.756000 335.643000
15.311430 514.399200 301.098000
15.327760 498.808800 302.463000
15.344100 503.714400 332.713500
15.360660 542.808000 413.742000
15.377300 528.662400 465.990000
15.393660 533.148000 475.839000
15.409910 560.834400 424.819500
15.426300 536.004000 408.051000
15.442910 527.150400 369.337500
15.459450 485.755200 367.384500
15.475940 522.328800 335.947500
15.508700 522.530400 319.368000
15.524880 544.353600 352.411500
15.557750 546.168000 367.689000
15.574150 573.535200 363.310500
15.590570 577.214400 383.145000
15.607080 614.644800 342.153000
15.623550 569.604000 368.718000
15.656220 536.692800 404.134500
15.672620 563.236800 396.763500
15.705480 566.580000 356.055000
15.722000 587.227200 379.858500
15.754870 640.449600 364.780500
15.771250 604.480800 366.450000
15.787630 601.305600 346.258500
15.804090 610.108800 349.702500
15.820450 610.176000 348.631500
15.853490 619.634400 356.758500
15.869720 661.096800 348.442500
15.902610 618.727200 362.943000
15.919190 631.915200 290.167500
15.951960 627.597600 295.690500
15.968510 629.781600 294.567000
16.001250 620.978400 302.788500
16.017590 619.029600 301.906500
16.050600 639.928800 261.943500
16.066980 603.540000 288.813000
16.099870 692.798400 303.828000
16.116250 693.268800 329.731500
16.149090 688.111200 314.748000
16.165500 700.173600 295.491000
16.181850 700.324800 326.004000
16.198320 663.432000 392.584500
16.214760 681.088800 446.943000
16.231260 684.969600 486.591000
16.247690 737.805600 529.515000
16.264110 733.706400 528.916500
16.280470 734.260800 500.314500
16.297020 727.406400 461.485500
16.313380 732.916800 427.371000
16.329880 730.816800 389.214000
16.346260 725.491200 365.641500
16.362580 730.060800 361.683000
16.395500 727.591200 363.163500
16.411880 691.874400 370.198500
16.444890 515.877600 394.275000
16.461140 540.657600 434.689500
16.494150 517.440000 409.216500
16.510630 511.140000 400.554000
16.543360 515.692800 373.432500
16.559870 551.846400 382.084500
16.592740 547.344000 395.493000
16.609030 544.471200 377.160000
16.641900 483.739200 378.693000
16.658380 562.648800 354.921000
16.674890 565.941600 384.132000
16.692560 525.134400 393.708000
16.707760 619.886400 422.614500
16.723980 623.162400 438.049500
16.740640 603.220800 426.331500
16.756880 584.505600 394.747500
16.773400 579.348000 359.992500
16.789900 625.917600 364.171500
16.806130 567.302400 333.732000
16.822580 568.965600 348.967500
16.839010 527.872800 389.917500
16.855470 601.977600 395.272500
16.872110 607.185600 426.835500
16.888400 586.790400 470.515500
16.904700 620.575200 454.975500
16.921230 617.702400 429.649500
16.937760 610.629600 402.906000
16.954130 577.113600 380.005500
16.970520 571.485600 349.503000
16.987000 590.788800 385.791000
17.003270 563.623200 345.324000
17.036230 589.948800 359.247000
17.052770 589.528800 373.149000
17.085650 599.558400 346.069500
17.102010 608.412000 377.863500
17.134820 642.616800 329.815500
17.151210 676.704000 354.816000
17.184090 616.476000 345.838500
17.200580 615.081600 351.739500
17.233360 650.546400 343.770000
17.249870 628.000800 322.381500
17.282730 591.746400 292.131000
17.299140 600.415200 315.693000
17.332010 609.033600 341.019000
17.348360 619.348800 356.181000
17.364780 622.221600 376.183500
17.381260 643.692000 427.161000
17.397600 672.453600 454.786500
17.414110 674.536800 474.085500
17.430620 655.468800 442.606500
17.446870 655.972800 397.855500
17.479860 644.431200 440.947500
17.496240 647.052000 445.924500
17.512630 644.464800 426.090000
17.528970 662.608800 401.740500
17.545480 660.156000 368.434500
17.561990 657.888000 348.295500
17.578210 701.551200 367.815000
17.594590 694.562400 353.734500
17.627470 700.190400 376.099500
17.644000 712.471200 377.433000
17.677000 714.151200 360.790500
17.693230 760.435200 392.752500
17.725930 713.630400 361.231500
17.742480 714.470400 363.709500
17.775360 681.424800 279.646500
17.791820 717.712800 271.950000
17.824730 735.453600 319.903500
17.841110 738.024000 365.862000
17.873960 744.945600 309.466500
17.890800 724.516800 306.873000
17.923080 735.823200 280.728000
17.939720 753.177600 383.575500
17.972610 792.237600 373.159500
17.989110 800.704800 358.081500
18.021860 741.283200 359.929500
18.038240 739.384800 358.963500
18.071100 741.148800 363.016500
18.087580 737.486400 370.587000
18.120410 802.300800 361.987500
18.136880 766.147200 367.846500
18.169740 793.128000 348.537000
18.185930 795.648000 346.038000
18.218950 564.547200 437.692500
18.235490 539.599200 496.545000
18.268230 522.278400 472.216500
18.284730 525.285600 474.946500
18.317620 558.297600 464.163000
18.333990 505.545600 472.195500
18.366860 521.992800 492.597000
18.383230 412.675200 574.423500
18.416290 473.911200 583.474500
18.432600 431.356800 579.925500
18.449140 435.069600 592.116000
18.465560 516.247200 643.944000
18.482160 473.390400 652.302000
18.498360 476.011200 656.376000
18.514900 493.231200 677.565000
18.531250 463.293600 628.540500
18.547720 457.245600 612.475500
18.564180 436.867200 631.081500
18.580660 471.408000 572.092500
18.613440 482.143200 576.429000
18.630020 480.648000 574.245000
18.646390 480.648000 574.245000
18.662720 500.287200 586.078500
18.679150 507.964800 594.751500
18.712080 477.758400 624.981000
18.728390 485.906400 603.130500
18.761330 535.348800 617.757000
18.777720 526.528800 641.634000
18.794290 528.948000 653.163000
18.810540 545.697600 668.986500
18.826980 575.030400 638.736000
18.843440 577.231200 643.104000
18.859910 540.674400 661.447500
18.876230 576.525600 644.899500
18.892930 572.577600 629.128500
18.909270 570.544800 636.562500
18.925530 583.732800 609.819000
18.958520 533.534400 608.223000
18.974910 528.124800 623.668500
19.007790 548.553600 608.685000
19.024170 495.818400 622.167000
19.056970 530.812800 638.547000
19.073440 519.086400 605.283000
19.089850 523.672800 620.718000
19.106240 527.352000 672.105000
19.122930 542.690400 651.735000
19.155480 520.128000 649.855500
19.172170 555.240000 661.888500
19.188290 551.174400 647.209500
19.451110 565.488000 629.569500
19.467480 617.299200 633.265500
19.484010 620.222400 648.196500
19.500220 565.840800 581.070000
19.516870 577.466400 594.867000
19.549740 563.253600 693.283500
19.566110 496.154400 713.769000
19.582360 496.876800 719.460000
19.598980 576.744000 680.841000
19.615320 572.829600 762.069000
19.631790 577.012800 768.768000
19.648400 482.059200 760.200000
19.664670 482.647200 735.231000
19.681120 471.844800 708.666000
19.697490 480.916800 735.157500
19.713920 511.778400 732.459000
19.746660 531.652800 752.272500
19.763360 527.805600 737.236500
19.796080 545.109600 728.217000
19.812420 537.062400 733.026000
19.845350 531.468000 729.949500
19.861850 511.795200 721.056000
19.894730 525.504000 698.775000
19.911100 506.570400 696.202500
19.944160 599.407200 726.726000
19.960510 619.617600 716.278500
19.976880 621.885600 735.483000
19.993220 594.400800 762.468000
20.009750 575.164800 780.843000
20.026240 579.213600 787.794000
20.042570 645.069600 759.370500
20.058990 640.063200 716.163000
20.075500 634.351200 692.160000
20.091870 587.361600 699.604500
20.108360 593.376000 701.001000
20.124750 595.039200 704.844000
20.141090 610.982400 702.187500
20.157510 616.593600 692.391000
20.174130 615.064800 685.219500
20.190450 676.149600 647.734500
20.207010 679.039200 684.159000
20.239730 684.482400 693.808500
20.256110 676.603200 677.187000
20.288980 654.276000 672.525000
20.305510 667.900800 716.898000
20.338240 694.192800 702.754500
20.354610 679.056000 683.760000
20.371080 679.056000 683.760000
20.387500 667.396800 680.778000
20.403950 668.690400 687.172500
20.436830 674.200800 700.843500
20.453230 654.578400 699.468000
20.486110 628.454400 724.027500
20.502470 633.931200 687.498000
20.535360 598.500000 680.589000
20.551860 636.300000 679.665000
20.584750 578.541600 713.160000
20.601120 587.244000 701.263500
20.617610 587.076000 704.739000
20.634130 616.358400 705.957000
20.650390 621.684000 698.565000
20.666870 624.724800 713.328000
20.683140 620.676000 750.781500
20.699710 625.329600 751.684500
20.716260 625.749600 748.408500
20.732460 584.707200 761.397000
20.749000 585.043200 741.604500
20.765360 581.313600 727.671000
20.781840 570.393600 729.288000
20.798260 531.585600 739.053000
20.814750 535.953600 752.073000
20.831250 536.121600 759.255000
20.847450 526.864800 758.961000
20.880330 564.076800 762.741000
20.896880 539.364000 734.622000
20.913330 535.046400 721.287000
20.929710 576.307200 712.803000
20.946090 557.760000 710.094000
20.978950 611.486400 714.619500
20.995500 543.530400 755.517000
21.028220 550.603200 735.115500
21.044720 536.726400 727.366500
21.061070 536.676000 730.506000
21.077580 573.384000 769.230000
21.094020 613.418400 762.121500
21.110510 614.947200 768.715500
21.126900 571.888800 715.795500
21.143380 584.707200 710.220000
21.176210 583.396800 771.277500
21.192520 580.356000 794.251500
21.209000 580.473600 791.311500
21.225570 584.203200 783.930000
21.241890 572.880000 763.108500
21.258360 572.997600 763.476000
21.274720 619.970400 714.220500
21.291140 625.615200 718.725000
21.307450 624.708000 725.098500
21.324020 644.616000 724.678500
21.340340 628.958400 722.452500
21.356870 630.134400 728.196000
21.373230 629.428800 721.402500
21.389560 678.619200 790.072500
21.406120 679.543200 784.161000
21.422690 663.415200 757.281000
21.439110 657.148800 774.795000
21.455360 654.964800 762.741000
21.471880 623.397600 720.877500
21.488230 663.566400 719.155500
21.521210 656.073600 720.646500
21.537500 693.739200 737.037000
21.570340 703.080000 716.688000
21.586990 656.913600 723.250500
21.619580 639.441600 749.647500
21.636220 632.973600 752.052000
21.668990 642.432000 686.868000
21.685370 678.736800 679.003500
21.701730 680.584800 693.136500
21.718200 615.686400 787.941000
21.734560 483.840000 823.158000
21.751110 486.796800 829.710000
21.767440 518.649600 867.415500
21.783800 533.400000 857.923500
21.800230 528.813600 846.541500
21.816850 528.024000 808.122000
21.833360 455.548800 799.743000
21.849720 452.978400 795.910500
21.866300 498.792000 826.371000
21.882630 512.702400 828.450000
21.899110 517.624800 837.868500
21.915350 576.945600 854.248500
21.931900 504.285600 837.900000
21.948350 501.698400 831.915000
21.964700 476.448000 871.605000
21.981270 504.403200 817.320000
22.014180 507.175200 847.308000
22.030500 522.849600 813.655500
22.049210 525.352800 822.927000
22.063380 584.354400 895.009500
22.079620 600.180000 897.025500
22.096140 600.213600 894.054000
22.112530 544.908000 852.768000
22.129030 518.128800 843.612000
22.145390 513.139200 831.673500
22.162210 548.200800 854.437500
22.178400 577.298400 882.252000
22.211320 565.857600 855.456000
22.227800 564.849600 833.416500
22.260720 566.462400 802.882500
22.276930 642.600000 725.130000
22.293320 642.600000 725.130000
22.309770 642.196800 738.801000
22.326120 632.587200 734.160000
22.359140 608.395200 791.920500
22.375460 638.097600 788.340000
22.392220 637.005600 793.905000
22.408280 630.772800 765.408000
22.424770 599.776800 774.931500
22.441430 603.220800 781.641000
22.457670 646.480800 765.901500
22.474130 640.668000 753.238500
22.490480 638.148000 740.848500
22.506890 613.418400 824.365500
22.523390 545.529600 868.119000
22.539910 547.864800 876.141000
22.556230 570.276000 913.048500
22.572590 562.598400 920.335500
22.589830 564.748800 923.139000
22.605620 565.504800 912.807000
22.621850 568.394400 903.619500
22.638350 564.312000 892.878000
22.654740 562.816800 881.065500
22.671450 572.544000 829.206000
22.706710 548.872800 875.259000
22.720510 561.388800 889.938000
22.736760 565.471200 904.743000
22.753260 598.936800 863.100000
22.769800 618.206400 893.770500
22.786130 621.465600 899.472000
22.802650 581.229600 875.458500
22.819000 599.020800 858.070500
22.835350 592.435200 835.915500
22.851730 535.684800 840.661500
22.868240 527.956800 800.194500
22.901260 568.696800 819.346500
22.917590 575.416800 817.824000
22.950460 554.786400 834.981000
22.966910 587.395200 846.846000
22.999940 711.429600 859.824000
23.016580 701.467200 869.893500
23.049300 687.792000 866.439000
23.065530 665.464800 862.533000
23.098560 664.776000 863.488500
23.114780 695.133600 826.644000
23.147630 726.801600 863.226000
23.164360 681.424800 814.474500
23.197110 659.316000 858.385500
23.213680 648.614400 816.270000
23.246410 736.327200 808.279500
23.265250 713.210400 766.342500
23.295650 706.692000 787.584000
23.311920 749.145600 794.997000
23.344690 758.839200 802.546500
23.362330 742.022400 808.500000
23.394160 718.855200 816.060000
23.410530 741.300000 802.483500
23.443520 742.492800 807.754500
23.459600 687.640800 825.898500
23.492510 766.617600 838.068000
23.508980 772.346400 848.956500
23.541770 779.301600 824.638500
23.558250 782.174400 833.742000
23.591480 776.815200 859.971000
23.607600 798.168000 842.152500
23.640380 811.960800 814.159500
23.656870 780.242400 816.354000
23.691950 811.624800 814.411500
23.706350 823.536000 808.038000
23.739120 738.494400 854.679000
23.755560 559.692000 876.508500
23.772060 559.708800 879.364500
23.788380 540.792000 867.825000
23.804750 585.513600 920.251500
23.821260 587.529600 922.897500
23.837620 555.592800 939.939000
23.854300 543.732000 924.315000
23.870420 541.632000 923.758500
23.886840 567.252000 929.638500
23.903360 573.837600 931.654500
23.919800 577.617600 936.537000
23.936430 600.734400 904.858500
23.952510 590.520000 892.941000
23.969010 587.176800 883.008000
23.985510 563.404800 878.010000
24.001870 571.972800 835.359000
24.034980 577.617600 835.957500
24.051240 574.358400 842.751000
24.084000 560.800800 855.540000
24.100530 541.363200 862.627500
24.133370 553.476000 846.048000
24.149620 560.162400 858.879000
24.182630 534.895200 892.993500
24.199020 541.296000 887.985000
24.215450 543.648000 896.154000
24.231790 618.828000 858.973500
24.248380 641.323200 869.589000
24.264740 643.120800 872.655000
24.297760 661.718400 885.927000
24.313890 659.433600 874.786500
24.330340 635.846400 867.016500
24.346870 615.703200 874.933500
24.379930 588.033600 849.450000
24.396140 616.072800 866.932500
24.428810 618.139200 840.693000
24.445380 654.360000 846.415500
24.478380 637.828800 876.477000
24.494590 683.659200 877.537500
24.527670 681.592800 873.621000
24.543970 636.350400 877.138500
24.577130 682.600800 853.765500
24.593400 657.820800 830.949000
24.609760 658.526400 839.538000
24.626110 660.088800 842.950500
24.642620 665.313600 861.913500
24.659140 667.077600 865.126500
24.675490 736.276800 891.408000
24.692050 742.492800 895.723500
24.708310 741.736800 884.761500
24.724730 714.184800 855.918000
24.741180 715.024800 850.300500
24.774020 728.280000 865.137000
24.790490 727.792800 841.974000
24.823350 712.437600 885.633000
24.839640 712.924800 829.426500
24.872600 714.201600 825.961500
24.888830 734.126400 840.535500
24.921890 759.108000 841.302000
24.938250 792.993600 835.191000
24.971260 806.601600 816.343500
24.987510 816.916800 809.697000
25.020730 796.723200 878.892000
25.036890 755.059200 874.902000
25.069740 760.737600 865.683000
25.086420 766.651200 857.388000
25.118980 772.464000 871.479000
25.135510 775.622400 864.055500
25.168220 589.327200 868.213500
25.184710 596.568000 923.695500
25.217630 609.470400 830.865000
25.234050 590.536800 853.009500
25.266770 618.088800 855.130500
25.283270 602.095200 857.482500
25.299630 603.607200 865.735500
25.316270 568.948800 857.388000
25.334700 565.068000 913.101000
25.349210 567.050400 915.894000
25.365520 573.804000 921.700500
25.381890 611.049600 901.078500
25.398400 610.512000 904.879500
25.414660 565.790400 882.325500
25.434220 557.457600 937.713000
25.447640 561.372000 942.742500
25.464020 600.902400 958.030500
25.480370 572.275200 921.060000
25.496840 564.698400 901.267500
25.513380 576.508800 878.178000
25.529640 571.569600 871.111500
25.562680 669.295200 856.831500
25.579180 638.282400 854.857500
25.611750 652.831200 879.049500
25.628250 664.389600 889.581000
25.661110 649.051200 858.049500
25.677800 637.358400 872.371500
25.710390 616.677600 907.641000
25.727050 580.524000 865.494000
25.743550 580.372800 867.930000
25.765000 637.375200 894.673500
25.779480 659.534400 911.253000
25.792770 661.130400 914.130000
25.808960 687.086400 911.064000
25.825430 588.924000 915.925500
25.841880 588.856800 918.372000
25.858380 693.655200 894.526500
25.874890 702.441600 950.386500
25.891410 703.970400 960.561000
25.907720 718.989600 963.480000
25.924000 712.286400 938.752500
25.956890 710.203200 961.443000
25.973350 660.559200 925.816500
26.006290 714.856800 941.167500
26.022660 721.291200 992.743500
26.039040 721.190400 985.614000
26.055390 739.939200 960.897000
26.071850 778.579200 935.770500
26.090390 778.545600 925.564500
26.104760 729.523200 909.426000
26.121110 732.177600 914.130000
26.137590 731.942400 921.805500
26.153880 789.012000 907.074000
26.170370 787.147200 922.824000
26.186790 788.088000 925.680000
26.203220 805.459200 933.355500
26.219780 797.428800 916.314000
26.236130 797.748000 905.730000
26.252510 814.111200 884.299500
26.268880 829.684800 908.596500
26.302190 818.731200 922.099500
26.322740 808.735200 886.357500
26.351660 815.136000 906.591000
26.367820 819.420000 908.397000
26.400820 813.590400 817.162500
26.422140 822.494400 816.123000
26.449800 812.918400 851.340000
26.466080 892.668000 832.230000
26.499140 904.495200 818.086500
26.515780 922.740000 821.362500
26.548560 925.024800 868.560000
26.565090 890.551200 871.048500
26.597940 902.479200 893.308500
26.614320 926.536800 890.232000
26.647020 888.115200 888.930000
26.663680 915.566400 895.345500
26.679910 913.147200 905.604000
26.696440 933.408000 901.519500
26.712810 855.523200 911.757000
26.748890 864.813600 876.088500
26.762140 863.100000 908.071500
26.778230 864.612000 897.855000
26.794750 933.727200 916.797000
26.810990 936.180000 905.341500
26.827500 933.122400 913.384500
26.843990 895.272000 915.442500
26.860700 922.168800 919.369500
26.876760 920.791200 927.580500
26.893380 926.637600 959.469000
26.909750 939.456000 950.712000
26.926000 942.597600 940.443000
26.942540 925.478400 892.279500
26.958970 981.153600 928.966500
26.975480 983.085600 923.727000
26.991970 945.050400 921.595500
27.008240 985.706400 907.735500
27.041130 902.798400 910.224000
27.057480 952.190400 868.549500
27.090530 943.000800 867.730500
27.106750 934.617600 808.374000
27.123130 932.870400 811.209000
27.139630 645.304800 756.955500
27.156000 617.769600 700.591500
27.172630 620.844000 715.344000
27.188850 640.886400 749.479500
27.205490 643.305600 730.737000
27.222100 644.700000 738.360000
27.238260 599.709600 673.071000
27.254610 604.800000 668.472000
27.271010 603.120000 656.124000
27.287610 621.835200 635.848500
27.304010 607.639200 711.690000
27.320580 604.346400 697.158000
27.336870 597.105600 605.136000
27.353130 569.788800 557.781000
27.386000 524.160000 593.638500
27.404200 557.978400 641.371500
27.435500 535.970400 502.141500
27.451760 540.153600 382.746000
27.484590 515.373600 308.007000
27.500980 511.828800 321.016500
27.534000 488.661600 341.008500
27.550500 518.733600 318.990000
27.583090 495.868800 280.413000
27.599670 496.960800 299.628000
27.632470 511.879200 332.199000
27.648880 534.324000 324.565500
27.681710 523.219200 241.941000
27.698270 509.392800 343.633500
27.731700 487.435200 320.775000
27.747640 483.000000 308.028000
27.780380 486.662400 318.864000
27.796830 489.552000 309.025500
27.813130 494.911200 339.517500
27.829770 554.652000 381.444000
27.845940 536.373600 428.232000
27.862640 545.596800 468.510000
27.878990 537.432000 456.403500
27.895350 532.408800 448.350000
27.911770 527.167200 416.955000
27.928140 507.108000 384.174000
27.944630 486.427200 274.974000
27.960980 475.927200 231.346500
27.977540 481.504800 268.002000
27.993870 484.915200 289.957500
28.026750 420.739200 821.037000
28.289820 731.505600 2.467500
28.306140 730.598400 9.376500
28.322650 714.789600 28.770000
28.338960 741.115200 52.636500
28.355370 742.576800 59.587500
28.371880 722.416800 43.302000
28.388200 711.177600 31.069500
28.404720 709.665600 24.213000
28.437490 717.981600 31.248000
28.454020 719.392800 38.146500
28.470380 723.643200 61.068000
28.486850 638.853600 13.996500
28.503450 637.476000 0.441000
28.519760 703.130400 26.334000
28.569000 614.644800 18.931500
28.585360 732.211200 10.237500
28.634780 723.962400 53.298000
28.667470 693.588000 25.683000
28.683840 659.920800 23.898000
28.716820 697.536000 25.494000
28.733330 658.896000 63.777000
28.766120 691.303200 60.742500
28.782470 658.560000 69.027000
28.815390 691.404000 82.351500
28.833070 650.966400 64.060500
28.864650 680.013600 47.355000
28.881170 690.009600 77.973000
28.914330 687.120000 84.157500
28.930680 757.999200 82.845000
28.963150 684.331200 11.697000
28.979650 770.834400 48.825000
29.012630 679.711200 43.606500
29.029030 689.707200 23.016000
29.062020 766.836000 47.418000
29.078270 722.097600 44.488500
29.111150 662.608800 55.870500
29.127500 717.948000 68.239500
29.160350 690.412800 74.928000
29.176980 692.983200 79.212000
29.209790 673.612800 76.041000
29.226120 687.523200 80.724000
29.259020 655.720800 38.304000
29.275350 686.616000 26.596500
29.308140 603.657600 81.543000
29.324590 582.724800 53.130000
29.357660 607.672800 65.646000
29.373960 601.255200 101.755500
29.406900 666.304800 60.511500
29.423250 620.340000 46.431000
29.456110 605.992800 83.107500
29.472490 619.567200 108.213000
29.505380 550.401600 99.351000
29.521730 638.769600 79.642500
29.554630 689.488800 14.752500
29.571070 652.780800 43.134000
29.603840 655.636800 87.916500
29.620370 622.675200 57.435000
29.653090 689.270400 112.413000
29.669580 669.345600 71.064000
29.702450 799.730400 85.659000
29.719000 828.156000 133.413000
29.735230 829.399200 126.483000
29.751750 829.869600 36.697500
29.768250 837.916800 30.513000
29.784610 836.606400 22.680000
29.801100 837.412800 80.787000
29.817450 778.075200 104.475000
29.833970 778.260000 119.070000
29.850370 616.341600 202.650000
29.866740 546.470400 159.799500
29.899620 544.454400 167.275500
29.915930 590.671200 152.533500
29.949060 557.222400 178.237500
29.965420 541.917600 175.129500
29.998550 610.041600 161.511000
30.015050 618.391200 169.858500
30.047780 573.148800 180.852000
30.064320 526.881600 190.323000
30.096860 515.709600 198.964500
30.113270 507.595200 196.423500
30.146110 503.529600 184.884000
30.162490 460.051200 152.218500
30.195360 498.372000 193.095000
30.211770 477.523200 204.477000
30.244730 508.032000 315.871500
30.261080 497.212800 237.615000
30.293880 514.416000 189.262500
30.310370 505.612800 201.190500
30.343140 458.959200 243.400500
30.359720 485.721600 266.322000
30.392730 563.388000 296.163000
30.409030 596.803200 231.052500
30.441780 558.667200 263.287500
30.458290 583.262400 261.450000
30.491020 623.834400 247.422000
30.507690 574.207200 257.533500
30.540390 535.735200 297.916500
30.556920 567.268800 259.024500
30.589710 613.586400 329.343000
30.606140 599.911200 236.775000
30.638970 548.637600 293.863500
30.655380 621.952800 330.834000
30.688230 566.680800 248.220000
30.704900 625.128000 255.612000
30.737380 584.556000 284.350500
30.754060 578.860800 334.120500
30.786730 615.249600 309.288000
30.803240 594.938400 313.288500
30.836260 592.468800 312.868500
30.852600 514.584000 359.467500
30.885280 554.870400 325.143000
30.902960 559.020000 303.345000
30.934770 543.496800 323.683500
30.951020 561.758400 319.441500
30.983850 554.366400 323.316000
31.000360 528.729600 357.997500
31.033270 583.732800 331.243500
31.049630 610.596000 334.309500
31.082500 573.165600 285.967500
31.098870 616.627200 280.560000
31.131730 630.151200 293.506500
31.148260 608.311200 324.177000
31.180870 614.174400 296.950500
31.197300 631.058400 297.727500
31.230250 601.641600 291.889500
31.246750 619.920000 278.019000
31.279590 602.733600 312.994500
31.296120 536.726400 324.618000
31.328850 544.269600 316.659000
31.345320 569.654400 329.836500
31.378250 583.732800 344.032500
31.394620 568.915200 329.185500
31.427370 572.157600 364.791000
31.443880 556.802400 378.262500
31.476750 606.900000 355.372500
31.493010 585.832800 375.364500
31.525950 534.660000 384.909000
31.542510 589.512000 621.852000
31.985880 661.584000 838.288500
32.018840 652.915200 471.565500
32.035240 628.404000 566.181000
32.068100 695.503200 568.543500
32.084470 666.254400 503.412000
32.100990 670.051200 513.229500
32.117360 681.122400 610.585500
32.133840 678.350400 561.130500
32.150230 679.929600 565.624500
32.166740 706.742400 530.334000
32.182920 689.052000 539.385000
32.199560 687.187200 521.482500
32.216310 617.836800 506.152500
32.232480 691.051200 555.387000
32.265210 687.523200 535.521000
32.281560 596.904000 531.720000
32.298120 596.904000 531.720000
32.314430 674.200800 501.007500
32.331100 650.210400 555.040500
32.347360 649.152000 539.826000
32.363670 631.629600 484.113000
32.380230 696.612000 461.475000
32.396730 694.898400 456.046500
32.413040 668.270400 501.480000
32.429430 683.676000 495.096000
32.445920 685.826400 516.159000
32.462320 673.243200 501.354000
32.478860 639.660000 528.213000
32.511710 676.687200 512.085000
32.527940 660.391200 564.154500
32.560960 663.616800 549.381000
32.577340 642.230400 558.358500
32.610230 692.227200 504.682500
32.626710 626.976000 345.376500
32.661710 624.422400 191.478000
32.676260 631.596000 208.015500
32.692500 630.352800 186.973500
32.709000 635.510400 147.756000
32.725420 584.858400 134.473500
32.742040 582.556800 127.522500
32.758280 649.908000 152.827500
32.774470 633.225600 249.207000
32.790970 636.434400 275.635500
32.807480 592.737600 275.719500
32.824020 613.855200 241.489500
32.840330 612.376800 220.951500
32.856910 653.150400 158.161500
32.873240 599.071200 154.003500
32.889850 596.736000 146.821500
32.906120 631.663200 187.887000
32.922380 582.472800 350.227500
32.938930 585.060000 356.181000
32.955360 611.822400 290.766000
32.971780 602.884800 281.200500
32.988070 600.616800 275.268000
33.004610 597.122400 272.118000
33.021000 582.086400 311.367000
33.037370 586.303200 336.430500
33.053880 569.872800 382.882500
33.070250 565.588800 298.431000
33.103260 597.508800 350.815500
33.119440 601.725600 334.572000
33.152370 601.204800 361.389000
33.168880 602.330400 335.212500
33.201560 597.760800 318.234000
33.218100 610.579200 296.089500
33.251000 603.808800 282.376500
33.267380 563.640000 285.453000
33.300370 562.161600 284.109000
33.316760 660.122400 311.871000
33.349450 579.196800 334.078500
33.366000 580.876800 286.513500
33.398870 544.672800 316.333500
33.416420 592.636800 337.669500
33.448190 545.428800 284.256000
33.464600 546.235200 242.424000
33.497360 551.695200 305.728500
33.513810 561.103200 308.364000
33.546590 581.918400 279.436500
33.563120 580.490400 284.770500
33.596010 611.268000 294.661500
33.612320 541.732800 252.693000
33.645510 573.165600 287.007000
33.661940 601.574400 265.849500
33.694840 552.434400 324.975000
33.711160 594.468000 256.504500
33.744140 585.765600 316.113000
33.760470 601.792800 295.060500
33.793450 567.621600 296.352000
33.809700 555.156000 264.474000
33.842560 599.272800 271.908000
33.859150 575.097600 319.284000
33.891740 557.138400 294.556500
