0.000000 722.806000 506.154000
0.016360 720.307000 471.482000
0.032840 710.430000 426.184000
0.049320 672.860000 411.026000
0.065670 670.548000 390.742000
0.082150 688.449000 427.658000
0.098630 683.366000 409.838000
0.114990 686.273000 444.092000
0.131590 730.728000 426.602000
0.147950 732.700000 446.996000
0.164430 734.400000 456.258000
0.180910 701.998000 489.874000
0.197390 731.578000 485.870000
0.213620 729.640000 465.564000
0.230100 689.877000 513.656000
0.246580 702.491000 995.126000
0.279420 668.950000 1100.660000
0.295900 661.997000 1150.358000
0.328740 615.281000 1111.726000
0.345210 661.181000 1111.638000
0.361570 661.946000 1119.646000
0.377810 672.418000 1170.202000
0.394410 617.100000 1132.340000
0.410890 622.387000 1153.284000
0.428220 646.170000 1204.918000
0.443730 625.056000 1081.982000
0.460080 622.812000 1075.008000
0.476930 769.301000 1196.756000
0.493040 742.492000 1196.844000
0.509640 742.526000 1197.064000
0.526250 753.083000 1225.752000
0.542360 739.228000 1269.312000
0.558960 736.933000 1253.758000
0.575070 751.111000 1255.408000
0.591430 769.913000 1197.130000
0.607910 769.845000 1189.672000
0.624510 750.499000 1139.380000
0.641110 760.172000 1192.334000
0.657350 758.404000 1178.518000
0.673580 792.965000 1140.920000
0.690060 810.662000 1168.332000
0.706420 810.628000 1175.592000
0.722900 819.944000 1134.298000
0.739500 825.316000 1236.510000
0.757570 827.985000 1265.704000
0.772340 794.172000 1243.594000
0.788700 783.292000 1205.446000
0.805050 783.326000 1197.900000
0.821530 840.633000 1219.350000
0.837890 815.167000 1222.804000
0.854250 813.688000 1216.512000
0.870850 626.501000 1186.636000
0.887330 608.736000 1212.926000
0.903560 609.960000 1210.946000
0.920040 564.383000 1077.428000
0.936400 616.845000 1152.602000
0.952760 611.524000 1131.592000
0.969360 591.362000 1060.070000
0.985840 585.140000 1064.250000
1.002200 588.778000 1081.212000
1.018550 648.193000 1186.966000
1.035030 625.141000 1180.102000
1.051390 621.843000 1164.284000
1.067750 592.858000 1162.194000
1.085940 578.510000 1095.842000
1.117190 581.689000 1086.998000
1.133670 574.617000 1080.354000
1.150020 579.428000 1104.642000
1.166380 549.576000 1077.406000
1.182980 610.759000 1155.198000
1.199340 613.071000 1161.578000
1.215820 609.161000 1174.162000
1.232180 581.689000 1125.982000
1.248660 574.702000 1095.050000
1.265010 531.573000 1075.844000
1.281490 552.704000 1086.294000
1.314450 530.944000 1117.710000
1.330810 546.975000 1094.610000
1.347290 554.353000 1125.146000
1.363650 588.540000 1084.292000
1.380130 545.836000 1119.734000
1.396480 541.705000 1102.926000
1.412840 554.115000 1134.342000
1.429440 548.267000 1092.278000
1.445800 544.918000 1078.330000
1.462160 525.521000 1097.228000
1.478520 551.191000 1420.892000
1.495120 555.203000 1434.048000
1.511470 528.258000 1349.986000
1.527950 558.552000 1292.214000
1.560670 552.568000 1384.108000
1.577150 570.265000 1326.930000
1.610110 546.193000 1303.720000
1.626830 577.303000 1335.994000
1.642940 573.529000 1321.804000
1.659300 509.881000 1307.064000
1.675900 596.887000 1001.110000
1.708620 563.482000 638.704000
1.725100 593.300000 699.424000
1.741580 595.867000 708.224000
1.757930 579.292000 602.514000
1.774410 553.911000 650.804000
1.790770 552.126000 651.046000
1.807250 565.335000 695.750000
1.823490 586.619000 652.982000
1.840090 592.535000 683.056000
1.856450 573.121000 746.174000
1.872800 585.752000 713.724000
1.889400 582.607000 695.618000
1.905640 551.157000 691.702000
1.922240 546.397000 657.250000
1.938600 545.411000 645.656000
1.955080 602.616000 621.214000
1.971560 575.569000 647.592000
1.987920 573.886000 647.856000
2.004270 588.404000 739.904000
2.020630 585.259000 774.862000
2.037230 591.175000 803.198000
2.053710 604.197000 770.308000
2.070070 585.633000 764.720000
2.086550 582.471000 747.098000
2.102910 562.819000 801.790000
2.119510 582.794000 712.118000
2.135860 585.871000 729.696000
2.152220 601.035000 769.956000
2.168460 575.144000 785.510000
2.185060 571.370000 765.204000
2.201540 555.033000 720.324000
2.217900 552.534000 648.230000
2.234380 549.321000 630.520000
2.250850 551.803000 642.466000
2.267330 597.397000 604.780000
2.300050 577.558000 654.764000
2.316530 587.571000 612.194000
2.349370 788.817000 674.696000
2.365720 793.237000 693.330000
2.381960 794.886000 714.098000
2.398560 750.448000 724.152000
2.414920 776.730000 649.616000
2.431400 776.815000 659.868000
2.448000 768.417000 697.686000
2.464230 803.080000 739.266000
2.480710 804.474000 747.670000
2.497070 765.561000 797.984000
2.513550 788.086000 696.146000
2.529910 786.573000 677.710000
2.546390 904.060000 607.112000
2.562740 912.441000 598.708000
2.579470 911.387000 587.180000
2.595700 861.458000 716.210000
2.612920 891.582000 780.846000
2.628540 892.551000 788.634000
2.644900 884.629000 752.554000
2.661380 859.537000 724.834000
2.677860 859.690000 727.540000
2.694210 827.645000 751.894000
2.710820 811.512000 714.956000
2.743530 805.494000 680.548000
2.760010 798.881000 673.662000
2.792850 805.239000 795.476000
2.809450 801.040000 828.058000
2.825810 800.819000 825.440000
2.842040 809.965000 739.310000
2.858520 813.586000 784.674000
2.874880 812.056000 754.798000
2.891480 774.792000 639.562000
2.907960 783.802000 626.164000
2.924320 784.023000 638.682000
2.941040 635.052000 623.436000
2.957150 682.601000 770.176000
2.973510 687.174000 799.062000
2.989870 665.329000 859.826000
3.006470 679.150000 828.630000
3.022830 677.161000 820.732000
3.039310 624.512000 730.180000
3.055660 652.188000 741.224000
3.072020 654.279000 749.298000
3.088620 674.645000 769.604000
3.105100 649.366000 766.392000
3.121460 646.136000 737.770000
3.137820 634.525000 689.282000
3.154170 694.246000 737.352000
3.170650 692.733000 737.902000
3.187010 591.736000 518.122000
3.433590 1161.287000 786.280000
3.449950 819.876000 762.344000
3.482790 828.274000 747.780000
3.499270 781.541000 838.750000
3.515630 781.473000 829.290000
3.531980 789.905000 669.636000
3.548580 784.567000 654.214000
3.564940 784.635000 664.202000
3.581420 793.186000 737.330000
3.598270 806.191000 737.440000
3.614260 807.670000 746.218000
3.630620 808.418000 884.114000
3.647220 793.951000 731.126000
3.663570 790.993000 694.738000
3.680050 803.556000 704.330000
3.696530 787.338000 602.778000
3.729370 786.726000 790.768000
3.745730 810.951000 778.008000
3.761960 809.438000 757.900000
3.778320 813.739000 684.728000
3.795040 807.585000 641.344000
3.827760 808.486000 634.040000
3.843990 839.239000 622.578000
3.860720 840.310000 654.302000
3.877080 831.793000 732.204000
3.893550 850.187000 701.052000
3.909790 851.309000 709.764000
3.926390 858.500000 643.764000
3.942870 824.738000 625.812000
3.959230 823.514000 606.650000
3.975710 871.845000 630.608000
3.992070 811.223000 665.698000
4.008540 811.274000 675.994000
4.024900 838.610000 763.664000
4.041630 867.408000 820.534000
4.057860 869.465000 845.790000
4.074340 815.218000 792.088000
4.090700 710.889000 458.986000
4.107060 706.231000 413.622000
4.123410 641.240000 348.810000
4.140010 637.704000 327.580000
4.156490 635.919000 318.340000
4.172850 624.750000 458.810000
4.189330 680.595000 526.064000
4.205690 682.516000 535.062000
4.222050 654.891000 445.632000
4.238400 660.790000 310.552000
4.255000 660.756000 310.244000
4.271360 622.404000 409.860000
4.287600 653.327000 456.698000
4.304320 659.345000 511.698000
4.320430 608.532000 559.614000
4.337040 629.170000 588.808000
4.353520 629.221000 589.094000
4.369870 647.037000 643.676000
4.386350 641.444000 597.256000
4.402830 638.724000 577.742000
4.419070 579.751000 559.240000
4.435420 583.661000 545.072000
4.452030 582.811000 534.578000
4.468510 621.605000 507.980000
4.484860 607.512000 521.928000
4.501340 605.353000 513.018000
4.517700 722.109000 569.580000
4.534420 705.432000 604.186000
4.550900 708.900000 620.532000
4.567260 716.023000 630.498000
4.583860 704.327000 613.800000
4.600340 699.975000 584.056000
4.616580 668.831000 487.520000
4.633180 674.509000 528.550000
4.649410 674.934000 532.070000
4.666140 703.409000 523.776000
4.682250 703.239000 556.138000
4.715450 683.519000 529.254000
4.731690 684.760000 554.488000
4.764280 725.322000 518.936000
4.781010 713.337000 399.674000
4.813840 704.089000 446.644000
4.830080 689.401000 478.434000
4.862790 728.569000 574.200000
4.879150 691.815000 491.546000
4.895630 692.104000 502.524000
4.912230 685.933000 519.794000
4.928710 690.064000 563.904000
4.945310 689.316000 550.132000
4.961430 673.931000 383.724000
4.977910 660.705000 111.430000
4.994380 660.671000 111.100000
5.010860 662.218000 46.376000
5.026980 651.525000 174.900000
5.043700 652.052000 187.682000
5.059940 660.535000 175.032000
5.076420 657.985000 174.790000
5.092900 657.492000 162.844000
5.109250 686.460000 130.218000
5.125730 681.802000 124.938000
5.142210 679.048000 86.966000
5.207890 631.516000 115.192000
5.224240 656.421000 175.890000
5.241460 661.827000 226.314000
5.257080 605.676000 197.340000
5.273680 634.831000 163.108000
5.306520 648.737000 180.928000
5.322750 661.844000 228.074000
5.339360 664.785000 255.046000
5.355830 660.671000 189.574000
5.372190 760.580000 202.928000
5.404910 806.616000 231.704000
5.421390 792.693000 253.748000
5.437990 794.189000 277.090000
5.454220 787.338000 247.896000
5.470830 776.186000 300.894000
5.487180 774.690000 250.074000
5.503540 786.998000 114.092000
5.520020 759.917000 57.024000
5.536380 756.755000 33.660000
5.552860 628.405000 258.434000
5.569580 619.174000 320.056000
5.585820 624.699000 355.894000
5.602170 553.180000 318.780000
5.618530 603.381000 279.774000
5.635010 598.502000 247.588000
5.651490 579.819000 236.720000
5.667970 574.158000 283.162000
5.685060 577.337000 305.272000
5.700810 587.010000 299.002000
5.717290 588.795000 238.238000
5.733760 588.098000 225.940000
5.750000 570.724000 167.662000
5.766600 562.887000 160.798000
5.782960 561.884000 146.278000
5.799560 594.490000 87.054000
5.815800 631.652000 261.030000
5.832150 629.952000 260.832000
5.848630 624.410000 266.266000
5.865230 629.476000 267.256000
5.881470 629.051000 256.036000
5.898800 646.748000 192.918000
5.914430 632.587000 137.588000
5.930910 627.045000 88.990000
5.947140 628.473000 97.614000
5.963870 611.694000 79.354000
5.979860 615.519000 117.348000
5.996340 638.197000 131.164000
6.012940 637.058000 173.316000
6.029300 639.115000 184.228000
6.045780 618.307000 243.650000
6.308590 887.927000 158.862000
6.325070 892.177000 204.138000
6.341310 721.565000 133.298000
6.357790 699.465000 157.872000
6.374150 701.964000 184.624000
6.390750 681.377000 202.070000
6.407100 700.026000 192.258000
6.423580 698.292000 181.962000
6.440060 723.860000 273.900000
6.456420 754.443000 270.380000
6.472780 755.956000 265.914000
6.489260 749.870000 190.784000
6.505740 746.725000 158.532000
6.522220 741.234000 109.538000
6.538450 716.176000 140.008000
6.554930 692.716000 135.146000
6.571410 699.380000 206.338000
6.587770 743.427000 213.862000
6.604130 735.403000 322.564000
6.620730 737.664000 348.656000
6.637080 739.755000 339.966000
6.653440 752.505000 331.672000
6.669920 750.567000 297.286000
6.686280 745.093000 214.632000
6.702760 736.202000 196.944000
6.719120 736.559000 208.978000
6.735840 735.488000 216.898000
6.752320 736.236000 244.574000
6.768310 737.987000 255.398000
6.784910 753.236000 233.134000
6.801270 741.880000 219.516000
6.817750 736.083000 147.708000
6.834110 863.447000 137.940000
6.850460 849.609000 88.638000
6.883540 823.701000 120.274000
6.899900 806.276000 163.856000
6.916260 807.772000 189.992000
6.932740 814.453000 217.338000
6.948970 796.501000 200.640000
6.965700 794.903000 174.614000
6.982060 793.883000 71.676000
6.998410 779.535000 43.824000
7.031250 795.974000 130.658000
7.047610 840.769000 178.530000
7.064210 841.721000 217.008000
7.080690 796.756000 299.486000
7.097050 809.472000 271.150000
7.113400 810.798000 293.722000
7.129880 790.347000 183.150000
7.146240 770.253000 224.730000
7.162840 771.885000 247.676000
7.179320 786.199000 282.788000
7.195680 826.506000 298.936000
7.212040 826.676000 271.128000
7.228520 811.308000 220.330000
7.245000 799.374000 195.228000
7.261470 796.382000 172.656000
7.277950 868.887000 100.738000
7.294070 874.276000 247.764000
7.310670 876.044000 297.990000
7.327270 915.365000 349.624000
7.343380 881.144000 328.460000
7.359860 880.379000 306.108000
7.376340 897.872000 275.418000
7.392700 911.863000 319.792000
7.409060 912.883000 329.978000
7.425660 851.853000 277.882000
7.442260 872.967000 308.286000
7.458370 871.862000 297.924000
7.474730 905.216000 264.968000
7.491330 919.071000 227.876000
7.524290 889.355000 329.780000
7.540770 899.147000 227.282000
7.557130 899.640000 214.456000
7.573610 924.171000 184.052000
7.590210 880.073000 157.696000
7.606320 879.002000 146.960000
7.622800 880.311000 180.180000
7.639400 883.541000 108.482000
7.655640 884.289000 132.660000
7.672120 887.876000 148.588000
7.688600 869.975000 153.406000
7.705080 870.298000 140.030000
7.721440 865.130000 205.128000
7.737790 843.727000 190.102000
7.755860 843.710000 189.772000
7.770750 877.829000 251.416000
7.787230 868.105000 257.708000
7.820070 871.930000 285.516000
7.836300 869.550000 280.654000
7.852910 868.717000 258.698000
7.869140 878.594000 226.204000
7.885740 882.351000 202.620000
7.918580 857.191000 215.270000
7.935060 870.417000 191.576000
7.951420 869.975000 204.204000
7.967900 970.649000 237.622000
7.984380 964.189000 247.478000
8.000730 964.869000 231.462000
8.017210 977.721000 228.668000
8.033570 975.562000 142.604000
8.049930 975.477000 92.994000
8.066280 950.283000 68.090000
8.082760 951.711000 91.894000
8.099240 951.949000 118.272000
8.115600 936.683000 155.694000
8.132080 956.369000 132.924000
8.164920 974.049000 100.628000
8.181270 958.171000 115.412000
8.197750 957.474000 127.644000
8.214230 944.690000 137.742000
8.230470 928.336000 222.068000
8.247190 930.138000 281.556000
8.263430 977.585000 248.028000
8.279910 973.675000 226.886000
8.296390 974.508000 211.618000
8.312740 990.114000 264.726000
8.329350 981.308000 158.312000
8.345700 980.611000 145.552000
8.362060 991.066000 179.168000
8.378540 1105.646000 126.324000
8.394900 1103.419000 167.904000
8.411380 1072.649000 295.834000
8.427980 1113.024000 366.806000
8.444340 1111.919000 389.774000
8.460450 1080.163000 314.336000
8.477050 1080.469000 324.962000
8.493530 1081.302000 301.664000
8.509890 1084.175000 257.950000
8.526250 1075.998000 272.558000
8.542850 1076.746000 249.414000
8.559080 1066.784000 274.934000
8.575560 1055.972000 300.014000
8.591920 1056.431000 310.090000
8.608520 1035.436000 333.762000
8.624880 1041.301000 311.608000
8.641360 1041.794000 288.662000
8.657960 1040.723000 238.194000
8.674320 1063.588000 202.026000
8.690550 1064.217000 179.102000
8.707150 1035.351000 204.446000
8.723630 815.473000 302.324000
8.739870 816.578000 335.720000
8.756350 654.993000 269.456000
8.772830 647.275000 322.344000
8.789310 646.306000 306.768000
8.805660 635.341000 325.424000
8.822020 622.812000 219.780000
8.838620 618.137000 188.034000
8.854860 625.753000 247.236000
8.871460 604.894000 244.376000
8.887820 611.133000 292.314000
8.904300 640.033000 363.616000
8.920530 621.044000 377.608000
8.937010 623.866000 398.926000
8.953490 637.007000 363.462000
8.970090 636.820000 401.786000
8.986450 639.591000 423.500000
9.002810 628.116000 375.474000
9.019170 626.365000 379.940000
9.052120 647.037000 364.276000
9.347660 858.262000 303.116000
9.364140 823.752000 260.282000
9.380490 821.134000 238.700000
9.396970 567.154000 212.608000
9.413330 593.742000 234.410000
9.429930 588.217000 198.748000
9.446290 594.524000 133.826000
9.462770 579.275000 199.100000
9.479130 583.695000 217.448000
9.495610 588.302000 259.886000
9.512080 573.580000 231.176000
9.528320 575.297000 256.938000
9.544800 543.524000 250.448000
9.561280 582.471000 303.116000
9.577640 582.573000 303.842000
9.594240 548.454000 326.062000
9.610600 600.882000 252.692000
9.627080 597.346000 218.834000
9.643430 597.380000 227.590000
9.659910 589.883000 206.470000
9.676270 590.971000 221.958000
9.692630 605.948000 275.220000
9.709110 591.583000 276.078000
9.725710 591.124000 272.778000
9.742070 676.311000 239.008000
9.758300 658.393000 262.724000
9.791260 651.406000 272.558000
9.807620 675.427000 362.318000
9.824220 678.198000 387.178000
9.840580 631.584000 337.502000
9.856930 646.306000 342.760000
9.889890 675.648000 290.202000
9.906250 680.051000 221.188000
9.922610 682.397000 244.002000
9.939210 648.312000 349.822000
9.955570 666.434000 388.960000
9.988400 674.016000 316.470000
10.004880 665.176000 340.274000
10.021610 662.694000 318.340000
10.037840 630.445000 327.404000
10.054320 683.774000 323.158000
10.070680 681.088000 297.638000
10.087280 659.974000 284.636000
10.103640 642.668000 215.006000
10.136600 676.787000 308.352000
10.155880 722.772000 340.934000
10.169310 724.846000 354.464000
10.185790 764.898000 327.272000
10.202150 736.304000 262.768000
10.218510 734.417000 240.416000
10.235110 691.730000 225.412000
10.251460 719.015000 225.566000
10.268310 721.327000 259.754000
10.284420 744.532000 328.900000
10.300780 732.343000 325.028000
10.317260 734.145000 335.302000
10.333500 716.652000 285.956000
10.350100 716.142000 201.806000
10.366330 714.085000 178.750000
10.382810 735.930000 279.994000
10.399290 752.913000 271.612000
10.415650 750.958000 257.774000
10.432250 702.355000 328.878000
10.448730 717.876000 235.026000
10.464970 719.508000 245.432000
10.484250 720.409000 236.544000
10.497800 708.424000 273.152000
10.514280 706.282000 250.602000
10.530640 743.053000 211.706000
10.547120 704.803000 181.302000
10.579960 792.302000 171.424000
10.596440 772.395000 245.630000
10.612920 775.812000 293.942000
10.629390 769.063000 273.944000
10.645870 779.518000 332.970000
10.678710 777.495000 267.080000
10.694820 758.013000 247.060000
10.711430 756.279000 224.356000
10.727780 757.571000 251.064000
10.744260 757.520000 200.442000
10.777100 794.359000 220.242000
10.793580 830.586000 273.262000
10.812010 831.742000 295.636000
10.826420 845.631000 279.730000
10.842900 847.297000 369.798000
10.859250 844.849000 334.818000
10.875610 843.642000 312.862000
10.892210 810.883000 273.922000
10.908570 810.900000 274.252000
10.925170 834.819000 349.954000
10.941650 864.025000 323.774000
10.958130 865.402000 336.974000
10.974490 872.644000 307.274000
10.990970 857.242000 330.352000
11.007450 856.290000 308.462000
11.023930 849.371000 224.488000
11.040040 862.546000 246.928000
11.056640 863.430000 268.994000
11.072750 948.974000 230.340000
11.089110 934.558000 212.872000
11.105590 933.657000 198.836000
11.122070 951.235000 183.832000
11.138550 951.524000 174.196000
11.171260 961.639000 184.360000
11.187870 935.306000 214.500000
11.204220 936.666000 251.482000
11.220700 949.773000 284.768000
11.237180 933.827000 247.346000
11.253540 933.470000 223.938000
11.269780 908.480000 220.066000
11.286380 884.646000 199.012000
11.302610 883.932000 176.308000
11.319210 908.973000 258.544000
11.335690 920.550000 198.308000
11.368410 912.288000 321.706000
11.384770 911.591000 223.454000
11.401250 912.662000 231.088000
11.417600 1075.981000 236.126000
11.434330 1045.024000 99.968000
11.450560 1044.361000 87.296000
11.468630 1040.587000 163.306000
11.483760 1039.601000 155.518000
11.500000 1039.533000 159.742000
11.516480 1023.740000 180.180000
11.532840 1068.348000 201.080000
11.549320 1069.113000 174.526000
11.565670 1033.022000 131.274000
11.582150 1060.256000 71.654000
11.598630 1059.253000 84.524000
11.615110 1016.821000 197.538000
11.631350 1059.797000 221.188000
11.647830 1059.440000 258.192000
11.664180 1062.007000 276.606000
11.680660 1096.891000 278.498000
11.697140 1095.786000 290.730000
11.713750 1120.028000 329.472000
11.729980 1133.968000 333.652000
11.746340 1131.452000 379.500000
11.762820 1106.326000 404.184000
11.779300 1143.505000 384.076000
11.796750 1144.848000 361.240000
11.812260 1100.988000 330.220000
11.828490 1112.837000 313.698000
11.844970 1116.458000 251.218000
11.861330 1086.810000 212.322000
11.877930 1045.330000 160.754000
11.894410 1044.395000 173.140000
11.910890 579.207000 297.902000
11.927370 589.747000 275.396000
11.943730 599.454000 346.346000
11.959960 635.528000 350.262000
11.976320 617.950000 394.746000
11.992920 614.295000 360.932000
12.009400 592.059000 374.880000
12.028810 583.406000 331.694000
12.042600 577.252000 288.596000
12.058720 571.642000 222.794000
12.074830 575.433000 271.282000
12.107670 633.692000 292.754000
12.370850 833.697000 338.448000
12.387080 836.145000 358.578000
12.403560 618.919000 358.292000
12.419920 662.949000 335.742000
12.436280 663.425000 347.864000
12.452760 699.142000 359.238000
12.469240 684.216000 330.814000
12.485720 681.071000 293.810000
12.502080 686.375000 304.458000
12.518430 704.905000 309.100000
12.534910 703.137000 299.332000
12.551390 674.084000 331.210000
12.567750 695.606000 346.280000
12.584350 702.083000 402.336000
12.600830 723.452000 417.626000
12.617070 706.418000 450.802000
12.633540 704.208000 429.616000
12.649900 685.066000 381.238000
12.666500 716.244000 311.652000
12.682740 714.510000 302.170000
12.699340 657.662000 465.344000
12.715700 655.486000 516.230000
12.732060 659.957000 545.710000
12.748540 619.514000 510.818000
12.764890 610.198000 480.348000
12.781370 604.503000 446.644000
12.797850 614.924000 468.996000
12.814090 563.992000 468.314000
12.830930 567.205000 488.312000
12.847050 615.893000 533.654000
12.863400 608.447000 557.788000
12.879880 611.150000 570.196000
12.896610 602.922000 486.398000
12.912960 574.702000 463.100000
12.929320 569.262000 433.466000
12.945680 600.032000 441.848000
12.961910 606.985000 472.010000
12.978640 608.515000 468.798000
12.995240 607.393000 439.054000
13.013060 581.621000 359.304000
13.028080 576.929000 337.832000
13.044680 627.232000 369.842000
13.060790 610.028000 415.778000
13.077390 616.216000 460.548000
13.093630 607.087000 552.618000
13.111940 623.033000 561.836000
13.126590 622.387000 551.100000
13.142940 607.869000 452.980000
13.159300 591.804000 441.958000
13.175780 590.886000 428.670000
13.191890 610.793000 407.242000
13.208500 601.205000 404.558000
13.224850 596.105000 380.204000
13.241460 703.205000 409.178000
13.257930 694.467000 455.422000
13.274290 694.178000 445.302000
13.290530 710.447000 387.794000
13.307010 669.511000 386.430000
13.323490 669.851000 389.444000
13.339840 693.430000 454.322000
13.356450 709.393000 381.414000
13.372800 712.113000 416.482000
13.389160 685.882000 528.396000
13.405640 688.721000 514.690000
13.422120 691.033000 534.886000
13.438480 578.391000 469.414000
13.455080 556.240000 498.542000
13.471310 559.606000 518.672000
13.487790 564.995000 531.784000
13.504270 599.726000 525.976000
13.537110 540.005000 441.166000
13.553590 538.084000 479.072000
13.569950 537.047000 467.654000
13.586430 552.262000 468.028000
13.602780 533.239000 518.144000
13.619140 525.470000 474.540000
13.635740 644.062000 359.194000
13.652100 594.915000 317.570000
13.668460 592.093000 297.000000
13.684940 633.165000 309.826000
13.701290 625.872000 320.826000
13.717650 629.595000 356.664000
13.734250 617.134000 350.966000
13.750490 618.137000 346.874000
13.766970 623.764000 389.862000
13.783810 688.840000 404.756000
13.799930 663.034000 400.972000
13.816530 662.439000 389.114000
13.832760 667.811000 380.820000
13.849240 690.472000 291.126000
13.865600 686.494000 258.764000
13.882810 666.485000 268.444000
13.898440 700.655000 267.476000
13.914790 700.332000 264.110000
13.931400 686.409000 269.456000
13.947880 664.530000 262.702000
13.980470 683.808000 272.624000
13.997070 714.340000 300.674000
14.013550 716.737000 326.238000
14.029910 681.683000 349.294000
14.046260 701.114000 344.366000
14.062740 703.307000 366.102000
14.079220 680.034000 399.960000
14.095700 704.599000 453.706000
14.112060 704.344000 441.958000
14.128420 679.830000 412.126000
14.145020 712.572000 371.602000
14.161500 710.464000 350.108000
14.177730 669.341000 365.288000
14.194210 680.493000 331.078000
14.211910 682.822000 352.682000
14.227050 667.539000 368.808000
14.243530 715.598000 426.690000
14.260010 711.110000 381.260000
14.276490 680.493000 277.882000
14.292720 676.770000 166.474000
14.309200 677.161000 178.530000
14.325680 712.844000 247.808000
14.342040 670.990000 290.356000
14.358400 675.835000 326.634000
14.374880 645.490000 291.434000
14.391480 631.584000 287.122000
14.407710 626.178000 243.122000
14.424190 644.045000 255.244000
14.440800 627.266000 233.024000
14.473630 649.162000 230.604000
14.489990 640.441000 215.182000
14.506470 643.637000 249.282000
14.522710 695.759000 277.332000
14.539180 700.774000 305.580000
14.555660 702.491000 315.788000
14.572020 811.750000 250.492000
14.588500 808.214000 278.762000
14.604980 806.871000 256.278000
14.621460 797.640000 233.002000
14.637820 784.890000 191.862000
14.654170 784.941000 204.446000
14.670780 836.332000 262.130000
14.687010 839.205000 231.088000
14.703610 840.293000 254.298000
14.719850 805.392000 324.588000
14.736450 823.718000 374.902000
14.769170 798.116000 344.036000
14.785640 918.935000 375.122000
14.818360 903.210000 259.886000
14.834840 904.570000 251.856000
14.851440 905.165000 275.352000
14.867680 911.421000 287.562000
14.884280 907.528000 360.910000
14.900760 907.460000 325.864000
14.916990 899.062000 276.166000
14.933590 880.804000 221.540000
14.949950 878.985000 188.056000
14.966430 882.062000 235.972000
14.982790 883.286000 212.608000
14.999150 884.034000 235.818000
15.015630 913.121000 280.962000
15.031980 906.661000 281.424000
15.048580 907.732000 291.698000
15.064820 903.567000 242.682000
15.081300 899.317000 250.690000
15.097780 898.688000 227.370000
15.114140 872.933000 170.566000
15.130620 880.141000 168.146000
15.147090 878.985000 157.784000
15.163570 891.191000 164.670000
15.179810 888.216000 177.782000
15.196290 889.236000 188.650000
15.212770 903.448000 193.358000
15.229250 899.453000 195.272000
15.245610 898.399000 184.646000
15.262080 884.119000 103.026000
15.278690 1021.717000 210.210000
15.294800 1021.972000 244.200000
15.311280 1033.770000 214.654000
15.327760 1035.776000 264.814000
15.344240 1036.949000 249.524000
15.360600 1039.805000 179.278000
15.377080 1068.144000 117.304000
15.393430 1066.461000 117.326000
15.409910 1033.277000 152.614000
15.426390 1037.221000 236.984000
15.442870 1037.714000 252.032000
15.459350 1058.369000 225.236000
15.475590 1071.748000 201.894000
15.491940 1073.142000 155.034000
15.508540 1070.354000 151.228000
15.524900 1075.862000 173.360000
15.541500 1074.757000 186.164000
15.557860 1060.834000 162.932000
15.574100 1023.995000 202.224000
15.590700 1024.488000 213.026000
15.607300 997.339000 260.502000
15.623540 978.248000 210.276000
15.639890 978.231000 187.066000
15.656250 1028.806000 216.392000
15.672850 1006.689000 220.792000
15.689210 1005.856000 233.112000
15.705440 977.891000 313.170000
15.721920 997.441000 297.726000
15.740720 997.135000 342.584000
15.755000 998.461000 381.084000
15.771240 1022.533000 548.702000
16.034180 1019.031000 658.174000
16.050660 686.171000 308.330000
16.067020 693.583000 311.454000
16.083370 690.982000 276.958000
16.099980 699.023000 244.156000
16.116330 713.915000 233.662000
16.132690 714.119000 245.234000
16.149170 669.885000 246.554000
16.165650 725.441000 325.094000
16.182010 727.481000 347.710000
16.198490 734.451000 297.726000
16.214970 678.878000 287.540000
16.247680 700.621000 286.726000
16.264040 702.168000 357.566000
16.297120 671.891000 285.494000
16.313600 698.819000 296.736000
16.329830 696.609000 274.406000
16.346310 589.339000 257.972000
16.362670 598.961000 296.076000
16.395510 624.937000 257.686000
16.411990 608.634000 224.774000
16.444820 607.563000 288.156000
16.461300 610.929000 235.136000
16.477660 610.232000 223.058000
16.494020 649.162000 177.474000
16.510620 634.661000 153.956000
16.526860 632.009000 130.812000
16.543460 646.238000 154.572000
16.559940 736.593000 181.962000
16.576170 738.650000 216.722000
16.592650 759.271000 238.524000
16.609130 770.270000 253.330000
16.625730 770.015000 249.854000
16.641970 745.365000 201.256000
16.658450 750.771000 156.904000
16.674930 748.816000 106.414000
16.691040 718.590000 205.920000
16.707640 739.279000 188.408000
16.724370 738.106000 191.906000
16.740720 747.762000 169.576000
16.756960 781.218000 142.318000
16.773440 782.748000 166.100000
16.789790 778.056000 192.698000
16.806150 765.204000 158.906000
16.822880 763.334000 132.330000
16.839230 762.331000 180.092000
16.855470 724.880000 231.308000
16.871950 727.107000 256.828000
16.888310 746.997000 249.810000
16.904790 742.186000 202.048000
16.921260 745.909000 238.810000
16.937620 791.061000 278.190000
16.953980 800.020000 188.980000
16.970950 798.609000 150.018000
16.987180 778.243000 211.398000
17.003540 761.073000 182.996000
17.020140 759.169000 156.882000
17.036500 749.564000 129.602000
17.053100 692.903000 415.140000
17.069340 690.404000 391.798000
17.085820 680.204000 353.188000
17.102290 657.441000 288.772000
17.118650 657.951000 301.906000
17.135010 652.766000 319.990000
17.151610 666.060000 449.570000
17.169680 674.067000 516.648000
17.184200 683.332000 506.594000
17.200680 699.465000 544.412000
17.233280 711.467000 514.008000
17.249760 706.605000 490.886000
17.266240 702.372000 458.062000
17.282710 679.133000 453.750000
17.299070 671.534000 497.552000
17.315550 673.914000 517.440000
17.331910 600.542000 503.844000
17.348270 623.067000 579.436000
17.364750 625.056000 578.314000
17.381350 628.881000 499.598000
17.397710 588.591000 420.112000
17.414060 583.049000 389.268000
17.430540 588.948000 461.912000
17.446780 599.998000 491.150000
17.463260 604.197000 525.382000
17.479740 565.182000 534.776000
17.496220 618.239000 580.822000
17.512570 620.398000 589.776000
17.529050 606.747000 606.056000
17.545650 620.755000 917.774000
17.841190 912.832000 547.008000
17.874020 658.325000 512.314000
17.890630 670.480000 650.188000
17.906860 670.514000 650.474000
17.923340 645.269000 623.370000
17.939820 654.160000 550.396000
17.956300 651.559000 530.398000
17.972900 694.382000 486.002000
17.989260 684.522000 506.836000
18.005740 681.802000 483.252000
18.022090 672.265000 496.012000
18.039920 671.177000 454.850000
18.071170 663.731000 503.866000
18.087770 678.742000 470.008000
18.104000 682.856000 490.248000
18.120610 662.949000 496.166000
18.136960 685.253000 489.720000
18.153440 680.765000 458.348000
18.169800 683.298000 413.292000
18.186160 677.773000 382.932000
18.202640 678.198000 386.716000
18.219120 682.159000 571.472000
18.235470 655.146000 561.440000
18.268430 680.051000 539.990000
18.284790 658.155000 453.574000
18.301270 658.580000 464.838000
18.317630 664.530000 543.730000
18.333980 671.024000 562.804000
18.350460 673.472000 582.560000
18.366940 676.090000 578.930000
18.383180 689.860000 594.484000
18.416260 672.299000 509.630000
18.432740 649.638000 631.246000
18.465450 683.247000 666.160000
18.482180 656.880000 663.828000
18.498660 656.285000 653.554000
18.515140 702.559000 558.976000
18.531620 722.058000 593.846000
18.547970 718.097000 562.848000
18.564450 689.180000 524.612000
18.580690 696.728000 510.796000
18.597290 700.536000 526.394000
18.613770 715.802000 515.482000
18.630130 723.911000 513.766000
18.646360 724.234000 536.624000
18.662960 711.144000 567.380000
18.679440 720.528000 595.012000
18.695800 725.067000 638.198000
18.712160 729.691000 668.316000
18.728520 714.799000 676.654000
18.745000 712.606000 657.228000
18.761350 680.068000 569.184000
18.777710 585.497000 568.546000
18.794190 580.601000 524.810000
18.810550 604.214000 384.758000
18.827030 573.274000 409.332000
18.843510 564.910000 365.068000
18.859860 587.367000 308.308000
18.876220 592.824000 355.476000
18.892700 601.239000 409.706000
18.909180 576.283000 492.734000
18.925660 608.379000 518.474000
18.942140 611.762000 541.398000
18.958500 606.305000 501.842000
18.974980 597.601000 486.398000
18.991460 598.553000 497.376000
19.007810 610.096000 442.112000
19.024540 608.226000 440.902000
19.040650 610.368000 450.846000
19.057010 581.587000 518.936000
19.073240 596.139000 480.502000
19.089970 590.699000 450.186000
19.106080 579.530000 499.840000
19.122800 604.214000 549.824000
19.139160 602.582000 527.164000
19.155520 631.227000 492.756000
19.172120 647.972000 392.502000
19.188350 643.535000 372.108000
19.204960 668.032000 413.512000
19.221310 668.389000 483.824000
19.237790 670.837000 504.306000
19.254390 673.319000 472.868000
19.270510 652.970000 421.080000
19.287110 652.307000 410.146000
19.303340 675.614000 299.794000
19.319820 638.197000 391.226000
19.336300 639.251000 405.438000
19.353030 666.145000 464.970000
19.369380 667.131000 636.614000
19.648440 682.720000 775.302000
19.664920 686.783000 774.356000
19.697630 663.459000 811.932000
19.714230 665.431000 793.210000
19.730590 664.326000 772.442000
19.747070 588.455000 723.668000
19.763430 618.443000 750.244000
19.779910 613.989000 732.798000
19.796390 619.055000 761.442000
19.812620 610.844000 803.770000
19.829220 620.075000 858.022000
19.845460 647.224000 812.416000
19.861940 640.390000 840.334000
19.878300 637.109000 819.764000
19.896730 649.706000 816.882000
19.911380 629.901000 754.402000
19.927730 623.968000 716.496000
19.944210 628.949000 674.278000
19.960690 615.876000 635.888000
19.993410 614.125000 697.730000
20.009890 629.816000 696.190000
20.026250 632.961000 716.804000
20.042720 646.425000 756.052000
20.059330 653.939000 783.860000
20.075560 658.852000 812.262000
20.091920 647.156000 779.306000
20.108400 611.983000 818.092000
20.124880 608.940000 800.404000
20.141360 797.538000 747.054000
20.157590 853.995000 625.966000
20.174070 853.026000 607.134000
20.190430 833.374000 664.202000
20.206790 826.965000 631.092000
20.239990 863.821000 644.160000
20.256230 898.535000 671.176000
20.272710 898.144000 681.494000
20.289180 890.426000 732.666000
20.305540 890.222000 751.036000
20.321900 890.494000 738.012000
20.338260 885.462000 677.688000
20.354980 859.622000 610.324000
20.371340 858.704000 591.580000
20.387700 861.050000 601.062000
20.404170 857.514000 649.308000
20.437010 803.811000 703.428000
20.453610 792.999000 647.482000
20.486330 782.476000 684.288000
20.502440 773.568000 619.652000
20.519040 775.540000 651.508000
20.535520 783.734000 695.134000
20.551880 784.856000 721.050000
20.568480 786.284000 729.124000
20.584960 782.986000 755.480000
20.601200 778.600000 605.198000
20.617680 778.583000 615.230000
20.634160 804.304000 850.674000
20.929930 909.262000 1003.794000
20.946410 900.711000 890.120000
20.962770 898.586000 873.642000
20.979130 636.650000 819.786000
20.995480 625.141000 786.522000
21.011960 618.239000 737.924000
21.028440 618.953000 790.482000
21.045170 651.372000 745.316000
21.061280 645.915000 708.092000
21.077640 629.884000 723.558000
21.094120 629.918000 689.524000
21.110600 632.944000 709.522000
21.126950 653.446000 839.190000
21.143430 627.317000 839.564000
21.159790 630.479000 858.660000
21.176270 657.577000 864.094000
21.192750 637.993000 839.960000
21.225590 637.041000 857.054000
21.241940 577.439000 734.712000
21.258300 574.702000 724.262000
21.274660 599.233000 749.738000
21.291260 608.668000 668.294000
21.307740 608.243000 665.588000
21.324100 595.374000 707.916000
21.340580 595.255000 733.986000
21.356930 598.723000 754.204000
21.373290 633.505000 802.098000
21.389650 615.434000 819.324000
21.406250 617.338000 818.686000
21.424070 603.721000 786.478000
21.439210 565.556000 703.032000
21.455570 563.754000 703.252000
21.471920 652.851000 783.134000
21.488400 642.617000 812.460000
21.504760 647.734000 841.192000
21.521120 634.185000 1029.358000
21.537600 647.853000 1059.762000
21.554080 645.660000 1052.964000
21.570310 682.312000 1061.478000
21.586790 691.475000 1113.772000
21.603640 696.303000 1143.868000
21.619870 630.785000 1138.742000
21.636350 656.761000 1171.544000
21.654170 653.310000 1148.708000
21.669310 631.652000 1026.850000
21.685670 607.903000 980.056000
21.702150 602.684000 957.264000
21.718630 749.632000 937.728000
21.734740 739.517000 957.990000
21.751340 741.251000 965.382000
21.767700 737.647000 843.260000
21.784060 745.484000 962.632000
21.800660 743.614000 946.616000
21.817140 758.149000 864.622000
21.833620 774.707000 856.900000
21.849980 776.356000 882.772000
21.869020 719.865000 967.802000
21.882930 745.161000 998.294000
21.899410 746.793000 1005.862000
21.915770 765.272000 1007.688000
21.932250 769.284000 937.684000
21.948610 766.003000 914.012000
21.964840 688.602000 765.204000
21.983150 631.499000 755.392000
21.997680 636.242000 781.176000
22.014160 707.064000 789.624000
22.030880 686.086000 788.832000
22.047490 684.233000 780.670000
22.063600 660.093000 776.754000
22.079960 675.733000 769.516000
22.096310 675.172000 759.924000
22.112920 664.309000 714.010000
22.129390 648.465000 715.946000
22.145630 645.830000 697.818000
22.162350 650.335000 671.418000
22.178590 670.871000 650.540000
22.211430 650.777000 658.460000
22.227660 639.319000 774.026000
22.244020 636.242000 754.094000
22.260620 641.801000 651.266000
22.276980 628.626000 638.506000
22.309810 605.727000 638.242000
22.326420 638.418000 693.682000
22.342650 641.478000 714.252000
22.359130 629.935000 717.948000
22.375490 658.529000 778.470000
22.410030 648.006000 704.374000
22.425050 646.867000 760.166000
22.457520 636.038000 693.638000
22.474000 664.207000 608.124000
22.490600 661.385000 586.454000
22.506840 617.831000 628.496000
22.523440 630.972000 623.348000
22.539790 631.567000 633.116000
22.556270 611.014000 705.848000
22.572510 617.780000 770.682000
22.589230 626.195000 816.222000
22.605590 623.186000 811.866000
22.621950 603.857000 777.392000
22.638310 600.763000 759.374000
22.654790 606.016000 816.794000
22.671140 625.923000 814.066000
22.687620 623.135000 797.170000
22.704220 599.250000 784.476000
22.720460 615.502000 763.246000
22.753300 604.146000 758.582000
22.769780 595.799000 737.528000
22.802610 610.640000 728.244000
22.819210 623.288000 747.692000
22.835570 620.772000 736.736000
22.852290 618.953000 711.458000
22.868410 587.112000 751.630000
22.884770 593.198000 786.104000
22.901120 569.143000 890.076000
22.917720 615.264000 34.452000
23.180420 620.228000 62.326000
23.196780 668.525000 700.744000
23.213260 679.405000 706.574000
23.229610 676.481000 677.820000
23.246220 630.258000 670.120000
23.262570 517.531000 619.674000
23.279420 514.964000 610.742000
23.295290 542.555000 671.902000
23.311890 545.037000 653.576000
23.328130 548.522000 672.342000
23.344730 547.434000 650.672000
23.360960 546.448000 683.386000
23.394040 596.105000 756.932000
23.410400 585.701000 643.676000
23.426760 588.846000 662.552000
23.443240 565.726000 737.704000
23.459590 590.529000 778.976000
23.476070 589.475000 769.054000
23.492550 564.978000 761.332000
23.509030 522.988000 704.594000
23.525390 516.834000 678.150000
23.541750 546.312000 621.742000
23.558350 535.466000 642.312000
23.574580 539.002000 661.166000
23.591190 586.194000 689.744000
23.608150 619.446000 726.264000
23.624150 620.500000 723.536000
23.640380 576.453000 667.128000
23.656980 612.357000 684.706000
23.673220 607.869000 666.028000
23.689820 627.997000 648.670000
23.706300 630.445000 672.320000
23.723630 633.709000 694.254000
23.739140 616.760000 680.218000
23.755490 654.891000 686.334000
23.788330 603.823000 674.718000
23.804690 700.791000 660.968000
23.837650 845.257000 748.616000
23.854130 855.474000 735.416000
23.886720 865.436000 801.548000
23.903320 888.233000 741.224000
23.919800 888.675000 730.972000
23.937380 873.851000 737.704000
23.952640 900.558000 686.950000
23.969120 899.521000 678.744000
23.985600 873.511000 831.578000
24.001950 863.107000 727.122000
24.018310 864.025000 745.580000
24.034790 830.314000 807.202000
24.051150 794.206000 788.194000
24.084110 834.989000 721.820000
24.100460 835.941000 743.314000
24.116940 834.717000 711.656000
24.133420 836.264000 745.646000
24.149660 824.075000 700.062000
24.166380 822.749000 691.834000
24.182620 804.593000 676.764000
24.198970 767.805000 696.696000
24.215580 771.358000 736.384000
24.231930 589.288000 722.172000
24.248290 616.012000 713.658000
24.265630 612.612000 692.340000
24.281490 590.733000 759.022000
24.297730 573.529000 719.664000
24.330570 578.476000 673.134000
24.346920 602.752000 632.060000
24.363400 605.387000 643.830000
24.381100 602.157000 679.778000
24.396240 551.021000 691.042000
24.412720 548.624000 682.660000
24.429080 616.760000 761.904000
24.445560 578.272000 713.966000
24.461790 580.584000 722.590000
24.478390 593.538000 814.902000
24.494870 655.146000 748.286000
24.511350 653.055000 740.234000
24.527590 631.125000 756.998000
24.544070 648.125000 807.796000
24.560550 650.794000 825.286000
24.576780 607.801000 818.334000
24.593870 608.090000 769.384000
24.609860 606.611000 747.406000
24.626220 620.160000 700.370000
24.642580 606.866000 700.040000
24.659060 602.038000 682.660000
24.675420 629.765000 719.268000
24.691890 724.064000 838.838000
24.708370 728.433000 875.732000
24.724730 681.972000 731.126000
24.741330 681.921000 771.430000
24.774050 727.923000 772.398000
24.790530 726.801000 849.090000
24.807010 728.841000 866.250000
24.823240 732.734000 792.836000
24.839840 754.358000 814.770000
24.872680 785.536000 805.794000
24.889040 812.855000 833.228000
24.905520 809.897000 785.246000
24.922120 782.374000 671.506000
24.938480 798.626000 639.848000
24.954830 795.719000 610.214000
24.971190 783.751000 658.856000
24.987670 770.168000 703.362000
25.003780 775.013000 749.584000
25.020510 759.288000 698.852000
25.036870 750.499000 706.728000
25.053340 750.788000 709.500000
25.069820 754.256000 676.148000
25.086180 775.744000 689.766000
25.102540 774.350000 681.582000
25.119140 767.669000 716.848000
25.135500 772.293000 779.966000
25.151730 773.942000 797.830000
25.168460 758.472000 780.582000
25.184810 777.580000 763.224000
25.201170 778.991000 771.254000
25.217530 786.063000 781.836000
25.234130 792.710000 811.228000
25.250490 789.429000 772.706000
25.266850 793.169000 657.360000
25.283330 750.193000 606.276000
25.299800 748.357000 576.202000
25.316280 784.431000 614.196000
25.332520 812.872000 579.348000
25.349120 812.889000 590.656000
25.365480 802.009000 689.568000
25.381960 782.561000 701.382000
25.398320 785.791000 739.926000
25.414670 768.128000 778.866000
25.431030 776.390000 777.876000
25.447750 776.560000 787.710000
25.464110 808.486000 777.458000
25.480590 832.388000 748.880000
25.496950 832.439000 739.112000
25.513310 822.035000 709.500000
25.529660 824.636000 675.664000
25.546140 823.412000 656.964000
25.562620 818.312000 651.750000
25.578980 810.883000 737.440000
25.611940 790.517000 702.548000
25.628300 850.612000 629.728000
25.661010 838.542000 631.312000
25.677730 836.621000 658.064000
25.694460 835.346000 636.658000
25.710570 811.053000 597.036000
25.726810 792.914000 611.512000
25.743410 792.880000 621.610000
25.759640 819.740000 630.300000
25.776250 852.907000 708.840000
25.792600 855.219000 738.474000
25.808960 831.147000 709.258000
25.825440 853.366000 703.274000
25.841920 853.094000 713.372000
25.858280 845.563000 974.864000
25.874630 803.335000 985.710000
25.891110 804.797000 1002.188000
25.907590 858.891000 1010.724000
25.924070 815.235000 980.386000
25.940430 813.960000 955.328000
25.956910 810.339000 900.922000
25.973270 851.887000 866.140000
25.989870 851.717000 874.962000
26.006230 835.108000 957.330000
26.024540 808.010000 970.640000
26.039060 810.798000 1003.640000
26.055420 721.310000 1031.338000
26.072020 767.652000 990.704000
26.104740 760.410000 1065.174000
26.121220 753.355000 1030.172000
26.137700 751.451000 1014.046000
26.154050 782.272000 956.956000
26.170410 771.562000 964.524000
26.186770 769.556000 939.202000
26.203370 731.119000 998.382000
26.219850 743.886000 1012.066000
26.236210 743.869000 1011.824000
26.252690 795.039000 962.368000
26.268920 777.699000 1017.808000
26.302000 734.757000 932.272000
26.318360 747.473000 930.336000
26.334840 745.654000 914.320000
26.351200 750.924000 805.838000
26.367680 802.400000 878.196000
26.400630 773.942000 885.830000
26.416990 757.588000 859.188000
26.433470 755.582000 839.960000
26.449710 770.967000 792.220000
26.466190 760.410000 820.798000
26.482670 758.489000 801.768000
26.499020 763.759000 841.918000
26.515380 754.239000 689.920000
26.548340 783.870000 750.222000
26.564820 795.549000 844.734000
26.843870 820.029000 705.496000
26.860470 794.920000 809.072000
26.876710 796.518000 828.102000
26.893430 801.720000 788.832000
26.910030 828.716000 804.188000
26.926150 829.991000 833.184000
26.942500 809.302000 897.710000
26.959110 771.766000 919.424000
26.975340 773.415000 926.838000
26.992190 767.958000 931.018000
27.008420 750.550000 961.598000
27.024660 750.856000 969.914000
27.041260 730.830000 967.340000
27.057620 732.462000 1056.000000
27.074100 734.077000 1063.172000
27.090580 736.321000 1038.730000
27.106930 784.601000 982.058000
27.123410 781.456000 950.246000
27.140140 708.934000 933.350000
27.156250 750.295000 903.980000
27.189450 756.568000 869.000000
27.205690 784.397000 896.632000
27.238530 802.298000 877.118000
27.255000 778.396000 972.774000
27.271360 780.130000 996.908000
27.287960 792.302000 868.428000
27.304200 791.197000 1026.850000
27.320920 792.829000 1023.484000
27.337040 761.855000 937.288000
27.353390 788.528000 845.944000
27.369870 783.802000 812.636000
27.386110 783.343000 864.182000
27.402590 786.522000 961.048000
27.419190 787.967000 968.792000
27.435420 756.228000 949.036000
27.451900 746.113000 909.084000
27.468260 744.481000 901.714000
27.484740 782.170000 884.796000
27.501220 836.655000 931.304000
27.517580 839.069000 966.548000
27.534060 836.672000 1008.326000
27.552730 834.377000 972.026000
27.583370 836.995000 1004.256000
27.599730 851.853000 970.772000
27.632690 862.087000 1006.346000
27.648930 856.426000 998.888000
27.681880 836.094000 938.762000
27.698360 838.508000 1015.696000
27.714840 837.199000 997.326000
27.731200 818.516000 893.068000
27.747680 832.592000 877.470000
27.780520 820.029000 979.836000
27.796880 793.118000 926.112000
27.813350 794.852000 945.186000
27.829830 757.996000 933.922000
27.846070 797.742000 979.484000
27.862670 796.042000 960.784000
27.878910 751.230000 962.302000
27.895630 762.603000 795.058000
27.911870 764.150000 802.648000
27.928340 757.299000 864.072000
27.944700 727.464000 932.382000
27.961180 725.696000 924.726000
27.977660 775.285000 834.152000
27.993900 703.001000 934.802000
28.010500 703.035000 935.044000
28.026980 632.315000 976.954000
28.043330 575.314000 954.074000
28.059690 581.451000 979.902000
28.076170 577.915000 1001.132000
28.092530 628.201000 975.854000
28.109130 625.260000 959.640000
28.125610 567.749000 909.524000
28.141850 554.761000 908.666000
28.174680 621.639000 1022.076000
28.191160 603.381000 930.292000
28.223880 588.676000 908.204000
28.240360 618.868000 904.948000
28.256960 616.947000 897.556000
28.273320 692.291000 832.436000
28.289790 690.965000 946.330000
28.306030 692.784000 954.360000
28.322510 690.965000 869.902000
28.338990 665.839000 872.278000
28.355350 663.935000 864.512000
28.371830 690.472000 872.124000
28.388310 656.999000 894.212000
28.404540 661.606000 918.192000
28.421140 679.881000 981.178000
28.437620 701.352000 938.476000
28.454100 699.040000 921.844000
28.470340 713.303000 946.902000
28.486940 679.354000 916.982000
28.503300 677.671000 909.656000
28.798950 738.242000 998.668000
28.815430 664.700000 1059.608000
28.831910 666.502000 1027.928000
28.848270 665.890000 1019.436000
28.865720 656.710000 1049.048000
28.881100 682.482000 1017.896000
28.897580 677.671000 986.964000
28.914060 668.049000 948.992000
28.930420 622.965000 1001.594000
28.946780 625.770000 1016.686000
28.963380 649.298000 1010.614000
28.979740 616.012000 1051.248000
29.012570 579.972000 1199.726000
29.028930 600.253000 1006.588000
29.045290 597.227000 991.408000
29.061890 595.272000 1102.552000
29.078250 569.976000 1084.996000
29.094850 573.223000 1099.318000
29.111210 619.429000 1151.788000
29.127560 574.192000 1105.830000
29.160280 591.379000 1108.162000
29.177000 571.132000 1089.154000
29.193240 567.868000 1074.722000
29.209840 718.318000 1117.182000
29.226200 785.111000 1107.238000
29.242550 785.247000 1114.916000
29.258910 789.905000 1121.054000
29.275390 793.118000 1148.400000
29.291990 794.631000 1162.920000
29.308230 752.607000 1183.182000
29.324830 783.649000 1152.866000
29.341190 785.128000 1159.136000
29.357540 785.604000 1240.008000
29.374020 796.586000 1275.758000
29.390260 793.424000 1254.308000
29.406860 777.801000 1174.162000
29.423340 699.890000 1117.864000
29.439820 697.017000 1093.642000
29.456180 725.424000 1073.248000
29.472530 715.207000 955.526000
29.489140 715.513000 957.836000
29.505490 708.390000 1059.124000
29.521730 752.760000 1136.718000
29.538330 753.083000 1144.726000
29.554690 710.617000 1093.730000
29.571170 766.207000 1137.576000
29.587400 767.618000 1144.264000
29.604000 551.497000 1020.668000
29.620480 557.719000 1088.208000
29.636960 561.595000 1104.730000
29.653320 572.424000 1185.646000
29.669800 565.624000 1062.072000
29.702510 582.556000 1084.864000
29.718990 543.082000 1136.058000
29.735350 539.580000 1122.066000
29.751830 530.043000 1111.330000
29.768310 586.228000 1079.364000
29.801150 574.430000 1054.438000
29.817750 583.151000 1061.500000
29.850460 623.050000 1055.296000
29.866820 659.855000 1034.462000
29.899780 681.819000 1115.664000
29.916020 691.526000 1075.184000
29.932620 693.804000 1089.726000
29.948970 715.343000 1129.502000
29.965450 700.825000 1091.904000
29.998290 719.525000 1182.148000
30.014650 688.432000 1065.878000
30.031130 683.434000 1033.956000
30.047490 671.228000 981.222000
30.063960 691.832000 1032.196000
30.080440 694.399000 1054.680000
30.096920 748.850000 1210.616000
30.113280 716.465000 1193.940000
30.129880 718.658000 1208.218000
30.146240 681.989000 1120.812000
30.162600 684.488000 1138.808000
30.178960 681.717000 1117.182000
30.195430 685.117000 1181.774000
30.211790 563.414000 1079.936000
30.228390 563.924000 1082.114000
30.244750 608.141000 1173.832000
30.261110 555.373000 1039.126000
30.277340 556.325000 1047.222000
30.294070 617.542000 1154.626000
30.310300 607.308000 1202.718000
30.326900 610.385000 1216.578000
30.343380 630.989000 1177.814000
30.359860 637.619000 1157.398000
30.392460 640.611000 1198.648000
30.409060 609.076000 1241.812000
30.425420 608.396000 1234.838000
30.441890 643.263000 1171.192000
30.458130 688.619000 1191.234000
30.474730 683.519000 1161.358000
30.491090 630.564000 976.514000
30.507570 654.687000 1145.804000
30.523930 657.186000 1159.268000
30.540280 695.181000 1175.636000
30.556760 649.400000 1152.536000
30.573240 652.528000 1168.904000
30.589600 627.028000 1162.854000
30.606200 665.227000 1108.294000
30.622440 665.635000 1116.588000
30.638920 694.484000 1144.396000
30.655270 674.118000 1199.528000
30.671880 679.252000 1227.974000
30.688350 676.413000 1261.788000
30.704710 700.655000 1267.156000
30.722900 698.258000 1253.318000
30.737550 629.442000 1254.132000
30.753910 631.091000 1289.926000
30.770390 628.167000 1276.748000
30.786990 669.324000 1243.638000
30.803100 632.145000 1151.986000
30.819700 635.001000 1166.330000
30.836060 652.290000 1255.034000
30.852660 652.205000 1314.830000
30.868900 651.576000 1307.988000
30.885500 631.278000 1224.916000
30.901860 642.481000 1151.260000
30.918210 633.777000 1106.292000
30.934690 600.695000 1090.364000
30.951170 599.913000 1134.936000
30.984010 587.996000 1088.054000
31.000490 585.140000 1075.492000
31.016970 588.744000 1092.168000
31.033450 620.262000 1076.636000
31.049800 607.784000 1104.730000
31.082520 603.007000 1126.554000
31.099000 610.657000 1137.774000
31.131840 752.641000 1168.772000
31.148320 829.090000 1128.028000
31.181030 859.673000 1169.278000
31.197630 881.501000 1138.830000
31.230470 864.331000 1093.268000
31.246830 862.665000 1115.642000
31.263310 862.376000 1123.804000
31.279790 847.977000 1117.930000
31.296020 841.721000 1106.094000
31.312620 844.084000 1127.720000
31.328980 846.158000 1256.376000
31.345460 858.262000 1265.704000
31.361690 857.259000 1251.976000
31.378170 888.590000 1166.396000
31.394650 871.148000 1128.666000
31.411250 870.196000 1122.374000
31.427490 888.284000 1158.982000
31.444090 851.394000 1275.516000
31.460330 852.414000 1288.892000
31.476810 582.675000 1416.272000
31.493290 611.949000 1425.138000
31.509770 611.099000 1418.560000
31.526120 632.740000 1431.496000
31.542600 614.414000 1445.884000
31.558960 617.865000 1461.812000
31.575320 570.197000 1412.928000
31.591920 599.811000 1498.662000
31.608400 603.194000 1510.454000
31.624760 658.325000 1427.316000
31.640990 648.941000 1434.136000
31.657590 646.510000 1423.774000
31.673950 578.187000 1388.860000
31.690430 583.695000 1352.582000
31.723390 632.893000 1353.638000
31.739750 594.048000 1419.858000
31.756230 589.866000 1401.664000
31.772580 614.040000 1331.748000
31.788940 594.337000 1206.700000
31.805420 587.520000 1177.308000
31.821780 569.041000 1176.186000
31.838380 593.742000 1193.566000
31.854610 590.274000 1178.386000
31.871090 614.159000 1305.150000
31.887570 616.012000 1326.446000
31.920170 594.983000 1329.790000
31.936890 605.081000 1205.490000
31.953250 608.447000 1220.406000
31.969730 627.164000 1231.758000
31.986210 619.225000 1226.984000
32.002690 621.622000 1233.452000
32.019040 611.847000 1264.802000
32.035640 640.883000 1388.266000
32.051880 638.962000 1388.574000
32.068360 679.303000 1318.988000
32.084720 696.711000 1264.186000
32.101070 703.443000 1298.924000
32.117550 746.946000 1452.836000
32.133910 777.087000 1353.572000
32.150390 775.387000 1340.724000
32.166870 775.710000 1438.822000
32.183230 758.608000 1425.556000
32.199710 756.976000 1420.056000
32.216060 746.062000 1328.558000
32.232540 714.884000 1285.020000
32.248900 716.652000 1291.048000
32.265500 720.426000 1425.886000
32.281980 721.429000 1336.236000
32.298220 719.525000 1330.340000
32.314700 793.747000 1369.104000
32.331180 777.580000 1331.594000
32.347530 779.076000 1337.314000
32.364010 709.665000 1294.920000
32.380490 753.576000 1431.078000
32.396970 753.695000 1437.282000
32.413330 720.392000 1413.786000
32.429690 727.566000 1422.124000
32.446040 731.833000 1446.522000
32.462520 696.337000 1416.206000
32.479000 742.747000 1440.318000
32.495480 742.458000 1433.850000
32.511720 714.238000 1439.020000
32.528320 709.308000 1425.666000
32.544800 705.296000 1408.022000
32.561040 693.787000 1324.620000
32.577390 700.740000 1311.178000
32.593990 700.774000 1311.376000
32.610470 709.682000 1333.596000
32.626830 704.208000 1475.100000
32.643310 705.959000 1480.094000
32.659550 875.041000 498.894000
32.922360 903.244000 1398.364000
32.938960 901.187000 1387.144000
32.955200 617.491000 1484.296000
32.971680 633.029000 1412.818000
32.988280 630.207000 1401.180000
33.004520 633.573000 1488.960000
33.021000 634.032000 1520.288000
33.053960 631.516000 1502.138000
33.070310 635.069000 1491.732000
33.103030 620.483000 1501.676000
33.119510 648.771000 1451.164000
33.136110 649.468000 1457.434000
33.152340 630.547000 1457.016000
33.168700 613.394000 1499.564000
33.185300 616.488000 1510.762000
33.201660 667.488000 1617.616000
33.218140 636.650000 1546.710000
33.234620 635.851000 1540.396000
33.251220 656.761000 1615.306000
33.267460 647.836000 1650.132000
33.283940 645.048000 1640.386000
33.300420 616.947000 1616.120000
33.316770 623.492000 1557.820000
33.333370 620.109000 1545.852000
33.352660 644.436000 1534.390000
33.366460 611.983000 1518.484000
33.399170 799.221000 1591.964000
33.415650 715.972000 1524.622000
33.432130 718.709000 1542.596000
33.448610 762.518000 1631.388000
33.468380 728.229000 1521.498000
33.481320 729.963000 1526.712000
33.497560 752.675000 1560.262000
33.514160 734.791000 1547.062000
33.530400 732.751000 1536.326000
33.546630 740.639000 1626.724000
33.563110 745.977000 1540.066000
33.579960 747.864000 1550.560000
33.596310 616.845000 1737.802000
33.612790 623.084000 1915.210000
33.629030 626.127000 1922.558000
33.645390 662.762000 1872.244000
33.661740 681.326000 1874.598000
33.678220 678.776000 1866.810000
33.694700 643.552000 1904.562000
33.711060 650.437000 1793.286000
33.727420 647.700000 1784.992000
33.744020 601.987000 1782.022000
33.760500 640.968000 1817.288000
33.793330 629.255000 1867.096000
33.809570 668.848000 1806.156000
33.842530 599.828000 1795.420000
33.859250 596.853000 1793.550000
33.891720 641.597000 1722.578000
33.908330 588.625000 1754.632000
33.941160 625.821000 1779.250000
33.957520 647.496000 1841.334000
33.990600 652.392000 1748.582000
34.008180 636.582000 1869.164000
34.023440 639.421000 1876.732000
34.039920 526.609000 1833.722000
34.056400 538.951000 1699.434000
34.072880 543.881000 1713.998000
34.089230 586.347000 1778.788000
34.105470 624.359000 1810.996000
34.125980 626.331000 1814.670000
34.138310 592.059000 1767.700000
34.154660 578.408000 1835.064000
34.171140 571.353000 1818.498000
34.187260 545.020000 1756.920000
34.204100 568.395000 1707.376000
34.236690 586.364000 1770.208000
34.253420 589.696000 1710.940000
34.269780 592.994000 1720.092000
34.286010 689.401000 1878.888000
34.302490 642.039000 1827.650000
34.319090 639.149000 1819.444000
34.335450 642.107000 1823.162000
34.351810 711.705000 1852.730000
34.368290 709.495000 1844.920000
34.384640 624.053000 1778.568000
34.401250 690.897000 1825.604000
34.417480 693.277000 1833.568000
34.434080 662.473000 1834.140000
34.450440 632.842000 1837.066000
34.466670 633.539000 1841.576000
34.483280 858.075000 1808.840000
34.499630 892.755000 1913.252000
34.515990 893.197000 1909.534000
34.532470 829.651000 1760.836000
34.549070 854.607000 1720.400000
34.565430 854.369000 1725.548000
34.581670 840.769000 1910.084000
34.598270 830.246000 1839.552000
34.614620 832.830000 1851.784000
34.631230 884.578000 1804.286000
34.647460 880.651000 1797.862000
34.664060 878.985000 1780.262000
34.680420 859.962000 1740.486000
34.696660 839.154000 1739.650000
34.713380 838.032000 1730.762000
34.729740 828.070000 1798.346000
34.746220 839.800000 1767.920000
34.765260 840.820000 1781.560000
34.778930 886.703000 1904.188000
34.795410 851.156000 1896.532000
34.811770 851.139000 1891.274000
34.828250 916.453000 1750.034000
34.844600 953.717000 1857.306000
34.861210 953.377000 1841.730000
34.877440 881.756000 1723.568000
34.894040 955.264000 1721.676000
34.910400 954.924000 1746.404000
34.926880 906.559000 1751.354000
34.943360 886.618000 1848.616000
34.959720 888.573000 1860.914000
34.976200 878.033000 1864.566000
34.992550 901.306000 1976.590000
35.009160 899.317000 1954.150000
35.025510 887.706000 1836.054000
35.041870 888.556000 1794.738000
35.058350 887.859000 1786.598000
35.074580 888.165000 1794.320000
35.091060 886.244000 1799.886000
35.107540 887.536000 1803.956000
35.123780 888.573000 1789.964000
35.140380 895.101000 1914.440000
35.156740 892.500000 1904.144000
35.173340 797.096000 1457.786000
35.403320 991.219000 1773.970000
35.421140 1067.804000 298.958000
35.436400 1042.593000 419.364000
35.452640 1043.681000 443.454000
35.468870 794.580000 288.156000
35.485470 797.606000 314.204000
35.518310 804.304000 277.992000
35.537110 817.241000 334.598000
35.551150 818.465000 330.044000
35.567500 801.873000 210.012000
35.583980 785.519000 159.302000
35.600460 780.538000 112.200000
35.616820 756.772000 254.430000
35.633300 799.765000 180.730000
35.649780 802.757000 231.088000
35.666380 765.323000 187.418000
35.682620 785.026000 284.130000
35.698970 786.590000 307.186000
35.715330 787.797000 357.170000
35.731810 784.720000 276.540000
35.750240 784.941000 249.260000
35.764890 802.366000 248.534000
35.781130 774.928000 56.078000
35.797490 771.460000 31.790000
35.813840 794.121000 69.344000
35.830320 791.945000 131.054000
35.846800 792.030000 118.734000
35.865480 810.492000 65.582000
35.879640 784.975000 8.404000
35.928960 809.778000 48.532000
35.945310 812.515000 114.246000
35.961790 823.004000 111.958000
35.978270 829.719000 247.258000
35.994870 830.926000 270.974000
36.011110 839.409000 201.168000
36.027340 964.767000 249.282000
36.060300 986.629000 260.810000
36.078610 967.861000 281.424000
36.093510 967.759000 257.862000
36.109620 975.800000 70.972000
36.125980 966.807000 85.624000
36.142460 966.688000 60.896000
36.158940 942.412000 156.420000
36.175290 941.188000 76.538000
36.192870 941.494000 101.090000
36.208500 961.146000 153.142000
36.224730 943.891000 262.372000
36.240970 944.180000 285.890000
36.257810 896.937000 147.554000
36.274170 914.209000 226.798000
36.290410 913.682000 202.774000
36.306760 897.107000 144.826000
36.323360 916.963000 77.946000
36.355960 902.564000 200.024000
36.372440 923.253000 192.852000
36.405520 915.926000 190.872000
36.421880 926.568000 102.674000
36.438350 926.602000 64.504000
36.454710 914.702000 16.610000
36.470950 934.031000 8.074000
36.487550 933.419000 21.274000
36.504150 932.484000 98.274000
36.520260 922.556000 158.136000
36.536740 923.015000 182.622000
36.553340 890.018000 214.896000
36.569580 870.026000 135.498000
36.586060 870.349000 122.298000
36.602660 868.768000 131.582000
36.618900 893.231000 112.134000
36.635380 892.041000 100.936000
36.651860 830.620000 76.186000
36.668210 707.183000 60.874000
36.684570 709.308000 85.492000
36.701050 683.162000 170.478000
36.717410 670.395000 234.410000
36.733760 672.401000 244.970000
36.750490 683.196000 166.166000
36.766720 692.359000 141.592000
36.783080 688.143000 106.568000
36.799680 687.395000 21.076000
36.815920 680.102000 115.258000
36.832400 682.159000 126.390000
36.848880 702.848000 157.740000
36.865230 670.106000 152.592000
36.881840 670.072000 152.240000
36.898190 682.822000 133.650000
36.914550 684.828000 51.480000
36.930910 680.374000 11.682000
36.947390 772.191000 62.854000
36.963870 764.286000 85.404000
36.980220 765.918000 109.098000
36.996830 767.873000 219.934000
37.013060 748.629000 258.654000
37.029660 752.607000 308.396000
37.046020 774.809000 325.424000
37.062380 798.082000 360.756000
37.078980 796.603000 338.206000
37.095210 755.412000 248.600000
37.111820 809.285000 271.392000
37.144530 854.199000 265.584000
37.161010 864.161000 335.676000
37.177490 865.096000 358.336000
37.193850 851.037000 366.454000
37.210210 866.813000 360.184000
37.226810 866.014000 325.094000
37.243160 862.869000 259.996000
37.259520 835.975000 185.284000
37.275880 833.578000 151.382000
37.292600 853.621000 287.804000
37.308960 892.194000 284.614000
37.325320 892.857000 307.208000
37.341670 905.080000 271.590000
37.358150 964.359000 290.422000
37.374510 964.478000 313.016000
37.390990 917.082000 362.362000
37.407470 891.412000 354.552000
37.440310 892.432000 322.058000
37.456670 906.508000 284.020000
37.473140 905.930000 261.228000
37.489620 935.493000 320.738000
37.505980 908.922000 308.286000
37.538820 997.713000 271.458000
37.555300 1036.796000 308.616000
37.571660 1037.272000 318.538000
37.588260 1027.412000 291.214000
37.604490 1028.636000 271.304000
37.621090 1027.701000 283.580000
37.637330 1047.149000 363.704000
37.653810 1033.906000 265.540000
37.670410 1033.447000 289.410000
37.686890 1034.841000 266.640000
37.703370 1026.392000 333.080000
37.720210 1026.783000 309.936000
37.736210 1025.950000 399.960000
37.752690 1059.066000 292.204000
37.785640 1030.370000 293.678000
37.802250 1055.547000 303.732000
37.818360 1054.935000 326.964000
37.834720 1077.477000 287.914000
37.851070 1028.483000 271.392000
37.867550 1029.350000 219.890000
37.884030 1026.647000 248.314000
37.900760 1032.835000 204.204000
37.933590 1030.251000 242.880000
37.950070 1031.152000 296.318000
37.966310 1031.203000 333.454000
37.982420 1031.271000 292.138000
37.998780 1053.422000 288.134000
38.015500 1055.258000 214.676000
38.031740 1048.050000 170.544000
38.048220 1050.345000 105.556000
38.064700 1049.308000 118.734000
38.378300 868.734000 355.608000
38.393190 889.576000 321.024000
38.409670 889.202000 285.340000
38.426030 604.401000 334.422000
38.442380 619.446000 228.448000
38.459350 617.236000 218.064000
38.475710 634.015000 296.032000
38.492070 643.076000 383.966000
38.508300 648.482000 427.460000
38.524900 648.380000 406.868000
38.541260 634.593000 461.318000
38.557980 631.771000 439.934000
38.574100 610.997000 393.316000
38.590700 603.568000 389.532000
38.623660 599.811000 413.358000
38.639770 638.248000 432.850000
38.656010 640.237000 442.728000
38.672610 633.539000 358.600000
38.688720 652.715000 371.844000
38.705440 650.063000 349.822000
38.721800 614.176000 335.500000
38.738280 650.845000 261.800000
38.754760 650.267000 247.324000
38.771240 617.338000 185.548000
38.787720 643.603000 169.774000
38.803960 641.223000 157.542000
38.820430 671.721000 189.376000
38.836910 669.511000 248.952000
38.853270 670.429000 265.430000
38.869750 628.660000 252.978000
38.886110 600.763000 282.040000
38.902470 603.755000 304.436000
38.918950 672.282000 293.436000
38.935420 651.610000 344.784000
38.968260 659.073000 305.316000
38.984500 631.703000 319.968000
39.001100 625.141000 259.996000
39.017580 624.937000 147.422000
39.033940 604.112000 152.768000
39.050540 604.690000 164.516000
39.066890 629.442000 220.066000
39.083250 663.272000 327.690000
39.099730 671.194000 397.386000
39.116090 655.707000 289.520000
39.132570 645.762000 348.634000
39.149290 642.498000 313.786000
39.165410 640.798000 313.676000
39.181880 653.990000 244.156000
39.198120 648.312000 184.910000
39.214720 650.913000 151.800000
39.230960 613.734000 140.162000
39.247560 614.652000 162.514000
39.263920 676.685000 186.604000
39.280270 652.324000 268.752000
39.297000 657.883000 317.834000
39.313350 670.565000 262.746000
39.329960 667.777000 223.850000
39.346190 662.490000 174.064000
39.362790 659.617000 194.128000
39.379150 657.305000 170.390000
39.395140 656.897000 158.092000
39.411870 664.258000 194.458000
39.428220 654.619000 228.294000
39.444580 658.019000 265.760000
39.461060 663.034000 277.992000
39.477540 650.471000 303.050000
39.493770 652.596000 313.346000
39.510380 641.155000 310.706000
39.526860 652.783000 276.584000
39.543210 648.159000 244.354000
39.559690 637.704000 264.638000
39.576050 663.731000 247.852000
39.592530 665.686000 258.302000
39.608890 665.057000 262.614000
39.625240 646.204000 249.876000
39.641850 644.164000 239.404000
39.658200 683.706000 180.004000
39.674560 735.148000 159.258000
39.691040 738.582000 193.226000
39.707760 729.215000 271.238000
39.724000 708.798000 261.096000
39.740230 708.968000 272.778000
39.756840 742.271000 319.286000
39.773190 705.840000 349.096000
39.789670 708.067000 371.668000
39.806030 718.913000 364.078000
39.822510 731.306000 320.254000
39.838870 726.954000 270.842000
39.855350 726.138000 244.904000
39.871830 740.299000 224.202000
39.888180 740.095000 197.274000
39.904540 740.571000 220.792000
39.921020 728.603000 164.758000
39.937500 727.413000 168.146000
39.953860 743.002000 167.618000
39.970210 708.118000 168.586000
39.986690 712.453000 206.404000
40.003170 728.705000 268.796000
40.019650 730.813000 251.284000
40.036010 730.796000 250.932000
40.052490 727.260000 276.012000
40.068970 748.221000 228.140000
40.085210 744.583000 191.466000
40.101680 732.445000 202.818000
40.118160 730.082000 134.244000
40.134640 730.099000 134.574000
40.151000 710.090000 192.984000
40.167600 697.918000 228.250000
40.183960 700.451000 254.562000
40.200320 833.561000 277.838000
40.216670 821.729000 233.112000
40.233150 823.106000 242.858000
40.249630 833.663000 283.624000
40.266110 807.704000 252.054000
40.282470 804.746000 214.896000
40.298950 822.205000 209.836000
40.315310 830.008000 160.446000
40.331790 828.716000 134.222000
40.350220 835.380000 84.546000
40.364870 799.986000 167.860000
40.380980 801.550000 194.150000
40.397710 850.323000 221.122000
40.413940 780.130000 208.802000
40.430300 781.932000 235.466000
40.446780 1016.974000 280.940000
40.463130 1038.088000 234.806000
40.479740 1037.629000 258.038000
40.496090 1034.994000 245.498000
40.512450 1055.581000 365.838000
40.528810 1056.312000 339.438000
40.545530 1065.067000 173.184000
40.561770 1069.538000 165.880000
40.578000 1070.201000 142.472000
40.594850 1055.054000 178.816000
40.611080 1053.405000 235.686000
40.627690 1053.252000 272.734000
40.643920 983.790000 308.044000
40.660280 987.377000 288.640000
40.678960 987.428000 265.540000
40.693240 956.658000 245.938000
40.709720 943.347000 240.812000
40.726320 943.075000 218.394000
40.742680 980.849000 223.454000
40.758910 972.553000 221.826000
40.791750 963.458000 248.138000
40.808110 959.786000 276.210000
40.841060 1004.564000 192.918000
40.857420 992.936000 184.096000
40.873900 992.154000 196.966000
40.890260 995.265000 227.942000
40.906620 1002.694000 234.696000
40.923220 1002.507000 257.906000
40.939700 994.160000 254.276000
40.956050 986.731000 254.606000
40.988890 982.549000 280.544000
41.005130 949.144000 239.052000
41.021730 949.365000 262.108000
41.038090 937.669000 331.782000
41.054570 954.040000 361.152000
41.087280 936.768000 598.466000
41.333740 920.754000 345.840000
41.350220 679.609000 280.984000
41.366820 681.598000 291.060000
41.383180 635.052000 370.436000
41.399900 629.561000 363.418000
41.416260 627.453000 352.924000
41.432740 610.419000 371.932000
41.452270 614.669000 326.370000
41.465450 614.720000 326.700000
41.482180 621.758000 340.890000
41.498540 601.613000 327.470000
41.531370 613.853000 311.784000
41.547610 623.849000 341.968000
41.564210 626.059000 351.912000
41.580320 639.319000 318.758000
41.596680 595.748000 331.848000
41.613040 596.564000 343.354000
41.629640 634.746000 310.816000
41.646000 609.382000 302.104000
41.662350 609.433000 302.434000
41.678960 608.073000 338.250000
41.695310 621.962000 305.030000
41.711790 618.528000 270.930000
41.728150 585.514000 274.560000
41.744630 705.568000 226.358000
41.760990 703.443000 203.742000
41.777470 701.267000 233.134000
41.793820 693.719000 237.468000
41.810300 691.475000 223.982000
41.826780 664.649000 182.754000
41.843140 707.013000 229.548000
41.859740 709.087000 251.680000
41.875850 672.877000 222.002000
41.892460 684.811000 242.924000
41.908810 689.758000 291.434000
41.925290 685.593000 347.930000
41.941770 688.330000 331.078000
41.974610 706.741000 340.934000
41.991090 680.119000 341.704000
42.023800 698.054000 345.092000
42.040280 673.013000 368.500000
42.056640 675.495000 390.588000
42.073120 699.227000 400.290000
42.089720 724.693000 345.136000
42.106080 722.619000 322.542000
42.122440 708.577000 347.732000
42.138790 686.358000 317.372000
42.171630 712.130000 296.978000
42.188110 695.691000 389.356000
42.204470 698.292000 422.026000
42.220950 705.755000 432.432000
42.237300 700.859000 440.770000
42.253780 702.610000 449.922000
42.270260 683.689000 427.680000
42.286620 711.484000 387.662000
42.303100 707.319000 345.444000
42.321530 676.090000 298.958000
42.336060 676.073000 325.864000
42.352420 673.676000 303.776000
42.368900 705.228000 270.952000
42.385380 707.710000 403.722000
42.418580 642.005000 296.274000
42.435910 680.408000 283.404000
42.450930 682.754000 305.668000
42.467410 662.405000 416.438000
42.483890 647.683000 396.572000
42.516850 656.404000 390.346000
42.533200 672.435000 313.962000
42.549680 671.959000 301.840000
42.566160 642.889000 386.144000
42.582400 697.765000 227.964000
42.599000 698.105000 240.416000
42.615360 662.609000 385.264000
42.631840 728.518000 437.778000
42.650150 728.552000 438.108000
42.664670 693.413000 209.440000
42.681400 689.673000 242.726000
42.697630 689.180000 230.318000
42.714110 717.910000 264.132000
42.730470 705.908000 216.238000
42.747070 701.675000 178.816000
42.763430 691.696000 140.492000
42.779660 739.772000 165.396000
42.796390 739.806000 165.726000
42.812620 721.939000 270.490000
42.829100 682.023000 292.622000
42.845460 684.352000 306.108000
42.862060 691.883000 195.844000
42.878420 714.527000 189.046000
42.894530 710.532000 151.910000
42.910890 717.060000 189.244000
42.927490 753.287000 211.420000
42.943850 754.987000 233.772000
42.960330 777.019000 176.858000
42.977540 766.411000 247.500000
42.993040 769.981000 296.186000
43.009520 764.609000 399.322000
43.026120 758.438000 377.190000
43.042360 760.223000 399.322000
43.058840 766.224000 365.970000
43.075320 768.944000 307.098000
43.091800 768.757000 294.338000
43.108030 775.336000 311.454000
43.124510 774.622000 294.844000
43.141110 773.024000 284.460000
43.157350 774.282000 397.386000
43.173830 785.570000 387.046000
43.190310 783.785000 361.746000
43.206790 756.993000 264.594000
43.223390 779.450000 267.124000
43.256230 767.941000 268.092000
43.272460 816.051000 265.430000
43.288940 818.856000 315.282000
43.306270 836.876000 351.230000
43.322020 860.574000 387.904000
43.338260 860.846000 375.584000
43.354740 825.639000 357.192000
43.371220 838.933000 320.408000
43.387450 837.896000 282.766000
43.404050 821.627000 264.990000
43.420290 818.312000 281.336000
43.436770 815.116000 259.864000
43.453130 831.572000 227.040000
43.469600 818.958000 211.156000
43.486210 820.403000 238.348000
43.502560 852.346000 309.100000
43.518800 893.571000 250.822000
43.551880 886.890000 315.612000
43.567990 886.907000 278.960000
43.584590 887.621000 301.576000
43.600950 900.167000 297.770000
43.617430 897.481000 376.552000
43.650150 888.216000 294.976000
43.666500 888.760000 299.530000
43.699460 902.139000 366.102000
43.715940 902.020000 326.634000
43.732300 901.306000 300.036000
43.748780 886.006000 266.904000
43.765140 905.216000 281.270000
43.781490 905.556000 269.038000
43.797850 880.464000 214.302000
43.814580 914.583000 292.930000
43.831050 914.294000 308.308000
43.847900 878.917000 320.122000
43.864010 873.443000 276.034000
43.880490 874.276000 298.870000
43.896730 910.843000 360.734000
43.913330 932.569000 325.842000
43.929690 933.130000 313.104000
43.946170 948.889000 262.064000
43.964720 909.891000 299.948000
43.978880 908.293000 267.718000
43.995120 917.456000 300.586000
44.011720 938.978000 359.018000
44.028080 939.284000 380.996000
44.044560 945.472000 264.264000
44.060910 974.542000 316.778000
44.077270 974.576000 339.152000
44.093750 907.783000 358.776000
44.110230 901.748000 420.882000
44.126710 902.173000 408.562000
44.143070 951.728000 352.198000
44.159670 1046.928000 258.566000
44.175900 1047.948000 212.784000
44.192630 1023.910000 152.548000
44.209470 1023.519000 210.232000
44.225590 1023.910000 183.876000
44.242070 1025.372000 129.338000
44.258420 1040.196000 149.182000
44.274660 1039.788000 135.476000
44.296140 1042.746000 91.850000
44.307370 1034.059000 152.768000
44.323970 1034.688000 162.888000
44.340210 1071.493000 144.276000
44.356450 1010.361000 143.616000
44.373050 1009.188000 182.182000
44.389400 1007.199000 154.110000
44.406130 1011.806000 336.028000
44.422490 1011.211000 384.736000
44.438840 1074.774000 400.642000
44.455200 1064.574000 386.914000
44.471680 1066.291000 352.858000
44.488040 1037.578000 245.476000
44.506470 1051.280000 211.222000
44.521120 1050.889000 200.816000
44.537480 1056.363000 204.138000
44.553830 1026.035000 172.238000
44.570310 1025.678000 196.064000
44.586670 1067.243000 370.700000
44.603270 1072.921000 336.028000
44.619510 1073.380000 345.884000
44.635990 1100.240000 321.112000
44.652470 1110.627000 301.840000
44.668950 1110.270000 291.368000
44.685300 1140.887000 294.756000
44.701660 1100.257000 305.118000
44.719120 1099.288000 327.998000
44.734620 1131.282000 335.280000
44.751100 1122.663000 365.266000
44.767460 1123.955000 352.506000
44.783810 732.292000 382.360000
44.800170 589.339000 332.420000
44.816770 584.137000 301.092000
44.833130 588.574000 313.390000
44.849610 594.660000 328.504000
44.865970 596.887000 338.360000
44.882450 598.536000 292.666000
44.898930 579.360000 245.410000
44.915530 577.031000 235.158000
44.931640 640.849000 324.654000
44.948240 626.909000 381.942000
44.964480 629.680000 403.282000
44.981080 633.658000 375.562000
44.997560 656.676000 364.232000
45.030270 615.791000 333.938000
45.046630 638.826000 289.344000
45.063230 641.495000 311.476000
45.079590 646.068000 399.278000
45.096070 627.351000 439.076000
45.112430 626.722000 427.042000
45.375240 893.452000 248.952000
45.391720 638.758000 259.666000
45.408200 639.438000 271.832000
45.424560 710.906000 232.650000
45.440920 704.531000 302.544000
45.457400 706.962000 335.302000
45.473880 746.589000 368.104000
45.490110 733.567000 420.508000
45.506840 732.411000 392.458000
45.523070 674.679000 345.818000
45.539550 670.548000 239.008000
45.556030 666.723000 209.726000
45.572390 675.529000 266.596000
45.588990 727.923000 348.590000
45.605350 731.867000 383.218000
45.621700 711.042000 328.174000
45.638180 733.618000 285.164000
45.654540 731.901000 274.912000
45.670900 770.253000 305.470000
45.687260 764.116000 400.972000
45.703860 765.799000 422.312000
45.720340 759.118000 446.358000
45.736690 784.958000 352.770000
45.753050 783.173000 327.382000
45.769530 773.738000 254.672000
45.786010 742.237000 332.024000
45.820560 754.137000 320.034000
45.835330 764.592000 335.038000
45.851560 766.581000 348.194000
45.868160 753.219000 326.458000
45.884770 708.458000 252.912000
45.900880 704.157000 216.942000
45.917480 754.732000 273.966000
45.933840 760.461000 228.822000
45.950200 762.059000 238.920000
45.966550 732.530000 292.204000
45.983280 726.189000 306.394000
45.999510 728.603000 342.804000
46.015870 759.628000 307.758000
46.032470 677.620000 366.190000
46.048830 679.626000 376.156000
46.065190 627.096000 338.074000
46.081670 621.996000 304.590000
46.098020 616.437000 260.964000
46.114620 649.162000 281.490000
46.131100 623.458000 333.014000
46.147460 626.756000 365.684000
46.163820 614.754000 369.776000
46.180300 603.857000 362.186000
46.196660 602.616000 347.226000
46.213380 600.168000 304.678000
46.229610 604.129000 291.104000
46.246340 599.131000 260.194000
46.262330 629.051000 325.314000
46.278810 639.693000 519.420000
46.295170 644.793000 551.408000
46.311770 651.729000 536.250000
46.328250 623.475000 497.662000
46.344480 621.316000 488.488000
46.361080 639.455000 522.962000
46.377440 601.426000 562.914000
46.393680 603.636000 572.044000
46.410160 647.122000 537.174000
46.426640 614.754000 534.776000
46.443360 612.544000 525.646000
46.459720 630.700000 517.638000
46.476070 620.177000 502.128000
46.492310 619.752000 499.114000
46.508790 650.233000 506.748000
46.525270 628.609000 558.712000
46.558230 657.475000 509.234000
46.577390 692.563000 562.034000
46.590820 697.085000 593.824000
46.607540 677.688000 601.194000
46.623780 698.785000 593.890000
46.640380 696.507000 574.068000
46.656740 700.672000 569.734000
46.673100 687.157000 514.646000
46.689450 682.720000 483.142000
46.706050 673.880000 499.774000
46.722290 657.747000 584.122000
46.738770 660.229000 603.086000
46.755250 611.286000 1070.168000
46.771730 631.516000 1174.470000
46.788210 637.670000 1204.698000
46.804570 651.933000 1111.814000
46.821170 654.007000 1148.554000
46.837400 653.310000 1140.722000
46.853760 618.188000 1098.020000
46.870360 613.003000 1106.358000
46.886720 607.019000 1077.120000
46.903200 632.247000 1042.008000
46.919560 582.777000 983.202000
46.952270 636.259000 1074.194000
46.968630 614.652000 1079.782000
46.985110 615.349000 1087.790000
47.001710 615.230000 1127.258000
47.018070 624.699000 1048.256000
47.034550 623.441000 1037.608000
47.051030 708.696000 1069.904000
47.067380 782.459000 1076.130000
47.083740 782.425000 1075.910000
47.100340 756.993000 1017.786000
47.116700 788.103000 1094.280000
47.133180 791.418000 1126.114000
47.149540 763.147000 1222.188000
47.165890 786.012000 1242.494000
47.182370 782.765000 1220.516000
47.198850 811.801000 1168.618000
47.215330 746.606000 1028.170000
47.233280 748.442000 1043.416000
47.248410 764.184000 1176.560000
47.264650 765.952000 1130.976000
47.280880 769.624000 1155.000000
47.297490 707.489000 1270.588000
47.313960 731.765000 1262.866000
47.330320 729.878000 1256.420000
47.346920 755.174000 1213.366000
47.363160 703.647000 1228.788000
47.379520 703.171000 1221.110000
47.396000 730.745000 1276.704000
47.412600 732.326000 1132.340000
47.428960 726.206000 1094.566000
47.445310 670.514000 1061.346000
47.465090 684.420000 1138.324000
47.478520 686.222000 1144.858000
47.494630 739.534000 1104.422000
47.510740 846.532000 1097.272000
47.527340 846.413000 1107.700000
47.543700 835.584000 1159.114000
47.560670 868.513000 1124.156000
47.576780 869.618000 1131.086000
47.593020 870.859000 1162.678000
47.609500 863.345000 1138.940000
47.642330 875.823000 1087.218000
47.658940 834.819000 1141.294000
47.675170 834.462000 1149.258000
47.691530 789.174000 1113.552000
47.708250 793.254000 1201.266000
47.724610 793.271000 1201.486000
47.740970 844.543000 1232.242000
47.757320 788.766000 1251.052000
47.773800 790.296000 1257.212000
47.790280 826.608000 1261.612000
47.806640 766.904000 1176.582000
47.823120 765.323000 1169.850000
47.839600 761.175000 1146.662000
47.856080 825.894000 1243.198000
47.872800 827.135000 1256.992000
47.892460 853.791000 1182.896000
47.905760 851.751000 1172.556000
47.938480 786.318000 1141.052000
47.955080 760.512000 1242.956000
47.971310 758.693000 1229.228000
48.233760 871.658000 1033.582000
48.250120 641.818000 1086.294000
48.282960 665.227000 1135.574000
48.299560 569.789000 1127.830000
48.315920 572.169000 1134.342000
48.333370 554.302000 1085.502000
48.348750 560.643000 1201.244000
48.365230 561.714000 1208.372000
48.381590 564.723000 1083.918000
48.397950 576.317000 1119.756000
48.414430 575.416000 1111.858000
48.430790 527.561000 1092.740000
48.447880 600.321000 1271.930000
48.464110 594.915000 1252.416000
48.480470 541.960000 1066.010000
48.496700 541.620000 1052.502000
48.513310 545.207000 1067.682000
48.529790 529.363000 1083.676000
48.548460 589.203000 1145.540000
48.578980 527.969000 1148.554000
48.595580 571.421000 1157.970000
48.628420 585.769000 1078.572000
48.644780 757.690000 1154.494000
48.677610 735.029000 1088.296000
48.693850 796.467000 1217.194000
48.726810 740.044000 1108.470000
48.743410 745.875000 1058.750000
48.759770 745.773000 1049.994000
48.779170 813.297000 1130.426000
48.792850 815.881000 968.550000
48.808840 813.076000 934.076000
48.825200 783.020000 818.576000
48.841920 816.663000 867.130000
48.858280 816.748000 875.996000
48.876950 789.361000 936.210000
48.890990 811.971000 860.244000
48.907350 813.297000 877.228000
48.923830 812.855000 871.112000
48.940310 801.159000 941.270000
48.956670 802.536000 957.176000
48.973140 809.183000 925.738000
48.989990 831.317000 1053.800000
49.006230 832.728000 1063.194000
49.022460 879.682000 958.870000
49.038940 788.358000 990.110000
49.055300 785.400000 966.768000
49.071660 832.507000 965.206000
49.088010 813.501000 940.280000
49.104490 814.844000 956.758000
49.121090 829.702000 1093.686000
49.137450 866.473000 889.482000
49.153810 866.796000 880.286000
49.170530 850.476000 928.224000
49.186650 786.097000 988.812000
49.203250 786.267000 996.776000
49.219600 731.272000 898.964000
49.235840 760.223000 941.226000
49.252320 762.042000 958.078000
49.268800 757.809000 972.686000
49.285400 768.655000 977.658000
49.301640 768.451000 968.836000
49.318120 733.261000 993.080000
49.334720 750.312000 960.564000
49.350950 748.697000 953.194000
49.367310 721.276000 982.080000
49.383790 758.404000 1005.224000
49.400390 758.421000 1005.466000
49.416750 747.354000 989.758000
49.434570 716.669000 986.700000
49.449580 716.278000 977.570000
49.465940 715.241000 932.118000
49.482300 750.754000 932.250000
49.498780 752.454000 955.020000
49.515380 569.432000 991.144000
49.531620 604.622000 1021.570000
49.548100 608.991000 1035.012000
49.564580 588.370000 1076.878000
49.580810 588.115000 1075.338000
49.597290 576.997000 1032.548000
49.613890 548.981000 1007.072000
49.630000 558.348000 949.454000
49.646730 562.377000 968.374000
49.663090 642.022000 931.656000
49.679570 647.241000 1021.812000
49.712520 573.580000 909.656000
49.728760 635.511000 1045.374000
49.761720 637.500000 961.620000
49.777950 617.627000 996.358000
49.810790 667.692000 996.996000
49.827270 754.783000 924.814000
49.843750 754.528000 915.882000
49.860110 732.479000 932.338000
49.876710 739.330000 1010.196000
49.893070 737.392000 994.620000
49.909420 735.845000 928.752000
49.925900 737.868000 884.928000
49.958860 705.364000 920.216000
49.975220 719.865000 984.852000
50.008060 669.817000 1104.312000
50.024540 688.619000 1066.230000
50.057620 683.774000 1100.902000
50.073850 653.888000 1131.944000
50.090210 656.472000 1145.958000
50.106690 690.183000 1201.992000
50.123050 729.589000 1246.784000
50.139400 731.799000 1267.596000
50.156010 713.371000 1234.266000
50.172490 675.359000 1179.508000
50.188840 672.418000 1162.876000
50.205440 692.138000 1188.682000
50.221680 690.948000 1142.416000
50.238280 688.636000 1128.270000
50.254640 746.487000 1151.458000
50.270870 771.035000 1182.368000
50.287480 772.837000 1191.212000
50.303830 760.495000 1153.218000
50.320310 727.685000 1144.462000
50.336670 727.974000 1152.162000
50.353030 764.983000 1142.284000
50.369380 758.285000 1201.090000
50.385990 759.934000 1207.558000
50.402220 757.010000 1106.336000
50.418820 784.176000 1113.794000
50.435060 779.212000 1075.338000
50.451540 786.454000 1123.936000
50.467900 848.436000 1129.062000
50.484250 849.626000 1135.266000
50.500980 859.197000 1147.300000
50.517330 862.988000 1142.724000
50.533690 863.124000 1144.858000
50.550290 860.727000 1085.634000
50.566890 855.678000 1083.148000
50.583130 855.559000 1090.892000
50.599490 864.620000 1134.650000
50.615970 878.084000 1157.486000
50.633420 878.543000 1137.928000
50.648930 821.100000 1257.410000
50.944460 949.841000 871.112000
50.960690 660.569000 960.520000
50.977290 664.377000 994.554000
50.993770 683.162000 941.556000
51.010010 711.433000 1102.838000
51.026490 715.683000 1126.510000
51.042970 672.435000 1036.926000
51.059450 698.751000 1073.732000
51.075810 696.541000 1059.212000
51.092160 707.285000 990.066000
51.108640 711.739000 1073.314000
51.125120 714.170000 1090.122000
51.142090 659.685000 1082.510000
51.158200 551.378000 953.898000
51.174680 555.611000 977.746000
51.191040 535.857000 1082.598000
51.207280 572.339000 1133.572000
51.223880 578.221000 1155.066000
51.240110 586.721000 1097.118000
51.256840 576.521000 1099.472000
51.273440 570.826000 1077.274000
51.289920 564.536000 1040.886000
51.306150 537.710000 1121.076000
51.322270 537.761000 1121.296000
51.338870 765.697000 924.066000
51.355100 813.382000 956.186000
51.371580 813.348000 947.100000
51.387940 830.756000 853.490000
51.404540 811.053000 873.268000
51.420900 811.087000 882.332000
