0.000000 46.161133 17.580792
0.016360 77.117561 30.329441
0.050540 83.643659 33.921491
0.065610 64.622581 26.477075
0.082090 38.675215 14.523920
0.098510 18.519215 4.567381
0.114930 5.759308 -1.017960
0.131350 -1.008126 -3.362692
0.147770 -4.414012 -5.485026
0.164250 -5.976999 -8.036059
0.180600 -5.543916 -8.141110
0.197140 -3.249818 -3.859823
0.213320 -0.508141 2.421336
0.229800 0.976813 6.415384
0.246400 1.293562 6.961675
0.262700 0.235946 5.853456
0.279240 -4.822312 4.422320
0.295590 -13.430297 2.654878
0.312260 -20.221850 0.352876
0.328670 -20.540441 -2.044191
0.344970 -15.833506 -4.297086
0.361570 -10.939073 -5.863254
0.379820 -7.055690 -5.427489
0.394410 -3.429705 -2.762999
0.411010 -0.275615 0.623726
0.427310 2.191842 2.808102
0.443480 3.589750 2.863561
0.460140 3.483955 1.732462
0.476440 1.526080 0.975971
0.492980 -1.898420 0.792250
0.509580 -5.068024 0.395940
0.526310 -6.175718 -0.794599
0.542540 -4.598881 -2.234160
0.558840 -1.631310 -2.729736
0.575320 0.538127 -1.858985
0.594240 1.223756 0.029035
0.608150 1.040675 1.262934
0.624690 0.423666 0.013745
0.641050 -0.312504 -2.266798
0.657470 -1.068620 -3.584675
0.673830 -1.803123 -6.243328
0.690490 -1.877692 -13.459513
0.706850 -0.633859 -22.616882
0.722900 1.680541 -26.037565
0.739440 3.665353 -20.074896
0.755680 3.865870 -9.481466
0.772280 2.378016 -1.300594
0.788820 1.034302 1.516245
0.805180 1.230081 0.522806
0.821530 1.982853 -0.793876
0.837890 1.256293 0.073662
0.854430 -0.797428 2.919658
0.870790 -1.732017 5.969259
0.887450 -1.050266 7.764312
0.903930 -0.398414 7.813702
0.936340 -0.040308 6.561223
0.953000 1.224504 4.430557
0.969420 3.914095 1.666996
0.985660 6.745761 -1.144947
1.002260 7.707961 -3.482183
1.018490 5.917348 -5.076966
1.035160 2.846585 -6.276596
1.051510 0.681367 -7.266185
1.067810 -0.456368 -7.139016
1.100650 -1.860797 -5.310125
1.133540 -3.395618 -2.185307
1.150020 -4.032809 1.055595
1.182740 -2.258466 2.671933
1.199340 5.807657 1.824679
1.248600 20.079323 -0.156303
1.265200 31.974304 -0.421433
1.281490 32.400530 1.742034
1.297910 21.947041 3.272879
1.330990 9.301256 1.485536
1.347290 0.246845 -2.422618
1.560850 -3.728238 -4.511247
1.577270 -2.006933 -2.121954
1.593810 3.125829 2.777119
1.609990 6.668397 4.981007
1.626530 5.657661 2.009657
1.692200 1.346492 -3.139346
1.708800 -3.422573 -5.683322
1.741390 -6.916181 -3.762608
1.774410 -9.051070 0.147946
1.790710 -9.946712 2.383599
1.823550 -9.379011 1.497799
1.839900 -7.541361 -1.136366
1.856510 -4.913007 -2.843018
1.889590 -2.840854 -2.370034
1.905760 -3.169770 -0.270325
1.922300 -5.740248 2.487152
1.938660 -8.290498 4.877243
1.954830 -8.466268 6.135267
1.971560 -5.745230 6.106883
1.987730 -1.927540 5.017336
2.004390 0.966313 3.071335
2.020750 1.985448 0.451201
2.037350 1.176228 -2.576386
2.053650 -0.609152 -5.503324
2.070070 -2.484786 -7.218012
2.086360 -3.290982 -6.416857
2.102840 -1.203018 -2.613966
2.119260 4.070874 2.801080
2.135740 9.298418 7.050787
2.152400 10.572493 7.839045
2.169010 8.134847 4.606491
2.185300 5.468957 -0.978660
2.201840 4.190616 -5.919645
2.218080 2.765087 -7.587320
2.234620 0.595175 -5.531491
2.250730 -2.059320 -1.536458
2.267150 -7.581640 2.391272
2.283630 -16.319041 5.588229
2.299930 -23.218356 8.735537
2.316350 -23.121802 12.206233
2.332760 -16.651543 15.211906
2.349370 -8.941288 16.087763
2.365780 -3.291349 13.215762
2.382140 -0.490324 6.341810
2.398680 -0.526122 -3.119516
2.414860 -1.871901 -12.295552
2.431520 -3.049636 -18.225539
2.447940 -3.911183 -18.921714
2.464360 -3.928667 -13.491508
2.480770 -2.300464 -3.423325
2.497130 0.500252 6.639443
2.513670 2.757471 11.074828
2.529910 3.127460 8.357557
2.546510 2.456838 2.695524
2.562870 2.568773 -1.083421
2.579530 3.529509 -2.084619
2.612300 3.574258 -2.156420
2.628660 1.951466 -2.232209
2.645080 0.539943 -1.535565
2.661500 0.571090 0.427139
2.680360 1.441563 2.812024
2.694340 3.789287 4.170080
2.710820 8.666190 3.531088
2.727290 13.966566 1.184406
2.743470 15.019382 -1.492796
2.760010 10.485282 -3.171151
2.776370 4.128578 -3.454625
2.792850 -0.284019 -2.585959
2.809270 -1.815868 -0.907062
2.825680 -1.457686 1.029616
2.842290 -0.442410 2.728075
2.858640 0.179253 4.035186
2.875000 1.026370 4.676966
2.893920 5.403182 4.276402
2.907960 14.070943 2.983868
2.924260 22.435655 1.462834
2.940730 24.582968 0.221070
2.957340 19.141364 -0.476058
2.973510 10.409566 -0.500780
2.990050 2.546270 -0.232966
3.006530 -2.767836 -0.559590
3.022890 -4.929669 -1.944826
3.039370 -4.143566 -3.466913
3.055660 -1.691185 -3.789137
3.072080 1.298042 -2.626000
3.088680 5.996872 -0.718622
3.104980 13.359338 0.920860
3.121520 20.388868 1.670868
3.137880 21.887891 1.604922
3.154420 16.700824 1.594198
3.170840 9.202206 2.509867
3.187190 3.673678 4.066582
3.203670 1.228570 4.823942
3.220030 1.027205 3.646631
3.236690 1.570395 0.834980
3.252930 1.527008 -2.744450
3.269410 0.640360 -6.075293
3.285950 -0.543426 -7.640695
3.302000 -1.986656 -6.612598
3.318660 -2.860863 -3.644299
3.335080 -0.546261 -0.425534
3.351500 5.451124 1.431115
3.367920 11.217644 1.936253
3.400700 13.120644 2.464555
3.416990 9.341865 3.440049
3.433470 -4.814387 3.470286
3.449890 -31.090005 2.220412
3.466550 -58.282106 1.190599
3.482910 -68.698869 1.039955
3.499270 -56.526406 0.603337
3.515810 -33.888866 -0.720188
3.532100 -15.079334 -1.535672
3.550720 -4.436082 -1.738897
3.565000 0.082566 -2.685701
3.581540 1.511860 -4.162834
3.597960 1.755337 -4.528863
3.614380 1.720918 -3.080717
3.630680 2.257397 -0.950382
3.647160 3.598643 0.707973
3.663640 4.294042 2.452954
3.680110 1.832422 5.938311
3.696590 -4.088210 10.598921
3.712890 -9.997207 13.177944
3.729370 -12.056068 11.089431
3.745670 -10.520656 5.313726
3.762150 -8.268926 -0.569644
3.778630 -5.674871 -4.372579
3.795040 -1.364443 -5.927560
3.811400 3.645888 -5.678978
3.827880 6.155537 -4.244554
3.844300 5.001875 -2.108506
3.860780 2.365426 0.315306
3.877320 0.780730 2.565472
3.893920 0.846866 4.073626
3.910160 1.311558 3.983067
3.926570 1.010462 1.835798
3.942870 0.255778 -1.612725
3.959410 -0.054804 -4.704795
3.976010 -0.102127 -5.793797
3.992130 -1.256819 -4.500930
4.008670 -3.587669 -1.789496
4.025150 -4.952218 1.096324
4.041560 -3.791042 3.498839
4.057860 -1.134480 5.221679
4.074400 0.916074 5.859954
4.090820 1.794312 5.265243
4.107120 2.187703 3.781010
4.123660 2.416424 1.992558
4.139950 2.276144 0.432025
4.156430 1.863829 -0.735545
4.189210 1.482135 -1.511272
4.207820 1.403973 -2.073410
4.222230 2.424169 -2.322023
4.238650 4.800874 -1.701318
4.255070 7.216111 -0.310788
4.287960 7.686844 0.705216
4.304380 5.880302 0.326492
4.320740 3.279111 -1.524945
4.337220 0.777015 -4.064805
4.353520 -1.438946 -5.654974
4.369870 -2.823316 -4.521235
4.386540 -2.498317 -0.364907
4.402950 -0.541595 4.800752
4.419430 1.457725 8.042561
4.435610 1.946338 8.116075
4.452150 1.055711 5.957454
4.468510 0.860081 3.227081
4.484920 2.974717 1.259689
4.501650 6.374725 0.478429
4.517880 8.560312 0.500385
4.534360 8.121518 0.599491
4.550780 5.842261 0.396142
4.567020 3.259655 0.507078
4.583560 1.359548 1.290797
4.600040 0.631336 1.884179
4.632750 0.828736 1.694992
4.649230 1.086046 0.721278
4.665770 0.745332 -0.971812
4.682130 -0.036611 -2.926299
4.698550 -0.688351 -4.143473
4.714840 -0.968840 -3.270778
4.731570 -0.892302 -0.295087
4.747740 -0.559850 2.845617
4.764470 -0.084745 4.013929
4.781010 -0.261240 2.355448
4.797180 -0.321554 -1.340722
4.813720 5.211037 -5.285380
4.829900 20.223791 -7.846122
4.846500 39.068972 -8.175387
4.879460 49.666095 -6.058954
4.895750 45.142084 -2.340932
4.911990 29.851358 1.310241
4.928650 12.668087 3.239441
4.944890 -0.190330 2.672160
4.977840 -6.334404 0.950615
4.994200 -6.747484 -0.081743
5.010740 -4.313336 -0.214827
5.027100 -1.692580 -0.084858
5.043640 -0.312764 0.417306
5.060000 0.108298 1.944954
5.076480 0.878138 3.599235
5.092710 2.705462 3.627834
5.109250 5.276803 1.838563
5.125790 7.490262 -0.649319
5.142150 8.542594 -2.581458
5.158630 8.227781 -2.979007
5.174870 6.082132 -1.361178
5.192630 2.521366 1.594500
5.208070 -0.741238 4.107398
5.224240 -2.065293 4.748483
5.240910 -1.179289 3.509569
5.257140 -0.129942 1.404894
5.273500 -1.299725 -0.465616
5.290040 -4.782104 -1.628856
5.306520 -8.948622 -2.522381
5.322880 -11.809795 -3.792745
5.339290 -12.141379 -4.868293
5.355650 -9.512677 -3.675645
5.372250 -4.183579 1.117737
5.388670 1.519372 7.503178
5.405030 4.625490 11.244075
5.421510 4.540033 9.992309
5.437870 3.407778 5.210346
5.454160 4.031149 0.005194
5.470830 6.851634 -3.650147
5.487120 9.545287 -5.368631
5.503540 9.541922 -5.341849
5.521360 6.709191 -4.013672
5.536560 3.100565 -2.185695
5.552920 0.443614 -0.557942
5.569270 -0.410118 0.206852
5.585820 0.407524 0.125547
5.602290 1.404650 0.245041
5.618840 2.196633 0.792574
5.635010 0.352045 1.369973
5.651490 -12.528755 2.596025
5.668030 -38.373643 5.476684
5.684330 -63.820869 9.150663
5.700810 -71.007815 10.465516
5.717290 -56.204613 7.665713
5.733580 -32.703097 2.790562
5.750060 -12.741656 -0.977488
5.766420 0.100639 -2.375416
5.782780 5.856531 -2.284994
5.799260 6.069020 -2.109747
5.815730 3.419167 -2.158900
5.832150 0.459537 -1.908349
5.865050 -2.184212 -0.875606
5.881350 -4.853197 0.828043
5.897770 -6.769344 2.420966
5.914120 -6.364185 3.242405
5.930540 -3.870862 3.628705
5.946900 -1.291550 4.599981
5.963500 0.449919 5.717502
5.979800 1.549272 5.318996
5.996280 2.064608 2.866211
6.012760 1.981688 -0.562557
6.029110 1.408274 -3.311348
6.045530 0.427423 -4.334356
6.061950 -0.567032 -3.296102
6.078490 -0.347099 -1.108868
6.111270 1.917954 0.038029
6.127870 5.260025 -0.702329
6.144100 7.536259 -1.834505
6.160640 7.397484 -1.431613
6.177250 5.663270 0.734979
6.209900 4.010755 2.795738
6.226260 3.161301 3.020319
6.242740 2.740672 1.620249
6.258970 2.023181 0.170190
6.275570 1.154826 -0.500146
6.308470 0.725115 -1.223401
6.325010 0.496563 -2.204224
6.357790 0.027613 -1.590436
6.374150 -1.110389 1.292334
6.392210 -3.562994 4.095474
6.407100 -6.965038 4.782379
6.423650 -9.480717 3.729054
6.439760 -9.066688 2.121654
6.456240 -5.813896 0.075119
6.472780 -2.209021 -2.076695
6.489140 -0.093553 -2.513931
6.505740 0.707000 -0.429062
6.522030 1.140972 2.442130
6.538390 1.620437 3.743686
6.554870 1.640425 2.961317
6.571290 0.745223 1.263265
6.587710 -0.363023 -0.355810
6.604060 -0.474578 -1.612796
6.620670 0.711077 -2.484963
6.637020 2.294650 -3.035493
6.653500 3.035914 -3.598913
6.669860 2.253102 -4.240004
6.686220 -0.112342 -4.094042
6.702760 -3.398486 -2.456220
6.719060 -5.805546 -0.227674
6.735780 -5.276573 0.635702
6.752010 -1.944248 -0.713135
6.768490 1.572943 -3.114813
6.784910 3.217269 -4.709473
6.801390 3.400066 -4.821820
6.817750 3.384675 -4.070115
6.834350 3.190295 -2.772753
6.850770 2.221360 -0.877582
6.867000 0.729093 1.281999
6.883480 -0.481867 3.088188
6.899900 -0.908351 4.310686
6.916320 -0.789439 5.203265
6.932680 -0.821318 5.540191
6.949340 -1.252554 4.635469
6.965640 -1.502262 2.295444
6.981930 -0.622608 -0.723808
6.998470 1.271215 -3.560784
7.014770 2.404489 -5.322800
7.031250 0.743620 -4.599955
7.047730 -3.617199 -1.483949
7.064150 -7.832600 2.355845
7.080630 -8.909966 5.747322
7.096980 -6.396272 8.620124
7.113530 -2.615452 10.679972
7.129760 -0.118801 10.036839
7.146240 0.609565 5.915978
7.162780 0.363852 0.923231
7.179140 -0.123821 -1.217974
7.195500 -0.673947 0.267885
7.212040 -0.995657 2.809538
7.228390 -0.088586 3.980144
7.244810 2.039010 3.589162
7.261170 3.679218 2.664568
7.277890 3.150773 1.572961
7.294130 0.825677 1.054102
7.310670 -1.045103 1.760804
7.327030 -0.942932 2.707604
7.343510 0.310191 3.079864
7.359860 1.298259 3.350453
7.376280 1.984677 3.944768
7.392940 2.614892 3.699284
7.409360 2.664373 1.568071
7.425660 1.639255 -1.190977
7.442020 0.255154 -2.697515
7.458310 -0.295023 -2.295501
7.474850 0.672892 -0.791746
7.491210 3.429783 -0.068269
7.507930 6.916419 -1.269746
7.524170 8.596947 -3.415946
7.540650 6.684286 -4.204465
7.557010 2.397738 -2.629982
7.573300 -1.085499 -0.054136
7.589840 -1.824885 1.812387
7.606260 -0.449570 2.361948
7.622740 1.263738 1.894835
7.639100 2.520733 1.177599
7.655460 2.825054 0.341521
7.672000 0.507664 -2.230280
7.688350 -4.766401 -7.235446
7.704830 -10.002285 -12.172796
7.721440 -11.470824 -13.834122
7.737730 -8.824412 -11.857888
7.754150 -5.116039 -8.478061
7.770630 -2.394437 -4.871479
7.786990 -0.382616 -1.278279
7.803340 1.373528 1.176298
7.820070 2.594073 1.627130
7.836240 2.719677 0.772331
7.852720 1.854060 -0.245566
7.869140 0.755826 -1.442888
7.885620 -0.069446 -3.109058
7.902040 -0.305968 -4.690045
7.934880 0.196024 -5.246416
7.951230 0.963515 -4.450884
7.967770 1.383021 -2.550026
7.984130 1.658275 0.309688
8.000610 2.462855 3.431399
8.017150 3.359799 5.306286
8.033690 2.766455 5.030452
8.050110 0.263194 3.344227
8.066710 -2.400564 1.955629
8.083190 -3.216474 1.616851
8.099430 -2.167776 1.635820
8.115970 -0.873104 1.049033
8.132450 -0.596009 -0.784500
8.152040 -1.315639 -2.914981
8.165040 0.972031 -3.450935
8.181340 11.665155 -2.679510
8.197810 29.560657 -2.006446
8.214230 46.790392 -1.516385
8.230650 54.133009 -0.333135
8.247010 49.007914 1.445578
8.263370 36.480404 2.097652
8.280030 22.626276 1.256784
8.296260 11.805217 0.445584
8.312740 4.503183 0.710245
8.329280 -0.621019 1.994458
8.345830 -3.721388 3.306853
8.362120 -4.972740 3.451557
8.378480 -4.491373 2.035451
8.395020 -3.000981 -0.337341
8.411440 -2.346586 -2.737484
8.427800 -3.442726 -4.352955
8.444150 -4.897062 -4.775945
8.460630 -4.251244 -4.211702
8.476990 -1.359256 -2.931566
8.493470 1.396986 -1.482791
8.509950 2.295542 -0.914178
8.526370 1.241205 -1.707846
8.542720 -0.886385 -2.927943
8.576350 -2.843947 -3.131702
8.592100 -3.541765 -1.775612
8.608580 -2.534167 1.080577
8.625180 -0.536370 5.204344
8.641420 1.181081 9.127154
8.657780 1.823279 9.991353
8.674260 1.020155 6.660365
8.692200 -0.221627 1.650794
8.707150 0.811061 -1.333456
8.723510 5.288362 -1.033293
8.740050 10.618356 0.549886
8.756290 12.526354 0.707954
8.772890 9.655230 -1.404358
8.789120 4.562693 -4.032105
8.822140 -0.215912 -4.750649
8.838500 -3.287935 -3.046248
8.855040 -3.439428 -0.465508
8.871280 -0.203310 1.309241
8.887880 4.009583 1.734001
8.904240 1.092949 1.069219
8.920590 -14.892283 -0.203590
8.937260 -39.102341 -0.980529
8.953430 -60.694928 1.062529
8.969910 -69.675257 6.914378
8.986390 -63.319621 12.826484
9.002810 -45.662333 12.287367
9.019230 -24.106103 3.903185
9.035640 -7.122893 -5.531418
9.052120 2.745160 -8.811556
9.068540 7.851346 -6.128247
9.085080 9.822355 -2.623968
9.117980 8.668859 -1.096855
9.134220 4.884852 -0.926653
9.150630 1.272351 -1.005263
9.167110 0.765338 -0.817244
9.183590 3.064121 0.298907
9.199830 4.701040 2.756040
9.216250 2.634678 4.907273
9.232910 -1.674034 5.093047
9.249270 -2.352011 4.269906
9.265630 4.236096 4.400353
9.282040 14.328864 5.599567
9.298460 20.374932 5.243748
9.315060 18.832248 1.278223
9.331240 12.643526 -4.691074
9.347840 6.396260 -8.820994
9.364380 2.593626 -8.598184
9.380680 0.984287 -4.818683
9.397030 -0.613393 -0.084918
9.413760 -2.995351 3.677531
9.429870 -4.549293 5.667321
9.448730 -3.562209 5.375197
9.463070 -0.657719 3.007640
9.479310 1.843392 0.108193
9.495610 3.127291 -1.831941
9.512150 4.047965 -2.874195
9.528440 5.097008 -3.991360
9.544860 6.227059 -5.720497
9.561340 7.025745 -7.197242
9.577880 5.207537 -6.468316
9.610780 -1.932048 -2.524829
9.627140 -12.803585 3.059325
9.643430 -21.171681 7.036511
9.660030 -22.351715 7.867668
9.676390 -18.108876 7.004210
9.709350 -12.638923 6.382689
9.725650 -7.718787 5.713019
9.742250 -3.825552 3.331341
9.758420 -1.047558 -0.521393
9.777830 1.348624 -3.619804
9.807800 3.445447 -4.383549
9.824220 3.846849 -3.384689
9.856990 1.763051 -2.067955
9.873540 -1.587091 -0.848305
9.906370 -4.155887 0.166430
9.922910 -4.814867 0.813243
9.955690 -3.281972 1.923995
9.972470 -0.704881 2.899910
9.988770 0.405574 0.250216
10.005190 -0.229125 -6.889822
10.021360 -0.516062 -13.796763
10.037780 0.536399 -14.839728
10.054140 1.532097 -9.679508
10.070500 0.819265 -2.916838
10.087040 -0.915905 1.714387
10.104490 -2.208983 2.918723
10.119930 -2.991756 1.208968
10.152710 -3.642734 -1.439729
10.169130 -3.330188 -2.718307
10.185670 0.034884 -1.012421
10.202030 6.245041 3.261359
10.218380 11.221096 7.114489
10.234920 11.127900 7.231118
10.251400 6.386780 3.896328
10.267880 0.877624 0.339147
10.284120 -2.244262 -1.197786
10.300720 -2.413428 -0.968172
10.317140 -0.964715 -0.344418
10.333370 0.095257 -0.361857
10.350040 -0.305735 -1.804995
10.366270 -1.764325 -4.395584
10.382750 -3.170408 -6.084171
10.399290 -3.409849 -4.971416
10.415650 -2.487933 -0.979107
10.432560 -1.762980 4.879783
10.448730 -2.055258 10.793321
10.464900 -2.628537 14.353010
10.481450 -2.280859 13.867493
10.497800 -1.342517 9.803958
10.514040 -0.965878 4.569936
10.530520 -0.913251 0.089035
10.547300 -0.310335 -2.992689
10.563540 0.612706 -4.585843
10.596440 0.570217 -5.063705
10.612790 -0.813934 -4.890485
10.629580 -1.810718 -4.043987
10.645940 -0.690574 -2.083232
10.666020 3.132884 0.898891
10.678650 10.160129 3.886007
10.694890 18.930845 5.649003
10.711240 25.099632 5.696224
10.727720 24.516632 4.745611
10.744260 17.506412 3.538246
10.761230 9.237060 1.809078
10.793520 3.957624 -0.696054
10.809810 2.035881 -3.234133
10.826420 1.618551 -4.608086
10.843080 0.424717 -4.582578
10.859440 -1.300284 -3.896819
10.875790 -0.170533 -2.436111
10.891970 5.176549 0.568924
10.908630 11.453205 4.568132
10.925170 14.272005 7.470831
10.941530 13.492981 7.374876
10.958070 10.022884 4.716797
10.974490 -0.665375 1.811502
10.993040 -19.802539 0.096472
11.007450 -38.004745 -0.470741
11.023560 -43.618384 0.025272
11.039860 -35.167012 1.831832
11.056270 -21.241005 4.536684
11.072750 -8.690348 6.533962
11.090090 -0.076267 6.343479
11.105530 3.457648 4.058217
11.122010 2.896690 0.986967
11.138670 1.107100 -1.564884
11.155330 0.077137 -3.409152
11.171570 -0.434766 -4.474111
11.187930 -0.587689 -3.361882
11.204410 0.423744 0.846082
11.220890 2.453176 6.701465
11.237180 3.385303 11.043484
11.253480 1.707437 11.729655
11.269900 -1.513573 8.978919
11.286560 -4.081166 4.146796
11.303100 -5.015349 -0.802577
11.319460 -4.753316 -4.053998
11.335820 -3.253159 -4.886507
11.351990 -0.391375 -3.586930
11.368350 3.092268 -0.853617
11.384890 6.092420 2.679454
11.401370 7.712661 5.740505
11.418820 7.778482 6.937752
11.434270 6.711275 6.514654
11.450680 4.879021 5.400759
11.467040 2.324686 3.508850
11.483520 -0.523939 0.212559
11.500060 -2.427296 -3.594794
11.516360 -2.331613 -5.485026
11.533750 -0.845610 -4.600643
11.549500 0.689903 -2.301785
11.565550 1.496855 0.296027
11.582150 1.202045 3.118231
11.598390 0.213728 5.680098
11.631290 -0.878144 6.848670
11.647770 -1.713021 5.846917
11.664310 -2.114275 2.963135
11.680660 -1.985351 -0.577886
11.697080 -1.212247 -3.487213
11.713500 -0.453709 -4.754367
11.730040 -0.480795 -4.267139
11.747310 -1.116673 -3.232895
11.762820 -1.619577 -3.010704
11.779170 -1.421253 -3.554579
11.795720 -0.544429 -3.459916
11.812130 0.128511 -1.494798
11.828490 -0.566686 1.760276
11.845090 -2.548360 4.338792
11.861330 -4.376661 4.773802
11.877990 -4.858432 2.801044
11.894470 -4.125439 -0.407152
11.910580 -2.965605 -3.094085
11.927120 -1.748252 -4.339653
11.943660 -0.546661 -4.072865
11.959960 0.777300 -2.463524
11.980650 2.696056 0.306532
11.993100 5.094331 3.511168
12.009400 6.646978 5.741229
12.025450 5.845866 5.885939
12.042300 3.013984 4.047297
12.058530 0.730324 1.699724
12.074830 1.108606 0.560179
12.091430 3.565297 0.804622
12.107790 5.802597 0.962282
12.124270 6.404708 -0.113377
12.140630 5.163641 -1.805432
12.157170 1.364624 -2.467840
12.173400 -4.700143 -1.021031
12.189940 -9.960562 1.839675
12.206540 -10.826221 4.130350
12.222780 -6.981522 4.531465
12.239320 -1.747067 3.340534
12.255620 1.518852 1.538789
12.272160 1.553856 -0.448490
12.288390 -0.345240 -2.088256
12.304870 -1.344028 -2.159152
12.321590 -0.268522 0.020909
12.337650 1.385460 3.627069
12.370540 1.965203 6.660537
12.387150 1.693977 7.440075
12.403500 1.803563 5.638744
12.419860 2.667094 2.339684
12.436400 3.280328 -0.345379
12.452640 2.418038 -0.877629
12.469120 0.400543 0.172146
12.485720 -1.230208 0.936951
12.502200 -1.687888 0.330958
12.521120 -1.794775 -1.120439
12.535100 -2.504499 -2.097714
12.551330 -3.044915 -1.735115
12.567750 -2.320478 -0.383486
12.584290 -0.246612 1.251846
12.600520 2.986272 3.123275
12.617130 6.470271 4.970274
12.633480 8.332896 5.869508
12.649900 7.165319 4.932102
12.666380 3.736647 2.609263
12.682740 0.786511 0.256433
12.699160 -0.087813 -1.508797
12.715580 -0.662571 -1.934959
12.732120 -2.631437 -0.833671
12.748720 -1.486937 0.022923
12.764890 9.531976 -0.948451
12.781430 28.301769 -3.140906
12.797970 44.122496 -4.646481
12.814270 48.322625 -4.808137
12.830690 41.422500 -4.261745
12.847110 29.265293 -3.010787
12.863460 16.588127 -1.000304
12.879940 6.680345 0.891039
12.896420 0.598248 1.793894
12.912720 -2.885556 1.792543
12.929320 -4.795022 1.693004
12.962160 -4.999060 2.027453
12.978520 -3.398765 2.192448
13.011350 0.699326 1.400144
13.027770 2.568250 -0.874312
13.044310 -10.074075 -5.479133
13.060610 -37.572489 -11.615694
13.077150 -61.573863 -16.133615
13.093380 -63.241221 -16.082224
13.109920 -43.831971 -11.876622
13.126400 -21.428890 -7.268920
13.142940 -7.322899 -4.494486
13.159610 -1.552372 -2.433878
13.180540 -0.323046 0.331161
13.192440 1.100356 3.562504
13.208860 4.670873 5.723169
13.225100 8.123997 5.875685
13.241580 7.879170 4.503847
13.258060 3.686215 2.393617
13.274900 -1.188029 0.246639
13.291020 -4.082003 -1.325073
13.307310 -4.850950 -1.837649
13.323790 -4.594099 -0.981718
13.340030 -4.009166 0.874911
13.356930 -3.468037 2.334219
13.373110 -3.106317 2.141144
13.390810 -2.553202 1.150155
13.405820 -2.187536 1.705285
13.422120 -2.646090 3.834440
13.438420 -3.061695 4.363389
13.454900 -2.027152 1.526188
13.471370 0.251474 -2.116542
13.487790 2.031861 -2.941720
13.504150 2.098366 -1.362838
13.520570 1.198019 -0.348673
13.536930 1.315574 -0.846107
13.553410 3.242359 -1.854275
13.569760 5.213329 -2.461662
13.586300 4.919533 -2.635817
13.602600 2.810597 -2.203192
13.619260 1.124599 -0.282088
13.651920 0.667904 2.689112
13.668400 0.506942 4.303359
13.701290 -0.271760 3.176292
13.717650 -1.248201 0.514143
13.734310 -1.026743 -0.980435
13.750490 1.712132 0.132569
13.766910 6.093172 2.384184
13.783390 9.168770 3.704652
13.799740 9.468306 3.240426
13.816410 8.119026 1.480291
13.832760 6.639054 -0.229675
13.849370 5.448480 -0.998966
13.865480 3.894722 -0.616207
13.882020 0.191510 0.612926
13.898380 -6.537992 1.445593
13.914730 -13.417479 0.851987
13.931400 -15.887172 -0.685875
13.947630 -13.352810 -1.779735
13.964170 -8.919384 -1.603569
13.980530 -4.072410 -0.786267
13.996890 1.414553 -0.676956
14.013370 5.998184 -1.561294
14.029850 6.604093 -1.972497
14.046200 2.968855 -0.586101
14.062740 -1.308827 2.046404
14.079160 -3.307242 4.022802
14.095520 -4.088435 3.788614
14.112000 -4.940426 1.719379
14.128360 -3.056137 -0.002702
14.144900 3.946048 0.770351
14.161380 12.829580 3.736049
14.177730 17.308130 5.645935
14.194270 15.266812 4.395891
14.210510 9.924174 1.721361
14.243530 3.850555 -0.211950
14.259770 -1.697778 -1.028993
14.276370 -5.085418 -1.273206
14.292660 -5.776343 -1.295715
14.309140 -4.724185 -1.477877
14.325620 -3.221940 -2.772035
14.342040 -1.548319 -4.501757
14.358520 0.018847 -4.700153
14.375310 0.055513 -2.985095
14.391240 -1.572533 -0.665308
14.407650 -3.399343 0.935223
14.424130 -4.375601 1.515091
14.440430 -3.931753 1.368153
14.456730 -2.307856 0.821384
14.473570 -0.513384 0.361071
14.489990 0.434934 0.539080
14.506530 0.410626 1.370968
14.522950 -0.396587 1.928601
14.539610 -3.471092 0.692508
14.555970 -8.415510 -2.408844
14.572330 -10.290001 -4.914705
14.588680 -5.787934 -4.232898
14.606020 1.895113 -0.809346
14.621520 6.467693 2.133653
14.637820 5.582412 2.402955
14.654110 2.079175 0.770175
14.670900 -0.816960 -0.873854
14.687320 -1.937702 -1.753792
14.703800 -1.841221 -2.092854
14.720090 -1.546231 -2.249821
14.736450 -1.078107 -2.604878
14.752810 0.136803 -3.331161
14.769290 1.565392 -4.415468
14.785640 1.220219 -5.580221
14.802000 -1.465020 -6.152507
14.818480 -3.898692 -5.401662
14.834840 -3.154339 -3.581760
14.851560 0.246393 -1.838848
14.867800 2.623341 -0.619296
14.884280 1.559259 0.337826
14.900450 -1.346379 1.068901
14.917360 -1.858228 1.284360
14.933780 2.515184 1.042643
14.949950 9.299634 0.827411
14.966250 13.362710 1.044807
14.982670 12.301071 2.289519
14.999150 8.225349 4.489775
15.015630 4.109208 5.858623
15.033200 0.974848 4.792626
15.048400 -0.873592 1.917675
15.064820 -0.638586 -0.486571
15.081300 1.706233 -0.702051
15.097600 3.971542 0.410301
15.114200 3.518398 0.759669
15.130490 0.525102 0.051867
15.146970 -2.063850 -0.330060
15.179870 -2.559282 0.556789
15.196410 1.125160 1.882054
15.212590 14.640709 2.354200
15.229000 36.632733 2.087512
15.245540 54.357606 1.610470
15.261900 55.528801 1.132471
15.278500 40.860513 0.808153
15.294740 22.228247 0.520205
15.311400 7.726619 0.155673
15.327760 -1.111947 -0.168240
15.344060 -4.235993 -0.355706
15.360660 -2.610997 -0.711383
15.377200 1.933927 -1.733281
15.393370 5.748043 -2.948578
15.409910 4.300383 -3.126945
15.426330 -2.423307 -2.311977
15.442750 -9.074702 -1.827479
15.459170 -10.942285 -2.369100
15.475460 -8.197403 -3.192527
15.492000 -4.488791 -3.470461
15.524840 -2.072252 -3.083434
15.541260 -0.461956 -1.728040
15.573970 0.922122 0.517507
15.590520 1.717576 2.275230
15.606870 1.292220 1.949320
15.623410 0.112167 0.122923
15.639890 -0.448303 -1.091549
15.656190 -0.355562 -0.548177
15.672790 -0.588442 1.592304
15.690860 -1.502571 3.843136
15.705630 -2.785059 4.412104
15.721860 -3.953237 2.910202
15.738530 -4.446634 0.652473
15.754760 -2.349490 -1.059588
15.771300 0.194839 -2.240183
15.787660 -7.286656 -2.019625
15.820500 -28.824970 1.158433
15.836850 -51.659370 5.820936
15.869690 -58.448273 8.097657
15.886290 -46.301216 6.571215
15.902770 -28.174586 3.919154
15.919130 -14.629033 2.445726
15.935490 -6.864025 1.656537
15.952030 -2.579900 0.834199
15.968570 0.883228 0.106925
15.984740 3.906306 0.162219
16.001280 4.669229 1.843375
16.018190 2.840477 4.827068
16.034120 0.533359 7.536137
16.050660 -0.335277 8.343805
16.066890 -0.107757 7.179187
16.083370 -0.001099 5.242786
16.099910 -0.297160 2.885854
16.116270 -1.106988 0.147648
16.132750 -2.409173 -2.089895
16.149050 -3.409423 -2.882295
16.165470 -3.111944 -1.919754
16.181820 -1.347668 0.109087
16.215030 1.125317 1.545940
16.231570 3.464940 1.468813
16.264040 4.890127 0.471802
16.280640 4.635117 -0.651385
16.313350 2.285838 -1.844276
16.329770 -1.226022 -2.932830
16.346310 -3.198684 -2.404315
16.362730 -1.312711 0.488453
16.379030 3.480714 3.941756
16.395690 7.265920 5.435329
16.412170 6.775076 4.292060
16.428650 3.523092 1.638908
16.444950 3.127212 -1.150515
16.461360 8.163628 -2.454311
16.477600 14.579339 -1.561307
16.494140 16.263577 0.236673
16.510620 12.060495 1.028890
16.526980 6.330898 0.209155
16.543400 2.893393 -0.712601
16.559750 1.254557 -0.405237
16.576480 -1.453065 0.101458
16.609190 -5.715996 -1.063163
16.625850 -9.008039 -3.738236
16.642030 -9.286108 -5.099202
16.658390 -7.415390 -2.975565
16.675110 -5.452952 0.772163
16.691280 -3.712274 2.365322
16.707820 -1.851822 0.957902
16.724180 -0.304094 -1.080698
16.740600 0.589356 -1.729101
16.757020 1.096593 -1.345655
16.773500 1.357117 -1.503644
16.789790 1.047377 -2.480708
16.806270 -0.087154 -2.883764
16.822810 -0.649936 -1.534765
16.839110 2.094790 1.322935
16.855590 7.871965 3.974880
16.872130 12.933434 4.811167
16.905090 14.023635 4.143005
16.921510 11.543623 2.743870
16.937620 7.412899 0.985529
16.954160 1.576938 0.001929
16.970760 -6.363561 0.452821
16.986880 -16.011323 1.526888
17.003480 -24.685194 2.157227
17.019900 -28.420435 2.365234
17.036130 -25.254582 2.953623
17.052670 -16.652902 3.182345
17.069150 -7.309815 2.165664
17.085510 -0.840246 1.267002
17.102050 1.973905 1.586253
17.118530 2.108434 2.179309
17.134890 1.767046 1.561482
17.151310 1.758778 -0.144905
17.167720 0.740078 -1.408774
17.200560 -1.237147 -1.489596
17.216980 -1.046174 -1.097027
17.249880 3.465587 -1.086167
17.266240 9.854009 -1.399237
17.282840 14.044631 -1.016948
17.299380 15.088501 1.191446
17.315670 14.189110 4.719679
17.332210 11.348398 7.322627
17.348510 6.510467 7.085606
17.364810 1.321497 3.952492
17.381290 -2.703794 -0.255265
17.397770 -4.565106 -3.322564
17.414060 -2.975476 -4.317864
17.447020 2.019587 -3.522476
17.463500 8.063109 -2.180825
17.496150 11.860183 -1.369784
17.512630 12.181251 -1.191863
17.529170 10.098821 -1.327307
17.545590 6.674059 -0.580538
17.562010 2.799261 0.873925
17.578430 -1.106056 0.501474
17.594910 -4.878234 -2.696748
17.611270 -7.771598 -6.553331
17.627810 -8.016739 -7.987489
17.643980 -3.875570 -6.508464
17.660580 3.403777 -4.050685
17.677060 10.129359 -1.641337
17.693360 13.223291 0.669090
17.709960 12.305240 2.701104
17.726260 9.001074 4.026293
17.742680 4.634254 3.665654
17.759160 0.317481 1.397486
17.791990 -2.597954 -1.207696
17.808470 -3.179677 -2.231445
17.825260 -2.787901 -0.949845
17.841430 -4.676409 1.670430
17.857850 -10.388988 3.767387
17.874270 -18.670192 3.694092
17.890870 -25.748737 1.092545
17.907350 -27.743051 -2.255106
17.923400 -23.238864 -3.888296
17.940060 -13.979930 -3.134710
17.956480 -4.669436 -1.057219
17.972960 0.753450 1.146406
17.989440 1.570141 2.346030
18.005680 -0.673688 1.804237
18.021910 -3.147950 -0.081882
18.038390 -3.468451 -1.705742
18.054870 -1.750468 -1.364167
18.087710 0.318612 0.902092
18.104130 1.790070 4.037448
18.120670 2.536220 6.611236
18.136900 2.254767 6.573448
18.153260 1.095077 3.610491
18.186160 0.200231 -0.170829
18.202580 0.443942 -2.082690
18.219180 0.590891 -1.280384
18.235660 -1.508179 0.243127
18.251830 -5.130288 0.738647
18.268250 -7.364400 0.380590
18.284730 -6.608630 0.171969
18.301150 -3.670932 0.746830
18.317990 -0.379496 1.385421
18.334170 2.031148 0.812239
18.350520 3.359395 -0.702584
18.366940 3.515408 -1.206782
18.383240 3.024926 0.065475
18.399720 4.359461 1.516029
18.432800 8.750254 1.374791
18.449100 13.517838 0.142419
18.465880 14.340178 -0.156267
18.481930 10.547231 1.056864
18.498410 5.947879 2.475503
18.514770 2.911066 2.253030
18.533630 0.461957 -0.274532
18.547790 -1.765248 -3.273907
18.564210 -1.996470 -4.069630
18.580690 0.189692 -2.196923
18.597050 2.912477 0.518639
18.613280 4.267244 2.544667
18.629940 3.079852 3.942777
18.646730 0.527106 4.475481
18.662900 0.080134 2.179934
18.679380 3.325645 -3.696306
18.695680 7.684708 -9.801120
18.711980 9.313018 -11.036524
18.728270 7.973887 -6.243385
18.744930 6.173642 0.348717
18.761230 4.729571 3.696365
18.777710 3.314583 2.277814
18.794130 2.113638 -1.314616
18.810490 1.420515 -3.303744
18.827030 1.315473 -2.385295
18.843440 1.478667 -0.227360
18.862000 1.277256 1.431579
18.876340 0.249236 2.988760
18.893010 -0.758856 5.000737
18.909120 0.276644 5.859685
18.925660 1.633601 4.529799
18.942020 -3.047009 3.221839
18.975100 -15.566408 4.309793
18.991090 -28.265567 6.934232
19.007630 -31.424022 8.422511
19.024050 -23.956983 7.775732
19.040530 -13.152136 5.948186
19.056820 -4.914833 3.559614
19.073360 0.011721 0.989982
19.089720 2.588729 -1.015994
19.106260 3.230825 -1.815046
19.122680 2.381992 -1.091868
19.138980 1.171035 0.596713
19.155460 0.737561 2.074078
19.172000 0.599881 2.334012
19.190550 -0.363982 1.336053
19.204960 -0.952051 -0.277281
19.221250 1.276210 -2.367254
19.237610 5.757488 -4.508903
19.270510 8.910307 -5.532742
19.286990 8.205238 -4.751723
19.319890 4.372825 -2.421903
19.336120 -0.050834 -0.423727
19.352840 -1.988844 1.324698
19.369260 2.335653 9.270958
19.385500 8.764661 19.167120
19.401980 3.353697 8.622665
19.631840 -16.715810 -29.167125
19.648380 -33.892763 -65.533639
19.664920 -29.279632 -63.991784
19.681270 -6.197649 -24.294691
19.697750 14.081069 19.569350
19.713990 19.595361 42.961514
19.730350 14.288993 44.219259
19.763430 6.615696 32.532841
19.779910 1.312489 18.244755
19.812740 -2.271269 6.903561
19.829040 -4.728329 -0.229726
19.845340 -4.629765 -3.672388
19.862060 -1.384753 -4.085807
19.878360 3.334379 -2.253048
19.894900 6.370944 0.325068
19.911320 5.936096 1.815554
19.927800 3.189070 1.197869
19.960390 0.156713 -0.988604
19.976990 -1.971677 -3.018308
19.993230 -3.044554 -3.010268
20.009770 -3.458381 -0.926514
20.026250 -3.043581 1.297950
20.059140 -1.238130 2.112656
20.075380 1.566049 2.057874
20.092040 3.764465 2.550977
20.108280 4.013509 3.217242
20.124760 2.546940 2.780044
20.157590 0.685168 1.094878
20.174130 -0.469993 -0.652504
20.190610 -0.558584 -1.470146
20.207030 -0.421846 -2.375879
20.223270 -1.181377 -4.079693
20.239750 -2.635292 -4.878245
20.256160 -3.610904 -3.182876
20.272770 -3.283132 -0.028651
20.289000 -1.670544 2.200314
20.305540 0.728868 2.391394
20.321840 2.495382 0.661179
20.354740 1.845945 -2.306199
20.371520 -1.028735 -4.440393
20.387880 -3.444752 -3.097313
20.404480 -2.691502 1.239714
20.420650 0.916868 5.148302
20.437320 3.938518 6.523470
20.453550 3.194736 6.005580
20.470030 -0.522950 5.100462
20.486570 -3.239127 3.998147
20.502930 -2.721365 2.304096
20.519530 -0.722643 0.334235
20.535400 -0.395368 -1.165014
20.551880 -2.160063 -1.652194
20.568480 -3.613131 -2.032359
20.601320 -3.396830 -4.407065
20.617740 -2.058569 -8.053884
20.634160 -0.217436 -8.280353
20.650510 2.122966 -2.372734
20.666930 4.292167 5.328929
20.683470 4.411861 7.902177
20.699830 2.015553 5.347272
20.716250 -1.153651 2.505667
20.732790 -3.349923 0.689918
20.749330 -4.331904 -2.016511
20.765500 -3.851033 -5.368802
20.781920 -0.602174 -6.305737
20.798580 4.399898 -4.802205
20.814760 7.824316 -3.672857
20.831240 8.322724 -3.088596
20.847780 8.145273 -0.801239
20.864140 9.383154 3.524401
20.880490 10.124025 7.067757
20.897090 7.926932 7.803433
20.913390 3.781970 6.173726
20.929930 0.328102 3.053177
20.946230 -1.159857 -0.854652
20.962650 -1.700635 -4.114936
20.979130 -2.005439 -4.901725
20.995610 -0.097576 -3.147795
21.011960 5.179734 -0.799405
21.028380 11.160720 0.752297
21.044860 13.828866 2.144481
21.061280 11.601700 3.470744
21.077700 6.049408 2.695768
21.094180 -0.166483 -1.048750
21.110410 -4.331815 -5.171239
21.127080 -4.512147 -6.005965
21.143430 -1.935348 -3.282416
21.159850 -0.165999 0.188033
21.192690 -0.737041 2.255952
21.209170 -1.599559 2.916550
21.225520 -1.227455 3.268125
21.242070 -2.743370 3.233380
21.258360 -8.522526 2.307953
21.274900 -14.821313 1.306750
21.291320 -16.035162 1.603613
21.307620 -11.775791 3.164945
21.324280 -6.942401 3.918673
21.340520 -4.486530 2.277474
21.357060 -3.495502 -0.610640
21.373230 -2.221477 -2.306607
21.389890 0.039200 -1.935356
21.406190 2.527857 -0.495000
21.422550 4.065578 0.651009
21.439030 3.906381 1.044409
21.455440 2.487246 0.930067
21.472050 1.134292 0.427660
21.488460 0.682739 -0.071214
21.504880 0.646580 -0.115383
21.521300 0.189604 -0.158935
21.537720 -0.259966 -1.225136
21.554200 0.494810 -3.137202
21.570500 3.059425 -3.969850
21.587040 6.472333 -2.162364
21.603390 8.928683 1.341036
21.619870 9.431572 3.506539
21.636110 8.180684 2.366287
21.652650 6.187929 -0.976782
21.669250 3.809967 -3.618346
21.685610 0.685297 -3.261373
21.701970 -2.200507 -0.033460
21.718440 -3.030489 3.569398
21.734920 -1.862566 4.665928
21.751280 -0.348403 2.462044
21.767460 -0.195509 -1.082574
21.784480 -2.863828 -3.093397
21.800840 -8.386992 -2.441633
21.833680 -14.008401 -0.129854
21.849850 -15.812691 2.113772
21.866030 -13.178098 2.879951
21.882630 -9.148286 1.924131
21.899050 -6.021150 0.272675
21.917600 -3.730298 -0.649316
21.932070 -2.027621 -0.725086
21.948430 -0.834769 -0.726267
21.964720 0.485410 -0.677942
21.981140 1.301110 -0.323921
21.997500 1.110147 -0.062827
22.014160 2.117479 -0.759238
22.032100 6.160620 -2.179983
22.047060 11.139515 -2.943657
22.063420 12.906962 -2.344655
22.079830 10.841760 -1.166774
22.096250 7.870334 -0.685246
22.112550 5.679089 -1.070008
22.129150 4.059865 -1.491250
22.146120 2.624729 -1.174975
22.162050 1.057169 -0.034220
22.178410 -0.898977 1.129204
22.194890 -2.460355 1.860367
22.211300 -2.363690 2.768982
22.227540 -1.529561 4.173025
22.245480 -0.933189 5.050031
22.260740 1.655238 3.801654
22.277040 7.723408 0.499201
22.293400 13.721670 -2.787666
22.309880 14.017235 -4.051799
22.326290 8.487678 -2.900392
22.342650 2.442029 -0.547797
22.360110 -0.491642 1.431727
22.375370 -0.408128 2.268523
22.392030 1.233289 1.857705
22.408390 3.425811 0.489465
22.424620 4.978416 -0.445943
22.441280 4.776496 0.024131
22.457580 3.556344 0.719552
22.474000 3.306162 -0.217668
22.490540 5.038960 -2.425212
22.506900 7.847551 -3.104665
22.523250 9.690849 -1.330890
22.539790 8.980540 0.330885
22.573850 5.602377 -0.797065
22.589360 1.119452 -3.869211
22.605410 -1.927874 -5.174312
22.621950 -2.426281 -3.386278
22.638430 -1.280341 0.256541
22.654790 0.242938 4.744628
22.671260 1.142050 8.277936
22.687500 1.343242 8.711829
22.704040 2.061099 5.334902
22.720400 4.207719 0.596382
22.737120 6.802736 -2.570125
22.753360 7.211285 -4.759722
22.769710 3.958964 -6.599335
22.786130 -0.738808 -7.059195
22.802730 -4.559555 -5.381856
22.819030 -8.365722 -1.905440
22.835570 -14.078567 1.926562
22.851870 -21.922628 4.925013
22.868410 -27.998025 6.067216
22.884640 -28.273335 5.010366
22.902950 -23.676880 2.463280
22.917660 -18.215686 -0.931595
22.934140 -14.667651 -4.476218
22.950560 -10.791558 -6.424787
22.966860 -3.117788 -3.898872
22.983400 6.504213 2.447104
22.999690 12.620409 7.137831
23.016110 12.458859 6.706438
23.032650 8.025997 3.457064
23.049010 2.535310 1.658243
23.065430 -2.653181 1.272022
23.081910 -6.304647 0.005115
23.098390 -5.468290 -1.334936
23.114620 0.533586 -1.125167
23.131100 7.157629 -0.268737
23.164000 9.510608 -0.753941
23.180420 7.781844 -2.115488
23.213320 5.444002 -2.093928
23.229980 3.863655 -0.591224
23.246280 1.486304 0.074183
23.262630 -2.084040 -1.164108
23.278990 -4.770063 -2.324884
23.295530 -5.364943 -1.373636
23.312010 -5.172125 0.415996
23.328250 -5.756449 0.774369
23.345830 -6.644024 -0.027881
23.361270 -6.192547 -0.441259
23.377620 -3.787806 0.120880
23.394170 -0.239435 0.887605
23.410400 3.003865 1.108107
23.427000 4.761037 0.894446
23.443420 4.163973 0.778081
23.459530 0.838020 1.426845
23.476140 -3.938406 2.820196
23.492610 -7.392557 3.966388
23.509220 -6.834747 3.762329
23.525510 -3.404425 2.400115
23.541870 -1.957025 1.349865
23.559570 -4.359611 1.463545
23.574770 -7.100911 2.208232
23.591250 -6.014225 2.318630
23.607670 -1.944447 1.501354
23.624020 1.126625 0.935837
23.640380 3.920509 1.247725
23.656920 11.473760 1.781994
23.673220 23.193381 1.666283
23.689640 30.544039 0.407796
23.706240 27.258879 -1.964309
23.722410 17.284101 -4.038720
23.738890 9.130875 -3.824178
23.755550 4.836953 -1.841564
23.772280 1.607576 -0.204504
23.788390 -1.435442 0.487595
23.804630 -3.364444 1.199321
23.821170 -3.706253 2.364710
23.837710 -2.582695 3.026645
23.854190 0.835037 3.322253
23.870540 5.859555 3.798974
23.887080 8.914125 3.159568
23.903440 7.939271 0.696206
23.919680 4.819325 -1.792132
23.936280 2.635328 -1.873670
23.952640 1.893026 0.420351
23.969120 1.269615 2.859494
23.985530 0.459704 3.435780
24.003230 0.480691 2.214521
24.018430 -0.077375 1.197100
24.051270 -5.926420 1.238034
24.067500 -17.676596 1.598620
24.084170 -28.725147 1.438360
24.100520 -31.209364 0.813013
24.116940 -24.602599 0.379526
24.133360 -15.413027 -0.297380
24.149660 -8.341248 -1.758023
24.166080 -4.011584 -3.087198
24.182500 -1.264152 -2.937777
24.199040 0.944489 -1.579052
24.215330 2.446207 -0.292659
24.231930 2.471495 0.630888
24.248410 0.481111 1.594013
24.264770 -2.420999 2.444232
24.281130 -3.531947 2.193204
24.297670 -1.440613 0.490886
24.314330 2.244360 -1.584155
24.330380 4.753626 -2.549129
24.346920 4.927991 -1.582232
24.363280 3.457098 0.464751
24.379580 1.457773 2.111280
24.396120 -0.402728 2.906568
24.412660 -2.213097 2.508288
24.445370 -4.238383 0.795695
24.461790 -5.958891 -1.358812
24.494630 -5.754483 -2.946052
24.511660 -3.244281 -3.791306
24.527830 -0.347017 -3.904752
24.545040 1.449665 -1.845209
24.560670 2.218408 2.751603
24.576900 2.717180 6.979206
24.593440 3.011307 7.979224
24.609800 2.739268 6.047858
24.626280 2.109000 3.398556
24.642700 1.393017 1.125875
24.659120 0.993585 -0.490448
24.692080 0.837540 -1.266591
24.708250 0.163478 -1.548731
24.741270 -1.315839 -1.237466
24.757510 -1.782266 -0.371338
24.774110 1.846648 -0.054390
24.790530 8.541134 -1.425829
24.806880 13.326349 -4.038115
24.823240 12.681135 -5.686576
24.839780 7.462415 -5.218515
24.856260 1.790046 -3.521749
24.872620 -1.758112 -1.777981
24.889100 -3.398691 -0.989426
24.905520 -4.063085 -1.548666
24.938420 -4.280889 -2.302319
24.954830 -3.147183 -1.739308
24.987610 -0.013227 -0.240591
25.004150 4.390366 0.223850
25.020570 10.419743 -1.496693
25.036930 18.210554 -3.935152
25.053280 24.444111 -4.510186
25.069760 24.143134 -2.635008
25.086240 16.706575 -0.571435
25.102600 7.312229 -0.459873
25.119320 0.904414 -1.547090
25.135560 -1.516079 -2.147300
25.151730 -1.332723 -1.723799
25.168270 -0.318777 -0.540639
25.184630 -0.327615 1.263956
25.201540 -1.830776 3.160110
25.217830 -3.001016 3.715190
25.234380 -2.204812 2.781329
25.250670 0.155188 1.698958
25.267090 2.234336 1.213106
25.283450 2.391876 1.191113
25.300110 0.609463 1.143920
25.316410 -1.654175 0.949290
25.332820 -1.800426 1.103493
25.349000 -1.055791 1.679364
25.365420 -6.570664 2.250213
25.628360 -20.302302 2.542896
25.644710 -33.613946 2.280665
25.677670 -35.738157 1.256476
25.694030 -25.725223 -0.354475
25.710390 -12.496851 -1.373854
25.726930 -3.030603 -0.636707
25.743160 1.265702 1.453863
25.759580 1.915675 3.666737
25.776370 1.524511 4.613678
25.792660 1.398889 3.449062
25.808840 1.278222 0.584818
25.825620 1.117442 -2.213383
25.841860 1.273580 -3.143142
25.858220 1.372082 -2.114254
25.874630 0.580108 -0.292130
25.891110 -1.145529 0.942575
25.907650 -2.756348 0.881334
25.923890 -3.295174 -0.090515
25.940430 -2.672981 -1.089920
25.973330 -1.438997 -1.518548
25.989560 -0.330600 -1.183977
26.006230 0.236379 0.151371
26.022640 0.329555 2.287117
26.039000 -0.050384 4.057670
26.055540 -0.775344 4.356082
26.071780 -0.653503 3.630417
26.088260 0.894949 2.867210
26.104800 2.826653 1.616950
26.121150 4.320137 -0.664955
26.137450 5.556012 -3.182577
26.154050 7.184387 -4.556435
26.170530 8.699005 -4.190062
26.186890 8.872883 -2.915943
26.203430 7.258064 -1.819562
26.219790 3.923475 -1.479237
26.236150 -0.131478 -1.625524
26.252500 -3.017553 -0.765922
26.268860 -3.294971 2.095134
26.285400 -0.880825 5.438359
26.301820 3.591970 6.437825
26.318420 8.794720 4.476711
26.334900 12.710880 1.488810
26.351440 13.898340 -0.873267
26.367490 12.421717 -2.369079
26.384030 9.351377 -3.098438
26.400390 5.003842 -2.695589
26.416810 0.035765 -1.489320
26.433290 -3.842451 -0.499686
26.449650 -5.729562 0.143762
26.466060 -5.837378 0.873810
26.482670 -4.630445 1.671660
26.499080 -2.230422 2.038418
26.517760 0.481380 1.594397
26.531920 1.678066 0.395234
26.548280 1.691719 -1.237805
26.564700 3.664076 -2.862768
26.581240 8.514914 -3.685132
26.597470 12.592828 -2.800518
26.614010 12.139375 -1.206743
26.630550 7.784379 -1.109861
26.663270 3.115548 -2.458693
26.679630 0.322448 -3.425189
26.696110 -1.645057 -2.600420
26.712520 -5.595277 0.232737
26.728820 -12.740891 3.866686
26.745610 -21.143949 6.475053
26.761900 -26.284867 6.760350
26.778260 -25.004572 5.136141
26.794620 -18.054718 3.171767
26.811100 -8.579549 1.417348
26.827640 -0.585408 -0.095337
26.843870 3.782151 -0.672163
26.860350 4.832286 -0.269131
26.876770 3.913238 0.297471
26.893250 2.581211 0.607349
26.909790 1.710367 0.739187
26.925900 1.318721 0.626806
26.942630 2.241794 -0.030668
26.958920 6.310884 -1.023579
26.975400 13.355301 -1.257235
26.991700 19.599024 -0.123962
27.008240 20.276973 1.193682
27.024660 15.121448 1.337653
27.057620 8.146344 0.252583
27.073970 2.766526 -0.934867
27.090330 -0.020864 -0.954091
27.106870 -0.670550 0.344733
27.123410 0.241417 2.386301
27.139770 1.739744 3.864247
27.156010 2.752088 3.341672
27.174070 3.134607 1.018801
27.189030 2.532696 -1.332864
27.205510 -0.488869 -1.872192
27.221920 -5.537835 -0.452567
27.238400 -9.292456 1.409175
27.254760 -9.339825 2.439744
27.271060 -6.515582 2.676949
27.287660 -2.997181 2.786382
27.304020 -0.244278 2.763347
27.320500 1.043783 1.935400
27.353210 0.784563 0.043801
27.369630 -0.308751 -1.800886
27.402530 -1.286001 -2.041154
27.418880 -1.142285 -0.719952
27.435360 1.786377 0.400315
27.451720 7.396085 -0.052471
27.468260 12.242885 -1.528824
27.484620 12.860772 -2.660231
27.503050 9.478886 -2.830110
27.517640 5.144966 -2.407602
27.533940 1.658417 -1.883028
27.550540 -0.845960 -1.374657
27.566770 -2.294412 -0.775378
27.583250 -2.525072 0.055268
27.599610 -1.754812 0.850307
27.616150 -0.695140 0.823178
27.632630 0.325851 -0.356717
27.649050 1.534030 -1.280845
27.665410 2.902763 -0.645042
27.681760 3.667786 0.520448
27.698300 2.912818 0.464524
27.714600 0.920967 -0.658003
27.731200 -1.309677 -1.128885
27.747800 -3.481348 -0.853058
27.764040 -5.510499 -1.232284
27.780520 -6.425024 -2.352236
27.796690 -4.984392 -3.039570
27.813420 -1.429307 -2.387321
27.830080 2.431763 -0.348773
27.846010 4.730609 2.392315
27.862550 4.366589 4.380111
27.879030 1.475492 4.126640
27.895390 -1.984992 2.273518
27.911930 -3.566854 0.402197
27.928280 -0.294963 -2.372857
27.944760 10.122900 -7.682208
27.961000 24.128334 -13.960476
27.977540 33.149095 -16.769088
27.994020 31.053472 -13.658804
28.010380 20.652758 -7.453613
28.026790 10.225471 -2.813430
28.043270 4.084144 -1.496763
28.059630 1.814961 -2.004363
28.076110 1.408595 -2.559088
28.092770 0.283375 -3.630148
28.108950 -2.508063 -5.661304
28.125550 -5.288029 -6.806412
28.141910 -5.494145 -5.635561
28.159120 -2.889034 -3.118359
28.174800 -0.085999 -0.920810
28.191100 1.013493 0.675138
28.207640 0.667031 2.060317
28.224000 -0.062952 2.749063
28.240300 0.920110 2.184944
28.256840 1.269119 0.633454
28.273250 -8.875196 -1.019849
28.536130 -31.934958 -1.954600
28.552550 -54.493376 -1.248770
28.569030 -60.028556 2.961878
28.585570 -47.381458 10.424904
28.602170 -29.280780 17.377000
28.618410 -13.730186 20.066725
28.634700 -2.038978 17.813056
28.651180 4.589256 12.985648
28.667480 5.502486 7.385177
28.683900 2.472799 1.798083
28.700500 -0.942225 -2.306091
28.716860 -2.034850 -3.795499
28.733340 -1.029936 -2.440756
28.749820 -1.494758 0.851095
28.782780 -5.765150 3.902026
28.799070 -11.174261 4.917015
28.831730 -13.227785 3.945010
28.848330 -10.964087 2.222367
28.864620 -7.042932 0.513094
28.880980 -2.797460 -1.204745
28.897520 1.857875 -2.612818
28.930420 5.758846 -3.074002
28.946720 8.083163 -2.586693
28.979610 9.018996 -1.871439
28.996030 8.987428 -1.274927
29.012820 8.326719 -0.243389
29.029170 7.666117 1.690225
29.045530 7.704068 4.054471
29.061890 7.293278 5.366980
29.078310 4.818993 4.219166
29.094790 1.093634 1.275301
29.111150 -1.531727 -1.013796
29.127560 -2.275515 -1.182238
29.144290 -2.125085 -0.016763
29.160460 -0.457224 0.403142
29.176760 4.889803 -1.282097
29.193300 12.901079 -3.955505
29.209780 18.732930 -4.790190
29.226260 18.905883 -2.187462
29.242680 14.511836 1.917667
29.259030 8.416290 3.695620
29.275510 2.264638 2.029496
29.291870 -2.524241 -0.681659
29.308110 -4.479565 -1.963187
29.324650 -3.879009 -1.459605
29.341130 -2.241417 -0.352064
29.357670 -0.341591 0.318779
29.374020 1.312002 0.271463
29.390560 2.564199 0.071499
29.406920 4.480765 0.467789
29.423400 7.433046 0.984853
29.439640 9.998625 0.645250
29.456180 10.553405 -0.730795
29.472660 9.421076 -2.071071
29.489010 8.010457 -1.730181
29.521910 6.141445 0.579907
29.538330 3.380421 3.231370
29.571040 0.825376 3.771737
29.587650 -0.683860 1.480975
29.604000 -1.723851 -1.544478
29.620540 -2.737799 -2.997563
29.636780 -3.273553 -2.772267
29.653320 -2.591357 -2.053112
29.669800 -0.356120 -1.118752
29.686160 2.415998 0.309882
29.702700 3.798784 1.690928
29.718990 2.628083 1.946670
29.735720 -0.022163 0.843955
29.752200 -1.599382 -0.538644
29.768620 -0.517003 -0.758737
29.785100 1.049732 -0.366594
29.801450 -2.894640 -2.118006
29.817810 -14.651813 -6.553672
29.833860 -27.959286 -10.754692
29.850400 -33.652769 -11.740237
29.866760 -29.047512 -9.595949
29.883120 -19.195869 -6.458255
29.899600 -9.039786 -3.354937
29.916260 -0.966827 -1.216012
29.932500 3.380997 -0.946036
29.948910 3.627831 -1.652183
29.965210 0.960242 -1.916819
29.981930 -2.256857 -1.406351
29.998170 -3.854787 -0.793529
30.014590 -3.218944 -0.569473
30.031130 -1.381935 -0.711566
30.047670 0.146061 -1.201130
30.063780 0.680299 -1.619681
30.080380 0.715234 -1.216825
30.096740 1.994766 0.253449
30.113280 6.204009 2.008637
30.129760 11.812781 3.049905
30.146060 14.257247 3.759660
30.162660 11.043271 5.326739
30.179020 4.797110 7.389671
30.195370 -0.119431 7.700861
30.211790 -2.167391 5.278377
30.228090 -2.665530 1.138167
30.244810 -4.411311 -4.663047
30.260990 -9.690172 -12.155458
30.277650 -16.651046 -18.645891
30.293880 -19.756521 -19.797738
30.310420 -15.695633 -14.437715
30.326900 -7.496162 -6.507888
30.344240 -0.727283 -0.245937
30.359800 2.572223 3.248814
30.376220 3.682433 4.817813
30.392640 3.799488 5.345570
30.409000 3.306723 5.053028
30.425480 2.130828 4.018834
30.441890 -0.134368 2.319519
30.458130 -2.969151 0.102055
30.474670 -4.801992 -1.827250
30.491030 -4.656123 -2.499460
30.507690 -3.373863 -2.107003
30.523860 -2.437944 -1.692535
30.540220 -1.873062 -1.695899
30.556760 -0.938265 -1.604471
30.573240 0.026233 -1.045364
30.589600 0.861251 -0.266418
30.606200 2.888191 0.933787
30.622500 7.545209 2.050753
30.639040 14.699569 0.535337
30.655270 20.786186 -4.920507
30.673580 21.586469 -11.210984
30.688290 16.206854 -13.216056
30.704830 7.337692 -10.006236
30.721130 -0.236446 -5.195383
30.737550 -3.426825 -1.433605
30.753910 -2.415969 1.051977
30.770390 0.358399 2.410401
30.786740 2.049395 2.349366
30.803280 1.779574 1.098430
30.819640 0.338516 -0.205138
30.852660 -1.713977 -0.241872
30.868840 -3.357161 1.563090
30.885440 -2.571452 4.298341
30.901920 0.956177 5.617463
30.918090 4.456609 4.028683
30.934940 4.356674 0.860700
30.951480 0.373094 -1.335802
30.967770 -4.060469 -1.518690
31.000670 -5.672974 -0.994317
31.017150 -4.011219 -1.249051
31.049620 -1.679430 -2.170356
31.066040 -0.561680 -2.700256
31.082520 1.083113 -1.959345
31.098940 5.099792 0.419535
31.115360 9.628295 3.200433
31.132140 10.717010 3.540058
31.148250 7.572052 0.582268
31.164790 3.356772 -3.305163
31.181030 0.782924 -5.399607
31.197630 0.104056 -5.695462
31.213990 0.713697 -5.205851
31.246770 0.132114 -2.956278
31.263180 -6.234217 0.957126
31.296140 -18.211840 4.023855
31.312560 -28.386605 4.541219
31.329830 -29.124284 3.864736
31.345400 -20.734936 4.442571
31.361760 -10.290663 6.024340
31.378110 -2.726691 6.396064
31.394710 1.224662 4.154363
31.411070 2.512795 0.328436
31.427370 2.610138 -2.451688
31.443970 2.199894 -2.775947
31.460510 1.315954 -1.777716
31.476870 0.092217 -1.448859
31.493230 -1.129420 -1.764099
31.509700 -2.325241 -1.612797
31.526000 -3.054523 -1.306312
31.542600 -1.226656 -1.797890
31.559020 3.703951 -2.747921
31.575440 8.425936 -2.863654
31.591920 8.763295 -1.644929
31.608280 4.472111 0.453357
31.641170 -0.190538 2.291349
31.658510 -1.895017 2.890697
31.674190 -0.551089 2.641078
31.690430 1.731767 2.535161
31.723270 2.084470 2.564648
31.739690 -0.383072 1.832688
31.756290 -3.806623 0.290174
31.772520 -5.189738 -1.087506
31.788940 -3.600863 -1.706871
31.805420 -0.637556 -1.535855
31.821780 2.461556 -0.271250
31.838200 5.026199 1.978521
31.854740 6.582281 4.445142
31.871090 8.057628 6.310298
31.887510 10.990525 6.545806
31.904050 14.890278 4.709499
31.920410 16.514500 1.209572
31.936770 13.425337 -2.878165
31.953310 7.153504 -6.070157
31.969670 0.839648 -7.192947
31.986570 -3.777174 -5.903589
32.002500 -6.385634 -3.481773
32.019040 -6.979333 -2.061304
32.035280 -5.352871 -2.549431
32.052120 -2.106408 -3.991715
32.068300 2.010192 -4.158661
32.084780 6.828793 -0.730379
32.101140 11.336948 5.759729
32.133850 13.288876 10.983876
32.150570 11.137307 10.822615
32.183110 6.838047 5.644474
32.199770 2.769224 -1.791113
32.232480 -2.552441 -10.902112
32.249150 -10.643918 -20.923979
32.281920 -18.778365 -27.841082
32.298280 -21.656623 -27.392171
32.316890 -17.128613 -19.985867
32.331300 -8.430664 -10.337761
32.347530 -0.308833 -2.327609
32.363890 3.835084 2.659878
32.380370 3.275987 4.582398
32.396790 0.210665 3.837029
32.413450 -3.119793 1.466220
32.433960 -6.470689 -0.294455
32.446350 -9.785812 -0.096528
32.462650 -11.304678 1.251912
32.479430 -9.003325 2.500613
32.495610 -4.084817 3.550404
32.512020 -0.671960 4.766279
32.528380 -0.865951 5.376638
32.545040 -2.835201 4.314196
32.561100 -3.469258 1.726318
32.577510 -1.704049 -1.001786
32.610600 1.380235 -2.265314
32.626950 4.846183 -1.592480
32.643130 7.263984 0.164378
32.659970 6.265821 1.730720
32.676150 1.581136 2.475048
32.692570 -3.558438 1.857136
32.708920 -5.050283 -0.555293
32.725400 -2.292628 -3.236113
32.741760 2.014407 -3.725428
32.758240 5.826913 -1.217568
32.774660 8.109142 2.423459
32.791140 8.310397 4.804197
32.807500 6.780102 5.122759
32.823910 4.656185 2.805356
32.840390 3.377932 -1.419878
32.856870 3.133443 -4.465100
32.873290 2.541232 -3.243506
32.889830 1.047523 0.429296
32.906190 -0.404383 -2.360805
32.922550 -1.223884 -17.184870
32.938900 -1.986522 -36.743074
32.955380 -2.995449 -47.072540
32.972350 -2.332610 -41.638966
32.988400 0.999866 -26.582879
33.004760 4.154399 -11.325386
33.021180 4.141296 -0.619959
33.037720 1.614802 4.536396
33.054020 -0.658101 4.907387
33.070430 -2.058425 2.423693
33.086850 -3.196136 -0.520132
33.103270 -3.259740 -2.181733
33.119630 -1.691987 -2.180696
33.136290 -0.069491 -1.400676
33.152400 -1.288680 -1.196309
33.168880 -5.628659 -2.155154
33.185360 -10.097062 -2.995248
33.202030 -11.556553 -2.100054
33.218440 -8.504576 -0.525074
33.234680 -2.919674 -0.717585
33.251160 1.661277 -2.931200
33.267520 2.717495 -4.701822
33.284060 3.666146 -3.956981
33.300420 15.005125 -1.208649
33.316960 38.098628 2.216107
33.333250 58.716231 5.232519
33.349730 61.310800 6.620583
33.366150 45.464663 5.956974
33.382390 24.894843 4.138043
33.399170 9.418658 2.388456
33.415470 0.261663 1.466558
33.431880 -3.953194 1.302671
33.448120 -5.142543 1.092613
33.464600 -4.788546 0.247001
33.481140 -3.520483 -1.216844
33.497560 -0.905830 -2.933451
33.513850 3.222441 -4.650545
33.530400 7.460434 -5.857796
33.546880 9.937342 -5.260288
33.563420 9.961390 -2.397384
33.579710 8.092130 1.902730
33.596440 5.075759 6.346256
33.612790 1.903193 8.998353
33.629150 -0.064050 8.262162
33.645630 -0.361909 4.467596
33.662110 0.070400 0.189723
33.678220 0.234056 -2.155992
33.694580 0.350855 -2.532564
33.711180 1.143220 -1.794697
33.730040 2.273123 -0.538308
33.744020 2.562155 0.417330
33.760440 1.906024 0.816940
33.776860 0.833120 0.943776
33.793820 -1.572380 0.571277
33.809810 -6.398089 -0.549305
33.826290 -11.654046 -1.985985
33.842770 -12.934001 -2.761591
33.859310 -8.902702 -2.568691
33.875490 -2.886961 -2.026136
33.891910 1.507926 -1.582899
33.908140 3.052375 -1.646555
33.924680 2.609774 -2.276729
33.941040 1.650923 -2.371579
33.958860 1.208849 -0.703330
33.974060 1.541815 2.200698
34.006770 2.445488 4.514200
34.023130 1.962699 4.456940
34.039670 -4.045269 1.041515
34.056090 -15.104852 -4.211466
34.072510 -24.228123 -8.372771
34.088930 -25.339271 -9.695663
34.105350 -19.635457 -8.684609
34.121770 -12.738942 -7.079843
34.138180 -6.818881 -5.286410
34.154480 -1.827094 -3.159187
34.171080 1.216157 -1.472185
34.187440 2.183243 -1.563089
34.204040 2.612436 -4.197322
34.220280 3.196858 -7.474665
34.236760 3.970975 -6.548939
34.253110 6.688186 1.782861
34.269530 12.161972 14.276290
34.286190 17.659561 23.521455
34.302370 18.696388 24.342405
34.318910 14.454849 17.944551
34.335270 8.842483 9.664635
34.351750 4.848462 3.775918
34.368160 2.721489 1.206071
34.400940 1.572531 -0.163066
34.417360 0.777151 -1.987067
34.450260 0.222011 -3.269524
34.466610 -0.353631 -2.773527
34.483280 -1.184598 -1.090766
34.499570 -1.878143 -0.151034
34.516170 -1.718784 -0.838399
34.532350 -0.905155 -2.350683
34.548890 -0.468271 -3.944890
34.565190 -0.928778 -5.028979
34.581480 -1.933140 -4.716195
34.598270 -3.297876 -2.350967
34.614500 -4.386902 1.264587
34.631160 -3.471396 3.740522
34.647340 -0.244270 3.748139
34.663880 3.230105 1.856762
34.680300 4.533374 -0.821678
34.696660 3.175538 -3.483619
34.714230 0.704999 -5.286923
34.729610 -1.019753 -5.235447
34.745970 -0.421726 -4.237924
34.762450 2.062714 -3.700205
34.778750 3.790422 -2.840637
34.795170 3.400476 -0.333830
34.811770 2.226967 3.233201
34.829770 2.243016 5.450595
34.844480 3.304678 5.160785
34.860960 3.853370 3.254464
34.877380 3.233774 0.925682
34.893920 1.880464 -0.648551
34.910280 0.552897 -0.567934
34.926640 -0.158249 1.135537
34.943300 1.591661 3.147913
34.959720 3.696444 3.515530
34.976010 -4.687904 1.122820
34.992370 -28.707023 -3.076119
35.008910 -55.923154 -5.910356
35.025270 -66.769476 -4.132518
35.041930 -55.067553 2.147409
35.058170 -32.637373 8.802738
35.074460 -12.619672 11.031390
35.091000 -0.599605 7.631890
35.107480 3.112604 1.698894
35.123780 1.872472 -2.949415
35.140260 -0.212973 -5.201588
35.156620 -1.054733 -6.104247
35.173100 -0.756328 -6.258669
35.189510 0.039551 -5.354981
35.205930 0.799490 -3.227280
35.222350 0.371435 -0.369448
35.238890 -2.288744 2.770447
35.255130 -5.865688 5.759485
35.271610 -7.632285 7.163279
35.288150 -7.264590 5.251612
35.304440 -6.490451 0.353200
35.320980 -5.636754 -4.595193
35.337400 -3.618743 -6.656148
35.353880 -0.220800 -5.032806
35.370300 3.168822 -0.480818
35.386660 4.818171 5.828119
35.403020 3.501659 11.247622
35.419680 2.001793 11.444541
35.435970 7.382445 4.835699
35.649480 22.398170 -4.604351
35.666020 42.042797 -10.831052
35.682370 56.597603 -10.638448
35.699220 58.841534 -5.460970
35.715390 48.218592 0.956678
35.731810 29.355574 5.251639
35.748170 10.868868 5.911759
35.764530 -0.934600 3.845531
35.780880 -5.044227 0.861327
35.797550 -4.258497 -1.654238
35.814820 -3.012294 -2.831640
35.830320 -3.133166 -2.234795
35.846620 -2.724888 -0.442080
35.863100 0.686164 0.796962
35.879520 5.417415 0.139052
35.896000 7.175312 -2.100343
35.912350 4.825935 -4.100714
35.928710 1.613714 -4.036190
35.945250 0.772277 -1.504631
35.961550 1.572750 2.242696
35.977970 1.473910 4.576679
35.994510 -0.014637 4.242271
36.011050 -1.245064 2.744565
36.027340 -1.332934 1.398965
36.043760 -1.089287 0.196438
36.060240 -1.292739 -0.737750
36.076600 -1.639004 -0.400875
36.093140 -1.097376 1.228804
36.109500 0.904572 1.700476
36.125980 3.357908 -0.669182
36.142330 4.218723 -4.208043
36.158870 2.292430 -5.835558
36.175290 -1.226244 -3.828122
36.191650 -3.704179 -0.023623
36.208130 -4.731965 3.812719
36.224490 -6.985527 9.676217
36.241030 -10.986219 19.231806
36.257510 -12.306435 31.343530
36.273800 -7.494340 41.148122
36.290280 0.698090 43.461251
36.306580 6.573482 37.263241
36.323120 8.153228 25.428099
36.339540 6.968160 13.628399
36.355960 3.671404 5.139922
36.372380 -1.272244 -0.500468
36.388790 -5.520426 -3.750575
36.405270 -6.014083 -4.409806
36.421630 -2.075848 -2.914389
36.438230 3.255386 -1.297322
36.454650 5.999738 -1.558891
36.470950 4.882809 -3.123825
36.487550 1.980584 -3.721424
36.503780 0.052217 -1.752088
36.520140 -0.020351 1.772353
36.536800 0.837934 3.533858
36.569640 -1.725417 0.708131
36.586000 -13.835324 -6.593301
36.618900 -33.410655 -14.073560
36.635190 -22.218844 4.375063
36.668150 -102.366661 -58.459048
36.684450 -154.644519 -108.925144
