0.000000 49.674101 22.988520
0.016480 205.988447 93.550278
0.032840 412.761832 185.067599
0.049320 581.467787 259.996572
0.065730 685.762736 306.175804
0.082090 733.843852 325.653801
0.098630 746.424776 330.406730
0.114990 742.972557 329.749298
0.131530 736.103072 327.620601
0.147770 730.804475 326.501726
0.164370 726.014712 326.710771
0.180730 719.838767 325.413801
0.197020 713.697562 318.710786
0.213620 710.074697 306.588772
0.229980 709.623058 294.860067
0.246340 710.903063 289.907061
0.262880 711.235098 289.022702
0.279240 709.763196 287.027422
0.295590 708.538791 285.763906
0.312130 702.719829 284.288326
0.328610 677.017292 274.634688
0.344910 628.665574 253.924379
0.361510 577.671175 229.874103
0.377810 541.173003 211.437681
0.394350 520.314131 202.038800
0.410640 513.295956 199.753246
0.427120 517.590187 202.612363
0.443600 525.632536 210.751194
0.460330 532.246792 220.459813
0.476680 536.240968 225.912104
0.493100 536.845163 225.197939
0.509520 537.622784 221.613484
0.525940 538.398233 214.977150
0.542360 531.754312 200.816187
0.558960 519.587927 178.343013
0.575200 509.717931 150.036322
0.591670 504.500949 124.663031
0.608090 504.915071 111.179763
0.624510 508.835077 109.091387
0.640930 509.971800 111.525830
0.657290 508.730253 114.057989
0.673770 509.200548 113.837899
0.690190 510.033990 106.837809
0.706600 507.532697 97.490779
0.723140 501.118330 93.738498
0.739560 494.981563 94.850234
0.755920 491.624173 93.141886
0.772400 489.426549 81.815657
0.788760 486.984265 64.413857
0.805240 485.241028 54.559631
0.821900 485.657110 61.101393
0.838130 488.251725 79.204123
0.854610 494.749229 98.178398
0.870970 505.620252 109.519061
0.887330 515.219550 110.158939
0.903690 520.201115 101.671358
0.920100 523.598403 89.527357
0.936770 528.000070 80.479933
0.953060 531.098275 75.176820
0.969600 530.334727 69.104488
0.991090 527.747617 59.854345
1.002560 525.758592 52.079225
1.018680 523.342118 50.464676
1.035160 518.890688 53.811759
1.051510 515.863681 60.846895
1.067930 518.695095 70.806871
1.084410 525.669272 80.930823
1.100890 531.774392 87.984457
1.117370 534.450807 92.441659
1.133850 534.905674 97.370088
1.150150 533.640716 100.236154
1.166560 530.243779 97.677471
1.182980 526.653948 93.792522
1.199460 523.583542 95.117478
1.215760 519.690669 102.118680
1.232180 515.602435 109.231923
1.248660 514.029595 113.360129
1.265200 517.394885 114.742124
1.281620 525.079123 115.173921
1.298030 537.461383 116.462495
1.314390 555.420525 116.475347
1.330930 573.051559 112.484818
1.347350 583.346261 106.559867
1.363650 585.646772 104.756947
1.380130 584.303818 110.276762
1.396670 583.474370 118.858039
1.412900 583.220269 123.711319
1.445860 583.605487 120.924842
1.462340 587.860121 114.334434
1.495060 596.418076 111.152602
1.511720 610.031507 109.671809
1.527950 630.124362 105.385648
1.544430 649.974894 98.353117
1.560910 662.093266 89.444974
1.577270 666.377410 80.288263
1.593690 666.301602 73.931117
1.610050 665.273791 74.862985
1.626530 665.218257 85.508768
1.642940 667.049907 99.401045
1.659550 669.789027 109.496675
1.675840 670.580596 117.528667
1.692260 668.562753 124.224478
1.708680 663.995550 129.968038
1.725160 657.392705 137.612492
1.741460 650.155513 141.734067
1.757870 644.118630 135.535354
1.774290 641.131339 121.657868
1.790770 637.693043 104.472394
1.807130 631.629485 90.261846
1.823610 629.122320 88.850266
1.839970 631.627063 100.961613
1.856450 632.253303 116.201252
1.873110 626.403751 123.942783
1.889220 620.605149 125.814692
1.905760 625.139472 123.235204
1.922360 638.866951 107.330623
1.938660 657.907880 83.387251
1.955020 683.908923 67.426864
1.971500 712.876501 64.066039
1.988100 736.583697 68.712417
2.004330 751.592124 76.027712
2.020750 758.663947 83.481487
2.037230 759.571294 90.206066
2.054020 757.709758 95.524506
2.070310 757.727830 100.131677
2.090150 759.042226 105.659940
2.103210 756.419040 111.270879
2.119570 748.172278 114.237280
2.136110 743.474156 114.190162
2.152340 752.000622 112.644456
2.185360 767.118589 111.568157
2.205930 778.483591 113.183349
2.217900 785.214384 117.928201
2.234250 789.050843 123.344036
2.250850 791.179027 124.935811
2.267150 792.650582 119.239902
2.283630 793.164296 107.804421
2.300480 792.912754 96.858260
2.316590 793.453996 91.455263
2.332950 796.125186 91.665304
2.349240 801.383622 96.715405
2.365840 807.574933 106.634517
2.382320 811.797122 116.147962
2.398560 813.868766 117.040239
2.415040 816.240781 108.991653
2.431520 820.919570 98.571809
2.447880 830.943013 92.680255
2.464230 846.844255 94.888696
2.480960 860.820311 102.086691
2.497310 867.512075 110.087191
2.518740 871.068555 117.414644
2.530330 874.235253 122.763872
2.546510 874.487679 125.277379
2.562870 870.124406 124.775833
2.579280 864.222518 122.959722
2.595760 861.014912 122.335527
2.612180 860.937546 123.029056
2.630860 859.872617 121.157838
2.645200 854.421797 114.251502
2.678220 847.377472 106.882957
2.694580 841.878433 104.805431
2.711120 838.289060 109.317760
2.727720 837.306160 114.274370
2.748720 838.129736 112.618543
2.760070 837.895806 105.622084
2.776670 836.725265 95.960656
2.792970 836.467052 86.165860
2.809450 836.694869 81.889619
2.825810 831.126651 85.038254
2.845030 802.078684 92.476912
2.858830 743.141787 99.524025
2.875180 672.918885 103.677375
2.891540 608.461399 105.719665
2.908080 558.204765 105.474816
2.924320 526.990159 101.491426
2.940800 513.097546 94.776468
2.959590 510.856710 89.432728
2.973750 514.823221 89.018900
2.990230 521.432487 93.656912
3.023500 527.730096 99.412884
3.039610 530.980271 102.260939
3.072510 530.254600 102.506648
3.088680 527.080486 102.238887
3.105220 523.187527 102.413361
3.121580 520.514790 104.434530
3.138060 520.457945 109.805420
3.172790 521.242244 117.132494
3.187560 521.302391 122.836278
3.203740 521.752360 124.751391
3.220150 523.291578 127.503192
3.236570 526.376977 137.658353
3.269410 530.506707 153.665689
3.285950 533.143292 170.568594
3.302310 533.426525 184.787902
3.318850 533.905543 195.636245
3.335210 536.542445 204.320679
3.368040 540.658322 210.689731
3.384460 544.885011 214.153679
3.400760 547.209474 213.574189
3.417420 547.099577 207.344494
3.433650 545.933305 196.152829
3.450010 544.447433 184.069699
3.466670 541.551812 173.226288
3.483090 536.200919 164.104554
3.502260 530.257503 158.678409
3.515930 525.069404 157.311969
3.532290 521.581680 159.835206
3.548830 522.003523 166.200271
3.565190 525.054143 172.044412
3.581540 527.744106 171.614788
3.598080 529.562594 165.279921
3.614260 529.640034 164.293604
3.630920 526.443449 182.178194
3.647280 521.250012 215.865729
3.663760 516.195529 251.413324
3.680180 512.337534 279.932098
3.713070 509.300156 297.227333
3.729370 506.709052 303.071205
3.745910 506.635668 301.457372
3.762330 508.947647 296.170934
3.778690 509.746884 288.381395
3.795170 506.480973 279.029620
3.811460 502.248137 272.877903
3.829040 503.349635 272.646433
3.844480 511.291282 273.575894
3.860900 520.879897 274.422046
3.877140 527.945807 278.271376
3.893740 533.042608 284.142611
3.910160 536.827215 290.940084
3.926640 538.992620 298.940358
3.943050 540.086333 307.310794
3.959410 540.299000 316.159461
3.975950 537.634410 325.981673
3.992250 530.987448 335.126119
4.008670 524.746457 341.608905
4.025090 523.193276 344.086769
4.041930 524.107513 340.865976
4.058040 525.122317 332.729901
4.074400 527.334558 322.769613
4.090820 531.145843 313.913152
4.107240 534.841844 309.825574
4.123660 535.792304 311.249321
4.140010 533.065509 313.805718
4.158020 526.903488 311.502997
4.173100 516.072723 301.029860
4.189390 501.142257 285.123434
4.205750 486.333264 270.533743
4.222290 475.021115 262.960542
4.255070 469.939914 260.341811
4.271480 471.874499 257.349956
4.304440 475.695024 253.447559
4.320800 478.535546 248.226978
4.337340 482.681899 242.132713
4.353820 488.811845 240.522145
4.370120 496.947236 247.709014
4.386660 507.253418 262.463399
4.402950 515.311271 280.012013
4.419430 516.013472 295.988743
4.435970 511.092471 307.842107
4.452640 509.367270 314.827008
4.468990 522.910668 320.176866
4.503660 557.139890 326.681543
4.518250 604.462858 330.835629
4.551090 648.460214 328.717192
4.567140 678.763244 324.182421
4.583800 697.466894 323.550219
4.602420 707.516053 326.006202
4.616700 709.766709 326.725248
4.649290 707.811418 322.427770
4.665770 705.897679 314.039178
4.682190 705.275978 306.507748
4.698790 704.072999 303.084673
4.715210 702.186874 303.927108
4.747860 702.205330 306.416574
4.764220 703.003288 309.435237
4.797180 702.860548 315.428673
4.813600 703.748121 323.981931
4.830020 706.631900 332.296949
4.846560 710.405165 338.803313
4.862920 714.054164 343.678729
4.879270 716.855902 348.054573
4.895810 717.642765 350.120241
4.912110 717.882270 346.890583
4.928830 721.396909 339.964514
4.945010 725.918168 334.599007
4.961550 726.797595 333.464231
4.977840 725.040845 334.054142
4.994200 723.791695 335.811917
5.010860 723.554818 338.686929
5.027160 722.409124 338.670349
5.043820 722.964296 333.336371
5.060180 731.422068 324.800278
5.076540 746.899304 317.554414
5.092830 762.488146 313.605719
5.109500 773.715563 311.126392
5.125790 780.055616 308.085644
5.142150 781.438374 305.278315
5.158810 778.819868 304.798760
5.175050 775.827033 307.617170
5.191470 775.677942 313.115270
5.207760 777.494332 321.467922
5.224430 777.336620 332.052227
5.240910 770.125480 347.226844
5.257260 753.653707 372.458307
5.273560 734.841876 402.412132
5.290040 720.142577 427.328986
5.306640 709.177255 443.700640
5.322880 701.445682 451.549759
5.339170 696.430493 452.093008
5.355770 691.737826 446.369756
5.372250 685.706419 436.786601
5.388610 678.850818 429.764139
5.405150 674.793910 431.613274
5.421690 677.937459 441.452932
5.438170 683.628764 451.617978
5.454470 684.909839 454.660308
5.471010 683.582600 450.371744
5.487300 681.282087 444.009092
5.503780 678.031792 440.053058
5.520320 676.672632 439.208596
5.536870 674.888661 440.040857
5.553220 668.874303 440.502089
5.569700 662.277941 438.723730
5.586120 658.598510 437.073841
5.602360 658.275489 441.092700
5.618650 661.288976 452.146754
5.635190 664.347979 463.461705
5.651490 663.606251 465.461138
5.668330 659.594824 455.482104
5.684570 653.512708 440.223410
5.703670 645.615111 429.162256
5.717470 638.466985 427.195046
5.733640 635.912713 431.511944
5.750180 637.680560 438.018413
5.766480 638.863939 446.669017
5.782900 640.256816 455.596272
5.799380 644.105354 461.966674
5.815730 645.814176 465.599817
5.832090 643.259435 465.601739
5.848880 640.766353 458.682268
5.865050 642.579436 442.979162
5.881530 649.379362 418.240074
5.897950 659.764599 386.562467
5.915830 670.014525 358.148641
5.930790 676.616133 341.077125
5.947140 680.723727 333.804635
5.963500 685.918103 334.491198
5.979980 691.080475 343.629357
5.996700 694.293822 360.463792
6.012880 698.225771 381.533522
6.029300 701.437883 399.782383
6.045780 701.214016 409.339713
6.062130 700.579401 411.145121
6.078610 700.944799 408.128826
6.094970 701.201516 402.527064
6.111510 701.891380 399.322562
6.128780 703.816601 402.109901
6.144530 706.125804 412.546597
6.160830 706.746531 429.400476
6.177190 706.757510 444.902501
6.193850 708.263687 452.825671
6.210020 709.389197 450.944168
6.226560 709.468000 441.164994
6.244380 710.336157 429.338702
6.259460 711.832982 419.155804
6.275940 713.000978 413.854403
6.292300 712.061119 416.164617
6.308590 707.309534 423.600958
6.325200 701.041068 430.062829
6.341490 698.712682 432.796728
6.358090 703.321096 434.045059
6.374390 710.554107 433.089460
6.390810 715.009509 428.429493
6.407290 716.649346 423.409485
6.423650 717.424195 420.487071
6.440190 719.567666 420.469634
6.456600 724.173517 423.594235
6.473020 726.743579 426.101614
6.489440 723.448982 424.316976
6.505920 718.239483 419.508086
6.522280 714.698377 413.222118
6.538700 712.084115 407.747049
6.555050 709.514040 408.111716
6.571660 709.674870 413.799349
6.587890 714.955638 421.754735
6.604250 721.867141 432.903880
6.620790 726.695166 443.405781
6.637210 729.634446 448.215269
6.670100 731.670428 448.759312
6.686650 733.476470 448.146401
6.702940 736.395593 449.198523
6.719240 734.802205 449.590115
6.735960 720.409863 443.673816
6.752200 697.911994 432.096251
6.768620 678.763539 420.838196
6.785160 667.769411 416.037899
6.801640 662.497222 419.545068
6.817870 658.871694 428.859582
6.850770 654.313460 439.017335
6.867190 649.518191 442.832043
6.883790 645.568249 438.169661
6.899960 641.444144 429.993817
6.916440 638.265411 423.241379
6.932920 638.134265 421.657451
6.949220 640.521906 427.609740
6.965700 644.906786 437.738265
6.982060 651.372892 447.080310
6.998600 657.938449 454.366960
7.015140 661.759892 457.626909
7.031560 661.639404 453.592254
7.047850 658.749794 442.383166
7.064270 656.141311 429.136165
7.080810 653.349993 417.067664
7.097290 646.603023 405.603308
7.113770 633.107618 395.156196
7.130000 611.536951 384.839352
7.146360 587.487320 374.158935
7.162840 569.853020 362.904020
7.179440 559.653693 349.018961
7.195740 551.568721 333.298217
7.212160 546.271391 319.224773
7.228640 545.739607 310.854661
7.244870 545.027523 311.285985
7.261540 544.243251 318.784844
7.277830 547.271847 326.424309
7.310730 550.525865 319.667279
7.327330 548.157896 289.990175
7.343630 540.711102 250.957682
7.360170 533.798397 217.562685
7.376530 530.586926 194.727789
7.392940 528.959874 184.468087
7.409240 527.394525 183.361182
7.425720 527.660939 184.877104
7.442500 531.137775 185.138512
7.458620 536.850676 185.373328
7.474850 542.355083 187.802902
7.491580 545.150033 190.695615
7.507870 543.972644 191.283888
7.524230 539.191334 189.492080
7.540710 533.012610 187.033851
7.557250 528.022418 186.373820
7.573610 523.786519 189.467229
7.590030 518.272009 194.856052
7.606510 512.924887 201.838795
7.622860 509.361767 210.887891
7.639220 506.225594 219.093469
7.655760 503.932443 225.408079
7.672120 503.505880 230.945882
7.688600 503.817437 234.971279
7.705020 504.554505 237.691458
7.721680 506.880276 244.173338
7.754520 510.085494 256.995900
7.771180 511.694491 268.796507
7.803590 513.986231 274.217574
7.820010 522.307649 275.139943
7.836360 535.699549 274.816952
7.852840 548.708131 274.518777
7.869200 556.582910 274.490920
7.885740 557.175039 275.930314
7.902100 553.634807 278.728424
7.918640 550.498194 282.547144
7.935180 548.711474 286.435037
7.951350 548.372929 288.517030
7.967900 548.552750 283.700045
8.000850 550.868668 271.159019
8.017150 559.731931 261.651487
8.050170 571.758114 259.407240
8.066350 580.915578 259.186656
8.101500 585.885318 259.277111
8.115910 588.058749 261.388645
8.148800 589.682020 265.614835
8.165040 591.096650 268.560272
8.197940 590.929494 267.170177
8.214480 589.503039 264.015908
8.247310 589.466787 263.368905
8.263550 591.214172 264.790712
8.296570 592.067329 266.579686
8.313230 590.976346 268.391832
8.329470 589.171811 269.798940
8.345890 588.190112 266.514095
8.362180 590.521753 256.013079
8.395080 596.038958 245.084543
8.411440 600.159773 238.486710
8.428160 600.746896 235.180730
8.444580 600.071043 236.314944
8.460820 600.315323 243.717832
8.477290 601.638611 255.492458
8.493590 604.595380 268.878296
8.510070 609.381347 282.350690
8.526430 613.347629 292.718836
8.542850 614.328301 297.022904
8.559270 612.403857 296.730190
8.592100 609.289619 291.955873
8.608640 604.481104 279.757586
8.641600 595.340613 265.002628
8.658020 583.346227 255.789565
8.674320 572.206796 253.712335
8.690730 564.124972 258.312309
8.707150 559.386918 268.480925
8.740050 555.738639 274.897304
8.756470 551.039501 268.313090
8.773070 546.124758 253.396964
8.789250 542.803938 240.308201
8.805790 541.031356 235.649361
8.822450 539.389313 239.823038
8.838930 539.463042 249.937965
8.855530 543.329759 264.630364
8.875240 548.476266 281.226344
8.888060 550.424529 295.212907
8.904300 547.124122 309.954665
8.920780 541.601758 333.176719
8.937260 536.473875 359.408321
8.953670 531.354061 378.917410
8.970150 526.739507 390.086391
8.986510 524.254005 393.317658
9.003050 523.450356 389.639618
9.019410 521.456692 382.857733
9.035770 519.996582 377.015786
9.052310 524.297169 374.367290
9.068790 534.294677 375.303885
9.086980 544.692478 378.145021
9.101560 551.119454 380.429367
9.117980 553.141623 380.671848
9.134400 553.453643 378.242205
9.150880 554.233250 375.706598
9.167300 554.671836 377.330159
9.183650 553.144899 380.259865
9.200130 549.519469 378.330246
9.216550 545.468284 371.211006
9.232910 542.281675 362.676181
9.249450 541.588974 355.136337
9.265870 545.155342 348.804793
9.282170 550.483303 344.756721
9.298770 554.658294 343.759449
9.331480 556.107922 345.208846
9.347900 553.596874 349.289006
9.364440 549.805889 355.096730
9.380920 547.556209 359.458859
9.397160 549.308026 358.587846
9.416140 556.955472 351.232487
9.430180 569.943449 340.951500
9.446470 587.468299 332.758036
9.462890 605.424222 330.171851
9.479430 619.457716 333.573734
9.495790 629.244059 340.882750
9.512270 635.691779 350.212671
9.528810 637.380652 358.889650
9.545100 632.762596 365.784694
9.561520 625.181774 372.402376
9.578000 620.022044 377.487647
9.594360 620.553758 377.858026
9.610900 625.742570 373.037928
9.627140 631.555301 365.127692
9.643680 633.859233 358.725351
9.660220 630.717371 357.915163
9.676570 623.078428 360.848933
9.693050 614.368006 363.627652
9.725890 609.569006 363.424360
9.742490 608.437849 359.376188
9.758790 607.109042 354.677885
9.775020 610.722002 353.291358
9.791440 626.599966 353.801582
9.808040 648.617610 350.998242
9.824280 667.850500 345.439707
9.840880 681.590240 340.327777
9.857300 688.621011 335.556741
9.873600 687.907616 332.042224
9.890200 680.264859 331.726018
9.906430 670.690859 333.359845
9.922910 662.468199 335.244373
9.939270 658.127942 336.534818
9.955870 661.531570 335.588670
9.972230 669.758972 337.231227
9.988770 676.754117 348.216643
10.005000 680.547201 365.312584
10.021550 682.517541 380.990961
10.037840 684.651499 390.495237
10.054320 687.210525 393.192294
10.073000 686.405666 393.339364
10.087160 677.884506 393.424191
10.103820 664.428415 390.517430
10.120060 653.963240 383.270916
10.136350 652.749642 373.576409
10.169430 659.710734 366.167959
10.185910 670.781364 364.676534
10.218810 686.017426 365.974740
10.235170 703.855461 367.251435
10.251530 719.429998 368.789367
10.267940 725.730811 370.277146
10.284420 718.899783 370.865600
10.300960 705.929690 369.826801
10.317260 697.931918 367.398164
10.333680 700.083566 364.905828
10.350220 708.209148 364.369513
10.366520 714.662579 367.768410
10.382870 714.358088 374.726635
10.399480 707.354471 381.066829
10.415890 699.994772 383.984965
10.432250 698.872282 384.022424
10.448610 704.120178 382.014612
10.465150 712.013977 380.050918
10.481570 717.577777 380.473345
10.500430 716.383471 383.614456
10.514340 712.603814 387.264193
10.530760 714.188759 388.898508
10.563600 720.102975 389.185269
10.580140 723.445068 390.420221
10.596440 722.010084 393.472970
10.613040 716.587446 396.185173
10.629700 709.437218 392.425629
10.645750 705.762733 378.850589
10.662230 704.474832 363.186839
10.678590 700.246782 354.986057
10.711490 695.956360 352.561676
10.728030 695.592382 350.502920
10.760740 695.245463 348.619382
10.777280 693.928134 347.103788
10.810000 683.541528 349.369192
10.827270 651.990076 360.825466
10.842900 612.388023 378.053020
10.859380 580.253190 391.520036
10.875790 556.259947 396.421385
10.892270 541.420736 396.842340
10.908690 534.582388 397.058126
10.925170 530.532008 397.471413
10.942750 525.656954 397.082704
10.957890 520.499249 393.794406
10.974490 517.529498 388.608192
10.991090 517.216588 384.652027
11.007450 517.813295 383.077515
11.023990 518.769079 382.910805
11.040340 521.123641 382.344580
11.056820 526.812351 381.117712
11.073300 537.181764 377.422119
11.089420 549.248304 369.404937
11.105900 559.398282 360.115415
11.122250 566.575143 354.075347
11.138610 570.523236 354.240108
11.155090 573.970266 361.554902
11.171510 578.634991 374.487432
11.187870 581.342262 388.420416
11.204410 581.331654 398.289154
11.220700 580.652568 400.752424
11.237120 579.667652 395.298554
11.253660 577.561705 386.392428
11.270140 575.373125 380.633252
11.303040 575.971907 379.015480
11.319210 580.038209 377.743469
11.335880 586.231407 375.626749
11.352230 593.640966 372.612463
11.368650 600.034476 368.670350
11.385130 601.407144 364.929090
11.401550 598.968328 361.810265
11.417850 596.525027 359.668639
11.434390 594.231978 359.319850
11.450740 592.894905 361.150958
11.467100 594.620936 363.334364
11.483640 599.246233 363.470650
11.500120 604.291131 361.645420
11.516480 607.582382 359.598008
11.532840 609.017602 360.023961
11.549260 610.234952 362.471999
11.565800 613.436251 365.336286
11.582280 619.027369 370.258469
11.600650 625.254028 375.634598
11.615170 630.814280 377.610684
11.631410 635.027088 375.347691
11.647890 636.614329 369.906301
11.664430 637.028884 364.208578
11.680790 639.828526 360.348535
11.697140 643.101910 358.169462
11.713620 642.614019 358.171794
11.746460 641.599171 361.108388
11.763060 646.227268 365.443081
11.779300 655.654302 369.340514
11.795840 662.987863 372.262748
11.812260 662.699311 375.313555
11.828740 656.359700 381.265715
11.845090 648.727968 386.383714
11.861570 642.222120 382.684911
11.877870 637.690061 370.281432
11.894350 638.745014 356.513083
11.910890 648.906182 348.854530
11.943790 663.137489 349.320703
11.960140 676.012240 351.948455
11.976560 687.616836 350.342977
11.993100 697.484672 347.429571
12.009460 703.554541 349.895808
12.025820 704.307905 357.666296
12.042240 700.274540 366.139702
12.058780 693.523706 372.109511
12.075130 687.178026 374.702563
12.091550 686.491842 373.767238
12.107850 696.752544 371.308702
12.140870 713.343885 372.121361
12.157230 726.794090 376.927355
12.190000 734.791250 381.385048
12.206600 737.163751 381.771580
12.223080 734.780360 377.956924
12.239320 731.818239 373.946947
12.255860 731.877964 374.508641
12.272340 735.014876 381.071063
12.288640 728.146646 392.354085
12.305110 695.295862 407.701584
12.321530 645.946497 424.750197
12.338010 600.469715 437.980010
12.354370 567.659997 444.837798
12.370790 549.073654 447.215188
12.387150 540.423885 442.936515
12.403630 537.867319 428.789126
12.436340 541.675468 411.540114
12.452880 547.166699 400.255954
12.469360 548.487397 396.905965
12.485960 546.344069 399.351503
12.502320 543.354641 406.244537
12.518490 540.849983 416.536120
12.535340 539.420345 425.399960
12.551700 540.096767 429.598235
12.568240 543.487737 431.659167
12.584530 545.289984 433.843669
12.600950 540.233857 436.429341
12.617310 530.082620 438.302984
12.633610 521.446251 438.298292
12.650090 518.111374 436.380851
12.666690 518.322419 433.572251
12.683170 519.508401 434.387868
12.699580 520.797188 441.856694
12.732240 523.357272 451.470967
12.748540 526.530642 457.029658
12.781490 526.021325 458.148843
12.798030 522.584887 457.244876
12.830870 520.120755 454.130167
12.847110 517.940352 449.914677
12.863650 514.475043 447.125880
12.880000 511.132169 445.053202
12.896300 510.358096 443.126277
12.913090 512.644188 442.976139
12.929380 515.386471 444.914021
12.945800 516.263787 447.108268
12.962280 516.112690 448.120882
12.978640 518.362055 447.804446
12.995000 527.521685 446.020647
13.011540 543.344690 443.439291
13.027890 559.894569 444.757252
13.044310 573.508215 452.642166
13.060730 584.130562 461.427347
13.077270 589.932429 464.139740
13.093690 589.310003 459.772373
13.109990 585.086417 453.542373
13.126460 582.376000 449.549323
13.142880 583.018709 446.700652
13.159360 583.747275 442.578076
13.175780 583.372504 437.465870
13.192140 582.957463 432.629768
13.208500 581.666051 427.804297
13.225160 579.306594 424.405156
13.241700 575.700438 424.436106
13.258000 570.523630 426.972660
13.274410 565.471359 433.238535
13.290770 561.611493 445.199559
13.307130 558.085661 457.745748
13.323670 554.520516 464.634640
13.340030 551.212158 465.355708
13.356510 548.526892 463.116790
13.372860 546.922912 456.314342
13.389340 546.774940 442.521113
13.405760 547.939439 428.748840
13.422240 548.805790 422.208316
13.438660 547.803252 423.450708
13.455020 545.707623 428.860650
13.471500 553.828098 433.644163
13.487920 583.059974 435.665174
13.520810 621.848445 436.087560
13.537230 652.209093 437.643400
13.570010 668.852926 440.855459
13.586490 676.580407 441.685688
13.619200 680.210261 438.533489
13.635860 679.470291 434.394833
13.668580 674.717619 431.082159
13.685120 668.895173 429.970099
13.717830 665.554897 429.698708
13.734440 665.566978 426.496819
13.750730 665.674232 420.742329
13.767270 664.351103 415.863728
13.783570 662.225797 413.988087
13.800170 659.154012 414.534342
13.816530 655.948396 416.634648
13.832890 653.982388 419.942125
13.849300 653.936989 423.337851
13.865660 657.416942 426.134633
13.882200 665.145625 429.206653
13.898620 673.332407 433.771604
13.914980 676.891872 434.840931
13.931400 676.764953 421.065108
13.947940 679.202986 390.857034
13.964360 681.732782 359.344161
13.980770 677.401220 340.424000
13.997130 668.777109 334.400803
14.013670 661.796452 335.965469
14.030030 658.336975 340.787078
14.046450 656.893604 345.321007
14.062870 654.565697 347.853871
14.079280 652.000099 348.536851
14.095890 653.488949 347.576977
14.112120 659.140323 344.895356
14.128660 665.734212 341.036606
14.145140 670.954815 337.594149
14.161320 676.619961 336.487600
14.177920 685.683548 336.919298
14.194400 695.184422 335.826719
14.210750 701.598228 331.615244
14.227230 704.197063 324.663300
14.243530 703.262512 317.813119
14.259950 701.702120 314.648391
14.276550 701.292771 317.764678
14.292910 700.085072 326.984404
14.309390 698.628766 338.433122
14.328130 698.642685 348.978415
14.342290 698.620554 356.721688
14.358400 697.648693 359.732153
14.375310 696.257047 357.849980
14.391720 694.692697 353.045070
14.408080 693.317808 348.255070
14.424620 693.064024 345.674536
14.441160 694.776680 346.818397
14.457280 698.058776 350.913068
14.473630 701.442772 354.738825
14.490170 703.424880 356.601940
14.506410 703.308812 356.558451
14.523190 700.782086 355.159070
14.539550 696.261775 352.321015
14.556090 692.064504 346.329205
14.572390 690.724275 337.411742
14.588620 692.449377 330.808846
14.604980 697.540288 331.292865
14.621400 704.992275 338.311995
14.637820 710.138817 348.183569
14.654420 712.896097 357.962999
14.670650 715.559375 366.495620
14.687070 716.269870 372.862459
14.703610 717.586323 376.197734
14.720030 723.757131 375.365419
14.736390 731.312119 369.578593
14.752870 730.449571 367.242647
14.769350 713.881841 379.814629
14.785770 688.248371 402.707752
14.802310 667.593378 424.389639
14.818480 657.960372 437.793353
14.835140 655.195768 439.160370
14.851500 654.905859 431.439068
14.867860 657.583440 419.635019
14.884340 663.689149 406.527110
14.900700 668.582532 395.339379
14.917110 668.351190 389.608404
14.949950 664.413936 391.558744
14.966310 657.509677 401.248723
14.982850 649.244950 415.657113
14.999210 642.414794 430.018909
15.015750 637.532185 441.394075
15.048460 635.503937 447.633660
15.065060 638.005550 446.935316
15.098630 644.765891 443.050604
15.114440 652.795767 440.563654
15.131230 658.389226 438.753091
15.147400 660.057668 435.538295
15.163820 658.395753 432.556281
15.180360 655.239382 434.377478
15.196960 652.470950 437.741876
15.216610 651.358305 436.313474
15.229550 652.472364 432.213160
15.245850 656.674291 429.927434
15.262080 664.879842 428.360487
15.278500 674.525798 423.183020
15.294980 681.209307 418.589336
15.314330 680.435594 421.833013
15.328000 670.903467 430.171752
15.344420 661.117765 438.931449
15.360780 661.132477 446.215649
15.377260 669.963538 449.552316
15.393490 679.190781 447.010374
15.409970 680.808367 439.071767
15.426510 673.065748 429.904237
15.443050 662.816028 423.159552
15.459410 658.664713 419.554653
15.475770 662.788632 418.562580
15.492250 667.888330 418.084761
15.508610 665.950010 415.813345
15.524960 658.385325 411.781906
15.541380 652.278191 408.840647
15.557980 650.681400 408.069049
15.574220 650.209854 406.487703
15.590700 649.708883 405.336261
15.606930 650.377525 408.365333
15.623470 650.709284 413.784455
15.640080 649.115501 419.760459
15.656560 645.061303 425.575631
15.672850 639.889557 429.202459
15.689330 637.767809 430.579119
15.705870 643.312124 430.444120
15.722170 655.849668 429.377686
15.738710 665.851761 441.447783
15.756470 646.756285 473.285378
15.771360 581.686889 501.004867
15.804380 503.167953 506.471020
15.820680 450.723886 491.542211
15.837220 444.540182 501.484093
15.853640 486.311515 564.337380
15.870120 541.996197 620.827591
15.886720 574.264046 626.131220
15.903020 568.910452 587.073495
15.935850 537.836573 531.806979
15.952150 502.808870 494.415903
15.970340 473.324143 485.769482
15.985050 468.572856 495.005390
16.001340 505.109006 508.901979
16.018190 560.073243 521.849398
16.034420 605.211783 530.462138
16.050780 634.457089 534.264659
16.067260 649.889324 535.914789
16.084720 656.866521 534.847966
16.099980 660.586377 529.604056
16.116520 662.435688 523.117028
16.132870 660.661159 519.328269
16.149290 653.532638 518.588966
16.165890 643.416096 518.402763
16.182190 627.374624 519.167089
16.198610 596.830946 523.217971
16.214970 557.000653 528.583735
16.231380 524.142253 531.995674
16.247860 506.635167 531.738700
16.280880 500.531399 527.026767
16.300480 498.640897 519.819158
16.315250 496.732665 513.599439
16.330140 496.028373 510.683279
16.346740 499.077149 512.906345
16.363220 503.944443 520.703920
16.379580 508.116056 530.230229
16.396060 511.100413 537.220600
16.428830 514.823493 542.177442
16.445010 519.315732 546.184169
16.461240 520.378395 547.607640
16.477910 519.265492 545.363751
16.494690 522.183884 542.168378
16.511050 530.215305 542.663908
16.529420 539.030231 545.641219
16.544010 544.232140 545.824143
16.560120 544.628881 541.808227
16.576480 541.964322 538.050970
16.592900 538.299907 538.231341
16.626220 536.834293 542.381074
16.642270 541.684289 550.260411
16.658510 551.836646 557.768486
16.675110 559.129502 559.344604
16.691530 557.843169 554.139153
16.707890 551.820730 546.172222
16.724370 548.420773 538.163220
16.740720 548.590738 532.039681
16.757260 546.831128 532.178154
16.773620 543.981384 536.714758
16.790040 544.964184 540.473497
16.806520 548.812110 543.316440
16.822880 549.757493 546.229422
16.839360 543.140183 550.693144
16.855900 531.839807 557.850716
16.872130 524.668839 564.828389
16.888670 524.974163 568.558880
16.905090 526.438303 569.585294
16.921570 524.525113 570.795073
16.937870 519.801365 571.233005
16.954710 514.510107 566.404273
16.970700 512.799854 557.456753
16.987300 515.623934 549.311604
17.003660 517.964052 543.984987
17.020140 517.285480 541.162756
17.036620 514.939357 540.191618
17.052920 511.535290 539.959323
17.071470 508.890352 539.597667
17.085820 509.151514 540.056179
17.102290 511.854931 542.733152
17.118650 517.489470 547.364286
17.135130 529.030850 552.928563
17.151550 545.352539 558.701661
17.167910 560.148951 564.970840
17.184330 568.691569 571.706718
17.200620 571.120862 576.388331
17.217100 570.280602 578.365426
17.233640 563.144622 579.385019
17.250120 544.012690 579.122055
17.266360 520.754694 577.111252
17.282960 506.634903 576.357396
17.299260 504.728378 580.746761
17.315730 512.290908 592.182617
17.332150 523.324497 610.184405
17.348630 529.798772 629.825720
17.365110 529.719081 644.302148
17.381470 525.104435 651.340955
17.398010 517.943002 653.967261
17.414250 513.839786 655.156302
17.430730 516.009548 653.268836
17.447140 519.271476 645.135676
17.463560 521.209139 633.799229
17.479980 523.986348 625.524148
17.496520 526.547250 622.167540
17.513000 527.890706 621.669341
17.529300 527.762167 622.130723
17.545650 525.495955 623.708527
17.562070 523.884729 626.434139
17.578550 525.846095 629.372158
17.595150 529.493907 631.619176
17.613400 531.149334 632.704140
17.628050 529.114181 633.503287
17.660580 522.696228 634.346116
17.677120 512.833081 631.925833
17.693480 504.358008 624.289594
17.710140 502.465091 616.755235
17.726810 505.180727 614.302106
17.742860 504.642797 615.205599
17.759220 503.585637 619.111824
17.775570 509.099488 626.416815
17.792240 517.023348 632.756099
17.808650 521.712634 635.767898
17.824890 524.055327 636.231274
17.841490 527.556415 634.508042
17.858030 536.678172 632.766365
17.874210 555.896960 634.342596
17.890690 581.175292 639.215771
17.907170 600.250847 645.509714
17.923400 605.427518 651.918609
17.956360 602.389465 656.954701
17.972780 601.540170 660.327061
17.989380 605.268775 662.566930
18.005920 610.771267 664.826766
18.022460 617.085840 665.179038
18.038760 624.860634 659.909703
18.055420 623.467459 652.905058
18.071590 601.171605 649.375945
18.088010 568.629288 647.806206
18.104370 542.135796 642.655392
18.120790 527.351920 631.891616
18.137150 523.070382 621.472755
18.153440 523.286791 615.012894
18.170100 521.308232 620.432769
18.186460 514.548818 647.072784
18.219360 541.442600 670.924895
18.235660 645.962360 661.276821
18.252140 751.938712 613.117454
18.482240 786.757448 545.749341
18.498600 780.264846 505.349930
18.515010 732.268349 514.131356
18.531370 651.872449 552.269418
18.547790 583.520711 595.626338
18.564270 543.237270 630.150840
18.580630 526.602270 651.702359
18.598450 523.371304 662.224272
18.613530 526.711471 665.926802
18.646300 532.887561 666.415901
18.662840 538.421499 667.109763
18.695740 542.563770 668.512115
18.712100 545.747897 666.984751
18.728520 545.167877 661.082472
18.744930 542.626906 653.033156
18.761350 541.319523 643.864388
18.777710 538.813430 634.020381
18.794250 537.380723 627.777189
18.810670 541.532826 630.781548
18.827090 548.535469 642.783840
18.843440 552.333058 655.729691
18.859990 549.697683 662.152930
18.892880 546.889266 662.788469
18.909180 555.762022 661.056509
18.927190 577.691680 657.338972
18.942200 602.091050 648.750400
18.958440 619.954095 635.322377
18.975040 629.051177 623.921843
18.991330 629.606286 618.571446
19.007810 623.554656 619.370312
19.024350 616.236181 626.243632
19.040770 614.148227 635.939487
19.057310 619.461347 643.810257
19.073610 627.576226 647.883545
19.089970 634.517072 646.510449
19.106380 639.462825 639.682536
19.122860 641.186523 632.261361
19.139280 640.053803 626.698681
19.155580 641.524201 622.941741
19.172060 650.988910 622.417715
19.188480 664.525611 625.066309
19.205200 674.598569 629.453427
19.221310 678.599289 634.177174
19.237790 677.536145 639.000340
19.255490 674.393396 642.317516
19.270570 672.840600 640.775119
19.287110 672.599436 637.505665
19.303650 671.035334 638.507990
19.319820 668.230982 642.964918
19.336360 666.067483 644.542297
19.352840 666.224132 639.899692
19.369200 668.675979 633.676680
19.385560 670.865780 629.372267
19.402040 670.364880 626.139458
19.418460 667.981297 624.427333
19.434940 668.650650 626.865038
19.451350 674.944363 632.590849
19.467830 681.628970 634.833614
19.484190 687.046306 632.928835
19.500670 698.577109 631.235338
19.517090 719.268212 629.548300
19.533690 739.059527 627.335801
19.549930 747.505785 627.579647
19.566280 746.057572 632.613251
19.582820 740.309975 639.201030
19.599180 733.699126 643.508246
19.615540 728.741671 645.930234
19.632080 726.614039 644.022341
19.648440 726.607002 635.100969
19.664980 726.941186 624.562149
19.681400 727.612150 618.638576
19.697810 729.241540 619.483803
19.714230 730.575419 626.021325
19.730590 731.896720 632.951728
19.746950 734.620190 635.383956
19.763490 737.929608 633.753072
19.779970 740.887544 630.780127
19.796450 742.861007 628.152090
19.812810 742.695908 626.849091
19.829220 740.898380 628.000273
19.845580 738.720182 633.531617
19.862240 736.649986 643.313350
19.878420 735.178452 654.280188
19.894960 736.898555 662.348447
19.911560 744.161817 664.317697
19.927730 757.725822 659.937856
19.944210 776.790804 650.949571
19.960570 794.888364 640.969463
19.977110 809.238327 632.962828
19.993470 823.701355 626.573643
20.010010 837.819587 621.167784
20.026370 846.378762 616.449532
20.042850 846.226801 612.504703
20.059200 840.535286 610.390679
20.075560 836.880918 610.444185
20.091920 839.914048 612.608023
20.108460 846.425538 616.311368
20.124940 851.010763 618.444924
20.190550 852.127515 617.748300
20.207090 851.720493 617.231641
20.223450 850.866757 615.685367
20.272830 835.939973 614.699173
20.289370 788.386017 621.138223
20.305730 719.004517 631.923188
20.322080 655.652579 641.869828
20.338440 609.455725 651.792177
20.371280 580.362228 662.654859
20.387820 568.291865 673.085943
20.404300 567.443245 679.897549
20.420590 570.151965 681.978287
20.437070 572.494072 681.299316
20.470340 574.110917 680.200007
20.486510 576.202603 679.801860
20.519530 576.635179 677.844815
20.535830 573.024158 670.391307
20.568910 567.785393 659.907293
20.584960 563.814805 652.812273
20.601500 559.866748 651.133830
20.617980 554.024943 657.010605
20.634280 545.854196 674.634299
20.651060 537.352668 700.261027
20.667540 531.089518 723.921470
20.684020 530.612583 740.239167
20.700130 539.049168 749.703107
20.716430 550.307060 751.630805
20.732850 555.694998 743.920898
20.749210 554.661776 730.238447
20.765810 549.650458 716.688391
20.785890 544.074218 706.974457
20.798890 542.805093 702.860429
20.814940 545.509584 704.524075
20.831360 550.307093 711.047957
20.847840 557.787645 719.359177
20.864200 564.534070 724.979400
20.880620 563.509163 724.600401
20.898250 552.735298 718.725833
20.913640 538.425271 713.465397
20.929990 526.393529 712.700061
20.946470 517.462167 712.623611
20.962830 511.322847 712.298426
20.979190 511.479844 714.233541
20.995670 522.039238 717.647031
21.012270 542.175924 721.634534
21.028500 568.219441 725.547503
21.045170 592.383957 727.481688
21.061460 607.987301 725.968650
21.077700 615.388761 720.644984
21.110600 618.024006 715.011249
21.127140 619.080726 713.856750
21.160030 619.468396 715.967249
21.176330 617.154604 718.531409
21.192870 611.279640 721.431026
21.209720 607.390148 726.935816
21.226010 611.265749 736.591991
21.242310 620.332326 746.567810
21.258610 623.115694 754.040722
21.275150 607.914022 761.875110
21.291380 578.195597 772.150282
21.307860 542.642570 783.575016
21.324280 504.172841 796.140119
21.340760 470.472670 809.465802
21.357120 452.158373 819.648628
21.373660 451.238301 823.795777
21.389950 458.685175 823.457852
21.406310 465.162658 822.563017
21.422910 469.120972 821.945878
21.439390 473.489186 818.889658
21.455690 478.365456 814.880140
21.472290 482.725235 812.113667
21.488770 487.073587 807.925403
21.505310 488.420315 803.713191
21.521670 483.220815 804.697056
21.538150 473.881635 811.071746
21.554630 466.664911 819.563142
21.570800 465.142742 827.825236
21.603450 465.435874 834.446291
21.619930 462.995791 837.593791
21.636350 460.166225 836.149724
21.652950 463.439184 834.210106
21.669250 476.990318 836.609627
21.685730 495.706127 841.770990
21.702090 511.629759 845.052799
21.718570 521.445300 846.004264
21.734990 524.720819 848.367548
21.751340 523.840429 850.778973
21.768010 521.896235 847.757536
21.784360 520.149412 839.115430
22.983520 522.545435 803.803794
22.999940 533.136775 717.763253
23.016360 547.555010 612.532983
23.032590 559.152401 529.996381
23.049190 565.687338 478.314820
23.065730 567.979259 452.600022
23.083310 568.617850 445.257183
23.098450 567.820779 448.522678
23.114990 563.463433 455.371996
23.131350 558.414992 462.009229
23.147890 557.840428 467.360082
23.164180 561.452870 470.438441
23.180600 567.158088 471.293132
23.197080 573.520404 470.107107
23.229860 578.095468 466.365468
23.246400 581.556083 461.949100
23.262700 586.403298 459.502505
23.279240 591.887277 459.290420
23.295590 597.418566 461.187064
23.312070 603.848969 465.624192
23.328490 608.530571 472.077984
23.344970 608.112202 477.945532
23.361330 604.198165 479.949890
23.377990 601.490636 478.811302
23.394470 602.265498 477.711845
23.410710 604.103922 477.573752
23.427060 603.196127 477.729210
23.443420 596.274971 475.033177
23.459960 583.905577 466.296048
23.476320 569.655623 455.587029
23.492680 554.885629 450.139132
23.509090 540.971772 451.389310
23.525700 529.736344 453.573908
23.541930 520.739330 450.698715
23.558410 513.155760 443.376953
23.574950 509.159388 434.282841
23.591310 512.074373 426.641302
23.607670 520.798976 425.163900
23.624210 529.753328 429.540433
23.640560 533.958882 436.073244
23.657040 533.108635 443.116298
23.673400 530.117442 448.824722
23.689820 527.019967 451.298280
23.706300 524.551050 451.467566
23.722660 521.579891 451.731842
23.739140 518.274060 453.991777
23.755620 518.101460 458.221347
23.772090 521.711686 462.850646
23.788390 525.201536 465.485377
23.804930 524.654049 464.076015
23.821350 522.085167 460.471949
23.837650 520.765200 457.450415
23.854190 519.357101 455.313139
23.870540 518.301136 454.858325
23.886900 520.097512 457.656056
23.903440 524.084658 462.699416
23.919980 527.775198 466.598866
23.936340 529.086702 468.075867
23.969180 528.649066 469.368186
23.985660 528.776054 472.327161
24.002140 528.634747 475.764305
24.018430 526.640058 475.857449
24.034850 523.118232 469.016214
24.051390 519.202220 456.451379
24.068180 514.825053 443.808879
24.084350 510.153155 436.586247
24.100590 507.930488 437.013972
24.117070 510.549204 442.211509
24.133610 516.503747 447.827552
24.166380 525.602624 454.261961
24.182680 544.304309 458.829078
24.199280 572.307970 454.195185
24.215640 601.244270 443.490623
24.232120 626.948122 435.419490
24.248600 646.907462 431.527973
24.264950 657.305521 429.649214
24.281310 658.103583 428.605429
24.297910 654.967099 428.643529
24.314390 651.856872 432.433662
24.330690 650.158746 441.670581
24.347230 651.608711 452.468500
24.363590 655.082453 460.624767
24.380000 655.780467 464.626568
24.397340 650.076010 463.689077
24.412900 639.834281 458.455440
24.429200 628.263538 452.510167
24.445560 617.706756 450.985774
24.462340 613.088043 453.281516
24.478520 617.460889 456.108571
24.494930 626.368027 460.161642
24.511350 633.316676 464.829524
24.527830 635.751825 465.316927
24.544190 635.149782 458.395347
24.560550 632.927969 447.998757
24.577090 629.828626 439.292841
24.609990 625.807780 431.490249
24.626340 617.940105 427.187384
24.642760 606.228552 432.703102
24.659180 595.141744 442.727383
24.675660 587.592976 447.658750
24.692140 583.523082 447.440714
24.708440 583.686195 446.159950
24.725100 588.423724 445.796374
24.741330 594.412577 446.440754
24.757870 598.249356 447.336169
24.774230 598.592833 449.118385
24.790590 595.923814 453.081552
24.807250 591.734933 456.591877
24.823490 585.998227 456.129741
24.839970 578.639245 452.619024
24.856450 572.833911 447.860187
24.872680 571.268439 443.216479
24.905640 572.251572 440.343068
24.922180 574.383397 438.411858
24.938420 578.047502 436.571633
24.954960 581.105205 434.707653
24.971370 581.260296 432.898368
24.987790 579.776428 432.411388
25.004210 579.787690 434.657375
25.020570 583.327849 439.073610
25.053590 593.497833 443.089819
25.070130 610.157010 447.321688
25.102910 626.951701 454.651074
25.119260 639.757117 460.542190
25.135680 645.452864 457.180893
25.152100 646.523713 447.928372
25.168580 647.909220 442.525168
25.185000 647.375002 444.551237
25.201350 645.726562 451.253461
25.217830 647.323316 459.769108
25.234250 651.991848 468.859987
25.250670 657.390278 478.063491
25.267210 660.781040 486.240505
25.283630 659.736610 490.619525
25.300110 656.425409 489.155915
25.316350 655.532277 482.065973
25.332760 658.354624 472.561531
25.349370 662.563245 465.903405
25.365600 665.726569 463.106124
25.382080 666.943740 458.630981
25.398500 665.616252 447.910205
25.414980 661.738425 431.835522
25.431340 657.310310 416.925155
25.447750 657.849162 405.216661
25.464230 667.919256 393.137842
25.497130 682.397347 381.515857
25.513490 692.023545 371.391293
25.529910 693.851398 362.449617
25.546200 689.970526 353.528315
25.562680 683.211998 343.858254
25.597050 677.106731 335.736361
25.612000 673.376843 330.801539
25.628420 670.572295 329.626392
25.644960 670.358290 333.350791
25.661380 674.451867 340.983451
25.677730 679.125945 349.392596
25.694150 683.857482 356.834945
25.710630 690.632554 362.131119
25.743470 697.668362 366.343627
25.760010 704.548225 372.361318
25.776370 711.702837 378.447144
25.792660 716.814593 379.557198
25.809200 719.767514 372.072400
25.825620 723.498397 357.102286
25.841980 726.217898 343.034385
25.858400 722.597614 338.857946
25.874880 712.692170 344.988232
25.891360 703.139914 354.126978
25.907530 700.005109 358.858280
25.924190 703.050241 358.475086
25.940550 706.921492 357.108169
25.957090 709.089251 358.507745
25.989810 714.487865 368.625524
26.006290 723.110500 390.924105
26.022640 727.367006 416.772340
26.039120 727.557217 436.676583
26.055540 729.003135 448.378363
26.072020 731.658766 451.385996
26.088440 733.810521 447.229850
26.105040 733.924001 439.611738
26.121340 730.610818 432.909652
26.137700 726.916105 429.366016
26.154170 725.334760 428.603429
26.170410 723.384002 429.916178
26.187070 721.428677 430.258503
26.203430 721.547477 426.845152
26.219790 722.225007 422.402199
26.236390 722.145123 421.426116
26.253780 721.751045 425.139146
26.269100 721.733026 430.736344
26.285580 723.408682 434.910013
26.301880 726.650858 438.479153
26.318420 728.535607 443.821928
26.334840 726.601671 450.223432
26.351320 720.373631 455.987578
26.367680 712.260859 460.574532
26.384220 707.332597 461.365841
26.400570 708.350873 456.813589
26.433470 713.196344 451.157188
26.449950 719.695637 448.240110
26.467960 726.897879 448.766257
26.482730 731.353402 452.733748
26.499150 729.428041 457.610436
26.515560 722.355449 458.800918
26.532040 714.827729 454.586428
26.548460 709.478875 448.718345
26.564940 705.702954 446.296071
26.581300 701.078890 446.888165
26.597720 693.748667 446.650357
26.614440 685.743793 444.439621
26.630800 678.040357 440.307010
26.647340 669.805676 434.134466
26.663760 663.632090 428.226390
26.680180 660.548165 424.995440
26.696470 656.939661 424.020298
26.712890 650.207872 424.065984
26.729250 645.312441 425.558725
26.745730 645.189625 429.467054
26.762150 643.596725 434.775704
26.778440 640.692155 438.812291
26.796810 643.003625 441.312775
26.811340 650.660423 444.733036
26.827700 658.821543 449.896498
26.844180 663.324989 455.033975
26.860600 663.202838 456.668285
26.877140 659.409852 455.856513
26.893490 652.404940 456.720387
26.909970 643.798846 459.438533
26.926330 638.277367 462.864735
26.942750 637.368978 466.587123
26.959170 636.657709 470.074763
26.975590 633.803517 469.328593
26.992130 631.558483 460.166310
27.008360 633.002070 445.785701
27.024960 637.322677 435.998363
27.041500 641.942331 437.450469
27.057860 645.579667 446.139271
27.074220 645.547145 455.161542
27.090760 642.279056 461.119718
27.107060 642.236276 464.277506
27.125790 645.998268 468.270775
27.139950 649.574176 474.583499
27.156370 652.512200 479.805337
27.172670 653.789883 481.972983
27.189330 652.228009 481.880944
27.205570 649.424480 479.201124
27.222170 645.254196 473.323226
27.238890 638.574537 465.930694
27.254940 631.923497 460.781228
27.271360 628.532920 459.002563
27.287660 629.166951 459.316046
27.320620 632.379938 460.408620
27.337040 637.042179 461.370586
27.370000 642.470483 463.504177
27.386350 645.415412 465.254838
27.402710 643.286686 462.390485
27.419250 640.389883 457.741801
27.435610 639.818856 456.665114
27.468870 639.053334 460.363802
27.501460 638.919446 465.314484
27.517700 638.909447 466.928423
27.534180 635.531636 465.101752
27.550600 629.715304 460.432346
27.567380 627.112824 456.943630
27.583620 632.971919 457.121027
27.616330 643.075784 457.867913
27.632750 648.760846 458.018369
27.649350 648.911246 455.086215
27.665590 647.706165 447.992865
27.682190 647.985073 441.282161
27.698610 649.173592 439.547012
27.715090 650.428364 444.235585
27.731510 651.207010 453.490688
27.748050 650.265613 462.724334
27.764530 648.314216 469.444804
27.782410 646.978461 473.244592
27.799620 646.510367 472.834499
27.813600 645.783805 468.190419
27.830080 644.519338 461.330497
27.846370 644.016853 454.628448
27.862850 645.331274 448.859187
27.879520 648.116717 445.785365
27.896610 650.450795 448.176560
27.912290 652.403245 453.947663
27.928770 656.560492 458.176513
27.961300 663.428740 457.237103
27.977720 668.281703 448.376420
28.015380 665.950007 435.557477
28.027340 658.466199 429.209536
28.043760 651.161835 433.112694
28.076350 648.481162 441.679420
28.092830 652.756969 449.122020
28.125730 661.492820 456.238787
28.142090 670.964894 466.286010
28.158570 676.688548 476.108040
28.175050 674.309762 481.373009
28.191650 665.684328 483.682684
28.208130 658.619718 483.219610
28.224610 657.692261 478.338393
28.241030 659.425545 472.150520
28.257200 660.744525 469.237675
28.273440 661.903188 472.288752
28.290160 662.659428 479.512305
28.306760 662.493554 483.012397
28.323120 661.251805 476.352398
28.342220 659.187635 461.699424
28.355650 656.709128 446.793632
28.372190 653.649985 437.877894
28.388610 649.990572 436.258149
28.405090 647.589111 440.428518
28.470760 648.820901 448.725223
28.487060 653.461818 458.664620
28.503600 659.551897 466.212446
28.519840 664.100042 467.357615
28.536320 663.855936 461.257324
28.552670 657.758243 454.017492
28.569150 649.344276 450.338521
28.585570 645.270160 446.002469
28.602050 646.512710 438.856185
28.618410 648.906155 432.208730
28.634830 649.854699 429.089511
28.651310 649.991806 429.633272
28.667720 650.806736 432.760946
28.684200 651.837553 437.844458
28.700380 653.586990 440.805266
28.717040 654.337422 437.544692
28.733580 649.246593 429.787510
28.749820 641.387675 422.511426
28.767700 636.998477 418.209000
28.782900 635.606659 415.335885
28.799190 634.691372 414.974677
28.815800 634.853185 422.249034
28.832150 638.475617 438.022499
28.848450 642.498456 455.112640
28.865170 643.153915 465.990507
28.881650 643.089272 469.525080
28.898010 645.402475 468.030406
28.914370 649.746608 463.693191
28.930540 653.209857 458.513585
28.947330 654.112530 455.363561
28.963810 654.288076 455.854157
28.980040 656.397833 458.814253
28.998960 661.838662 462.132829
29.012940 667.322883 464.419306
29.029240 666.367452 465.260492
29.045590 659.029246 464.461122
29.062130 651.767090 461.878816
29.078430 649.509661 457.273873
29.094790 651.348551 450.072223
29.111330 655.020670 439.714365
29.127870 660.478269 428.099931
29.144350 662.692585 421.320158
29.160770 656.996170 421.479148
29.177250 648.594814 423.034239
29.193730 644.986972 421.227792
29.212340 649.639422 412.814782
29.226620 660.396349 398.670157
29.242860 673.728768 384.971598
29.259520 687.472698 375.703589
29.275760 697.421960 371.275388
29.292300 702.599783 369.372789
29.308780 703.902696 368.286484
29.341550 700.930512 367.689247
29.357850 696.724772 362.214608
29.390560 694.040982 348.276730
29.407410 692.696024 333.953349
29.441890 694.067860 328.538639
29.456300 699.998388 332.537366
29.472720 708.625491 340.395173
29.489140 715.064018 347.163452
