0.000000 410.499000 450.472000
0.016360 413.389000 480.106000
0.032710 387.702000 603.042000
0.048950 434.248000 553.894000
0.065190 437.750000 581.702000
0.081670 391.714000 541.310000
0.098140 409.241000 585.024000
0.114500 407.813000 576.796000
0.130980 421.243000 536.888000
0.147340 424.031000 566.720000
0.163820 428.281000 602.624000
0.180300 422.280000 665.742000
0.196660 421.719000 694.474000
0.213130 423.861000 710.974000
0.229490 423.368000 716.980000
0.245970 438.277000 729.872000
0.262450 436.220000 713.482000
0.278930 382.092000 648.538000
0.295410 392.717000 658.108000
0.311890 396.525000 685.058000
0.328370 589.662000 652.630000
0.344600 598.553000 750.332000
0.377560 591.549000 639.628000
0.393920 600.661000 643.148000
0.410280 598.111000 596.640000
0.427000 553.299000 673.948000
0.443360 640.679000 522.192000
0.459720 641.342000 550.836000
0.476070 591.226000 717.178000
0.492550 592.263000 591.492000
0.509160 593.181000 599.566000
0.525510 568.803000 670.406000
0.541630 538.628000 406.120000
0.558230 539.342000 423.280000
0.574580 600.627000 534.446000
0.591060 565.012000 618.926000
0.607670 569.483000 680.438000
0.624270 601.137000 600.358000
0.640630 560.116000 630.762000
0.656980 558.382000 591.844000
0.673580 513.502000 638.330000
0.690060 531.199000 494.076000
0.706300 530.264000 490.270000
0.722660 542.810000 281.446000
0.739140 542.691000 191.840000
0.755370 543.983000 219.692000
0.771850 525.606000 196.350000
0.788210 518.330000 182.908000
0.804570 516.324000 146.608000
0.821040 523.787000 140.096000
0.837650 520.047000 131.274000
0.870360 527.102000 61.116000
0.886840 519.996000 192.434000
0.903320 518.449000 160.094000
0.919680 522.886000 111.320000
0.936040 564.842000 8.074000
0.968990 579.156000 41.998000
0.985350 585.004000 62.854000
1.001830 585.140000 110.836000
1.018190 542.861000 46.992000
1.034550 585.089000 164.912000
1.067630 592.501000 195.756000
1.083860 557.124000 146.718000
1.100340 557.617000 187.902000
1.116820 560.694000 280.918000
1.133420 518.364000 227.304000
1.149660 517.582000 197.494000
1.166140 693.209000 251.174000
1.182500 673.863000 233.354000
1.198850 672.248000 193.292000
1.215330 698.989000 226.490000
1.231690 704.565000 250.734000
1.248290 705.211000 315.612000
1.264530 672.945000 377.146000
1.281130 689.520000 406.692000
1.297490 689.792000 423.720000
1.313840 722.517000 362.626000
1.330320 695.929000 326.546000
1.346800 695.674000 347.336000
1.363280 716.703000 391.974000
1.379760 744.753000 412.390000
1.396120 745.331000 390.918000
1.412600 746.181000 374.990000
1.428960 753.848000 314.996000
1.445430 754.069000 240.284000
1.461670 700.944000 174.988000
1.478150 702.440000 175.868000
1.511110 762.773000 223.036000
1.527340 753.712000 255.552000
1.543950 752.896000 312.686000
1.560300 833.969000 486.794000
1.576780 823.786000 553.256000
1.593380 826.251000 620.444000
1.609620 870.570000 577.500000
1.626100 834.853000 462.110000
1.642460 837.624000 400.774000
1.658810 823.582000 286.880000
1.675290 841.160000 189.288000
1.691770 843.370000 109.098000
1.708250 817.836000 202.004000
1.724730 831.810000 152.636000
1.741210 830.433000 185.042000
1.757570 835.278000 201.058000
1.773930 836.366000 256.916000
1.790410 836.536000 265.980000
1.806880 858.381000 184.624000
1.823490 890.715000 148.566000
1.839720 892.398000 105.512000
1.856320 863.498000 121.242000
1.872920 855.627000 167.046000
1.905640 872.423000 66.044000
1.922000 846.855000 85.074000
1.954830 879.308000 129.712000
1.971310 938.842000 116.094000
2.004270 942.888000 36.806000
2.020630 940.491000 41.074000
2.036740 938.230000 75.944000
2.053220 965.481000 141.240000
2.069580 954.550000 181.632000
2.085940 957.525000 151.206000
2.102420 959.599000 145.442000
2.119140 946.985000 61.050000
2.135740 946.934000 41.646000
2.152100 969.000000 115.280000
2.168210 998.002000 134.838000
2.184810 990.182000 249.436000
2.201420 976.293000 309.540000
2.217900 973.607000 289.146000
2.250730 714.391000 373.384000
2.266970 572.781000 421.498000
2.283330 570.588000 375.584000
2.300050 572.458000 399.542000
2.316280 515.117000 240.042000
2.332890 514.029000 200.090000
2.349370 525.249000 209.726000
2.365480 588.863000 355.850000
2.398190 575.076000 303.732000
2.414670 592.484000 302.896000
2.447510 574.685000 301.466000
2.464230 576.827000 297.462000
2.496950 556.733000 359.964000
2.513430 582.080000 337.700000
2.530030 582.080000 337.700000
2.546260 570.605000 306.174000
2.562740 565.947000 338.030000
2.578980 567.171000 365.926000
2.595460 574.940000 398.288000
2.611690 579.462000 433.290000
2.628170 580.193000 441.628000
2.644780 605.285000 373.472000
2.661250 590.903000 347.028000
2.677610 589.152000 310.090000
2.693970 569.959000 331.276000
2.710450 559.878000 363.308000
2.726810 561.136000 391.226000
2.743160 584.902000 322.388000
2.759640 589.390000 352.132000
2.776120 590.087000 360.492000
2.792720 569.143000 394.438000
2.809080 590.002000 337.238000
2.825200 588.285000 300.146000
2.841670 583.491000 327.140000
2.858150 587.690000 311.432000
2.891240 601.001000 317.768000
2.907590 592.433000 309.232000
2.923830 591.379000 276.408000
2.940430 585.140000 262.394000
2.956670 564.366000 232.276000
2.973270 562.275000 191.312000
2.989750 633.488000 123.970000
3.005980 633.131000 108.812000
3.022460 634.457000 171.336000
3.038940 640.849000 252.956000
3.055420 623.271000 342.232000
3.071780 625.447000 393.338000
3.088260 621.503000 378.268000
3.104610 627.521000 325.270000
3.120970 626.229000 287.650000
3.137570 624.648000 265.496000
3.154170 641.053000 261.404000
3.170650 642.311000 316.932000
3.187010 736.967000 333.410000
3.203370 729.385000 277.354000
3.219970 725.594000 361.526000
3.236080 739.313000 307.516000
3.252560 716.958000 335.082000
3.269040 722.636000 198.594000
3.285280 735.862000 346.126000
3.301760 743.376000 194.590000
3.318120 743.002000 110.572000
3.334720 756.245000 167.618000
3.351200 757.979000 247.632000
3.367550 757.656000 311.080000
3.383790 889.440000 299.332000
3.400150 845.716000 27.500000
3.433110 849.728000 115.324000
3.449710 839.154000 71.456000
3.465940 837.488000 94.028000
3.482300 840.650000 70.466000
3.499020 851.615000 98.230000
3.515260 847.943000 145.178000
3.531740 808.520000 178.772000
3.548220 817.445000 167.090000
3.564700 820.658000 120.802000
3.581050 843.914000 138.996000
3.597530 825.095000 346.368000
3.613770 827.288000 272.162000
3.630250 549.848000 469.172000
3.646850 543.762000 442.618000
3.663090 541.416000 405.218000
3.679690 576.606000 383.746000
3.695920 570.588000 384.934000
3.728760 539.546000 453.156000
3.745360 534.429000 389.312000
3.778080 555.713000 441.584000
3.794680 549.678000 444.444000
3.811160 552.942000 497.728000
3.827640 546.499000 594.198000
3.843750 530.298000 672.166000
3.860350 536.163000 740.300000
3.877810 536.877000 718.256000
3.893070 535.449000 694.848000
3.925900 562.139000 710.512000
3.942500 570.945000 687.654000
3.975220 598.349000 735.284000
3.991820 585.888000 667.920000
4.008180 584.477000 641.960000
4.024660 610.300000 554.268000
4.041020 607.750000 532.444000
4.057500 606.084000 498.102000
4.073970 610.895000 545.226000
4.090210 607.036000 515.922000
4.123050 626.382000 567.380000
4.139650 588.795000 600.094000
4.156010 587.554000 571.362000
4.172610 632.179000 464.068000
4.188840 663.442000 361.548000
4.205320 663.374000 379.280000
4.221920 686.494000 433.884000
4.238280 691.832000 525.338000
4.254640 693.090000 573.738000
4.271120 657.866000 570.526000
4.287600 662.966000 501.380000
4.303830 661.980000 466.114000
4.320310 665.771000 453.596000
4.336790 662.048000 433.598000
4.369630 666.468000 414.018000
4.385990 623.849000 516.626000
4.402470 625.277000 548.966000
4.418820 606.050000 581.504000
4.435300 608.906000 634.854000
4.451780 611.337000 680.196000
4.468140 579.207000 635.712000
4.484620 587.707000 665.148000
4.501100 585.701000 632.698000
4.517580 610.470000 567.754000
4.533940 600.712000 551.474000
4.550290 598.400000 505.780000
4.566770 619.718000 522.522000
4.583130 615.570000 495.132000
4.615970 614.295000 537.130000
4.632450 577.813000 547.734000
4.648930 579.105000 573.012000
4.665280 573.767000 701.008000
4.681760 581.774000 744.700000
4.698120 583.950000 776.468000
4.714480 581.740000 735.988000
4.730960 557.464000 703.406000
4.747680 558.943000 725.560000
4.763920 595.204000 792.946000
4.780270 568.055000 871.816000
4.796750 568.888000 878.306000
4.813110 565.369000 797.654000
4.829590 590.529000 763.114000
4.846070 589.237000 730.070000
4.862430 597.125000 760.408000
4.879150 582.250000 763.950000
4.895260 580.499000 748.880000
4.911740 585.072000 822.052000
4.928100 581.196000 803.880000
4.944580 581.145000 799.150000
4.961180 548.233000 750.882000
4.977420 552.721000 757.460000
4.993770 551.803000 750.684000
5.010380 540.668000 806.960000
5.026860 537.676000 816.464000
5.043090 540.362000 846.802000
5.059940 539.750000 802.252000
5.075930 565.063000 790.614000
5.092530 563.686000 766.216000
5.108760 557.804000 778.426000
5.125370 576.980000 760.562000
5.141720 574.957000 729.916000
5.158200 588.795000 682.814000
5.174560 577.507000 726.374000
5.207400 555.526000 717.376000
5.224000 566.049000 768.086000
5.256840 562.309000 744.326000
5.273070 551.378000 772.310000
5.306150 567.460000 756.294000
5.322390 591.906000 737.066000
5.338990 593.011000 760.540000
5.355350 591.328000 775.412000
5.371950 609.229000 803.132000
5.388180 610.028000 810.282000
5.405270 605.285000 789.932000
5.421020 603.823000 760.540000
5.437380 603.075000 753.280000
5.453860 604.690000 697.136000
5.470340 592.705000 726.198000
5.486690 594.728000 758.318000
5.503170 605.778000 823.394000
5.519650 617.406000 803.066000
5.536130 618.171000 824.670000
5.552490 617.219000 801.020000
5.568850 620.789000 854.304000
5.585210 619.429000 806.476000
5.601810 639.846000 677.468000
5.618040 620.160000 667.986000
5.634770 615.519000 573.210000
5.651000 615.468000 532.598000
5.667360 625.311000 503.844000
5.683840 626.297000 532.136000
5.700200 603.653000 603.482000
5.717040 632.162000 577.764000
5.733150 633.777000 614.922000
5.749760 618.698000 682.858000
5.766110 610.521000 685.454000
5.798830 614.023000 701.646000
5.815430 637.126000 665.808000
5.848390 667.811000 658.262000
5.864870 608.192000 654.104000
5.897340 644.351000 618.640000
5.913940 632.570000 667.964000
5.948970 657.288000 799.194000
5.963130 681.173000 757.790000
5.979490 682.516000 772.376000
5.995970 701.471000 775.368000
6.012570 707.965000 791.516000
6.028930 710.515000 821.370000
6.045290 707.914000 899.734000
6.063600 659.600000 821.744000
6.094730 682.363000 834.196000
6.110960 686.528000 866.690000
6.127440 685.066000 851.972000
6.143920 692.019000 855.602000
6.160160 712.878000 806.652000
6.176760 710.430000 777.524000
6.193240 699.873000 752.774000
6.209720 708.288000 721.094000
6.226070 708.135000 719.224000
6.242430 649.570000 711.128000
6.258790 664.581000 770.836000
6.275150 665.805000 796.004000
6.291870 687.361000 738.540000
6.307980 702.202000 711.260000
6.324580 701.556000 650.430000
6.340820 653.582000 589.996000
6.357300 650.743000 569.668000
6.373780 649.468000 533.236000
6.390140 671.738000 478.148000
6.406860 685.763000 480.898000
6.423220 685.984000 534.600000
6.439580 624.461000 676.720000
6.455930 586.432000 808.060000
6.472290 592.110000 893.398000
6.488770 592.637000 946.088000
6.505250 583.508000 927.674000
6.521850 584.324000 934.076000
6.537960 601.256000 944.020000
6.554570 583.882000 964.546000
6.570920 583.066000 958.452000
6.587280 620.551000 938.388000
6.603760 588.166000 1039.434000
6.620240 587.010000 1014.772000
6.636840 564.196000 874.896000
6.653200 565.335000 845.196000
6.669430 561.085000 797.412000
6.685910 555.016000 808.830000
6.702270 537.676000 845.966000
6.718750 540.532000 876.986000
6.735230 570.027000 825.176000
6.751710 566.219000 835.142000
6.784420 555.679000 820.248000
6.800900 584.052000 849.706000
6.817380 584.205000 858.066000
6.833740 558.008000 920.282000
6.850340 542.249000 917.444000
6.866700 541.773000 909.282000
6.883060 604.707000 889.856000
6.899410 615.519000 901.164000
6.915890 613.802000 872.278000
6.932250 652.222000 834.658000
6.948850 625.600000 832.766000
6.965210 624.648000 806.806000
6.981690 617.253000 832.568000
6.998540 612.663000 811.558000
7.014770 611.898000 804.254000
7.031250 601.885000 852.016000
7.047610 614.499000 921.690000
7.064090 615.298000 928.884000
7.080200 588.132000 794.948000
7.096680 633.335000 658.284000
7.113040 631.822000 623.370000
7.129390 587.248000 637.032000
7.146000 573.648000 669.570000
7.178960 593.759000 705.144000
7.195190 588.846000 705.782000
7.228150 600.389000 693.572000
7.244510 581.315000 691.306000
7.260990 583.372000 740.498000
7.277710 566.933000 808.456000
7.293950 576.096000 884.972000
7.310180 580.907000 947.144000
7.326660 601.664000 852.126000
7.343260 595.867000 912.802000
7.375850 607.274000 967.164000
7.392460 620.007000 952.886000
7.408940 619.684000 935.836000
7.425290 640.679000 933.724000
7.441770 638.877000 900.570000
7.458250 637.398000 886.182000
7.474730 634.321000 904.442000
7.491460 627.878000 843.854000
7.507450 629.476000 868.274000
7.524050 645.575000 896.126000
7.540530 641.189000 908.160000
7.557010 638.741000 861.476000
7.573490 649.944000 840.400000
7.589970 670.888000 728.046000
7.606200 669.834000 694.870000
7.622440 695.640000 730.334000
7.638790 720.766000 704.770000
7.655150 720.970000 722.590000
7.671630 716.448000 699.028000
7.688230 694.501000 725.252000
7.704710 694.892000 743.248000
7.721440 701.233000 728.288000
7.737300 708.186000 735.460000
7.753780 709.019000 755.370000
7.770260 705.806000 794.376000
7.786620 724.880000 709.038000
7.803100 724.302000 700.722000
7.819580 721.225000 878.020000
7.836060 754.851000 860.684000
7.852660 754.511000 872.542000
7.868900 748.408000 913.946000
7.885500 747.337000 918.588000
7.901490 747.881000 940.456000
7.918210 749.411000 951.764000
7.934570 748.357000 960.938000
7.951050 748.289000 946.242000
7.967290 697.476000 865.524000
7.983890 654.704000 838.354000
8.000370 654.058000 822.998000
8.016720 620.211000 888.492000
8.033200 601.018000 890.516000
8.049800 601.154000 898.018000
8.066040 630.224000 837.826000
8.082400 638.180000 881.936000
8.098880 639.744000 894.476000
8.115230 622.591000 884.972000
8.131590 621.639000 857.054000
8.148190 619.038000 820.028000
8.164550 586.092000 771.540000
8.180910 591.702000 770.660000
8.197390 591.821000 772.574000
8.213870 618.137000 916.564000
8.230350 620.738000 918.632000
8.246700 622.370000 952.842000
8.263180 613.853000 895.026000
8.279540 624.478000 949.806000
8.295900 627.113000 992.552000
8.312500 617.219000 953.964000
8.328860 625.957000 1002.342000
8.345210 625.158000 989.208000
8.362670 567.001000 978.934000
8.378170 578.731000 974.842000
8.394530 577.490000 954.206000
8.411130 564.672000 1009.668000
8.427490 579.258000 919.776000
8.443850 575.943000 881.760000
8.460210 576.776000 863.874000
8.476680 562.921000 826.298000
8.493160 560.847000 792.638000
8.509520 632.927000 777.414000
8.526120 695.861000 771.562000
8.542360 695.317000 766.392000
8.558960 683.655000 662.442000
8.575320 680.884000 676.346000
8.591800 682.142000 736.626000
8.608150 695.895000 776.402000
8.624630 707.013000 909.634000
8.640870 707.574000 916.476000
8.657350 690.829000 851.114000
8.673950 698.564000 873.246000
8.690190 697.833000 843.370000
8.903810 685.372000 819.522000
8.920410 703.749000 819.654000
8.936650 703.562000 828.014000
8.953000 734.026000 841.214000
8.969600 698.105000 695.266000
9.002320 702.576000 699.908000
9.018920 785.536000 726.242000
9.035280 784.482000 757.460000
9.051510 752.845000 867.416000
9.068120 767.941000 991.628000
9.084590 768.808000 1004.454000
9.100950 577.320000 1041.920000
9.117310 566.967000 1017.412000
9.133910 562.309000 966.152000
9.150390 575.450000 888.118000
9.166630 593.912000 879.054000
9.183230 594.711000 884.312000
9.199460 583.304000 866.074000
9.215940 559.929000 867.240000
9.232420 558.875000 859.958000
9.249020 548.471000 896.720000
9.265500 550.460000 869.198000
9.281740 553.197000 905.410000
9.298220 573.478000 920.986000
9.314580 588.574000 943.338000
9.331050 592.059000 992.882000
9.348880 562.564000 1084.072000
9.364010 556.716000 1077.692000
9.380130 555.407000 1054.548000
9.396610 595.561000 982.608000
9.413210 577.558000 944.922000
9.429440 573.291000 898.370000
9.446040 641.427000 907.962000
9.462400 636.089000 874.632000
9.478760 636.191000 876.502000
9.495240 642.719000 902.616000
9.511720 623.883000 831.534000
9.544560 643.603000 878.196000
9.560910 609.416000 886.930000
9.577270 609.331000 877.514000
9.593870 624.767000 834.262000
9.610230 619.599000 786.104000
9.626710 617.933000 763.884000
9.643070 678.827000 839.124000
9.659420 698.020000 843.260000
9.677980 698.428000 859.936000
9.692630 707.030000 888.932000
9.708980 705.806000 865.766000
9.741580 697.204000 845.746000
9.758060 671.279000 870.276000
9.777470 670.786000 844.338000
9.791020 716.329000 752.884000
9.807370 710.413000 703.824000
9.823850 709.801000 669.042000
9.840210 703.868000 686.840000
9.856810 687.259000 719.114000
9.892090 705.568000 590.634000
9.906130 690.268000 600.952000
9.922490 690.489000 628.870000
9.938840 796.994000 701.844000
9.955200 811.733000 789.492000
9.971560 810.951000 824.538000
9.988160 781.745000 810.238000
10.004520 786.063000 785.048000
10.037480 788.069000 776.292000
10.053830 761.957000 787.886000
10.086550 774.520000 797.588000
10.104740 791.826000 819.170000
10.135860 783.394000 806.520000
10.152340 785.009000 837.914000
10.185180 782.357000 742.500000
10.201540 790.585000 864.094000
10.218870 790.364000 879.252000
10.234380 808.656000 946.132000
10.250850 801.414000 949.652000
10.267210 800.445000 972.422000
10.283690 806.344000 965.536000
10.300170 814.827000 966.878000
10.333010 777.002000 874.830000
10.349370 592.841000 955.042000
10.365970 591.549000 933.086000
10.382200 628.609000 906.466000
10.398800 620.517000 896.896000
10.415160 619.650000 882.618000
10.432010 589.186000 957.638000
10.448240 579.394000 856.878000
10.481080 587.826000 904.266000
10.497560 576.912000 910.492000
10.530400 583.644000 960.520000
10.546630 595.884000 926.090000
10.579830 594.694000 944.944000
10.596310 614.329000 908.226000
10.612550 615.230000 922.482000
10.628910 685.355000 975.172000
10.645630 664.785000 920.502000
10.661740 665.244000 943.448000
10.678100 663.612000 1002.430000
10.694460 665.550000 1033.120000
10.710820 665.771000 1025.090000
10.727290 652.103000 1015.652000
10.743900 669.239000 941.490000
10.762210 668.151000 912.868000
10.776730 670.242000 894.652000
10.793090 655.571000 892.474000
10.809450 656.166000 906.950000
10.825930 690.931000 944.262000
10.842290 693.702000 889.416000
10.875120 764.252000 905.322000
10.891600 744.889000 904.552000
10.908200 745.144000 864.182000
10.924440 747.966000 828.828000
10.940800 742.968000 778.470000
10.957400 742.458000 770.880000
10.973630 723.741000 790.790000
10.990480 754.630000 825.770000
11.006590 754.596000 859.738000
11.022950 732.394000 928.840000
11.039430 739.925000 881.012000
11.055910 739.653000 903.870000
11.072270 763.555000 854.458000
11.090580 731.833000 895.246000
11.105350 732.173000 925.782000
11.121580 742.067000 977.878000
11.138180 720.307000 969.232000
11.170780 705.789000 957.792000
11.187260 658.002000 993.828000
11.203610 657.390000 971.586000
11.220340 632.434000 902.110000
11.236570 643.042000 885.500000
11.253050 641.648000 864.006000
11.269410 681.224000 834.086000
11.285770 668.508000 848.980000
11.302250 669.222000 845.966000
11.318730 665.771000 961.598000
11.335210 659.175000 895.224000
11.351560 657.781000 874.126000
11.368040 658.869000 868.758000
11.384400 648.465000 872.278000
11.400880 649.264000 879.560000
11.417600 582.862000 949.718000
11.433720 557.464000 942.898000
11.450200 557.736000 957.616000
11.466550 572.288000 1047.750000
11.483150 558.654000 1072.038000
11.499510 561.187000 1092.762000
11.515750 557.124000 1071.862000
11.532350 572.645000 1096.084000
11.548830 568.531000 1047.904000
11.565190 572.900000 1035.782000
11.581540 575.229000 998.272000
11.598020 572.696000 969.254000
11.614500 559.895000 982.674000
11.630860 599.879000 897.688000
11.663820 596.190000 910.756000
11.680180 602.616000 912.714000
11.696530 603.653000 936.210000
11.713010 622.098000 971.740000
11.729610 612.408000 994.708000
11.747800 614.431000 1024.892000
11.762330 625.039000 1000.054000
11.778690 630.326000 993.388000
11.795170 631.108000 1014.596000
11.811520 605.897000 965.294000
11.828130 611.966000 985.204000
11.844480 613.904000 1013.540000
11.860840 621.146000 1036.948000
11.877320 614.941000 1084.842000
11.910280 567.154000 1132.560000
11.926510 575.229000 1165.956000
11.943120 573.716000 1145.716000
11.959470 575.042000 1048.344000
11.975710 571.676000 1024.078000
11.992430 569.313000 997.326000
12.008670 549.270000 1001.022000
12.025150 549.440000 986.216000
12.058110 559.113000 994.752000
12.074340 557.753000 1014.684000
12.090820 558.144000 1021.680000
12.107300 674.662000 999.460000
12.123780 639.846000 1057.694000
12.140140 640.611000 1063.612000
12.156620 672.911000 1019.084000
12.173220 659.447000 1016.862000
12.189450 658.818000 1003.376000
12.205810 696.150000 941.182000
12.222290 692.852000 938.410000
12.255000 662.847000 969.804000
12.271610 670.378000 960.322000
12.288090 671.330000 994.422000
12.304690 662.660000 1096.854000
12.320920 666.281000 1119.624000
12.337280 668.355000 1143.274000
12.353760 663.680000 1097.976000
12.370240 670.888000 1081.696000
12.386600 669.477000 1061.038000
12.402950 679.218000 1015.674000
12.419560 673.115000 1013.738000
12.435790 672.707000 1002.958000
12.452390 680.748000 1031.096000
12.468750 677.722000 1001.704000
12.485230 676.770000 975.502000
12.501710 728.382000 922.680000
12.518070 738.667000 882.090000
12.550900 712.147000 952.468000
12.567260 719.134000 966.680000
12.583740 718.998000 1007.072000
12.600220 727.651000 1038.092000
12.616580 733.890000 1137.906000
12.633060 734.791000 1171.082000
12.649410 718.879000 1140.700000
12.665890 722.840000 1135.552000
12.682250 722.347000 1111.176000
12.698610 731.442000 1072.412000
12.715330 731.935000 1052.084000
12.731450 732.598000 1020.954000
12.748050 820.114000 910.096000
12.764400 798.014000 900.856000
12.780760 798.099000 864.226000
12.797240 818.516000 893.992000
12.813720 795.736000 883.366000
12.830080 795.022000 928.004000
12.846560 794.563000 1034.242000
12.863040 778.345000 994.026000
12.895750 804.865000 968.550000
12.912350 815.796000 992.068000
12.928710 815.830000 972.554000
12.945190 863.056000 903.628000
12.961790 865.793000 920.568000
12.978150 865.912000 927.300000
12.994870 898.246000 896.544000
13.010990 886.414000 903.694000
13.027710 887.247000 888.602000
13.044070 870.179000 927.828000
13.062010 840.208000 936.474000
13.093140 839.749000 907.742000
13.109740 877.013000 884.202000
13.142460 895.220000 839.476000
13.158940 853.570000 934.098000
13.175170 855.168000 907.940000
13.191770 634.780000 906.774000
13.208130 596.326000 932.096000
13.224730 596.513000 946.088000
13.240840 650.471000 996.182000
13.257450 646.136000 987.008000
13.273930 648.414000 1032.724000
13.290280 661.521000 1043.900000
13.306880 639.285000 1033.274000
13.323000 638.248000 1003.090000
13.339600 654.432000 941.380000
13.355960 669.970000 912.494000
13.372440 669.137000 913.440000
13.388790 663.425000 927.564000
13.405270 665.261000 989.824000
13.421630 667.267000 1026.278000
13.438110 645.456000 1074.810000
13.454590 644.232000 1102.398000
13.470950 642.515000 1067.506000
13.487670 631.482000 954.514000
13.503780 552.721000 827.926000
13.520260 553.027000 842.952000
13.536740 605.064000 986.612000
13.553100 594.269000 1048.894000
13.569460 597.584000 1091.002000
13.585940 627.759000 1079.056000
13.602290 653.514000 1112.914000
13.618770 651.797000 1076.482000
13.635250 669.069000 966.350000
13.651730 668.321000 1016.862000
13.667850 666.587000 966.702000
13.684570 654.007000 897.358000
13.700810 637.075000 853.556000
13.717410 637.126000 862.532000
13.734010 632.111000 894.322000
13.750490 633.845000 925.716000
13.766970 635.596000 957.176000
13.783200 656.115000 980.606000
13.799800 640.356000 914.298000
13.816160 639.268000 889.152000
13.836910 650.726000 920.172000
13.849120 644.453000 884.532000
13.865230 643.807000 877.118000
13.881590 617.508000 930.798000
13.898320 615.536000 955.460000
13.914790 616.301000 962.610000
13.931030 608.940000 949.190000
13.947630 655.724000 933.922000
13.964110 654.415000 903.342000
13.980470 609.161000 890.054000
13.996830 687.497000 788.634000
14.013180 687.633000 814.088000
14.029910 723.537000 1057.716000
14.046140 701.590000 1073.886000
14.062740 702.423000 1103.256000
14.078740 669.885000 979.440000
14.095210 677.195000 954.888000
14.128050 678.606000 960.542000
14.144650 668.984000 930.182000
14.177370 679.558000 1043.856000
14.193850 682.669000 1044.318000
14.226680 703.256000 1044.076000
14.243040 667.165000 1068.210000
14.259400 666.553000 1045.286000
14.275880 680.799000 965.008000
14.292480 704.939000 880.396000
14.308840 704.361000 873.466000
14.325200 699.890000 939.048000
14.341670 645.167000 963.974000
14.357910 646.051000 970.706000
14.374510 670.735000 867.856000
14.390990 663.816000 917.224000
14.407350 662.575000 886.248000
14.423950 689.027000 938.190000
14.440190 649.604000 892.386000
14.456540 650.216000 916.322000
14.473020 645.082000 941.578000
14.489500 700.978000 960.498000
14.505980 701.726000 991.826000
14.522460 719.372000 968.044000
14.538700 715.717000 954.602000
14.555050 715.105000 946.000000
14.571530 698.003000 1028.456000
14.588130 695.436000 999.482000
14.604490 696.065000 1005.906000
14.620970 681.785000 1029.578000
14.637330 678.062000 985.996000
14.653690 678.844000 993.762000
14.670170 693.719000 971.806000
14.686650 691.186000 971.080000
14.705320 690.948000 977.724000
14.719480 692.308000 984.148000
14.735840 672.945000 1070.762000
14.752440 672.571000 1048.608000
14.768680 699.975000 963.600000
14.785160 705.483000 917.092000
14.801640 704.514000 896.192000
14.818120 685.440000 958.232000
14.834590 663.238000 999.240000
14.850950 665.363000 1068.826000
14.867430 672.758000 1126.246000
14.883670 691.033000 1130.448000
14.900150 692.580000 1163.668000
14.916630 706.520000 1215.654000
14.932980 722.840000 1088.714000
14.949580 722.364000 1063.634000
14.965940 719.729000 1100.506000
14.982420 700.808000 1051.732000
14.999020 700.553000 1029.490000
15.015260 681.615000 1072.060000
15.034180 696.133000 1027.862000
15.048100 695.045000 976.140000
15.064580 659.549000 983.488000
15.080810 668.814000 981.816000
15.097290 668.678000 995.346000
15.113650 690.999000 1007.556000
15.130370 696.711000 1038.422000
15.146730 698.207000 1075.910000
15.163210 707.098000 1050.302000
15.179570 648.329000 1012.880000
15.195800 646.901000 985.512000
15.212280 649.757000 940.654000
15.228760 661.861000 985.138000
15.261720 560.932000 1146.662000
15.278080 534.055000 1101.826000
15.294430 534.378000 1108.470000
15.310910 573.801000 1150.864000
15.327270 581.451000 1200.298000
15.343750 582.607000 1212.310000
15.362670 593.572000 1091.134000
15.376710 603.398000 1131.460000
15.392940 604.486000 1144.374000
15.409550 598.689000 1101.122000
15.426150 595.051000 1112.012000
15.442380 596.224000 1125.388000
15.458860 619.429000 1184.150000
15.475220 607.546000 1216.512000
15.491700 607.410000 1209.670000
15.508060 656.693000 1139.512000
15.524540 653.701000 1113.244000
15.540770 653.004000 1100.066000
15.557250 656.438000 1100.022000
15.573610 632.213000 1091.618000
15.590090 632.264000 1098.790000
15.606690 663.459000 1031.140000
15.622920 662.065000 1099.054000
15.655880 655.809000 1112.738000
15.672360 628.677000 1048.322000
15.689090 627.844000 1035.034000
15.705320 736.066000 1024.694000
15.721680 748.408000 1075.316000
15.754520 732.207000 1008.018000
15.770750 736.576000 999.702000
15.803830 734.706000 1027.400000
15.820190 732.836000 1050.456000
15.836670 732.615000 1072.126000
15.853030 739.058000 1125.234000
15.869380 758.591000 1128.402000
15.885990 759.441000 1096.920000
15.902100 789.871000 995.412000
15.918820 791.996000 956.164000
15.935180 792.863000 896.588000
15.951540 781.864000 841.962000
15.967900 800.088000 955.504000
16.000850 815.796000 902.550000
16.018430 824.177000 904.794000
16.050050 815.337000 881.936000
16.066650 811.155000 880.550000
16.099490 780.759000 870.188000
16.115840 812.685000 914.320000
16.148680 889.899000 849.706000
16.165410 857.735000 850.080000
16.197880 847.246000 924.308000
16.214600 848.555000 886.710000
16.247310 864.569000 878.702000
16.263790 760.410000 914.606000
16.280150 759.883000 938.872000
16.296750 558.042000 1037.960000
16.312990 508.725000 1066.736000
16.329350 510.170000 1096.964000
16.346070 558.994000 1040.028000
16.362300 602.667000 1211.782000
16.395390 597.601000 1142.284000
16.411870 583.593000 1125.608000
16.444950 521.764000 1042.250000
16.463500 524.790000 1021.240000
16.477540 524.790000 1021.240000
16.494020 560.014000 1129.568000
16.510500 555.186000 1156.254000
16.543330 554.914000 1139.292000
16.559690 533.052000 1169.190000
16.592290 543.966000 1201.948000
16.608640 540.872000 1209.098000
16.641600 565.522000 1205.556000
16.657960 551.599000 1254.066000
16.690920 569.619000 1234.838000
16.707280 566.746000 1167.804000
16.723880 569.381000 1203.246000
16.740110 561.986000 1206.238000
16.756590 579.870000 1274.636000
16.772950 583.151000 1297.032000
16.789310 593.062000 1311.530000
16.805910 585.140000 1269.994000
16.822140 581.791000 1236.774000
16.838750 556.682000 1190.178000
16.854980 551.276000 1205.776000
16.871580 549.593000 1186.196000
16.887940 549.882000 1247.906000
16.904660 596.479000 1146.640000
16.920780 594.405000 1128.006000
16.937130 608.957000 1185.998000
16.953860 563.873000 1195.656000
16.970090 564.162000 1209.868000
16.986690 665.941000 1184.370000
17.002930 666.553000 1199.352000
17.035770 658.070000 1123.210000
17.052370 647.071000 1089.132000
17.085080 624.767000 1151.480000
17.150880 635.256000 1192.576000
17.167360 634.338000 1178.716000
17.183720 731.238000 1202.410000
17.200200 705.126000 1158.366000
17.216550 705.075000 1177.330000
17.233030 710.566000 1213.608000
17.249270 728.637000 1250.744000
17.265990 729.385000 1289.486000
17.282350 719.151000 1229.822000
17.298710 675.444000 1294.260000
17.331540 698.530000 1225.994000
17.348020 701.250000 1256.860000
17.364260 701.250000 1256.860000
17.380860 729.198000 1257.850000
17.397220 722.942000 1238.666000
17.430180 692.121000 1301.696000
17.446530 687.820000 1324.950000
17.479490 696.847000 1216.930000
17.495970 775.676000 1305.656000
17.528690 767.907000 1307.350000
17.545040 780.147000 1248.808000
17.561770 781.133000 1221.154000
17.578130 784.737000 1083.104000
17.594480 767.261000 1086.976000
17.610840 766.921000 1053.668000
17.627200 801.057000 1054.284000
17.643680 805.715000 1113.134000
17.660160 804.508000 1147.784000
17.676760 774.299000 1172.644000
17.692870 803.726000 1297.824000
17.709350 804.032000 1303.126000
17.725830 830.195000 1301.476000
17.742190 813.025000 1284.602000
17.758670 812.770000 1278.970000
17.775020 831.674000 1174.624000
17.791500 815.133000 1211.694000
17.808110 815.388000 1217.722000
17.824220 802.502000 1218.910000
17.840940 819.621000 1145.144000
17.857180 821.457000 1095.820000
17.873660 828.444000 1153.174000
17.890010 872.406000 1049.928000
17.906740 872.134000 1043.262000
17.922970 916.963000 1054.680000
17.939330 907.409000 1075.140000
17.955810 907.528000 1081.960000
17.972290 881.246000 1117.314000
17.988770 899.521000 1059.014000
18.005250 899.453000 1052.084000
18.021610 915.280000 1140.414000
18.038090 925.667000 1188.726000
18.054440 923.270000 1217.436000
18.070800 916.198000 1170.224000
18.087280 865.079000 1190.948000
18.120000 942.565000 1211.782000
18.136720 929.526000 1108.316000
18.152950 931.974000 1083.962000
18.169310 937.057000 1002.936000
18.185910 941.052000 1009.558000
18.202150 943.602000 978.318000
18.218870 952.085000 1005.114000
18.235230 942.684000 1022.010000
18.251590 937.040000 1077.846000
18.267940 969.816000 1117.666000
18.284300 946.373000 1281.346000
18.300780 942.072000 1328.822000
18.317140 583.168000 1386.660000
18.333860 533.851000 1338.568000
18.350100 528.632000 1299.232000
18.366460 561.731000 1269.246000
18.383060 540.804000 1236.422000
18.399290 539.597000 1230.702000
18.415770 519.775000 1291.752000
18.432250 506.226000 1344.574000
18.448730 509.133000 1367.740000
18.465090 512.652000 1281.764000
18.481450 518.500000 1313.598000
18.497920 520.642000 1323.542000
18.514530 522.206000 1369.764000
18.530760 520.710000 1360.260000
18.547490 519.214000 1350.756000
18.563720 514.709000 1350.844000
18.580080 523.464000 1454.882000
18.596560 522.172000 1449.998000
18.612920 510.204000 1409.166000
18.629390 527.952000 1366.002000
18.645750 529.907000 1381.952000
18.662350 556.053000 1410.530000
18.678710 546.669000 1484.560000
18.695070 547.264000 1482.514000
18.711430 552.874000 1461.152000
18.727910 545.360000 1469.842000
18.744260 538.645000 1423.004000
18.760860 512.703000 1321.188000
18.777220 587.758000 1291.862000
18.793700 585.259000 1267.464000
18.810060 561.034000 1258.642000
18.826540 546.771000 1311.310000
18.843020 544.510000 1290.564000
18.859250 568.514000 1295.118000
18.875980 584.273000 1201.684000
18.892330 584.341000 1214.422000
18.908690 575.382000 1209.054000
18.925050 584.324000 1279.278000
18.941410 589.798000 1332.430000
18.958010 589.203000 1380.962000
18.974370 591.311000 1344.002000
19.007200 592.977000 1346.268000
19.023800 587.435000 1345.168000
19.056520 595.629000 1462.186000
19.072880 610.232000 1475.892000
19.089480 612.034000 1488.432000
19.105830 614.380000 1535.050000
19.122190 598.060000 1517.186000
19.138790 599.063000 1530.804000
19.155150 623.458000 1501.918000
19.171390 610.453000 1506.164000
19.189700 610.725000 1514.106000
19.204470 569.364000 1503.810000
19.220830 578.391000 1484.560000
19.237180 577.796000 1473.978000
19.253540 583.610000 1387.122000
19.270020 608.600000 1395.878000
19.286500 606.526000 1385.494000
19.302980 569.177000 1493.558000
19.319340 571.642000 1480.358000
19.335820 574.294000 1496.374000
19.352170 580.278000 1499.476000
19.368530 602.021000 1518.484000
19.385010 602.123000 1527.724000
19.401370 584.137000 1542.684000
19.418090 585.412000 1589.984000
19.434330 587.792000 1603.558000
19.450930 560.864000 1628.616000
19.467160 567.783000 1622.676000
19.483640 565.029000 1600.852000
19.500240 561.289000 1587.300000
19.516360 558.705000 1575.134000
19.533080 555.730000 1556.236000
19.549440 567.664000 1477.630000
19.566160 565.063000 1471.558000
19.582640 564.808000 1465.244000
19.599120 561.085000 1455.102000
19.615480 560.099000 1460.272000
19.631840 560.218000 1465.332000
19.648070 550.273000 1536.568000
19.664310 611.541000 1478.950000
19.680790 612.731000 1490.324000
19.697020 637.602000 1511.488000
19.713620 608.923000 1461.768000
19.746580 604.367000 1548.030000
19.762940 613.819000 1487.970000
19.795780 612.765000 1493.690000
19.812130 612.408000 1497.122000
19.845210 598.128000 1516.020000
19.861570 624.036000 1479.720000
19.894290 589.118000 1533.334000
19.910890 613.989000 1496.638000
19.927250 611.728000 1475.012000
19.943600 687.259000 1454.200000
19.960210 690.676000 1462.164000
19.976680 689.622000 1440.692000
19.993040 731.085000 1381.424000
20.009520 660.994000 1406.790000
20.025880 661.895000 1412.422000
20.042110 685.780000 1416.184000
20.058720 678.827000 1377.838000
20.075320 679.303000 1394.822000
20.091430 684.505000 1391.500000
20.108030 706.214000 1430.330000
20.124390 706.673000 1442.276000
20.140870 750.652000 1348.556000
20.157470 752.743000 1352.934000
20.173460 752.267000 1358.874000
20.190190 752.097000 1373.394000
20.206540 747.898000 1411.960000
20.223020 748.085000 1434.246000
20.239380 730.456000 1439.240000
20.255980 765.935000 1461.526000
20.288700 741.234000 1451.098000
20.305180 739.687000 1439.834000
20.321410 739.823000 1422.652000
20.338130 611.643000 1512.390000
20.354490 489.855000 1539.582000
20.370850 486.047000 1520.882000
20.387210 513.179000 1412.708000
20.403690 516.086000 1491.666000
20.436400 519.350000 1460.074000
20.452880 525.572000 1517.802000
20.485960 515.083000 1447.754000
20.502320 516.749000 1482.668000
20.518800 514.471000 1466.036000
20.535160 506.583000 1444.432000
20.551390 507.484000 1465.442000
20.568120 506.056000 1460.382000
20.584470 483.293000 1551.022000
20.600950 508.912000 1576.564000
20.617310 512.448000 1591.238000
20.633670 519.384000 1567.588000
20.650150 522.461000 1552.364000
20.666500 522.699000 1556.852000
20.683110 509.762000 1603.734000
20.699460 493.697000 1626.526000
20.715940 495.873000 1636.316000
20.732300 519.299000 1626.108000
20.748780 537.387000 1586.244000
20.781490 526.405000 1727.770000
20.798100 465.494000 1804.858000
20.814330 462.196000 1791.724000
20.830930 442.204000 1763.014000
20.847290 437.376000 1712.194000
20.863650 436.560000 1711.864000
20.880370 441.235000 1778.700000
20.896610 474.759000 1836.780000
20.912960 483.837000 1867.404000
20.929440 486.897000 1882.012000
20.945920 455.770000 1846.438000
20.962160 456.280000 1844.304000
20.978520 494.003000 1858.318000
20.995360 465.018000 1878.404000
21.011470 458.711000 1860.782000
21.028080 496.961000 1819.070000
21.044310 595.374000 1633.874000
21.060790 594.490000 1627.252000
21.077510 610.232000 1593.482000
21.093750 618.137000 1588.752000
21.126590 621.690000 1598.608000
21.142940 606.560000 1604.108000
21.159420 605.302000 1588.268000
21.176030 599.539000 1612.028000
21.192380 570.792000 1564.222000
21.208740 569.551000 1559.778000
21.225220 601.885000 1526.184000
21.241580 512.839000 1546.534000
21.258180 518.449000 1576.168000
21.274410 557.753000 1575.068000
21.290770 580.142000 1554.630000
21.323730 572.322000 1541.848000
21.340210 566.168000 1594.560000
21.356570 564.349000 1579.600000
21.373050 524.416000 1588.092000
21.389400 496.009000 1536.172000
21.405880 496.723000 1545.214000
21.422360 563.584000 1602.480000
21.438480 542.470000 1646.282000
21.455080 542.912000 1644.764000
21.471440 506.243000 1594.208000
21.487920 513.077000 1476.750000
21.504640 509.524000 1456.774000
21.520870 507.824000 1503.040000
21.537230 615.485000 1511.906000
21.570070 615.689000 1485.176000
21.586430 615.604000 1465.772000
21.603030 614.788000 1461.922000
21.619510 613.411000 1505.438000
21.635740 613.020000 1535.358000
21.652340 615.349000 1556.478000
21.668700 628.881000 1582.350000
21.685180 636.055000 1548.404000
21.718020 632.519000 1541.254000
21.734380 587.265000 1647.536000
21.767210 534.123000 1616.098000
21.783690 541.110000 1614.910000
21.816530 530.434000 1562.418000
21.833130 543.388000 1633.280000
21.849370 545.292000 1646.590000
21.865720 561.017000 1702.250000
21.882320 570.231000 1725.856000
21.898680 571.404000 1729.684000
21.915280 568.208000 1710.302000
21.931520 560.048000 1682.428000
21.948120 557.124000 1665.620000
21.964480 591.073000 1603.250000
21.980830 657.560000 1614.734000
22.013670 645.643000 1610.972000
22.032590 658.138000 1615.482000
22.063110 657.781000 1588.488000
22.079470 668.984000 1570.668000
22.112300 682.788000 1572.692000
22.128780 682.805000 1573.836000
22.161620 687.548000 1566.994000
22.178100 694.892000 1549.658000
22.210820 692.869000 1553.618000
22.227170 699.788000 1561.010000
22.246700 700.247000 1570.492000
22.260130 686.239000 1613.854000
22.276730 684.369000 1519.122000
22.309450 631.873000 1678.182000
22.325810 525.912000 1652.596000
22.342160 526.218000 1657.172000
22.360840 571.795000 1627.362000
22.375240 552.670000 1641.222000
22.391600 555.424000 1654.356000
22.407960 566.015000 1723.854000
22.424320 588.693000 1724.206000
22.440800 588.999000 1731.488000
22.457280 573.121000 1728.452000
22.473630 562.598000 1785.168000
22.490230 565.403000 1796.674000
22.506590 550.647000 1743.918000
22.522950 605.812000 1468.038000
22.539430 603.636000 1442.980000
22.555790 610.946000 1083.390000
22.572880 665.244000 982.542000
22.588750 664.054000 953.854000
22.605220 587.605000 976.316000
22.621580 594.099000 1013.870000
22.638060 593.045000 1000.406000
22.654300 610.181000 938.388000
22.670780 620.704000 992.222000
22.687260 619.667000 968.176000
22.703740 638.180000 822.470000
22.720340 638.877000 889.482000
22.736450 638.792000 887.722000
22.752930 629.765000 789.580000
22.769410 612.799000 707.542000
22.785770 614.567000 740.564000
22.802250 657.849000 862.114000
22.818600 671.058000 813.230000
22.835330 670.378000 807.664000
22.851560 673.353000 782.694000
22.867920 654.840000 773.190000
22.884400 654.908000 775.104000
22.902710 651.525000 778.668000
22.917240 677.484000 792.528000
22.933720 678.062000 836.726000
22.950200 677.399000 834.438000
22.966670 641.427000 807.092000
22.982910 643.467000 846.538000
22.999390 640.407000 844.668000
23.018070 679.218000 799.304000
23.032350 678.419000 770.308000
23.048580 646.578000 837.364000
23.065060 658.257000 830.720000
23.097900 649.281000 845.460000
23.114380 662.932000 832.282000
23.147340 629.629000 732.138000
23.163700 605.727000 774.224000
23.180180 604.588000 749.342000
23.196530 632.009000 647.262000
23.213010 633.114000 642.664000
23.230590 631.584000 599.808000
23.245850 627.453000 623.524000
23.262450 627.147000 604.362000
23.278690 627.062000 602.316000
23.295040 613.598000 671.154000
23.311650 594.660000 684.134000
23.328000 594.864000 693.484000
23.346680 607.172000 661.914000
23.360840 596.649000 675.092000
23.377320 597.703000 692.868000
23.393550 593.317000 708.422000
23.410280 593.742000 709.940000
23.442990 612.034000 702.482000
23.459350 615.689000 665.082000
23.476070 614.839000 639.320000
23.492190 617.083000 630.410000
23.508790 631.533000 586.542000
23.525150 630.904000 577.808000
23.541500 641.342000 627.000000
23.559690 655.214000 683.870000
23.574340 656.268000 725.934000
23.590940 642.328000 757.702000
23.607540 659.600000 804.452000
23.623780 660.909000 835.912000
23.640140 617.678000 858.704000
23.656620 631.669000 860.464000
23.672850 630.615000 827.442000
23.689450 622.795000 1009.514000
23.705690 619.514000 801.350000
23.722170 617.066000 763.994000
23.738530 605.523000 776.754000
23.755250 609.365000 860.134000
23.771610 610.351000 876.304000
23.787960 639.710000 799.546000
23.804570 619.735000 863.764000
23.820800 620.517000 869.264000
23.837280 587.282000 914.760000
23.853640 597.023000 845.460000
23.870120 595.986000 838.200000
23.886470 616.063000 799.986000
23.902950 576.555000 810.524000
23.919430 576.691000 812.394000
23.935790 683.281000 850.938000
23.952150 699.448000 873.488000
23.968510 699.244000 847.572000
23.985230 670.463000 795.938000
24.001590 697.901000 796.070000
24.017940 697.102000 762.894000
24.034300 653.922000 765.402000
24.050660 689.231000 742.698000
24.067380 689.537000 791.692000
24.083740 692.274000 804.298000
24.100100 712.062000 867.460000
24.116580 713.150000 881.584000
24.133060 677.059000 829.400000
24.149410 671.228000 755.238000
24.165650 669.834000 741.224000
24.182370 650.777000 922.262000
24.198730 672.027000 1012.308000
24.216190 674.628000 1071.510000
24.231810 651.780000 1062.908000
24.247920 670.412000 1129.546000
24.264280 669.698000 1100.748000
24.280880 649.655000 1042.800000
24.297240 659.039000 1014.222000
24.313720 656.948000 980.672000
24.329960 656.217000 940.544000
24.346440 645.184000 951.544000
24.362920 646.000000 967.098000
24.379390 654.908000 1004.124000
24.395750 658.529000 1044.956000
24.428590 631.924000 1021.152000
24.445070 643.671000 955.152000
24.461550 642.753000 930.754000
24.477780 600.780000 943.646000
24.494260 617.100000 870.144000
24.510860 616.335000 863.126000
24.527220 616.488000 879.978000
24.543700 612.901000 927.058000
24.560060 614.890000 958.320000
24.576420 625.022000 977.922000
24.593140 635.188000 1011.340000
24.625980 626.229000 1025.266000
24.642330 629.034000 951.500000
24.658690 629.119000 958.848000
24.675050 642.362000 970.354000
24.691650 668.338000 953.524000
24.708250 668.950000 960.168000
24.724370 662.133000 1104.004000
24.740840 643.994000 988.592000
24.757200 643.280000 974.930000
24.773560 671.296000 939.092000
24.790040 638.996000 924.638000
24.806400 638.078000 899.866000
24.822880 646.221000 938.762000
24.839360 649.264000 889.328000
24.855710 648.516000 882.530000
24.872310 648.567000 881.738000
24.888670 636.106000 907.280000
24.904910 637.823000 939.048000
24.921630 634.338000 959.420000
24.937990 646.357000 957.154000
24.970700 644.147000 960.498000
24.987300 651.627000 989.164000
25.019900 642.566000 947.870000
25.036620 637.517000 1023.440000
25.052980 638.996000 1040.248000
25.069340 567.936000 1467.796000
25.085820 564.876000 1421.178000
25.102170 563.669000 1415.590000
25.118770 566.134000 1347.434000
25.135010 554.523000 1434.026000
25.151490 555.101000 1442.254000
25.167720 579.156000 1461.460000
25.184450 562.683000 1457.016000
25.200810 561.952000 1443.002000
25.217530 547.196000 1410.904000
25.233640 568.514000 1373.636000
25.250120 560.966000 1308.560000
25.266480 589.067000 1269.598000
25.282840 575.314000 1218.162000
25.299320 572.509000 1190.772000
25.315800 571.506000 1230.394000
25.332150 548.862000 1189.606000
25.348750 553.690000 1245.882000
25.365110 524.059000 1695.012000
25.381470 555.985000 1736.526000
25.397950 567.222000 1793.462000
25.414430 528.003000 1827.364000
25.430790 542.827000 1801.932000
25.447270 541.144000 1794.166000
25.463750 598.910000 1725.966000
25.479980 591.838000 1717.342000
25.496580 589.441000 1701.502000
25.512820 593.164000 1676.796000
25.529420 566.559000 1670.768000
25.545900 565.165000 1662.298000
25.562380 700.842000 1520.398000
25.578740 727.056000 1589.918000
25.611450 709.359000 1511.004000
25.628170 707.540000 1513.688000
25.644410 708.203000 1517.538000
25.661010 707.285000 1610.774000
25.677370 718.913000 1616.164000
25.693850 718.624000 1620.630000
25.710210 666.468000 1591.260000
25.726560 665.805000 1582.856000
25.742800 666.434000 1598.366000
25.759400 694.144000 1694.396000
25.775880 691.560000 1623.644000
25.792110 692.104000 1632.972000
25.808590 768.111000 1584.726000
25.825070 764.116000 1551.924000
25.857910 782.969000 1607.980000
25.874150 775.115000 1604.768000
25.890870 775.761000 1589.456000
25.907100 762.739000 1652.552000
25.923580 760.478000 1500.224000
25.939940 760.427000 1479.852000
25.956300 741.540000 1533.972000
25.972780 771.137000 1472.086000
26.005740 718.862000 1515.580000
26.021970 619.616000 1567.676000
26.054930 614.261000 1626.394000
26.071410 610.164000 1635.722000
26.104370 603.415000 1604.130000
26.120730 613.377000 1573.594000
26.153560 606.713000 1568.358000
26.169920 617.236000 1546.072000
26.203250 621.707000 1547.524000
26.219600 622.285000 1534.676000
26.252440 646.646000 1527.878000
26.268920 634.644000 1626.416000
26.285280 635.358000 1639.836000
26.301640 613.139000 1644.984000
26.317990 636.803000 1699.302000
26.334590 637.806000 1703.372000
26.350830 656.965000 1668.150000
26.367190 604.146000 1628.704000
26.383790 603.058000 1624.656000
26.400150 602.106000 1635.546000
26.416630 609.229000 1621.884000
26.433110 611.490000 1640.276000
26.449460 608.804000 1673.166000
26.465820 597.958000 1666.412000
26.498780 583.219000 1687.444000
26.515140 605.183000 1706.144000
26.531620 605.115000 1701.414000
26.547970 731.187000 1605.670000
26.564450 745.127000 1589.896000
26.580810 744.634000 1559.360000
26.597410 773.330000 1549.548000
26.613770 789.021000 1550.450000
26.646610 753.831000 1597.816000
26.663210 754.834000 1553.750000
26.679570 755.021000 1574.760000
26.696040 754.069000 1547.810000
26.712280 741.574000 1581.690000
26.728760 741.642000 1555.092000
26.745360 703.256000 1500.488000
26.761470 693.804000 1522.796000
26.777710 692.325000 1492.128000
26.794430 695.674000 1464.276000
26.811040 712.827000 1526.492000
26.843750 697.255000 1543.894000
26.860230 707.625000 1550.340000
26.876590 707.710000 1565.718000
26.893190 699.941000 1548.602000
26.909670 712.470000 1545.742000
26.926030 713.320000 1567.104000
26.942260 675.988000 1518.176000
26.958740 685.338000 1570.184000
26.991580 699.108000 1593.702000
27.008180 698.955000 1581.492000
27.024410 699.312000 1575.970000
27.041020 737.936000 1469.050000
27.057250 766.513000 1501.852000
27.073850 765.561000 1502.402000
27.089970 753.899000 1530.914000
27.106450 736.984000 1573.308000
27.122920 738.242000 1591.788000
27.139280 673.421000 1425.754000
27.155640 700.077000 1467.840000
27.173580 699.363000 1462.538000
27.188600 682.499000 1497.980000
27.204960 686.596000 1456.026000
27.221440 687.208000 1467.818000
27.237920 680.034000 1512.258000
27.254390 687.174000 1445.818000
27.270630 686.647000 1435.148000
27.287230 712.793000 1390.598000
27.303590 720.885000 1405.844000
27.319950 721.140000 1415.370000
27.336670 717.077000 1425.930000
27.352910 732.037000 1433.322000
27.369380 731.850000 1450.350000
27.389890 692.529000 1504.866000
27.402340 736.474000 1488.872000
27.418580 736.491000 1489.972000
27.434940 702.627000 1520.948000
27.451420 686.171000 1480.468000
27.484130 719.610000 1455.388000
27.500850 718.845000 1521.278000
27.517090 718.624000 1504.932000
27.533570 656.336000 1525.942000
27.549930 644.198000 1567.940000
27.566410 643.382000 1558.568000
27.582760 622.404000 1611.324000
27.599370 635.001000 1614.514000
27.615840 635.936000 1623.688000
27.632080 634.763000 1614.074000
27.648560 618.273000 1634.754000
27.681400 748.187000 1590.666000
27.698000 871.675000 1446.170000
27.714230 874.361000 1415.392000
27.730830 848.555000 1269.026000
27.747190 839.256000 1170.202000
27.763550 844.696000 1127.236000
27.780030 844.747000 1259.302000
27.796390 828.359000 1144.506000
27.829220 849.150000 1107.480000
27.845830 867.680000 1132.340000
27.862180 863.549000 1162.216000
27.878540 861.560000 1232.682000
27.894900 831.504000 1229.624000
27.911500 830.416000 1257.102000
27.927860 842.775000 1327.326000
27.944340 846.753000 1352.912000
27.977050 784.499000 1348.446000
27.993530 823.276000 1317.778000
28.026490 802.876000 1232.506000
28.042720 820.352000 1277.386000
28.075680 831.810000 1365.804000
28.092040 813.994000 1351.438000
28.124880 835.414000 1350.228000
28.141360 828.818000 1283.788000
28.174190 821.185000 1374.472000
28.190670 791.401000 1379.906000
28.223750 833.833000 1318.394000
28.239870 844.951000 1362.218000
28.272950 854.063000 1280.422000
28.289310 847.654000 1266.122000
28.322140 826.625000 1314.170000
28.338500 823.905000 1306.030000
28.371580 805.273000 1352.164000
28.387820 829.617000 1347.874000
28.420650 840.293000 1294.590000
28.437260 861.203000 1311.618000
28.469850 861.441000 1323.036000
28.486450 848.963000 1306.602000
28.519170 863.481000 1247.730000
28.535770 756.313000 1400.938000
28.568600 724.761000 1306.250000
28.585080 713.694000 1302.312000
28.617800 708.492000 1287.836000
28.634280 696.660000 1356.652000
28.666990 727.889000 1358.082000
28.683590 727.906000 1375.682000
28.716670 737.086000 1250.810000
28.732910 719.083000 1267.002000
28.765750 735.675000 1331.264000
28.782230 724.047000 1407.164000
28.814940 711.025000 1334.564000
28.831300 711.008000 1301.872000
28.847900 710.702000 1307.328000
28.864260 600.865000 1344.156000
28.880620 597.601000 1356.366000
28.897220 600.168000 1380.962000
28.913570 603.585000 1408.506000
28.929930 603.738000 1365.782000
28.946290 602.650000 1354.936000
28.962770 634.542000 1378.652000
28.979130 646.323000 1402.192000
29.011840 612.714000 1417.130000
29.028560 623.526000 1426.634000
29.044680 624.597000 1442.430000
29.061280 625.464000 1366.266000
29.077760 641.461000 1459.986000
29.094120 641.410000 1446.060000
29.110470 650.063000 1361.646000
29.126950 616.131000 1307.372000
29.143430 613.292000 1279.894000
29.159910 560.558000 1316.260000
29.176150 534.837000 1378.762000
29.192630 538.203000 1402.148000
29.209110 590.954000 1399.530000
29.225710 570.163000 1402.236000
29.242070 571.455000 1412.664000
29.258540 571.557000 1432.992000
29.274780 572.016000 1444.476000
29.291260 573.342000 1454.838000
29.307740 545.241000 1444.740000
29.324220 570.248000 1435.456000
29.356930 561.544000 1403.512000
29.373540 572.101000 1422.168000
29.406250 588.897000 1448.876000
29.422730 590.801000 1457.874000
29.455440 586.500000 1403.160000
29.472050 576.793000 1378.344000
29.488400 576.555000 1371.612000
29.504760 596.003000 1389.674000
29.521360 601.358000 1383.272000
29.537840 601.307000 1387.364000
29.554080 601.120000 1390.422000
29.570560 584.358000 1352.406000
29.587040 585.735000 1365.078000
29.603390 590.852000 1416.558000
29.619870 577.728000 1378.542000
29.636230 575.280000 1357.796000
29.652830 580.448000 1398.122000
29.669070 591.821000 1374.956000
29.702030 618.154000 1380.038000
29.718510 608.209000 1367.168000
29.734860 609.280000 1378.190000
29.751340 591.600000 1445.400000
29.767700 573.733000 1424.742000
29.784180 574.039000 1430.528000
29.800660 608.634000 1454.222000
29.817020 541.229000 1459.436000
29.833370 542.793000 1469.754000
29.849980 561.034000 1494.350000
29.866330 564.944000 1506.120000
29.882810 561.391000 1472.130000
29.899780 536.520000 1398.804000
29.915650 511.921000 1326.578000
29.932010 509.439000 1316.700000
29.948610 554.625000 1316.832000
29.964970 561.459000 1350.206000
29.981320 565.658000 1380.214000
29.997800 547.230000 1349.370000
30.014160 538.084000 1457.082000
30.030760 536.843000 1452.418000
30.047240 641.308000 1369.126000
30.063600 649.519000 1405.052000
30.080080 650.352000 1409.980000
30.096310 651.270000 1396.428000
30.112920 659.192000 1437.458000
30.129150 657.747000 1416.536000
30.145750 628.371000 1340.460000
30.162110 642.651000 1279.740000
30.194950 654.007000 1251.602000
30.211430 605.540000 1272.480000
30.227910 605.540000 1272.480000
30.244380 639.370000 1280.730000
30.260620 638.979000 1350.008000
30.277100 639.098000 1343.078000
30.293460 719.559000 1312.322000
30.309940 741.506000 1287.484000
30.326290 740.860000 1299.430000
30.342770 719.202000 1322.728000
30.359380 715.717000 1318.680000
30.375850 716.788000 1355.200000
30.392090 730.575000 1416.206000
30.408450 689.724000 1406.482000
30.441280 725.475000 1464.892000
30.457890 765.527000 1396.186000
30.474240 765.935000 1377.860000
30.490720 711.144000 1332.936000
30.507080 675.495000 1228.172000
30.539920 639.472000 1264.494000
30.556270 636.701000 1284.800000
30.573000 636.123000 1310.320000
30.589110 650.097000 1483.768000
30.605830 692.478000 1467.290000
30.622190 692.325000 1450.526000
30.638550 691.356000 1381.820000
30.655150 693.175000 1361.470000
30.671260 694.552000 1337.666000
30.687990 648.720000 1255.870000
30.704220 695.997000 1431.034000
30.737060 665.397000 1472.614000
30.753420 656.795000 1465.046000
30.786500 736.372000 1352.516000
30.802730 761.413000 1338.568000
30.835690 747.983000 1307.680000
30.852050 734.740000 1292.808000
30.885860 729.997000 1325.170000
30.901250 740.588000 1319.384000
30.934690 728.484000 1356.102000
30.950930 724.421000 1344.420000
30.983890 727.821000 1358.060000
31.000240 743.529000 1391.390000
31.016600 743.648000 1402.280000
31.033200 800.955000 1319.076000
31.049440 817.343000 1288.694000
31.082520 821.440000 1371.524000
31.098750 814.827000 1345.960000
31.131590 696.779000 1215.852000
31.147830 666.519000 1176.494000
31.164180 667.131000 1195.854000
31.180540 663.612000 1284.360000
31.197020 663.357000 1272.964000
31.213750 664.037000 1285.020000
31.229980 672.741000 1301.938000
31.246340 677.076000 1277.496000
31.279170 682.516000 1260.424000
31.295650 680.357000 1248.698000
31.328370 701.029000 1242.978000
31.345090 683.366000 1274.548000
31.361330 682.193000 1247.884000
31.377810 654.585000 1173.546000
31.394170 668.627000 1141.910000
31.410640 667.437000 1107.392000
31.427120 682.686000 1102.552000
31.444580 664.513000 1064.118000
31.460330 665.210000 1079.078000
31.476440 673.404000 1023.044000
31.492920 673.268000 1074.106000
31.509520 674.543000 1102.706000
31.526120 677.348000 1135.508000
31.542360 677.127000 1151.172000
31.558720 676.549000 1138.192000
31.575200 679.218000 1176.274000
31.591670 675.903000 1188.770000
31.608280 674.781000 1153.988000
31.624760 673.200000 1097.646000
31.640990 673.115000 1019.832000
31.657350 671.908000 990.484000
31.673460 688.891000 1020.096000
31.690060 681.122000 936.650000
31.723140 668.219000 985.754000
31.739620 656.115000 978.252000
31.755860 658.002000 1017.346000
31.777220 698.649000 1102.948000
31.788820 664.275000 1119.030000
31.804930 664.836000 1148.158000
31.821410 718.556000 731.500000
31.838010 741.574000 769.714000
31.854250 742.220000 755.150000
31.870610 754.868000 726.638000
31.887210 727.770000 680.922000
31.903440 727.073000 656.744000
31.920040 723.452000 633.996000
31.936400 735.233000 659.296000
31.952760 735.012000 686.576000
31.969360 728.144000 744.150000
31.986690 731.986000 750.816000
32.002320 732.207000 782.914000
32.018550 739.551000 826.892000
32.035030 745.365000 841.698000
32.051510 745.739000 849.002000
32.067870 725.696000 825.616000
32.084350 725.458000 814.506000
32.100710 725.271000 798.732000
32.117190 728.926000 782.254000
32.133790 725.832000 791.560000
32.166380 735.998000 736.494000
32.182860 758.064000 872.014000
32.215700 737.681000 944.768000
32.232060 747.983000 884.092000
32.248540 747.915000 869.132000
32.265010 733.584000 881.628000
32.281490 739.449000 831.534000
32.297850 739.925000 837.298000
32.314940 720.596000 751.388000
32.330690 722.636000 763.906000
32.347050 722.262000 771.782000
32.363400 743.546000 774.400000
32.380130 673.183000 936.936000
32.396360 673.251000 938.762000
32.412960 674.492000 952.710000
32.429320 658.716000 891.000000
32.462040 658.376000 885.742000
32.478520 674.322000 948.244000
32.511230 640.645000 953.700000
32.527830 665.159000 930.446000
32.544310 664.700000 907.148000
32.560670 684.216000 876.392000
32.577030 676.430000 872.080000
32.593630 675.869000 855.888000
32.610110 681.615000 852.016000
32.626460 688.398000 816.794000
32.645260 688.228000 826.012000
32.659300 669.205000 827.728000
32.675660 650.250000 845.152000
32.692020 651.627000 876.238000
32.708740 743.988000 724.614000
32.725100 734.060000 756.734000
32.757930 724.846000 724.460000
32.774170 747.932000 705.056000
32.790650 747.558000 713.812000
32.807250 716.193000 692.296000
32.823490 718.063000 720.588000
32.839970 718.454000 753.808000
32.856450 710.328000 801.900000
32.872920 724.149000 822.206000
32.889280 724.217000 797.236000
32.905760 755.293000 762.740000
32.922000 757.673000 762.498000
32.938720 757.265000 755.348000
32.955080 802.247000 795.960000
32.971440 795.107000 829.246000
32.988160 794.597000 861.278000
33.004390 814.776000 859.474000
33.020510 806.429000 856.922000
33.053590 798.150000 845.548000
33.070070 827.747000 804.738000
33.103030 806.480000 834.350000
33.119140 739.092000 850.938000
33.135740 740.078000 832.172000
33.152100 729.334000 812.570000
33.168460 717.723000 789.316000
33.185060 716.839000 765.798000
33.201660 739.194000 746.988000
33.217900 714.153000 773.520000
33.234380 714.476000 791.384000
33.250610 712.470000 771.210000
33.267090 736.015000 822.294000
33.283450 736.457000 812.328000
33.303220 735.539000 708.730000
33.316650 732.139000 830.060000
33.333130 731.408000 806.806000
33.349610 645.932000 922.526000
33.365840 677.433000 925.870000
33.382450 677.807000 949.828000
33.398800 692.257000 995.346000
33.417850 652.902000 1025.046000
33.431640 653.684000 1031.074000
33.448000 674.662000 1001.066000
33.464480 697.918000 962.610000
33.480830 697.357000 956.406000
33.497440 678.674000 1005.136000
33.513670 712.113000 1013.936000
33.530270 712.725000 1020.514000
33.546510 708.798000 921.866000
33.562870 705.143000 925.870000
33.579220 704.820000 911.394000
33.595830 762.365000 926.376000
33.612300 749.411000 964.128000
33.628540 749.496000 978.692000
33.645020 758.387000 972.972000
33.661620 737.290000 951.962000
33.677980 737.239000 911.284000
33.694210 766.122000 860.816000
33.710570 733.006000 804.606000
33.729980 732.411000 782.056000
33.743410 749.700000 788.062000
33.760010 737.137000 858.000000
33.776250 737.307000 914.122000
33.792850 680.493000 938.652000
33.809200 688.211000 1026.718000
33.825680 688.840000 1032.944000
33.842160 690.387000 1074.502000
33.858760 654.347000 1035.408000
33.874880 653.684000 1021.966000
33.891480 710.940000 924.000000
33.907960 677.824000 923.186000
33.924320 678.181000 945.560000
33.940800 684.029000 939.510000
33.957280 725.611000 1003.310000
33.973630 725.832000 1017.698000
33.990360 720.681000 1057.122000
34.006470 668.185000 1125.982000
34.022710 666.910000 1081.278000
34.039180 698.411000 892.496000
34.055540 671.857000 835.670000
34.072140 670.412000 822.162000
34.088500 647.479000 949.938000
34.104980 668.814000 1011.648000
34.121460 670.123000 1024.738000
34.137820 662.371000 931.018000
34.154300 666.145000 862.290000
34.170650 664.921000 848.518000
34.187260 662.286000 856.306000
34.203610 694.110000 941.534000
34.220090 695.487000 954.536000
34.236450 658.444000 984.500000
34.253050 680.952000 891.374000
34.269290 679.779000 870.364000
34.288450 646.391000 831.952000
34.302120 640.509000 923.670000
34.318600 642.226000 955.922000
34.335210 647.581000 948.156000
34.351440 607.971000 991.804000
34.367800 607.767000 983.114000
34.384160 590.512000 912.758000
34.400630 574.192000 888.844000
34.417240 575.110000 908.534000
34.433350 579.887000 1019.766000
34.450070 576.946000 1020.624000
34.466310 578.323000 1036.200000
34.482670 571.404000 940.786000
34.499150 587.537000 946.440000
34.531860 564.417000 1041.106000
34.548220 575.008000 983.840000
34.564700 576.113000 996.446000
34.581180 575.790000 1043.680000
34.597660 598.944000 1107.766000
34.614140 597.941000 1095.908000
34.630620 574.498000 1069.442000
34.647090 611.167000 1035.892000
34.663450 609.365000 1009.976000
34.679930 642.481000 870.738000
34.696290 608.736000 895.180000
34.713380 607.835000 880.748000
34.729130 632.383000 949.498000
34.745610 635.324000 923.032000
34.762080 635.936000 945.406000
34.778440 627.232000 948.376000
34.794800 644.096000 961.554000
34.811280 645.575000 990.484000
34.827880 631.533000 1006.654000
34.844240 621.401000 1142.042000
34.860600 620.415000 1128.710000
34.877080 710.056000 1457.764000
34.893430 697.459000 1447.556000
34.909910 697.357000 1430.814000
34.926270 691.169000 1393.150000
34.942630 724.880000 1412.906000
34.959350 724.523000 1418.978000
34.975460 694.467000 1405.690000
34.992070 674.441000 1410.200000
35.008420 675.682000 1432.178000
35.024780 727.906000 1473.736000
35.042600 712.113000 1529.638000
35.057740 712.215000 1543.740000
35.074340 687.140000 1533.356000
35.090700 715.785000 1521.212000
35.107180 716.788000 1519.408000
35.123540 737.817000 1571.020000
35.140010 676.141000 1490.918000
35.156250 678.368000 1448.568000
35.172850 719.015000 1451.692000
35.189330 736.814000 1496.286000
35.205690 736.423000 1501.896000
35.222170 767.992000 1602.612000
35.238400 743.512000 1616.120000
35.255000 744.022000 1620.256000
35.271610 696.167000 1542.860000
35.287960 735.403000 1513.402000
35.304690 734.944000 1493.316000
35.320920 721.412000 1612.402000
35.337520 695.623000 1561.714000
35.374630 713.915000 1493.052000
35.386600 696.065000 1523.214000
35.419190 687.038000 1519.144000
35.435550 712.589000 1519.826000
35.452270 712.725000 1534.918000
35.468630 697.510000 1511.620000
35.484740 721.786000 1519.848000
35.501460 722.636000 1534.566000
35.517700 727.175000 1628.088000
35.534300 707.404000 1580.436000
35.550540 706.979000 1570.800000
35.567140 697.918000 1588.994000
35.583500 679.524000 1566.554000
35.599730 678.096000 1550.758000
35.616460 692.155000 1553.574000
35.632690 705.551000 1539.230000
35.649290 705.262000 1523.038000
35.665650 707.132000 1524.952000
35.682130 673.132000 1553.266000
35.698970 673.217000 1559.646000
35.714970 699.125000 1557.512000
35.731450 708.050000 1557.556000
35.747680 709.053000 1573.066000
35.764160 729.300000 1570.250000
35.780760 721.276000 1524.820000
35.797240 720.562000 1520.266000
35.813480 728.025000 1569.128000
35.829830 736.678000 1610.312000
35.846310 736.865000 1619.530000
35.862790 703.460000 1593.614000
35.879270 725.730000 1591.348000
35.912110 727.702000 1588.642000
35.928470 717.876000 1643.972000
35.944950 718.233000 1653.124000
35.961430 739.313000 1660.824000
35.977660 738.072000 1653.542000
35.994140 738.293000 1662.870000
36.010620 739.228000 1650.968000
36.026980 740.146000 1633.962000
36.059810 789.446000 1650.308000
36.076420 797.623000 1631.322000
36.092770 798.541000 1616.472000
36.109130 769.624000 1647.294000
36.125730 798.626000 1560.592000
36.142210 798.303000 1556.170000
36.158570 786.522000 1613.788000
36.174930 756.908000 1604.262000
36.191410 757.877000 1591.986000
36.207640 752.964000 1561.274000
36.224370 766.530000 1524.644000
36.240600 766.547000 1483.768000
36.257200 773.279000 1447.050000
36.273680 618.494000 1366.816000
36.289920 620.296000 1399.464000
36.306270 634.865000 1440.494000
36.322750 675.019000 1518.110000
36.338990 677.603000 1560.570000
36.357670 666.859000 1546.996000
36.372070 654.976000 1533.466000
36.404910 632.825000 1526.558000
36.421260 631.363000 1548.206000
36.437620 630.445000 1532.894000
36.454350 619.157000 1525.370000
36.470830 650.386000 1554.168000
36.486940 648.771000 1535.050000
36.503540 644.249000 1392.402000
36.519780 687.701000 1084.226000
36.552730 700.893000 935.638000
36.569210 667.284000 960.784000
36.585690 667.777000 982.234000
36.602050 661.130000 1046.078000
36.618410 685.882000 1069.618000
36.634770 686.596000 1075.756000
36.651370 680.102000 1043.416000
36.667850 682.567000 1034.066000
36.684330 681.615000 1006.742000
36.700680 692.682000 1009.316000
36.717160 694.722000 981.288000
36.733520 694.552000 988.900000
36.750120 650.080000 994.510000
36.766360 665.091000 996.600000
36.782960 665.771000 1002.518000
36.799930 691.832000 916.058000
36.815800 671.398000 999.284000
36.832150 670.701000 993.212000
36.848510 707.030000 936.100000
36.865110 669.035000 998.228000
36.881350 670.888000 1022.340000
36.897950 644.079000 1056.814000
36.914310 666.230000 1021.328000
36.930540 666.077000 1018.116000
36.946900 671.619000 1001.418000
36.963500 664.921000 967.164000
36.979980 663.697000 949.366000
36.996340 665.754000 893.904000
37.012820 636.021000 877.558000
37.029170 636.191000 881.100000
37.045650 679.558000 730.994000
37.062010 695.232000 805.728000
37.078610 695.402000 829.730000
37.094850 679.456000 857.010000
37.111450 675.937000 808.522000
37.127930 676.039000 799.480000
37.144290 687.497000 827.134000
37.160640 671.602000 741.554000
37.177120 670.599000 709.874000
37.193480 674.322000 705.606000
37.209960 660.110000 712.096000
37.226320 660.705000 718.102000
37.242680 713.218000 731.720000
37.259280 691.322000 794.662000
37.275880 691.033000 802.428000
37.291990 738.939000 783.090000
37.308590 741.829000 783.992000
37.325070 741.540000 810.634000
37.342290 731.289000 827.420000
37.357790 736.100000 850.982000
37.374390 736.457000 842.182000
37.390630 705.823000 834.570000
37.406980 724.642000 808.148000
37.423460 724.285000 777.084000
37.439820 716.499000 792.726000
37.456540 737.834000 673.112000
37.489260 753.559000 739.860000
37.505620 755.548000 682.946000
37.538570 768.196000 738.980000
37.554930 743.869000 762.322000
37.571410 743.427000 786.522000
37.587890 730.371000 854.590000
37.604130 750.686000 888.250000
37.620610 750.720000 919.006000
37.637080 741.574000 867.680000
37.653440 750.737000 828.454000
37.669920 751.128000 819.258000
37.686650 673.421000 1151.216000
37.702880 629.935000 1472.944000
37.719360 628.983000 1462.648000
37.735600 642.175000 1514.282000
37.751950 640.645000 1443.090000
37.768430 640.560000 1448.744000
37.784910 622.693000 1492.942000
37.801390 602.650000 1506.076000
37.817870 604.690000 1519.738000
37.834350 628.167000 1500.048000
37.850590 630.564000 1516.328000
37.867070 629.612000 1506.120000
37.883540 619.888000 1533.576000
37.899900 642.005000 1495.208000
37.916380 641.240000 1486.166000
37.932740 631.023000 1371.370000
37.949100 656.863000 1295.690000
37.965580 657.424000 1318.438000
37.982060 660.110000 1366.530000
37.998540 697.748000 1383.514000
38.014890 698.513000 1381.490000
38.031490 682.788000 1400.190000
38.047850 696.541000 1305.326000
38.064090 694.824000 1260.886000
38.080690 671.313000 1325.456000
38.097050 648.822000 1140.502000
38.129880 637.364000 1096.238000
38.146240 645.337000 1174.866000
38.162840 645.966000 1193.786000
38.179200 614.924000 1218.008000
38.195560 652.817000 1207.470000
38.212040 653.531000 1213.190000
38.228520 672.758000 1163.580000
38.244870 678.249000 1137.246000
38.261470 676.651000 1089.044000
38.277830 672.622000 1044.494000
38.294070 637.959000 1052.920000
38.310550 637.823000 1059.234000
38.327030 654.364000 877.250000
38.343750 642.685000 972.026000
38.359990 643.603000 978.956000
38.376220 667.267000 883.542000
38.392700 654.194000 850.366000
38.409060 652.902000 820.204000
38.425540 629.527000 837.650000
38.441890 622.455000 838.838000
38.458620 623.356000 855.008000
38.474980 584.154000 850.916000
38.491210 592.841000 850.718000
38.507690 594.286000 881.804000
38.524050 613.938000 1018.556000
38.540530 597.890000 1108.514000
38.556880 601.069000 1142.130000
38.573360 553.163000 1131.724000
38.589840 547.638000 1095.204000
38.606320 544.765000 1069.046000
38.622680 548.845000 1055.032000
38.638920 594.694000 1062.842000
38.655520 595.629000 1074.392000
38.672000 541.722000 1040.028000
38.688480 539.427000 1070.036000
38.704590 541.280000 1090.826000
38.721070 566.236000 1140.502000
38.737670 563.822000 1137.466000
38.754030 565.335000 1156.672000
38.770510 577.524000 1136.586000
38.786990 576.453000 1155.418000
38.803340 577.405000 1160.962000
38.819820 595.374000 1199.616000
38.836180 617.950000 1105.830000
38.852660 615.094000 1060.312000
38.869020 605.931000 966.878000
38.885500 622.115000 911.482000
38.901980 620.449000 882.662000
38.918330 591.702000 925.056000
38.934810 589.951000 990.704000
38.967650 589.815000 961.620000
38.984010 604.214000 973.984000
39.016970 627.878000 987.096000
39.033450 681.326000 930.094000
39.049800 681.802000 944.394000
39.066280 673.965000 988.504000
39.082640 662.558000 1002.078000
39.099000 662.507000 1009.558000
39.115600 705.109000 955.438000
39.131960 679.320000 968.946000
39.148440 679.983000 975.458000
39.164670 655.282000 1016.840000
39.181270 669.409000 1014.244000
39.214110 692.716000 1032.526000
39.230470 688.959000 1026.388000
39.246830 688.857000 1033.956000
39.263310 566.899000 1340.064000
39.279790 469.591000 1675.828000
39.296260 473.705000 1691.976000
39.312620 508.130000 1795.024000
39.328980 478.295000 1835.240000
39.345580 475.524000 1823.624000
39.361940 499.528000 1755.270000
39.378420 491.300000 1742.994000
39.394780 488.053000 1732.324000
39.411130 453.271000 1754.258000
39.427730 434.418000 1747.724000
39.444090 439.280000 1763.542000
39.460570 487.611000 1817.970000
39.476930 479.213000 1812.096000
39.493410 478.771000 1808.202000
39.509770 504.560000 1911.888000
39.526120 500.242000 1904.936000
39.542600 498.253000 1898.204000
39.559080 602.565000 1819.334000
39.575560 607.648000 1896.488000
39.591920 606.441000 1889.470000
39.608400 574.753000 1823.690000
39.624760 572.067000 1866.106000
39.641110 570.622000 1859.088000
39.657590 595.034000 1805.892000
39.674070 591.617000 1841.796000
39.706910 590.274000 1861.684000
39.723390 610.674000 1839.354000
39.756100 604.384000 1803.186000
39.772710 581.128000 1824.240000
39.789060 582.743000 1835.306000
39.805540 571.336000 1775.884000
39.821900 557.107000 1885.312000
39.838380 560.235000 1899.414000
39.854860 551.395000 1937.892000
39.871220 591.855000 1940.004000
39.887570 588.370000 1917.542000
39.904050 576.147000 1924.186000
39.920410 558.552000 1872.772000
39.936890 552.415000 1844.414000
39.953250 558.586000 1641.266000
39.970460 553.248000 1795.860000
40.002560 557.685000 1770.076000
40.019040 543.711000 1844.436000
40.035520 545.768000 1856.118000
40.051880 539.988000 1702.404000
40.068480 554.693000 1779.162000
40.084960 559.572000 1803.494000
40.101200 565.284000 1847.846000
40.117680 534.004000 1777.160000
40.134030 531.675000 1763.630000
40.150510 578.136000 1851.344000
40.166870 544.442000 1840.740000
40.183230 544.068000 1839.068000
40.199710 542.963000 1829.498000
40.216060 581.128000 1832.688000
40.232670 582.794000 1845.536000
40.249020 656.013000 1870.088000
40.265380 743.784000 1967.086000
40.281980 743.444000 1972.278000
40.298460 757.843000 1918.004000
40.314820 783.360000 1951.840000
40.331300 783.156000 1965.524000
40.347900 747.643000 1951.488000
40.364140 766.054000 1917.586000
40.397090 757.146000 1898.336000
40.413570 724.489000 1909.248000
40.446530 738.803000 1924.406000
40.462890 738.446000 1941.170000
40.479370 738.803000 1930.280000
40.495970 715.564000 1883.816000
40.512330 729.997000 2093.784000
40.528690 729.691000 2088.372000
40.856930 664.972000 1704.164000
40.873540 666.519000 1721.412000
40.890010 681.785000 936.320000
40.906370 684.675000 967.450000
40.922730 684.284000 935.924000
40.939090 659.634000 858.352000
40.955570 638.401000 903.232000
40.972050 636.089000 867.768000
40.988400 667.046000 737.198000
41.004760 651.763000 791.032000
41.021240 653.208000 831.468000
41.037720 648.941000 899.140000
41.054200 669.171000 894.476000
41.070560 669.375000 874.544000
41.087040 655.163000 766.766000
41.103520 656.863000 805.904000
41.120000 654.976000 769.362000
41.136230 645.184000 719.312000
41.152710 655.129000 821.062000
41.169070 657.339000 877.140000
41.185790 694.042000 781.374000
41.202030 695.232000 821.986000
