0.000000 39.693022 22.604725
0.016270 67.106491 37.768678
0.032850 70.623810 38.521249
0.065630 47.330657 24.834640
0.082110 16.163785 9.007447
0.098480 -7.407109 -1.327389
0.114990 -19.790150 -6.905927
0.131180 -22.661929 -9.441528
0.147740 -18.753776 -8.743434
0.164110 -11.735958 -5.590069
0.180420 -5.795597 -2.615804
0.196950 -2.194265 -1.251312
0.213360 -0.283061 -1.431357
0.229860 0.494192 -2.384637
0.246250 0.797773 -2.900391
0.262560 1.356815 -2.315443
0.278950 2.226278 -1.267955
0.295580 2.611712 -1.172391
0.311920 2.218786 -2.167425
0.328370 1.530684 -2.870633
0.344830 0.790419 -2.171505
0.361240 0.029398 0.320853
0.377700 -0.370198 2.497832
0.394090 0.290897 -0.183031
0.410610 2.020076 -8.592014
0.427190 3.714063 -17.467229
0.443330 4.222785 -20.278134
0.459820 3.428085 -16.058690
0.476240 2.120056 -9.438401
0.492750 0.960516 -3.987479
0.509000 0.196083 -0.624155
0.525540 0.029929 0.882118
0.541950 0.474239 1.608563
0.558400 1.035735 2.492743
0.574870 0.808230 3.184187
0.607740 -0.885765 2.189641
0.624110 -3.642840 -0.674427
0.640580 -6.218366 -3.266922
0.656980 -7.348272 -3.600147
0.673190 -6.531614 -1.751712
0.689990 -4.358498 0.667063
0.706240 -2.022863 2.140653
0.722730 -0.380686 2.277629
0.740190 0.744965 1.758353
0.755600 1.726105 1.842757
0.771930 2.093052 2.460959
0.788470 1.077397 1.663295
0.804960 -0.207723 -1.320421
0.821330 0.581630 -4.323927
0.887150 3.478411 -4.789672
0.903470 6.131001 -3.020355
0.919750 6.434303 -1.283822
0.936280 4.956386 -0.557709
0.952730 3.935466 0.037517
1.067750 4.123776 0.843587
1.084110 4.713805 0.538351
1.166320 4.598660 -0.657096
1.182690 4.048160 0.676229
1.544250 3.856852 5.323556
1.560750 2.771056 8.043696
1.593490 -0.586283 4.279984
1.609880 -5.545224 -3.310123
1.724980 -9.357748 -7.858258
1.839830 -9.365483 -6.901106
1.938460 -5.897848 -3.700551
1.954940 -1.312411 -1.254225
1.987720 1.857364 -0.324058
2.004140 3.362716 -0.372255
2.119260 4.682488 -0.383220
2.250610 4.857229 0.023737
2.300000 1.776980 0.614593
2.316380 -4.330277 1.191835
2.332860 -10.020629 1.994395
2.349240 -11.791151 3.092521
2.365490 -9.698124 3.698214
2.382660 -6.063479 3.145348
2.398360 -3.033836 1.705281
2.414860 -1.317395 0.096074
2.431230 -0.771905 -0.903167
2.447720 -0.924992 -0.879634
2.464000 -0.979665 -0.055051
2.480480 -0.796361 0.778152
2.496930 -0.598473 1.299210
2.513340 -0.323194 2.172974
2.529850 -0.087033 3.520197
2.546110 0.148981 4.394766
2.562760 1.107629 3.679102
2.579210 3.277341 1.215093
2.595630 5.615127 -1.907471
2.612090 5.942956 -4.350725
2.628520 3.701665 -5.447457
2.644870 0.738840 -5.071688
2.661410 -1.073197 -3.174087
2.677900 -1.105133 -0.351717
2.694140 0.084944 1.971976
2.712200 1.083513 2.781142
2.727050 0.612872 2.515279
2.743500 -0.978767 2.065342
2.760150 -1.525343 1.230437
2.776260 0.624794 -0.557616
2.792590 4.186586 -2.812438
2.809300 6.079745 -4.092416
2.828200 5.331145 -3.339186
2.842160 3.525998 -1.005057
2.858520 1.965264 1.330953
2.875030 0.825533 2.289952
2.891360 -0.027693 1.793532
2.907910 -0.438751 0.930977
2.924120 -0.101059 0.617183
2.941830 0.741328 0.926469
2.957120 1.275340 1.338741
2.973400 0.903933 1.304613
2.989990 -0.087790 0.516112
3.006380 -0.901987 -1.207023
3.022890 -1.335311 -3.501491
3.041580 -1.550011 -4.796703
3.055680 -1.290090 -2.836013
3.088520 -0.334878 2.003800
3.104900 0.873584 5.621527
3.121380 1.314044 4.604741
3.137630 0.605278 0.187440
3.155320 -0.498670 -3.233950
3.170520 -1.393692 -3.475863
3.187150 -1.781778 -2.099404
3.203510 -0.470523 -1.042919
3.220000 3.777014 -0.373697
3.236390 9.506530 0.664537
3.252620 12.602824 2.051336
3.269240 10.664598 3.101861
3.285640 5.728257 2.880460
3.318450 1.236383 0.829323
3.334880 -1.264930 -2.535443
3.370880 -2.066086 -5.464622
3.417110 -1.732798 -6.063906
3.433500 -0.857625 -4.192885
3.449870 -0.291223 -1.186913
3.466430 -0.025087 1.532430
3.484570 0.619609 2.748758
3.499150 2.072581 2.112200
3.515640 3.900516 0.621660
3.532320 5.248912 -0.506528
3.548780 5.676733 -0.989764
3.565200 4.691297 -1.243702
3.581570 2.403882 -1.085356
3.599500 -0.014264 0.141436
3.614270 -1.324866 2.116906
3.630690 -1.203114 3.586929
3.646940 -0.422054 3.684336
3.663380 0.118783 2.849067
3.679840 0.176937 2.130877
3.696320 0.224315 2.050298
3.712630 0.727839 2.266990
3.729230 1.737320 2.186534
3.745640 3.028466 1.646477
3.761990 3.895883 0.675351
3.778520 3.684279 -0.528813
3.794850 2.326913 -1.544658
3.811810 0.509208 -1.985998
3.827760 -0.909761 -1.882863
3.844130 -2.322441 -1.740904
3.860490 -4.536174 -1.785309
3.877010 -7.156940 -2.016243
3.893390 -8.629001 -2.466799
3.909880 -7.504971 -2.617599
3.926220 -4.271905 -2.119404
3.942780 -1.019344 -1.469917
3.959150 0.674607 -1.323072
3.975450 0.800631 -1.687256
4.008290 0.278723 -1.551530
4.057710 0.210157 -0.038867
4.074250 -0.050413 2.359953
4.090610 -3.506335 4.091339
4.107010 -10.757952 3.951177
4.123500 -17.823481 2.292753
4.139970 -19.520340 0.426425
4.156400 -14.645614 -0.681730
4.172640 -7.352121 -0.695813
4.205630 -1.988402 0.179128
4.222020 -0.044715 1.262116
4.238370 -0.286450 1.883372
4.254850 -0.128131 1.979179
4.271380 1.380672 1.778859
4.287610 3.158493 1.126979
4.304090 3.910076 -0.122437
4.320620 3.063797 -1.580216
4.336990 0.771387 -2.296027
4.353440 -1.866075 -1.463059
4.370040 -3.390290 0.616645
4.386250 -3.416236 2.722583
4.402600 -2.848396 3.602902
4.419280 -2.542902 2.962759
4.435500 -2.099727 1.568598
4.452120 -0.864267 0.324472
4.468340 0.625501 -0.560945
4.484970 1.381338 -1.631858
4.501220 1.537634 -3.043610
4.517930 1.605070 -4.142992
4.534440 1.434699 -4.112918
4.550830 1.104683 -2.574585
4.567440 1.203295 -0.029383
4.586500 2.097487 2.226676
4.600050 3.093143 2.603318
4.616380 3.272195 0.956402
4.632570 2.578703 -0.571586
4.649140 1.346019 -0.018183
4.665510 0.231828 1.753276
4.698530 -0.242446 2.079635
4.714900 -0.298173 0.106199
4.731460 -0.212471 -2.068586
4.747740 0.296621 -2.183885
4.764110 1.682464 -0.660327
4.780610 3.874341 0.247530
4.796950 5.834170 -0.578365
4.813490 6.562125 -2.190231
4.829850 6.150867 -3.050970
4.846390 5.262168 -2.688126
4.862820 4.410422 -1.594373
4.879300 3.336918 -0.405440
4.895650 1.698475 0.109120
4.912080 -0.020783 -0.300993
4.928360 -1.114986 -0.867913
4.961200 -1.299523 -0.568273
4.977750 -1.028746 0.621884
4.994110 -1.224834 1.379890
5.010590 -1.548951 0.924480
5.027220 -0.189439 0.160707
5.043330 3.105903 0.560171
5.059860 6.216362 2.354179
5.076370 6.988531 3.949135
5.092620 5.411932 3.763408
5.109240 2.860215 1.770965
5.125460 -0.371231 -0.709465
5.141950 -3.984465 -2.173705
5.158360 -6.456700 -1.975570
5.174730 -6.433844 -0.292945
5.191380 -4.232389 1.981977
5.207610 -1.631827 3.455140
5.224260 0.080754 3.201529
5.240600 0.834240 1.465990
5.257020 0.866177 -0.593602
5.289690 0.187100 -1.722481
5.306210 -0.689376 -1.609853
5.339080 -1.157670 -1.007983
5.355620 -1.671426 -0.631850
5.388370 -2.732315 -0.497515
5.404720 -3.832453 -0.060706
5.421250 -3.944990 0.708134
5.437760 -2.960311 1.001564
5.454100 -1.911156 0.670101
5.470670 -1.145377 0.249788
5.487120 0.035504 -0.229087
5.503390 1.526193 -1.130631
5.519870 2.289199 -2.326490
5.536250 2.750669 -2.664148
5.552630 4.858902 -1.063965
5.585530 8.656658 1.857774
5.602010 10.948667 3.981256
5.634700 9.262561 3.451981
5.651260 5.256547 0.615877
5.684230 1.985623 -2.175957
5.700490 0.381385 -3.233087
5.717120 -0.481449 -2.889175
5.733380 -1.675443 -1.947125
5.749730 -3.367978 -0.708474
5.766330 -4.747624 0.191084
5.782610 -4.742803 0.186552
5.799090 -3.235277 -0.259275
5.832000 -0.954354 -0.599741
5.848370 1.106961 -0.848370
5.864870 2.015267 -1.105143
5.881200 1.699803 -1.281536
5.897570 0.820488 -1.238588
5.914180 0.150741 -0.946070
5.930620 -0.008192 -0.120895
5.946980 0.089513 1.216871
5.963350 0.198339 2.052458
5.979710 0.197047 1.947042
5.996230 0.136458 1.850079
6.029130 0.206326 2.482239
6.045520 0.321366 3.018818
6.061890 0.320706 2.195933
6.078370 0.347148 0.995743
6.094770 0.667314 1.332917
6.111210 1.483322 2.663104
6.127720 2.588132 2.584233
6.144290 3.291848 0.351270
6.160510 2.965242 -1.808304
6.177000 1.797884 -2.046727
6.193510 0.453633 -1.299320
6.211850 -0.595924 -1.542191
6.226200 -1.078737 -2.977136
6.242720 -1.051996 -3.757075
6.275590 -0.437300 -2.447203
6.291990 0.495150 0.293653
6.308380 1.402628 2.410695
6.324720 2.909739 2.516830
6.341420 5.122475 1.226537
6.374250 6.756103 0.013900
6.390530 6.360021 -0.531587
6.423550 4.211091 -0.789399
6.439710 2.187918 -0.866325
6.456360 1.122387 -0.064511
6.472730 0.367848 1.496846
6.489270 -0.347543 2.223681
6.505510 -0.512176 1.166388
6.521930 0.322428 -0.533649
6.538330 1.550350 -1.569384
6.554820 1.506252 -2.189397
6.620620 -0.592962 -3.019314
6.636990 -3.403477 -3.394379
6.653320 -4.696355 -2.215900
6.669860 -3.576867 -0.372652
6.686370 -1.399314 0.358229
6.702640 0.041232 -0.220278
6.719130 0.906947 -1.343763
6.735610 0.281475 -0.588904
6.768390 -5.890429 4.488355
6.817580 -16.721622 11.828702
6.834090 -22.883990 17.059607
6.866900 -16.712041 16.999391
6.883320 -2.730609 12.687150
6.899890 7.524205 7.550449
6.916210 9.947229 2.613808
6.932750 8.085023 -0.994961
6.949130 4.812321 -1.828930
6.965480 0.827301 -0.334801
6.984100 -3.982611 0.648232
6.998370 -9.392342 -2.237280
7.014710 -14.016286 -7.913223
7.031370 -15.708622 -11.709223
7.047740 -13.139156 -11.465290
7.064130 -7.828305 -8.973213
7.080490 -3.048886 -6.244453
7.113390 -0.592131 -3.397438
7.129850 -0.058846 -0.525513
7.146260 -0.148351 1.185712
7.162600 -0.043502 1.329026
7.179140 0.277562 1.022850
7.195450 0.842219 1.433419
7.211850 1.812748 2.587241
7.228650 2.808803 3.654979
7.244800 2.978289 4.060212
7.261370 2.192575 3.801505
7.277630 1.660498 2.972430
7.311450 2.538469 1.591128
7.326970 4.174039 -0.342851
7.343460 5.026679 -2.737143
7.359710 4.817478 -5.170143
7.376360 4.059540 -6.874660
7.392610 2.777240 -6.963763
7.409270 0.892309 -5.246269
7.425480 -1.008756 -2.876516
7.458530 -1.962510 -1.433363
7.474700 -1.889481 -1.092261
7.507750 -1.547409 -0.448844
7.524080 -0.867075 1.035982
7.540450 1.190560 1.790850
7.556990 4.429682 0.334644
7.573360 6.835000 -2.340197
7.589710 6.654060 -3.809347
7.606230 4.339288 -3.210295
7.622680 1.917192 -1.591420
7.638950 0.603853 0.027956
7.655460 0.412667 1.553715
7.671830 0.876112 3.002545
7.688340 1.272743 3.796729
7.704570 1.130181 3.564505
7.721050 0.640941 2.716309
7.753980 0.322472 1.666711
7.770290 0.247313 0.478565
7.786870 0.396564 -0.671666
7.803360 1.385882 -1.464594
7.819670 3.481295 -1.741715
7.836210 5.680436 -1.622343
7.852570 6.475823 -1.187388
7.869110 5.555324 -0.300060
7.885330 3.769196 1.006291
7.901920 1.441684 2.390872
7.918520 -0.929582 2.825433
7.934940 -2.210854 1.323181
7.951420 -2.335870 -0.816722
7.970410 -1.994484 -1.446835
7.984190 -1.335728 -0.360999
8.000660 -0.093746 1.053990
8.017040 1.497994 1.603824
8.049870 2.353078 1.653072
8.066410 2.007657 1.464808
8.082750 1.474835 0.865609
8.099120 2.223591 0.705020
8.115830 4.460632 1.314230
8.132000 6.296818 1.672932
8.148500 5.798949 0.594800
8.164890 3.620373 -1.783972
8.197830 1.959244 -3.930132
8.214290 1.538582 -4.658825
8.230510 1.382473 -3.710473
8.247040 0.780569 -1.457218
8.263400 -0.068713 1.149341
8.279770 -0.851669 3.133305
8.299330 -1.425555 4.036620
8.312790 -1.495286 3.689860
8.329130 -0.777808 1.946064
8.345780 0.271083 -0.771280
8.362030 1.000608 -3.191467
8.378390 0.636571 -3.619353
8.394900 -1.681579 -1.020783
8.411380 -6.259480 3.617803
8.427720 -13.177903 7.888870
8.444320 -20.407140 9.864759
8.460800 -24.119987 9.051569
8.477290 -21.796262 6.096875
8.493840 -14.416922 2.247466
8.509990 -6.372614 -0.758485
8.526430 -1.098400 -1.703479
8.542740 1.099565 -1.101393
8.559130 1.422002 -0.160052
8.575500 1.189798 0.502875
8.591860 1.199948 0.705449
8.608370 1.489909 0.180615
8.625200 1.633359 -1.189918
8.641400 1.283291 -2.301539
8.657610 0.630008 -1.715313
8.690510 0.134426 0.388848
8.706990 -0.353873 2.192272
8.739870 -1.060160 2.231404
8.756210 -1.704502 0.918328
8.772610 -1.875586 -0.578528
8.788970 -1.369365 -1.501042
8.805500 -0.569622 -1.478086
8.821870 -0.042302 -0.312339
8.838350 0.108974 1.861480
8.854870 -0.042380 3.495625
8.871250 -0.685885 2.327751
8.887600 -1.987424 -1.717668
8.904130 -3.569662 -5.930903
8.920550 -4.545912 -7.398609
8.936980 -4.294253 -5.912637
8.953340 -3.038293 -3.119370
8.969890 -1.405606 0.111778
8.986390 -0.083595 3.109522
9.002780 0.592593 4.758076
9.019130 0.827294 4.066456
9.035510 0.510852 0.863329
9.051900 -0.397703 -3.419943
9.068530 -1.070564 -6.031452
9.084690 -1.087074 -5.573380
9.101120 0.262078 -0.499453
9.117950 4.320642 12.066552
9.134430 9.405290 26.194778
9.363980 11.117680 27.950730
9.380450 6.908751 11.966382
9.397020 -0.178921 -10.117178
9.413350 -4.649175 -21.950885
9.429720 -5.161396 -20.833057
9.446230 -3.583989 -13.992243
9.462600 -1.754731 -6.725178
9.478970 -0.499752 -1.578097
9.495760 0.314510 0.728740
9.511980 0.877877 1.292419
9.528320 1.040742 1.209535
9.544690 0.773138 0.743460
9.561130 0.523904 0.336302
9.577610 0.475229 0.953740
9.593980 0.657952 2.784392
9.610470 1.740274 4.480126
9.626860 4.081315 4.300718
9.643360 6.612673 1.995090
9.659740 7.433502 -0.825418
9.676100 5.769830 -2.428177
9.692610 2.737973 -2.324723
9.708940 -0.146173 -1.156422
9.725600 -1.755173 0.256835
9.741820 -1.683915 1.202962
9.758350 -0.747594 0.885780
9.774730 -0.366557 -0.933849
9.791120 -1.076237 -3.327546
9.807600 -1.856055 -4.589725
9.823970 -1.459383 -3.397264
9.840470 0.087997 -0.194341
9.856860 1.666679 2.846423
9.873490 2.400978 3.743731
9.889740 2.084735 2.476373
9.906110 0.900976 0.907415
9.922610 -0.370156 0.513106
9.938960 -0.916177 0.787037
9.955610 -0.686203 0.151385
9.971880 -0.239931 -2.170320
9.988400 -0.029526 -4.959255
10.005070 -0.180471 -5.910611
10.021390 -0.949810 -3.925519
10.037890 -2.158490 -0.287908
10.056500 -2.975996 2.487377
10.070600 -3.119902 2.923883
10.086900 -2.932833 1.785577
10.119780 -2.356124 1.073623
10.136230 -1.044876 1.867685
10.152710 0.490939 3.380751
10.169160 1.004874 4.120017
10.185500 0.363302 3.388621
10.202210 -0.252183 1.416858
10.218520 -0.314174 -1.062898
10.234730 -0.320101 -3.377043
10.251270 -0.510838 -4.981470
10.267730 -0.653975 -5.258516
10.284260 -0.645571 -3.916622
10.316890 -0.257926 -1.158393
10.333720 0.603578 2.034756
10.349840 1.296150 4.409583
10.366210 1.012061 5.387135
10.382800 0.137918 4.726531
10.399110 0.352053 2.384075
10.415850 2.037236 -0.861083
10.431880 3.666969 -3.325614
10.448530 3.888841 -3.433307
10.464800 2.645853 -1.231160
10.481220 1.057115 1.656718
10.497860 0.237558 3.585071
10.514160 0.392208 3.848281
10.530500 0.925220 2.718323
10.547030 1.036611 0.819716
10.563260 0.457953 -1.354881
10.579770 -0.390279 -3.247386
10.596100 -0.938540 -4.110348
10.612720 -1.067820 -3.609405
10.629210 -0.830151 -2.471422
10.645580 0.159867 -1.674580
10.661990 2.081932 -0.933587
10.678220 4.134395 0.628187
10.694840 5.040371 2.776205
10.711240 4.340953 4.382166
10.727710 2.794400 4.493545
10.744020 1.350825 3.079743
10.760510 0.554128 1.190385
10.777040 0.442289 0.172003
10.793330 0.548389 0.691000
10.809830 0.634176 1.930093
10.826370 0.323918 2.478012
10.842800 -1.703308 1.927980
10.859150 -5.910127 0.475640
10.875690 -10.069041 -1.244826
10.892180 -10.927573 -2.205226
10.908570 -8.087648 -1.875545
10.929660 -4.205670 -0.692310
10.941240 -1.260417 0.200325
10.957640 0.658830 0.204023
10.974110 1.765643 -0.377230
10.990630 1.737492 -1.106012
11.006850 0.623202 -1.830608
11.023360 -0.751663 -2.429871
11.039860 -1.475252 -2.271124
11.056230 -1.005230 -0.690494
11.072630 0.269264 1.854700
11.088960 1.148929 3.873674
11.105650 0.862547 4.437845
11.121870 -0.232867 3.660894
11.139830 -1.228912 2.055672
11.154800 -1.609412 0.452256
11.171280 -1.534824 -0.304970
11.187650 -1.421221 -0.042628
11.204030 -1.551124 0.368893
11.220460 -1.779583 0.336230
11.236850 -1.378467 0.432698
11.253360 0.152962 0.859540
11.269880 2.063182 1.065382
11.286240 2.845750 0.845352
11.302720 1.856327 0.714497
11.319030 -0.043430 0.590507
11.335480 -1.550074 -0.765867
11.351840 -2.168494 -3.405655
11.368390 -2.150703 -5.496349
11.384860 -1.703424 -5.283335
11.401260 -0.874737 -2.807573
11.417620 -0.051025 0.053612
11.434050 0.163319 1.630102
11.450810 -0.309078 1.853665
11.467970 -0.847589 1.498380
11.483550 -0.772929 1.043739
11.499880 -0.195142 0.463938
11.516250 0.303397 -0.027297
11.532750 0.590888 0.066983
11.549040 0.675050 0.373679
11.565800 0.810722 0.037704
11.581990 1.751818 -0.860328
11.598390 3.466560 -1.472321
11.614670 4.791492 -1.415135
11.631260 4.561876 -1.054797
11.647660 2.891009 -0.561042
11.664080 1.067417 0.171122
11.680600 0.075031 0.908767
11.696960 -0.154164 1.222816
11.713360 -0.401807 0.895126
11.746120 -0.906582 0.024589
11.762630 -0.956847 -0.950917
11.779130 0.035031 -1.048424
11.797970 1.426338 0.627688
11.812230 2.135819 3.080593
11.828380 2.050628 3.831675
11.844730 1.476359 1.958018
11.861450 0.589265 -1.132121
11.877750 -0.511674 -3.492066
11.894150 -1.600114 -4.358876
11.910610 -2.439217 -4.168302
11.927020 -3.214367 -3.414410
11.943330 -3.997742 -2.498948
11.959900 -4.319185 -1.211425
11.976150 -3.614932 1.055134
11.992580 -2.038451 3.685060
12.009080 -0.442035 5.229263
12.025680 0.586329 4.942859
12.042010 0.965865 3.423302
12.058380 0.810657 1.939243
12.075060 0.294098 1.175085
12.091400 -0.301963 0.987482
12.107940 -0.758586 0.897403
12.124450 -0.942730 0.745766
12.140870 -0.562441 0.999650
12.157200 0.429615 1.822997
12.173390 1.529559 2.227268
12.189770 2.017843 1.301210
12.206450 1.707308 -0.423832
12.222960 1.095311 -1.460322
12.243260 0.561830 -0.871462
12.255660 0.069264 0.568360
12.271880 -0.465997 1.065824
12.288130 -0.853714 -0.460459
12.304750 -0.962989 -3.283424
12.321060 -0.879835 -5.337049
12.337590 -0.445778 -5.250738
12.353990 0.285553 -3.132164
12.370380 0.627161 0.136948
12.386870 0.133892 3.299872
12.403260 -0.579938 5.470233
12.419750 -0.405034 6.519118
12.436100 0.667469 6.585971
12.452580 1.494347 5.820448
12.468990 1.392160 4.344548
12.485370 0.784031 2.429382
12.501860 0.366977 0.400790
12.518260 0.155443 -1.689635
12.534760 -0.323402 -3.342864
12.551130 -1.132252 -3.684210
12.584010 -1.771655 -2.667870
12.600360 -1.951225 -1.164659
12.616970 -1.630551 -0.171908
12.633240 -0.586313 -0.008590
12.649720 1.152744 -0.325440
12.666090 2.818271 -0.806427
12.682620 3.206610 -1.388020
12.699130 2.393301 -1.838228
12.731870 1.999143 -1.445783
12.748210 3.110254 -0.875724
12.764760 5.299684 -2.895480
12.781200 7.019165 -7.899172
12.797700 7.163782 -12.143193
12.814090 5.764164 -11.772529
12.830370 3.426897 -7.104372
12.846830 1.232057 -1.889825
12.863250 0.011488 1.503773
12.879750 -0.243655 3.084409
12.895980 -0.005026 3.349624
12.928940 0.343248 2.333219
12.945360 0.607260 0.511758
12.961870 0.892033 -0.696074
12.978240 1.595166 -0.905772
12.994710 2.816200 -1.193984
13.011110 4.044717 -2.476412
13.027620 4.406340 -4.126038
13.043980 3.665998 -5.019857
13.060350 2.403146 -5.167839
13.076860 1.001467 -4.605401
13.093230 -0.322694 -3.169994
13.109730 -1.077503 -1.312080
13.126130 -0.696819 0.506206
13.142350 0.592954 1.903243
13.158980 1.561016 2.269039
13.175350 1.534544 1.641870
13.191850 0.741060 1.019242
13.224930 -0.900157 1.086608
13.241300 -3.350483 1.534597
13.257740 -5.615673 1.629607
13.274120 -6.244399 1.047322
13.290510 -5.016855 0.292593
13.306960 -3.318951 0.428685
13.323350 -2.058759 1.891803
13.339950 -1.100571 3.474185
13.372790 -0.267659 3.483316
13.389130 0.368578 1.886782
13.405690 0.719665 -0.038898
13.422130 0.853813 -1.843125
13.438390 0.918033 -3.794176
13.454900 1.084785 -5.373458
13.471100 1.487707 -5.577226
13.487470 1.931884 -4.253558
13.504010 1.582907 -2.495105
13.520370 -0.164134 -1.714271
13.536820 -2.692115 -2.195609
13.553360 -4.687368 -2.893197
13.569890 -5.109015 -2.503265
13.586230 -3.840548 -0.707507
13.602650 -1.628667 1.379162
13.619140 0.272770 2.537911
13.635500 1.081028 2.720607
13.651980 1.267599 2.866736
13.668400 1.553714 3.659946
13.684910 1.807523 4.673441
13.701140 1.470708 5.155350
13.717800 0.901232 4.819350
13.734190 0.797537 3.220521
13.750470 0.761829 -0.303141
13.766970 0.016397 -4.911067
13.783390 -1.322244 -8.322186
13.799610 -2.368650 -9.031918
13.816100 -2.575424 -7.282232
13.832490 -2.064438 -4.241579
13.848980 -1.071216 -0.990173
13.865480 -0.016852 1.681009
13.881960 0.503622 3.322247
13.914690 0.482130 3.771254
13.931110 0.286488 3.150674
13.947460 0.211225 2.390004
13.964140 0.594181 3.033093
13.981410 1.541081 5.277611
13.997060 2.621711 7.178388
14.013260 3.059683 6.979733
14.029750 2.763991 5.030856
14.062520 2.382391 2.859137
14.078990 1.998260 1.040654
14.095470 1.131202 -1.234990
14.111880 -0.119486 -4.361085
14.128250 -1.036106 -7.367928
14.144740 -1.090710 -8.725653
14.161120 -0.185902 -7.178257
14.177510 1.133142 -2.934144
14.193920 1.727731 1.840774
14.210480 0.801118 4.407766
14.226850 -0.889902 3.888238
14.243230 -1.552674 2.045994
14.259890 -0.716173 0.745928
14.276260 0.375171 0.088023
14.292500 0.578971 -0.760741
14.309950 0.069618 -2.256930
14.325500 -0.407789 -3.793061
14.341960 -0.737820 -4.019016
14.358200 -1.041005 -2.010934
14.374880 -1.073753 1.694306
14.391130 -0.362154 5.180545
14.407500 1.108410 6.628214
14.424030 2.563028 5.387156
14.440510 3.056893 1.813920
14.456880 2.233729 -3.006602
14.473210 0.590802 -7.142500
14.489750 -1.141637 -8.299996
14.506120 -2.463575 -5.601635
14.523180 -2.935583 -0.813299
14.539180 -2.222793 2.900500
14.555340 -0.628090 3.801427
14.571810 0.834547 2.706172
14.588230 1.401855 1.569088
14.604710 1.264740 1.169797
14.621280 0.982850 0.709630
14.637800 0.732885 -0.218440
14.653960 0.549098 -0.742151
14.670360 0.349886 -0.441453
14.686870 -0.208063 -0.810818
14.703230 -1.222187 -3.024018
14.785370 -2.172548 -5.306838
14.801700 -2.224565 -4.686500
14.818190 -1.195496 -0.799156
14.834750 0.231164 3.460990
14.852170 1.221742 5.132354
14.867710 1.257638 3.850888
14.883990 0.401807 1.436885
14.900380 -0.709232 0.060594
14.916870 -1.288964 0.576048
14.933240 -1.110214 2.327209
14.949620 -0.747660 4.309810
14.966310 -0.838948 5.537594
14.982570 -1.421533 5.116084
14.998920 -2.033938 2.860593
15.015370 -2.380290 -0.237816
15.031880 -2.545523 -2.419379
15.048250 -2.456304 -2.643950
15.064770 -1.916063 -1.389673
15.081100 -0.908990 -0.036917
15.097580 0.266701 0.300772
15.113890 1.066885 -0.358304
15.130310 0.969902 -1.218512
15.146880 0.138073 -1.701999
15.163350 -0.243545 -1.786989
15.196240 0.599196 -1.665490
15.212490 1.970558 -1.366645
15.228970 2.492931 -0.819313
15.245380 1.785023 -0.208537
15.261830 0.586414 0.148162
15.278210 -0.415316 0.170734
15.294590 -0.625447 -0.167154
15.311110 0.224168 -0.755968
15.327480 1.706570 -1.317073
15.343980 2.944331 -1.847497
15.360340 3.212601 -2.374053
15.377060 2.240281 -2.627192
15.393360 0.161087 -1.898941
15.409500 -1.968820 0.205754
15.426220 -2.695358 2.878529
15.442470 -1.802521 4.900983
15.458860 -0.472311 5.524947
15.475390 0.287311 4.726996
15.491870 0.656303 2.957069
15.508190 1.032003 0.730590
15.524610 1.229110 -1.494618
15.540990 1.205682 -3.354242
15.557460 1.225708 -4.362966
15.574140 1.242193 -4.171989
15.590360 0.893931 -2.995235
15.606840 0.122372 -1.481656
15.623200 -0.733967 -0.252380
15.639620 -1.518918 0.585853
15.656130 -1.942333 1.163706
15.672500 -1.336150 1.430240
15.688870 0.133649 1.260779
15.705400 1.416809 0.939810
15.722020 1.874440 0.964693
15.738370 1.750044 0.915724
15.754620 1.374506 -0.088095
15.771100 0.553030 -1.797960
15.787350 -0.412479 -2.578059
15.804140 -0.853112 -1.610415
15.820370 -0.821822 -0.026545
15.836810 -0.667627 1.146599
15.853230 -0.451895 1.741121
15.886090 0.141402 1.431239
15.902500 0.584929 0.690036
15.918950 -1.095474 2.381515
15.935560 -5.614752 8.188068
15.951810 -10.524256 14.960946
15.968250 -12.180890 17.639988
15.984620 -9.604745 14.806270
16.001130 -5.278494 9.456386
16.017440 -1.644730 4.510953
16.034010 0.845939 1.189882
16.050340 2.226356 -0.341110
16.066820 2.167426 -0.926038
16.083330 1.095246 -1.713636
16.099590 0.022892 -2.937373
16.116070 -0.568047 -3.519750
16.132480 -0.695978 -2.557933
16.148990 -0.456361 -0.782959
16.165310 -0.076698 0.206585
16.182080 -0.349565 0.269596
16.198240 -1.318319 0.384200
16.214740 -1.624069 0.803316
16.231060 -0.851737 1.204068
16.247480 0.061934 1.214408
16.263850 0.480378 0.570089
16.280320 0.611967 -0.897101
16.296880 0.606243 -2.355185
16.313250 -0.014595 -2.021442
16.329740 -1.007943 0.137562
16.346130 -1.248896 2.310747
16.362490 -0.252589 3.411372
16.378980 1.211711 3.909445
16.395520 1.874455 4.431317
16.411870 1.277794 4.323526
16.428220 0.278966 2.494521
16.444600 -0.260097 -0.759720
16.461120 -0.650903 -3.503958
16.477430 -1.392423 -3.842712
16.493930 -2.136755 -1.901054
16.510510 -2.090328 0.305595
16.526980 -1.233349 1.168905
16.543240 -0.253036 0.760540
16.559600 0.655446 -0.029419
16.576250 1.675104 -0.708235
16.592640 2.353426 -1.260351
16.608960 1.694809 -1.600646
16.625400 -0.241535 -1.575164
16.642060 -1.883084 -1.139560
16.658570 -1.783969 -0.615067
16.674930 -0.390457 0.233251
16.691600 0.505063 2.547039
16.724240 0.126959 6.018549
16.740810 -0.546196 8.444413
16.773530 -0.486662 7.788471
16.789930 -0.036064 4.719905
16.824390 0.043721 2.074760
16.839310 -0.191766 0.942312
16.871730 -0.220712 0.536254
16.888380 -0.087583 0.126667
16.904630 -0.159060 -0.163832
16.921480 -0.301968 0.204973
16.937840 0.029476 0.853587
16.954130 1.366735 0.839495
16.970470 3.223022 -0.470148
16.986770 4.266691 -2.830113
17.003230 3.718725 -4.861631
17.019640 2.037842 -4.851873
17.036130 0.670893 -2.407036
17.052600 0.643551 0.872309
17.069120 1.652026 2.940771
17.085460 2.530599 2.775872
17.101840 2.186434 0.735658
17.118390 0.610660 -1.824267
17.134750 -1.302061 -3.417464
17.167600 -2.750955 -3.103982
17.184100 -3.393705 -1.211872
17.200440 -3.104353 1.035800
17.216870 -1.639984 2.705851
17.233380 0.728470 3.308259
17.249790 2.903578 2.695104
17.266240 3.735828 1.197031
17.282560 3.213441 -0.698253
17.299060 2.535725 -2.588189
17.315510 2.313592 -3.980652
17.331910 1.989902 -4.324948
17.348270 1.086458 -3.520663
17.364640 0.247992 -2.457859
17.381210 0.434938 -2.013936
17.397540 1.434321 -1.848341
17.413850 2.062623 -1.149086
17.430470 1.686922 0.390985
17.446760 0.760396 2.420784
17.463260 -0.187960 4.121387
17.479710 -0.806097 4.701026
17.496280 -1.094407 4.023799
17.512630 -1.760993 2.892332
17.529100 -3.094155 2.170304
17.545500 -4.347616 1.770689
17.561750 -4.648076 1.096465
17.578410 -4.133685 -0.162088
17.594740 -3.742010 -1.741950
17.611220 -3.675979 -2.878218
17.627670 -3.326910 -2.811748
17.644060 -2.044346 -1.474024
17.660460 0.302493 0.198029
17.676900 2.802176 1.061991
17.693340 4.006363 0.740587
17.709580 3.133918 -0.345443
17.726430 0.983302 -1.385896
17.742740 -0.890760 -1.752487
17.759080 -1.679807 -1.256604
17.775500 -1.686718 -0.207940
17.791870 -1.672241 0.873824
17.808330 -1.800086 1.774867
17.824920 -1.656363 2.364676
17.841130 -0.897512 2.392572
17.857790 0.367536 1.769295
17.874110 1.437042 0.896233
17.890500 1.443745 0.307790
17.907060 0.187275 0.031601
17.923320 -0.826785 -0.099179
17.956250 0.658992 -0.103357
17.972640 4.651398 -0.163189
17.989000 8.520913 -0.849427
18.005510 9.707121 -2.394676
18.021850 8.087126 -3.899696
18.038330 5.278999 -4.201652
18.054760 2.559097 -3.250462
18.071090 0.430871 -1.865355
18.087570 -1.170582 -0.566082
18.103880 -2.295725 0.702939
18.120510 -2.730599 1.743134
18.137310 -2.282737 2.001461
18.153180 -0.987404 1.647734
18.169590 0.445911 1.234872
18.186130 1.041413 0.871252
18.202470 0.520295 0.615878
18.218840 -0.471053 0.680448
18.235350 -0.846482 1.061458
18.251830 -0.210606 1.099909
18.268190 1.062643 0.357494
18.284770 2.652125 -0.473316
18.301120 3.821804 -0.697513
18.317630 3.892613 -0.548305
18.333880 3.031935 -0.731079
18.350360 1.672562 -1.507657
18.366700 0.313633 -2.151161
18.383240 -0.588299 -1.794866
18.399610 -0.650369 -0.710736
18.416120 0.017825 0.210510
18.432480 0.541934 0.732217
18.448820 0.316771 1.459086
18.467120 -0.394941 2.456589
18.498380 -0.782241 2.861474
18.514620 -0.200548 2.484583
18.547580 1.114347 1.716452
18.563960 2.220940 0.597341
18.581710 2.444515 -1.037114
18.596880 1.992994 -2.572548
18.613250 1.167779 -3.231305
18.629750 0.593021 -3.166578
18.646130 2.173549 -1.666696
18.843410 6.073693 0.894133
18.859740 8.275620 1.041128
18.876250 4.619254 -3.079771
18.892620 -3.512476 -8.870662
18.908980 -10.111948 -11.580285
18.925350 -11.464408 -9.690242
18.941890 -8.771085 -5.515923
18.958250 -4.657939 -0.956767
18.974590 -0.970361 2.478798
18.991260 1.332684 3.544461
19.007450 2.148970 2.470737
19.040340 1.878277 0.763098
19.056900 1.134880 0.008579
19.089770 0.069847 0.707035
19.106140 -1.563009 1.939024
19.124560 -3.911905 2.347045
19.139070 -6.429230 1.779209
19.155500 -7.675115 0.904450
19.171880 -6.813808 0.246026
19.188140 -4.584392 -0.046673
19.204760 -2.346669 0.046612
19.221150 -0.581871 0.683316
19.237640 0.792972 1.514187
19.253880 1.534127 1.773564
19.270510 1.185051 0.989314
19.286710 -0.221436 -0.628131
19.303210 -1.671683 -2.065491
19.319660 -2.027736 -2.398461
19.336210 -1.226474 -1.850643
19.352450 -0.265808 -1.331931
19.368960 -0.114204 -1.172644
19.385420 -0.643611 -0.973848
19.401920 -1.192451 -0.548462
19.418300 -1.640795 -0.165929
19.434630 -1.924688 0.322925
19.453090 -1.761295 1.344408
19.467620 -1.072805 2.471251
19.484010 -0.165588 2.600793
19.500550 0.470773 1.740456
19.516860 0.680488 1.052396
19.533280 0.723739 0.736120
19.549640 0.593615 0.005198
19.565990 0.153922 -1.129837
19.582630 0.045201 -1.225037
19.599010 1.030975 0.213114
19.615400 2.653615 1.145455
19.631700 3.072831 -0.025546
19.648300 1.694853 -2.296760
19.664900 0.298093 -3.362279
19.681180 0.157696 -2.281450
19.697660 0.730450 -0.359912
19.730380 0.667247 0.654258
19.746750 -0.065062 0.232300
19.779740 -0.218576 -0.616344
19.796170 0.420780 -0.776364
19.812820 0.802918 -0.078445
19.829280 0.014872 1.137408
19.845690 -1.356768 2.281947
19.862080 -1.849937 2.608304
19.878450 -1.299495 1.512031
19.897510 -0.406400 -0.658346
19.911150 1.176164 -2.575337
19.927760 3.890309 -3.290205
19.944290 6.693522 -2.717569
19.960750 7.638183 -1.250561
19.977070 5.992646 0.344825
19.993560 3.038690 1.063656
20.012250 0.210811 0.173018
20.025990 -1.821789 -1.985497
20.042500 -2.900011 -4.055936
20.058870 -3.070782 -4.710940
20.075350 -2.212037 -3.580985
20.091720 -0.498251 -1.402939
20.108200 1.199886 0.719861
20.124650 1.728316 2.160205
20.141010 0.856470 3.009519
20.157500 -0.282917 3.678242
20.173920 -0.514739 4.306039
20.190350 0.213136 4.843367
20.206910 1.045882 5.271614
20.223400 1.280095 5.198598
20.239760 0.811542 4.127079
20.272660 -0.217281 2.239716
20.288860 -1.306268 0.370330
20.305510 -1.500203 -0.961729
20.321840 -0.286863 -2.118636
20.338270 1.427545 -3.263710
20.354750 2.063835 -3.837438
20.371030 1.030463 -3.293144
20.387650 -1.436873 -1.850767
20.420520 -4.729046 -0.697570
20.437130 -7.623082 -0.706258
20.453550 -8.708896 -1.272683
20.470030 -7.492920 -0.863045
20.486330 -5.011682 0.928376
20.519320 -2.494895 2.679508
20.535710 -0.510095 2.856796
20.554260 0.528509 1.348256
20.568570 0.610479 -0.380764
20.585110 0.384708 -1.206730
20.617770 0.441199 -1.600175
20.634320 0.812581 -2.050914
20.650820 0.949386 -1.924070
20.667130 0.270996 -0.641756
20.683350 -0.880566 1.108093
20.716160 -1.596671 2.111488
20.732650 -1.363146 2.086175
20.749020 -0.628861 1.571179
20.766360 -0.479333 1.146501
20.781890 -0.375875 1.079855
20.814800 1.993354 1.005630
20.831010 7.014967 0.376794
20.847500 12.030806 -0.622601
20.864010 13.992030 -1.049807
20.880340 12.336314 -0.661275
20.896840 8.744190 -0.353428
20.913300 4.605499 -0.885817
20.929750 1.014829 -2.092342
20.945980 -0.976265 -2.859790
20.962660 -1.383263 -2.351339
20.978960 -1.142476 -0.882252
20.995510 -1.141632 0.775215
21.011760 -1.476369 1.934934
21.028120 -1.697439 2.018702
21.044630 -1.355640 0.436511
21.061000 -0.501092 -2.445198
21.077500 0.143930 -4.433546
21.110720 -0.018209 -3.481066
21.126910 -0.473487 -0.137398
21.143430 0.408273 2.803789
21.159760 3.176770 3.255753
21.175990 6.059389 1.701303
21.192550 6.944835 0.020374
21.208830 5.555222 -0.319768
21.225490 3.202073 0.560120
21.258120 1.337233 1.066539
21.274700 -0.344152 0.890913
21.291020 -4.319977 2.447921
21.307590 -11.090985 7.048408
21.324040 -16.970928 11.886762
21.340550 -17.624264 12.772291
21.356750 -13.185003 9.171034
21.373280 -7.797107 4.533130
21.389770 -3.861539 1.674109
21.406020 -0.997205 0.607405
21.424350 1.141040 0.285265
21.439040 2.047412 0.492700
21.455380 1.490597 1.415178
21.471760 0.167969 2.422598
21.504580 -1.022529 2.619481
21.521090 -1.514972 1.935647
21.537630 -1.131947 1.001146
21.553990 -0.276159 0.119590
21.570510 0.142788 -0.688720
21.586870 -0.545807 -0.946663
21.603120 -1.799731 -0.466354
21.619780 -2.606407 0.303232
21.652560 -2.904197 1.053363
21.668910 -2.810637 1.586564
21.685590 -1.908355 1.267757
21.701920 -0.242492 -0.529771
21.718280 1.263749 -3.067906
21.734920 1.819337 -4.144777
21.751280 1.788614 -2.207894
21.767620 1.686830 1.268401
21.784000 0.952429 2.960630
21.800380 -0.843669 1.541645
21.816930 -2.430389 -1.067645
21.833250 -1.654167 -1.881128
21.849670 1.591656 0.008043
21.866130 4.760917 2.932338
21.882490 5.342451 5.028698
21.898900 3.430813 5.623794
21.915680 0.940112 4.768731
21.932050 -1.095309 2.464646
21.948580 -2.552174 -0.938919
21.964890 -3.235828 -3.974749
21.981380 -2.901442 -4.897197
21.997960 -1.777159 -3.561270
22.014180 -0.461011 -1.625636
22.047070 0.748420 -0.675438
22.063450 1.805505 -0.912854
22.079900 2.615119 -1.320365
22.096150 2.878920 -0.702905
22.112500 2.333678 0.928394
22.128890 1.236842 2.273159
22.145390 0.536909 2.128850
22.161760 0.648990 0.514784
22.178090 0.748617 -1.298928
22.194610 0.248165 -2.025680
22.210940 -0.401316 -1.459711
22.227630 -0.692574 -0.242493
22.244000 -0.841073 0.546481
22.260380 -0.878473 0.176407
22.295580 -0.245079 -0.754209
22.309720 0.786987 -1.048219
22.326050 0.857201 -0.287975
22.342680 -0.550406 0.580444
22.359210 -2.029534 1.100166
22.375600 -1.755976 2.778834
22.392170 0.270758 6.071912
22.408390 2.248963 8.850140
22.424790 2.463856 8.799532
22.441010 0.928304 5.772051
22.457520 -0.842567 1.794872
22.490200 -1.809011 -1.043218
22.507720 -1.912178 -1.770129
22.539610 -1.558300 -0.678574
22.555980 -1.241996 0.680709
22.588840 -0.978155 1.023512
22.605330 -0.662892 0.549458
22.638350 -0.567546 -0.045370
22.654750 -0.928475 -0.225158
22.671140 -1.626982 0.218395
22.687620 -2.236163 0.950801
22.703870 -2.303484 1.331823
22.720230 -1.658773 0.636271
22.736720 -0.283122 -1.066865
22.753160 1.069825 -2.819624
22.769640 0.971505 -3.763044
22.786010 -0.885942 -3.615684
22.802510 -3.311186 -2.502256
22.835210 -4.805493 -0.427857
22.851880 -4.523358 1.810236
22.868100 -2.331203 2.595484
22.884750 1.082919 1.776545
22.901000 3.994112 0.722988
22.917620 4.617238 0.274897
22.934040 2.618696 -0.283030
22.951450 -0.618544 -1.533286
22.966900 -2.295941 -2.218390
22.983120 0.387960 -1.224882
22.999630 6.748610 0.663675
23.016130 12.564716 1.799519
23.032500 14.134688 1.310535
23.048840 11.429554 -0.052921
23.065350 7.090441 -0.830948
23.081770 3.239829 -0.368647
23.098130 0.772333 0.916602
23.114640 -0.125696 1.970741
23.131100 -0.198066 2.007586
23.147460 -0.464877 1.277160
23.180370 -0.759828 0.495785
23.196720 -0.547970 0.097938
23.213100 -0.098329 -0.081740
23.229750 -0.042234 -0.367980
23.246110 -0.573269 -0.749240
23.262630 -0.804305 -1.637949
23.280700 -0.461784 -2.319749
23.295240 -1.358603 -0.123114
23.328140 -4.922380 5.517652
23.344640 -9.503116 11.507095
23.377490 -11.512602 14.040201
23.393840 -9.309260 12.373347
23.410250 -4.830192 8.556382
23.426740 -0.798984 4.298022
23.443250 1.690936 0.752762
23.459750 2.496501 -1.514129
23.475980 1.660956 -2.887886
23.492320 -0.236622 -3.451656
23.508970 -2.056692 -2.048468
23.525210 -2.652123 1.911696
23.541760 -1.866012 6.302709
23.558110 -0.831656 7.749781
23.574630 -0.955562 5.212149
23.590960 -2.188322 1.013792
23.624080 -2.633516 -1.945387
23.640350 -1.171770 -2.776437
23.656750 0.917762 -2.247299
23.673140 1.610292 -1.301372
23.689640 1.003067 -0.462456
23.706010 1.422810 0.320043
23.722460 3.691377 1.379356
23.738890 6.067658 2.376772
23.755220 6.569781 2.259403
23.771710 4.782462 0.709614
23.788130 2.160037 -1.257426
23.804580 0.281718 -2.096326
23.821200 -0.421773 -0.846992
23.837620 -0.422299 1.496346
23.854020 -0.341019 2.501589
23.870250 -0.104677 1.042490
23.886730 0.649957 -1.366074
23.903260 1.778780 -2.268668
23.919590 2.886407 -1.172125
23.935940 3.190463 0.338063
23.952510 1.578432 0.960258
23.968870 -1.530665 0.534735
23.985280 -4.029477 -0.342780
24.018100 -4.452072 -0.971299
24.034640 -3.263676 -0.969659
24.051040 -1.875484 -0.158059
24.067470 -0.949324 1.183688
24.084180 -0.509567 2.173455
24.100780 -0.528324 2.008544
24.117070 -0.682732 0.992043
24.133440 -0.613849 0.106394
24.149770 -0.261861 -0.549709
24.166110 0.237619 -1.688245
24.182420 0.721038 -3.259908
24.198900 0.996618 -3.862958
24.215420 0.477690 -2.444051
24.232010 -0.333516 0.079899
24.248440 1.073458 1.979172
24.264940 5.715173 2.781820
24.281310 10.719068 2.911555
24.297380 11.942277 2.348235
24.314000 8.617552 0.771659
24.330600 3.742273 -1.520608
24.363140 0.258210 -3.207220
24.379750 -0.818598 -3.279048
24.412480 -0.378710 -2.061538
24.429180 -0.206543 -0.705404
24.462130 -0.929903 -0.150153
24.478390 -1.462086 -0.158460
24.494740 -0.860477 -0.015674
24.511080 0.140797 0.348929
24.527680 0.693720 0.753259
24.544310 0.842266 0.706851
24.560580 0.362668 -0.059809
24.577350 -1.388374 -3.197562
24.593430 -4.785234 -12.822685
24.609940 -8.359340 -27.958306
24.626020 -9.573403 -40.233318
24.658980 -7.615445 -41.270034
24.675200 -4.050772 -31.077096
24.708210 -1.560007 -18.006235
24.724610 -0.906079 -7.890741
24.740970 -0.511518 -1.063767
24.757390 0.610710 3.178944
24.774020 1.770673 5.296697
24.790340 1.899469 5.527327
24.806850 1.230571 4.526467
24.823100 0.580542 2.859730
24.839740 -0.310755 0.268655
24.856140 -1.871423 -2.702938
24.872510 -3.419314 -4.649304
24.889020 -3.684651 -4.926968
24.905360 -2.443599 -3.810703
24.922330 -0.730465 -1.901733
24.938250 0.617014 0.383832
24.954620 1.310684 2.450145
24.970990 1.129782 3.455442
25.003910 0.069244 3.101052
25.020230 -1.270888 1.807889
25.036710 -1.911776 0.336907
25.053250 -1.430877 -0.875474
25.069580 -0.395541 -1.654517
25.102490 0.455869 -1.723805
25.118910 0.958085 -1.359203
25.152100 1.455826 -1.256245
25.168270 1.975405 -1.753186
25.184630 1.845049 -2.325677
25.200880 0.760045 -2.131096
25.217500 -0.577249 -1.337286
25.233860 -1.310216 -0.625401
25.250240 -1.440397 -0.108575
25.266740 -1.507655 0.335401
25.283110 -1.646945 0.481056
25.299500 -1.459658 0.237303
25.315990 -0.796450 0.191498
25.332350 0.104858 1.221919
25.348850 0.942906 3.555192
25.365370 2.142161 5.410131
25.381560 5.128469 3.740811
25.398070 9.562675 -2.165391
25.414490 12.652587 -9.190920
25.430980 11.991776 -13.029664
25.447480 8.123050 -12.333949
25.463810 3.965305 -9.313982
25.480220 1.210043 -6.119387
25.496750 -0.377833 -3.064379
25.512970 -1.196849 0.143562
25.529450 -1.288750 3.265417
25.546170 -0.704116 5.600144
25.562380 0.084680 6.658870
25.578870 0.447383 6.322059
25.595210 0.189472 4.419563
25.611620 -0.046135 0.981906
25.628070 1.201111 -3.178007
25.644610 4.562676 -6.535888
25.660930 8.389659 -7.414462
25.678590 9.932474 -5.076182
25.693880 8.112136 -0.832153
25.710240 4.543386 2.956744
25.726670 1.316912 4.953599
25.743120 -0.644407 4.901703
25.759450 -1.346436 3.010220
25.776000 -1.300402 0.094839
25.792300 -1.023178 -2.311528
25.808850 -0.894352 -2.867710
25.825240 -1.292401 -1.619295
25.841710 -2.262104 0.416464
25.858110 -3.207476 2.083820
25.874480 -3.244100 2.395265
25.890930 -2.091682 1.086139
25.907330 -0.582349 -0.998533
25.923890 0.244404 -2.564376
25.940230 0.171917 -3.222270
25.956590 -0.326203 -3.352198
25.989490 -0.621839 -3.005366
26.005970 -0.566855 -1.843844
26.022380 -0.501751 0.028575
26.038850 -0.613305 1.815229
26.055250 -0.731435 2.844323
26.071730 -0.386472 2.791759
26.088060 0.633993 1.470703
26.104490 1.727059 -0.393223
26.121080 1.965611 -1.197145
26.137360 1.066011 -0.526048
26.153750 -0.120015 0.334752
26.170060 -0.530652 0.292395
26.186680 -0.317314 0.025560
26.203140 -0.302272 0.627308
26.219500 -0.639722 1.426866
26.236010 -0.633733 0.924921
26.252380 -0.174679 -0.814214
26.268880 -1.316777 -1.819366
26.285250 -5.986657 -0.945796
26.301740 -12.237764 1.049209
26.317980 -15.307424 3.045760
26.335170 -12.786606 4.563123
26.350950 -7.134639 5.618873
26.367370 -2.363052 5.843566
26.383870 -0.161723 4.931754
26.400240 0.096649 2.960139
26.416690 -0.250813 -0.059526
26.433070 -0.092103 -3.357765
26.449430 0.582523 -5.465690
26.466000 0.940358 -5.339394
26.482380 0.892150 -2.753420
26.498870 0.962839 1.098344
26.515060 1.102737 3.796813
26.531710 0.843389 3.484120
26.548130 0.114847 0.591037
26.564500 -0.710422 -2.398741
26.580990 -1.529279 -3.641161
26.597370 -2.353302 -3.372688
26.613880 -2.886756 -2.682041
26.630250 -2.965718 -2.269226
26.646740 -2.748093 -1.937702
26.663060 -2.312150 -0.958167
26.679700 -1.535106 1.060828
26.695970 -0.389554 3.548857
26.712370 0.823866 5.216357
26.728870 1.470377 5.195539
26.745190 1.093464 3.860676
26.761750 -0.112452 2.409861
26.778080 -1.446759 1.350219
26.794450 -2.179190 0.318450
26.810990 -1.936492 -0.667620
26.827350 -0.853711 -0.777246
26.843750 0.422418 0.397561
26.860370 1.251503 1.769577
26.876570 1.361686 2.261424
26.893140 1.472615 1.797871
26.909640 3.260275 0.446841
26.925870 6.852222 -1.860158
26.942380 9.971361 -4.726685
26.958850 9.951739 -6.633870
26.975200 6.399200 -5.911515
26.991730 1.741343 -2.744000
27.008190 -1.578667 0.803342
27.024510 -2.674832 2.786634
27.041000 -1.917388 2.983799
27.057370 -0.423867 2.515734
27.073870 0.722872 2.194608
27.090090 1.042354 1.781278
27.106740 0.686709 0.771652
27.123110 0.049887 -0.756212
27.139500 -0.486136 -2.295038
27.155990 -0.599673 -3.388253
27.172260 -0.007401 -3.820674
27.188870 1.052017 -3.277709
27.205230 1.627068 -1.473732
27.221620 1.119327 0.712560
27.238130 0.043151 1.775706
27.254500 -0.731612 1.238483
27.270940 -1.025750 -0.190321
27.287550 -1.015947 -1.798833
27.303860 -1.106218 -2.802243
27.320160 -2.138867 -1.627580
27.336580 -4.378565 2.080371
27.353120 -6.943473 6.148522
27.369630 -8.208361 7.704577
27.385940 -7.336749 6.222527
27.402540 -4.978503 3.795856
27.418870 -2.089927 2.195563
27.435180 0.328260 1.884103
27.451630 1.344848 2.648762
27.468140 0.844756 3.868430
27.484500 -0.337358 4.652776
27.500990 -1.173233 4.194330
27.517330 -1.393327 2.470256
27.533860 -1.238388 0.642400
27.550250 -0.621476 0.213166
27.566640 0.568517 1.498788
27.583130 1.881580 3.455246
27.599300 2.584727 4.343188
27.616000 2.443272 3.057931
27.632320 1.736979 -0.089838
27.648930 0.725255 -4.156614
27.665250 -0.201715 -7.800349
27.681590 -0.625823 -9.606232
27.698120 -0.425583 -8.402305
27.714490 0.264389 -3.969949
27.730990 1.053572 1.771197
27.747360 1.419855 5.644449
27.763890 1.066982 5.515155
27.780410 0.094893 1.798380
27.796780 -1.043056 -3.097003
27.813340 -1.708571 -6.720347
27.829640 -1.588189 -7.859739
27.846210 -0.937542 -6.683296
27.862520 -0.451518 -4.456259
27.878970 -0.300991 -2.640297
27.895420 0.398126 -1.901071
27.912080 1.986145 -1.824208
27.928250 3.466793 -1.440587
27.944640 3.732902 -0.264251
27.961350 2.919977 1.207407
27.977970 2.025334 2.113419
27.993990 1.433042 2.277097
28.010530 0.894115 2.289457
28.026720 0.295496 2.523622
28.043230 -0.203250 2.687044
28.059810 -0.631902 2.424635
28.076170 -0.738384 1.747480
28.093860 0.542037 0.790493
28.109050 3.335038 -0.495254
28.125430 6.041266 -1.955486
28.141770 6.915000 -2.947311
28.158400 5.723129 -2.911086
28.174680 3.669483 -1.807894
28.191160 1.652293 -0.292251
28.207380 0.087619 0.646131
28.223970 -0.633865 0.572828
28.256710 -0.774655 -0.160458
28.273270 -0.395990 -0.881217
28.289660 1.326416 -1.133319
28.307720 4.186219 -0.786261
28.322510 6.443375 -0.129488
28.338780 6.749892 -0.054607
28.355270 5.684442 -1.257475
28.371580 4.543281 -3.213746
28.388090 3.212608 -4.246665
28.404510 1.423662 -2.805529
28.420960 -0.093628 0.874517
28.437500 -0.759790 4.697851
28.453750 -0.920880 6.439131
28.470140 -0.828652 5.405066
28.486620 0.445499 2.577117
28.503100 3.334979 -0.489769
28.519500 6.322966 -2.669355
28.535960 7.360097 -3.556707
28.552520 6.262044 -3.364217
28.568740 4.315041 -2.709017
28.585220 2.087286 -1.868805
28.601610 -0.152239 -0.462630
28.618130 -1.539229 1.594527
28.634430 -1.491879 3.299953
28.651020 -0.786581 2.999493
28.667480 -0.465442 0.559171
28.683730 -0.468918 -1.767337
28.700300 -0.658203 -1.977063
28.716800 -0.991221 -0.379518
28.733440 -1.005290 1.380401
28.752330 -0.388414 2.572069
28.766310 0.248411 3.187539
28.782700 -0.290237 2.807974
28.798930 -1.892359 1.436434
28.815400 -3.060928 -0.045156
28.831790 -2.740888 -0.724022
28.848240 -1.273935 -1.008075
28.864610 0.097950 -1.797689
28.881290 0.667500 -2.826511
28.897570 0.825870 -3.532283
28.913850 1.108367 -3.356478
28.930450 0.835084 -1.325657
28.946750 -0.896945 2.562747
28.963210 -4.406699 6.495481
28.979710 -10.040651 7.726285
28.996150 -16.229054 4.835372
29.012540 -19.644241 0.044093
29.028920 -18.039281 -2.738471
29.045380 -12.430917 -1.995070
29.061800 -6.417453 0.695797
29.080580 -1.993308 2.955258
29.094530 0.907668 3.804500
29.111150 2.438569 3.381672
29.127530 2.599654 2.025889
29.143880 1.341527 0.582099
29.160420 -0.829734 -0.278149
29.176740 -2.617957 -0.808284
29.193220 -2.796159 -1.185565
29.209670 -1.578894 -0.956305
29.226170 -0.502286 -0.309610
29.242510 -0.549993 -0.587575
29.258910 -1.210808 -2.474714
29.275410 -1.346952 -4.729120
29.291720 -0.849802 -5.142390
29.308300 -0.259246 -3.033066
29.324650 0.443727 -0.191268
29.341030 1.066669 1.232125
29.357540 1.080268 0.854623
29.373900 0.315460 -0.146784
29.390260 -0.884546 -1.028063
29.407590 -1.769096 -1.669994
29.423280 -1.601568 -1.535839
29.439650 -0.145851 -0.333672
29.456160 1.688790 1.427849
29.472340 2.294766 2.922325
29.488740 1.301347 3.684023
29.505230 -0.178539 3.378769
29.521700 -1.099192 1.889033
29.538100 -1.166011 0.847049
29.554460 -0.764702 1.418154
29.570920 -0.530063 1.686964
29.587360 -0.759500 -0.247430
29.603730 -1.132606 -3.071858
29.620190 -1.118419 -3.774026
29.636610 -0.840036 -1.803596
29.653260 -0.645783 1.047731
29.669690 -0.122414 3.479321
29.686000 1.235007 4.587983
29.702330 2.792601 4.103165
29.735230 3.189660 2.972301
29.751590 1.920602 2.239667
29.784390 -0.151542 2.083075
29.800690 -1.673233 1.914769
29.817500 -1.873940 1.276788
29.833680 -1.123482 -0.270167
29.850200 -0.148925 -1.931221
29.866580 0.819364 -0.188040
29.883100 1.605784 6.496066
29.899580 1.858694 14.097600
29.916000 1.383432 17.120273
29.932370 0.546386 14.617464
29.948680 -0.029714 9.879520
29.965210 -0.312388 4.943665
29.981610 -0.624835 0.110257
29.998110 -0.773532 -3.320684
30.014480 -0.246147 -3.663452
30.030850 0.752278 -1.221038
30.047360 1.320649 1.600819
30.063890 0.987343 2.625464
30.080200 0.487960 1.631625
30.096570 0.663217 -0.189434
30.113050 1.088870 -1.623532
30.129430 0.921260 -2.158518
30.145920 0.019208 -2.034245
30.178670 -1.237353 -1.441252
30.195180 -2.095093 -0.646971
30.211610 -1.782030 -0.112846
30.228070 -0.473834 0.388108
30.244750 0.795174 1.181902
30.261050 1.174995 1.741531
30.277470 0.854549 0.903796
30.294040 0.525591 -1.591673
30.310380 0.198837 -3.922876
30.326770 -0.538971 -3.971253
30.343120 -1.408821 -1.682282
30.359390 -1.565570 1.017541
30.376010 -0.949424 2.240746
30.392610 -0.171501 1.775651
30.408860 0.513798 0.862182
30.425400 1.122433 0.782615
30.442060 1.458739 1.396984
30.458280 1.677600 1.255211
30.474950 2.766795 -0.767729
30.491170 5.013433 -3.738633
30.510760 7.094903 -5.032947
30.523880 7.621417 -3.416416
30.540120 6.489195 -0.355648
30.556700 4.275094 1.969484
30.573260 1.644504 2.663102
30.589630 -0.702828 2.067041
30.606000 -2.272518 0.665988
30.622650 -2.588632 -1.120748
30.639050 -1.566548 -2.490157
30.655380 0.083938 -2.553634
30.671630 1.203935 -1.262817
30.688250 1.240169 0.512539
30.704640 0.763346 1.985998
30.720870 0.329417 2.983549
30.737470 0.024745 3.273249
30.753880 -0.270036 2.184892
30.770610 -0.884197 -0.481451
30.786770 -1.735132 -3.238864
30.803280 -2.050352 -3.909473
30.819600 -1.160936 -2.109826
30.836180 0.286730 0.464872
30.852690 0.765940 1.924363
30.869190 0.200487 1.868380
30.885640 -0.392143 1.044460
30.901950 -0.927525 0.272328
30.918440 -1.340143 0.091875
30.934750 -0.482965 0.387822
30.967860 1.987307 0.534999
30.983890 4.434930 0.064638
31.000400 5.153190 -0.760191
31.016770 4.313966 -1.051452
31.033450 2.948302 -0.434414
31.054020 1.325898 0.583457
31.066020 -0.032473 1.588678
31.082520 -0.232799 2.325024
31.098890 0.562112 2.038964
31.115220 1.110896 -0.635465
31.131640 0.708869 -4.644090
31.148240 0.666025 -2.688919
31.164870 3.296438 12.489218
31.181210 7.080066 33.329431
31.197370 5.552005 38.713379
31.460240 -3.827767 19.072863
31.476580 -14.958437 -10.217396
31.493190 -19.776754 -26.980849
31.509830 -16.771014 -26.195560
31.526320 -10.553160 -17.867969
31.542770 -4.645216 -9.401096
31.559190 -0.208011 -2.428776
31.575580 2.160428 2.557765
31.592000 2.592857 5.313064
31.608140 1.739763 6.152723
31.624600 0.611012 5.703527
31.641070 0.284202 4.079973
31.657500 1.138562 1.406707
31.673890 2.210581 -1.348008
31.690370 1.997426 -2.906232
31.706830 0.501666 -2.795160
31.722950 -0.853334 -1.674608
31.739440 -1.179856 -0.513834
31.755660 -0.770317 0.492065
31.772340 -0.345517 1.650070
31.789030 13.500473 15.795865
31.805450 -29.607789 -25.425319
31.821850 -66.613873 -61.806903
