0.000000 49.087060 31.259662
0.032840 200.793677 130.413000
0.049740 398.453250 262.881212
0.065800 559.996625 371.174537
0.082150 662.458037 436.950561
0.098630 710.751407 464.090589
0.114990 721.534341 463.772343
0.131530 713.813858 450.227045
0.147890 702.953047 435.554181
0.164430 696.528669 425.441141
0.180730 694.629120 419.662702
0.197510 693.779267 418.719008
0.213990 691.328132 425.346576
0.230350 687.011919 433.316257
0.246950 682.901044 437.107033
0.262880 682.033664 442.001690
0.279420 683.010967 450.355983
0.295780 683.525441 455.891291
0.312320 685.247338 452.691728
0.328800 683.547319 444.487978
0.346130 667.817985 439.825580
0.361570 639.066584 443.795975
0.377930 610.865884 455.363589
0.394410 591.146911 467.195705
0.410770 577.682949 471.802942
0.427310 568.722574 467.769620
0.443850 565.288392 459.474943
0.460210 566.893710 451.525886
0.476500 571.528975 424.105483
0.575130 576.536968 346.950924
0.591740 578.620489 235.860589
0.608030 577.222866 135.138229
0.673770 579.838000 87.989684
0.690000 592.419429 116.463744
0.706540 607.760937 187.809457
0.722900 618.165348 259.270293
0.739380 619.228300 292.672959
0.788700 608.491705 254.318612
0.804990 592.823817 169.715256
0.821530 577.302426 93.883257
0.837890 562.503519 52.704451
0.854310 552.711152 40.988821
0.870730 554.809234 63.447822
0.887080 565.378430 113.421193
0.903810 568.411181 142.009245
0.920040 561.770829 130.968174
0.936520 558.924383 122.121930
0.969420 566.334249 159.248259
0.985900 578.337967 225.963369
1.002080 588.523860 279.394701
1.018680 597.130670 305.136949
1.035030 606.790775 309.468777
1.051640 616.968451 306.711776
1.067990 623.171189 308.590471
1.084410 621.998457 318.929914
1.100770 615.621408 334.818397
1.117190 609.008777 351.873681
1.133610 606.887983 365.184797
1.166560 611.230653 370.589006
1.182740 616.909736 372.845984
2.119260 624.479718 353.020339
2.135800 641.765153 279.292435
2.300050 659.312747 196.984730
2.316350 658.928594 174.945240
2.349240 643.033431 204.258743
2.366030 629.934153 242.773548
2.398560 627.291801 271.417766
2.415160 627.361687 289.770291
2.447880 623.734397 303.584329
2.464230 616.449337 319.247021
2.480770 608.124422 336.806816
2.497130 600.954111 330.223940
2.513550 597.249439 291.602212
2.531860 599.378870 268.332890
2.546390 608.075796 276.546136
2.562870 622.191080 292.040995
2.595760 637.258635 306.792090
2.612300 648.910420 321.176704
2.645200 653.569240 332.035243
2.661380 650.507078 334.579849
2.677920 644.371080 326.907673
2.694270 643.567768 309.807821
2.710630 654.383575 285.239764
2.743650 671.571037 256.758232
2.760130 685.038700 229.682112
2.776430 690.746433 209.489051
2.792790 690.912407 200.615161
2.809200 689.416817 204.669241
2.825740 688.156120 218.838152
2.842160 686.721196 238.218897
2.858580 683.513413 255.884466
2.891420 683.696141 252.550870
2.907900 691.590720 212.460550
2.940670 704.431646 167.812518
2.957150 719.355219 148.640779
2.990170 730.131705 147.068834
3.006530 737.285463 168.570298
3.039310 745.550478 207.689014
3.055730 753.665686 239.009306
3.088680 767.760657 254.157435
3.104980 801.855241 250.968856
3.137940 853.473411 223.798337
3.154420 901.336338 182.851223
3.188110 934.175767 145.229622
3.203670 953.813607 118.163748
3.236390 961.301453 104.314155
3.252930 959.788876 99.853861
3.269290 954.877054 98.668170
3.285770 949.843565 101.935099
3.302310 945.244560 112.802719
3.318480 940.228114 128.724902
3.335020 934.275750 143.995325
3.351380 927.453053 154.710914
3.367980 921.899891 157.451082
3.499270 920.300509 143.736950
3.581670 924.942352 114.658057
3.597900 936.663179 85.994400
3.679990 944.429715 64.227812
3.696530 918.161455 45.576508
3.778560 843.856191 31.925881
3.795040 753.623852 31.643499
3.811400 682.910450 49.882846
3.827760 640.731380 80.241210
3.844360 622.814624 110.348666
3.877200 619.600143 130.029494
3.893550 619.948418 138.600946
3.910030 616.562403 142.202567
3.926390 610.060612 141.249738
3.942870 606.826529 130.008110
3.959290 611.837629 106.631998
3.975830 620.753205 80.749229
3.992130 624.965967 66.653446
4.008540 621.899976 70.878611
4.025020 615.561886 92.055899
4.041440 611.655901 123.984216
4.074280 612.711700 149.408359
4.090760 619.506177 152.040128
4.123540 632.794493 136.775712
4.140080 651.373156 114.180427
4.172850 671.242509 89.027515
4.189450 685.098049 69.476740
4.271360 688.780687 58.277027
4.288090 685.308049 49.742361
4.304260 680.130781 40.273498
4.370000 681.625620 36.867002
4.386350 693.503933 42.331744
4.402890 706.406097 46.204348
4.419250 712.838045 61.501483
4.435670 715.140474 104.468060
4.452150 717.688083 153.874071
4.468510 720.814789 178.177381
4.484990 722.979536 172.197743
4.501950 724.951291 158.341111
4.517880 732.202326 148.249184
4.534300 748.862550 140.163395
4.550780 767.506043 137.032620
4.567260 782.330009 138.201991
4.583560 795.104962 142.901182
4.599910 804.911179 155.467892
4.616390 809.904043 175.947398
4.632930 810.920065 198.555195
4.649230 809.977795 219.624556
4.665650 809.447335 238.212564
4.682130 810.404125 253.364933
4.714970 810.979169 262.893291
4.731570 809.755923 265.352964
4.764280 809.069239 258.532466
4.780880 814.123030 238.234386
4.813540 826.105407 210.773261
4.829960 840.644446 192.195234
4.862790 853.231793 188.767147
4.879270 861.262855 194.760067
4.912170 866.288625 200.637761
4.928530 869.942617 198.464179
4.961360 869.109197 191.557488
4.977840 862.585859 186.543831
5.010800 856.432599 183.749877
5.060120 854.499214 184.449179
5.076420 855.312590 186.818374
5.109310 860.908155 185.490635
5.125670 872.629448 178.536051
5.158510 884.894217 171.137422
5.175170 882.147116 171.007089
5.207950 841.892264 191.823827
5.224430 764.050744 246.111606
5.240660 678.908013 315.935042
5.257140 614.693466 370.726102
5.273800 577.333147 400.152931
5.290340 557.542763 410.921797
5.306820 549.028572 413.434595
5.323430 551.753762 414.478487
5.339540 562.947742 415.563410
5.355960 574.286955 415.720484
5.373410 579.058691 408.832225
5.388790 578.433545 388.937125
5.405330 577.412940 361.287702
5.421390 579.009525 335.018880
5.437810 582.047017 317.541358
5.454280 584.281968 310.344058
5.470890 584.394844 308.162965
5.503780 583.440426 306.982642
5.520080 583.613133 307.212519
5.536440 584.024836 310.254358
5.553040 583.168799 311.353791
5.569270 580.379508 305.565773
5.585820 575.641257 295.240086
5.602110 570.327353 286.425338
5.618530 565.982424 284.306897
5.651430 571.185931 293.000643
5.667910 595.620635 314.998974
5.684450 631.150035 341.650826
5.700680 659.083126 344.051931
5.717220 668.842085 294.555315
5.750060 663.366526 208.353666
5.766360 652.762024 126.661633
5.782960 645.246124 72.476331
5.799440 641.262810 47.130025
5.815730 641.916174 58.975580
5.832280 652.250531 119.466020
5.848510 662.012237 206.092242
5.864870 652.583412 277.058633
5.881410 624.531206 310.947013
5.897770 595.377206 320.681951
5.915340 578.432525 323.046620
5.930600 574.146251 317.299126
5.947140 575.843209 306.023576
5.963560 577.026512 295.014260
5.980040 575.291853 283.135088
5.996340 574.629835 278.789148
6.012820 578.948161 293.986837
6.045650 584.186647 311.153516
6.062190 585.960078 307.294406
6.078550 585.173632 288.969188
6.095030 583.544790 271.260065
6.111390 581.525848 259.686709
6.127870 579.184792 254.306545
6.144290 576.494388 255.961238
6.160640 573.011540 267.341339
6.177060 569.283298 287.471117
6.193540 568.819523 307.727951
6.210020 572.882956 319.161175
6.243840 577.450451 321.553602
6.259280 580.152740 320.877725
6.292180 581.947569 319.742358
6.308530 584.543612 316.382036
6.341430 586.932829 312.577065
6.357730 587.560221 310.191871
6.390630 590.789856 306.675344
6.407170 601.795089 308.091379
6.423520 618.336273 324.816504
6.439880 633.668917 343.170361
6.456420 643.409984 340.608102
6.472840 647.037871 316.301493
6.489320 646.922166 283.975266
6.505490 646.230407 257.987216
6.522220 646.466696 245.715721
6.538880 648.041391 247.817735
6.555050 650.681248 260.131735
6.571530 652.840051 273.179307
6.588990 655.594738 283.121057
6.604610 664.781964 290.874130
6.620790 682.377219 294.417706
6.637510 700.694243 295.473249
6.653810 712.416368 296.179240
6.686520 716.212451 296.352070
6.703060 713.526972 298.792324
6.735840 709.931769 310.900494
6.752380 708.601919 330.840116
6.785100 708.934383 342.180171
6.801510 707.659661 340.116546
6.834410 691.693397 329.516010
6.850650 656.114068 311.872101
6.867250 615.209926 292.328381
6.883540 585.391160 275.927089
6.899960 570.568204 266.206470
6.916380 562.346335 262.144087
6.932740 558.881100 261.435942
6.949280 565.149589 263.304314
6.965640 577.788457 260.787625
6.982180 586.593617 250.493925
6.998410 584.865655 233.893538
7.014830 576.110041 213.039538
7.031370 563.928238 198.492182
7.047730 550.889766 201.121756
7.064270 544.787633 220.144515
7.080690 548.509296 242.902844
7.097170 557.092028 258.249455
7.129880 563.743428 269.199288
7.146360 566.008966 277.587334
7.162780 565.842112 280.264284
7.179200 565.089265 284.189024
7.195680 565.245741 298.081082
7.212220 567.090956 319.249624
7.231630 570.328989 339.734784
7.245060 574.396630 351.827141
7.277890 577.063670 352.122610
7.294560 577.027022 345.121761
7.327270 576.500315 346.735062
7.343630 573.553172 356.995892
7.360110 564.435539 347.281527
7.376650 551.873209 310.620836
7.392940 540.280620 261.344988
7.409480 531.450522 207.406517
7.425840 525.082139 152.725180
7.442320 519.942347 103.272372
7.458680 515.518248 67.022890
7.524660 511.280907 44.806330
7.540890 507.225181 34.602198
7.573670 505.016519 32.797055
7.623110 509.523444 49.686424
7.639470 523.187442 103.762056
7.672120 539.786929 179.072999
7.688720 552.751521 244.552572
7.721250 559.180837 289.713754
7.737790 560.719226 315.920881
7.770570 562.694764 310.596057
7.787170 564.273585 262.309894
7.819890 565.130025 190.525383
7.836430 570.433620 120.908902
7.869320 577.390966 71.094628
7.885560 579.842201 47.579931
7.918520 575.601348 44.899913
7.935060 566.309977 57.699981
7.967770 559.174284 74.522737
7.984190 556.609933 80.580931
8.017150 555.340009 75.923718
8.033390 555.416660 70.906973
8.066280 559.545028 83.410976
8.082890 568.299657 128.118448
8.115660 580.133208 190.190218
8.132020 594.380396 246.842565
8.164860 608.353833 284.029072
8.181400 617.868794 295.501145
8.214110 622.267879 293.335439
8.230650 623.375105 290.995355
8.263610 624.081455 287.164816
8.279850 630.196062 278.837499
8.312930 642.187790 269.697236
8.329100 653.334636 261.967866
8.362000 660.001367 256.805715
8.378480 661.840132 257.443292
8.411380 658.570469 262.732889
8.427980 652.509101 270.266252
8.460630 649.293721 278.793922
8.476930 649.763411 281.742353
8.493530 650.540683 276.181173
8.509890 646.063075 272.264996
8.526430 632.970029 278.743101
8.543580 618.440741 290.716328
8.559140 606.100376 302.836877
8.575680 594.197940 313.801546
8.592160 586.501270 320.936652
8.608520 583.630677 325.368671
8.624880 583.127048 328.377787
8.641420 585.403155 327.485421
8.660520 588.379335 328.136076
8.674440 590.116231 337.284091
8.690860 592.609829 349.021509
8.707150 591.446604 353.715064
8.723690 580.215539 346.486744
8.740170 564.092097 329.870562
8.756770 548.238907 293.422668
8.772890 533.184178 243.486191
8.805730 522.892540 225.484721
8.822140 519.046889 243.863813
8.838870 519.236179 268.350990
8.854920 522.054537 289.601568
8.871520 526.611648 309.640383
8.887940 530.927327 329.161048
8.904110 528.791328 331.203379
8.920650 518.962607 297.099899
8.937010 512.213651 242.474142
8.953430 513.350331 205.775261
8.970030 516.563653 213.900044
8.986390 516.452102 257.032635
9.002750 516.584470 304.680917
9.019170 527.027152 337.659174
9.035640 548.767262 351.957078
9.052000 571.209367 354.492575
9.068420 585.626264 354.291457
9.101440 591.328387 355.027311
9.117740 592.686214 356.571795
9.150700 594.283853 356.252308
9.167050 594.187246 355.289670
9.199830 590.412000 357.194176
9.216310 587.420854 360.040888
9.249150 584.428913 360.425664
9.265690 576.797449 357.400042
9.298400 566.685968 354.401391
9.314940 558.331324 355.731804
9.347840 553.745806 360.507487
9.364140 552.202711 363.421246
9.380620 551.878421 362.156024
9.397030 552.965657 363.017174
9.413330 556.402067 370.944996
9.429870 561.599822 382.177568
9.446410 566.461878 391.926442
9.462770 571.474608 399.445342
9.479190 579.054046 406.736479
9.495540 592.018608 411.570632
9.512020 613.014919 409.366504
9.528500 637.168033 401.298237
9.544860 656.773447 391.056559
9.561220 669.051833 381.151040
9.577880 674.110730 373.385998
9.594180 673.269154 370.770360
9.610530 668.910655 370.799844
9.627260 664.613585 363.450051
9.643680 661.888793 348.298756
9.659910 660.975270 336.158073
9.692750 658.445825 330.559854
9.709170 649.106498 325.321539
9.725650 636.747839 319.613325
9.742070 627.555868 318.709844
9.758480 622.881306 326.675628
9.775020 622.041851 342.998521
9.791260 624.970818 359.433291
9.807800 631.296083 366.528959
9.824160 637.488422 362.766554
9.840640 638.603118 355.296043
9.858580 633.718800 352.950280
9.873600 628.152198 356.976748
9.889890 628.319056 360.475991
9.906310 638.717234 357.884437
9.922790 657.165310 351.604334
9.939150 674.038339 350.347998
9.955380 683.050647 359.782343
9.971980 686.001160 375.574061
9.988460 687.328108 387.704667
10.004880 691.588878 388.234377
10.021300 700.636753 377.245091
10.038020 707.377634 363.186608
10.054140 705.656701 352.143229
10.070740 700.506762 341.109290
10.087590 695.299551 329.606258
10.103520 689.255157 321.396055
10.120000 684.985870 315.894754
10.136290 682.871692 310.226593
10.152770 682.605324 303.869662
10.169190 686.253756 300.593229
10.187190 693.100943 304.761662
10.202030 699.511853 313.073539
10.234990 703.818383 319.170542
10.251280 708.852480 322.592498
10.267760 715.885379 323.870396
10.284180 718.728736 326.208399
10.300600 713.411691 336.373421
10.317020 706.167257 355.094804
10.333440 701.815188 373.573947
10.349910 698.661238 382.361427
10.366270 695.000185 380.322275
10.382750 697.120083 368.497695
10.399110 710.656289 352.801291
10.415650 726.862278 346.045620
10.432070 738.390190 349.149563
10.448430 748.899261 354.634651
10.464900 761.752263 360.571790
10.481510 772.602410 366.337351
10.497680 776.745506 369.044209
10.514100 776.637389 364.985305
10.530640 774.555413 355.519743
10.547060 764.434018 342.727374
10.563420 741.386495 325.160082
10.579770 706.549689 311.089487
10.596310 662.145090 312.402543
10.612790 619.328567 327.952629
10.629090 590.360677 351.672936
10.645630 575.888254 376.929670
10.662050 570.341969 395.714389
10.678410 568.744499 405.967074
10.694890 568.586617 411.805657
10.727660 569.974776 416.643564
10.744140 572.999100 418.579812
10.760680 575.512527 416.254744
10.777040 576.252836 411.855290
10.793400 576.467948 405.645643
10.809880 577.774666 395.107811
10.826230 581.616398 378.996439
10.843510 586.412793 360.947185
10.859070 586.931558 348.275612
10.875550 583.879179 349.568269
10.891970 581.538435 368.386848
10.908390 580.269825 395.661682
10.925050 579.111892 418.654502
10.941280 581.470951 429.783079
10.957950 592.098286 428.532059
10.974180 608.190066 422.084471
10.990780 623.976368 417.168561
11.007020 635.851684 414.976593
11.023380 645.421414 414.870502
11.039920 656.676698 415.651584
11.056210 667.490936 413.860581
11.072690 674.169131 405.922998
11.089170 676.503566 390.904737
11.122010 675.147656 373.056746
11.138370 671.148047 359.173706
11.154850 667.260869 352.865137
11.173100 667.389631 358.432359
11.187810 672.899484 378.439591
11.204160 679.894511 404.946505
11.220700 683.724503 426.814068
11.237060 685.731603 436.706020
11.253420 690.928711 433.091214
11.269900 698.300973 421.200481
11.286320 703.269042 405.968831
11.302800 704.854160 390.386868
11.319150 702.704036 382.254620
11.335510 697.073644 385.606511
11.351990 691.390541 391.339135
11.368350 691.124394 389.020475
11.384830 697.816377 381.881051
11.417790 704.875986 381.085972
11.434140 709.488049 383.248506
11.466980 715.781943 380.203932
11.483520 722.429731 375.707730
11.516300 726.390615 375.027849
11.532780 728.950698 379.568882
11.565550 729.336724 382.873254
11.582030 725.582274 376.816502
11.614870 720.941875 362.956771
11.631230 717.945520 348.536950
11.664180 704.175306 349.206426
11.680480 666.748781 377.037226
11.713380 618.665741 417.346176
11.729860 581.499059 443.785925
11.746280 560.845637 446.375525
11.762700 553.284009 436.906339
11.779170 554.245194 429.696179
11.795530 557.933478 425.385650
11.812010 560.403339 421.627842
11.828980 561.263569 423.528561
11.844910 562.085665 435.738027
11.861150 561.332343 450.300573
11.877690 556.231836 453.993333
11.894170 548.955307 443.857229
11.910520 542.960751 428.788687
11.927060 539.478177 415.981713
11.943540 538.294445 404.074140
11.959900 537.689495 396.961634
11.976320 536.150205 401.242446
11.992800 534.609696 414.852539
12.009090 535.664655 428.746072
12.025510 538.652514 436.308768
12.058530 538.990566 442.834915
12.075010 537.617481 450.372200
12.107790 541.823940 453.703723
12.124150 554.818984 456.825268
12.156980 570.090729 463.339682
12.173400 580.524951 470.490311
12.206300 585.600567 477.443885
12.222780 585.737669 480.123244
12.255550 582.981452 476.274833
12.272160 580.736415 470.820941
12.288450 579.922186 464.657753
12.304930 578.408913 457.703014
12.321290 572.716946 452.935881
12.337710 563.060010 450.248384
12.354000 552.154949 447.500892
12.370610 541.638025 446.526510
12.386840 533.528050 452.344884
12.403380 529.392811 464.163821
12.419740 528.955669 476.706889
12.452510 530.325446 485.465721
12.469300 531.487101 488.326577
12.502200 534.655849 483.919495
12.518740 549.201542 471.305541
12.551510 579.971161 460.979903
12.567870 616.590195 461.365765
12.602230 648.169872 464.354677
12.617130 671.017927 464.340972
12.649900 682.889268 463.149985
12.666260 685.032057 462.669569
12.699160 679.548982 465.670519
12.715520 669.141103 472.371997
12.748350 661.300926 476.808500
12.764950 660.617246 475.576545
12.797850 663.780859 473.852693
12.814760 665.802836 475.544306
12.847230 667.627742 476.711355
12.863530 672.223795 473.695129
12.896180 675.380462 470.489959
12.912780 675.747401 470.825075
12.929140 679.156551 472.120990
12.945680 676.599240 472.390058
12.962040 653.071969 468.635495
12.994870 615.270665 463.382088
13.011410 578.251084 467.854265
13.027590 550.108613 481.041926
13.044190 534.338208 493.633110
13.060550 529.091915 499.310744
13.093440 528.214999 497.347816
13.109800 528.588996 493.468486
13.143010 530.450967 491.211961
13.159180 532.070250 491.214856
13.192020 532.648286 493.025822
13.208310 533.467615 496.603699
13.241270 535.905666 502.736452
13.257630 539.467114 507.715109
13.290530 541.972856 506.698501
13.306880 543.316752 502.468981
13.339780 544.198448 498.305328
13.356200 542.922154 495.469897
13.372680 538.428214 497.469830
13.389160 536.473320 502.365776
13.405520 540.602354 505.925156
13.421940 544.198091 509.090845
13.438420 543.767803 513.798408
13.454770 542.141714 518.127492
13.471370 541.322624 517.131516
13.487850 540.184621 509.917923
13.504090 537.613728 500.830637
13.520510 535.588644 493.658757
13.536930 535.951675 486.512127
13.553410 539.009262 475.927069
13.569760 543.340738 464.512966
13.586240 549.095933 453.974108
13.602600 557.262609 445.704362
13.619140 564.872058 445.182336
13.635500 571.229069 450.191302
13.651860 578.066949 455.827201
13.668400 583.570560 463.970158
13.684750 588.792246 471.767415
13.701170 596.097903 472.116995
13.717650 602.221495 464.696434
13.734130 605.906863 454.574138
13.750550 606.630681 447.476222
13.767030 600.970110 444.775825
13.783510 593.157917 432.273144
13.800110 588.008347 398.148681
13.816410 582.313859 359.081696
13.832640 580.015799 335.249767
13.849180 586.571411 331.330192
13.865540 595.249530 343.482426
13.881960 600.850281 358.757124
13.898440 603.406068 363.448982
13.914980 602.177565 355.452837
13.931210 596.438568 345.495657
13.947690 586.384654 345.229373
13.964050 575.843102 355.413527
13.980650 573.188373 367.544051
13.997010 583.328367 374.679594
14.014950 599.420635 378.317820
14.029970 614.837381 376.749572
14.046260 628.042182 366.356937
14.062680 635.668968 353.944222
14.079100 638.624827 349.915095
14.095520 641.535614 357.635057
14.111880 645.525450 371.525053
14.128360 646.757320 384.308924
14.144780 643.034794 392.229115
14.161320 638.861052 395.494392
14.177670 634.800040 398.456283
14.194150 617.995928 383.314275
14.210570 579.993412 323.247501
14.226930 541.179085 260.661814
14.243350 524.767866 253.851622
14.259700 526.585565 285.297509
14.276310 529.363805 295.644272
14.292660 522.157620 248.224797
14.325560 514.123725 191.240331
14.342100 518.801307 195.856572
14.374820 532.723210 250.200621
14.391240 551.167423 306.016909
14.407590 573.418638 341.284697
14.424130 598.365313 350.725497
14.440550 626.808392 337.180467
14.456910 653.987089 313.723766
14.473510 672.314671 290.973166
14.489750 681.707117 273.306214
14.506160 687.663576 266.122815
14.522640 692.344068 273.065370
14.539180 695.959425 289.267245
14.555480 700.118051 303.837125
14.572080 702.877747 313.505582
14.588380 701.515772 322.373682
14.604800 697.795868 333.265083
14.621220 692.057721 348.836864
14.637700 683.324148 368.947939
14.654170 675.176477 386.451153
14.670840 660.538621 414.277170
14.687010 625.449592 470.996067
14.703430 577.400247 533.871990
14.719910 536.173459 576.133717
14.736270 512.869869 596.378981
14.769040 505.693877 602.357689
14.785520 504.750857 603.616225
14.818420 502.929171 601.977795
14.834780 499.189554 593.555034
14.851440 495.945418 579.688895
14.867610 496.166669 568.849404
14.883970 501.305636 567.145105
14.900450 509.270217 571.870651
14.916870 515.569331 574.424348
14.933410 516.763012 569.365245
14.949770 512.492383 558.713118
14.966310 507.321833 545.495338
14.982670 504.723073 533.670220
14.999080 502.241560 527.814319
15.015750 497.898444 527.375574
15.031920 493.822788 527.355604
15.048400 493.416864 524.249644
15.064820 494.991334 522.050711
15.081240 493.776340 528.104457
15.097660 489.781264 543.458783
15.114200 491.515413 559.173196
15.130680 507.346128 564.882795
15.163390 532.338682 564.130316
15.179810 555.242447 565.395995
15.212650 570.789166 568.689685
15.229000 580.633680 573.390396
15.245480 586.681921 578.301606
15.261900 589.714255 579.245002
15.278380 591.417328 573.772080
15.294800 592.339555 562.692350
15.311100 592.777958 545.398153
15.327580 590.512849 522.274785
15.344060 582.212853 501.725135
15.360530 568.631084 495.739096
15.376890 550.990194 509.515676
15.393250 532.261515 534.967657
15.409670 521.139809 561.386343
15.426270 524.874254 584.160893
15.459050 541.033910 597.252806
15.475520 559.451591 598.394612
15.508420 569.974386 594.978015
15.524720 570.110739 591.915267
15.557620 564.313532 589.960145
15.573910 555.570611 590.385725
15.606930 544.614486 593.440539
15.623410 534.547453 597.701558
15.656190 528.184531 600.497747
15.672670 524.542702 599.578617
15.688900 522.052127 596.232343
15.705570 520.438812 598.165678
15.722050 520.215889 611.841582
15.738650 522.197701 632.995298
15.754940 524.363921 649.931578
15.771360 524.268553 655.677316
15.787660 523.096289 653.594828
15.804140 521.810431 645.965216
15.820740 520.875746 631.474687
15.836910 521.109993 612.287593
15.853390 524.548734 592.785666
15.869750 533.978531 578.357630
15.886410 546.949068 573.222223
15.902770 557.472992 576.250940
15.919070 562.084690 582.454348
15.952030 561.491079 588.028712
15.968440 558.308585 591.211382
16.001460 556.328971 592.387452
16.017760 558.722878 595.764199
16.050540 561.977498 601.249167
16.066960 563.130156 603.689709
16.083440 565.840447 603.670049
16.099730 570.581616 598.605562
16.116270 573.399459 585.984487
16.132750 572.030455 573.509774
16.149170 566.770818 563.001971
16.165710 561.514442 550.350505
16.198360 559.000309 540.196215
16.214720 556.823289 538.647258
16.247680 556.364429 539.026336
16.264040 566.088241 532.149016
16.296880 590.847301 520.133914
16.313350 622.397851 506.371360
16.346130 647.923896 497.686889
16.362670 661.451719 503.292335
16.395510 669.729113 512.541443
16.411930 683.863492 512.023198
16.444760 696.995844 505.553320
16.461120 697.826987 498.962472
16.477540 691.160411 494.713742
16.494020 686.796149 495.765593
16.510500 688.007557 504.503640
16.526860 690.985237 520.059183
16.543400 693.624000 536.238855
16.559750 697.241738 546.565698
16.592650 701.119838 551.099234
16.609010 704.316028 552.248711
16.641910 701.315565 554.316867
16.658390 679.971817 562.968429
16.691160 641.030688 575.247242
16.707640 599.302798 585.546929
16.740540 564.092822 595.578919
16.757080 540.021690 604.972202
16.789730 527.427428 609.847600
16.806270 523.201209 609.355788
16.839050 526.452952 604.680094
16.855350 532.878638 600.974364
16.888430 538.450943 602.937842
16.904660 544.065082 608.978609
16.937680 552.024561 610.089279
16.954040 563.403473 598.949936
16.970460 573.825786 581.467465
16.986940 580.353021 570.497813
17.003300 585.511093 572.896466
17.019780 590.913262 584.195986
17.036190 595.741673 595.363176
17.052610 597.522858 600.796099
17.069030 594.700794 600.506750
17.085570 589.791229 598.525485
17.101930 587.129491 597.884105
17.118100 588.334276 598.075071
17.134770 590.506953 597.694416
17.151180 589.807850 595.245412
17.167660 586.326325 590.089465
17.183960 583.444115 584.459576
17.200380 583.738304 583.636597
17.216860 586.263996 591.108188
17.233280 587.063743 599.815766
17.249760 584.902697 600.847309
17.266170 583.764534 595.859244
17.282650 582.653302 592.918619
17.300480 577.169130 598.518994
17.315550 569.348935 610.526431
17.331910 561.733163 624.354729
17.348270 552.585637 639.191011
17.364810 540.996807 650.965573
17.381160 532.460543 651.172906
17.397580 533.481564 634.720374
17.414060 541.686860 607.333001
17.430420 549.617255 581.908601
17.446900 555.788651 567.205219
17.463440 564.141750 563.125391
17.479800 575.539049 566.203568
17.496150 588.264485 573.607068
17.513610 599.783161 582.358819
17.529050 610.089680 587.250157
17.545530 622.153223 585.727975
17.561890 634.672228 581.862326
17.578310 643.142235 576.369132
17.594790 646.430024 566.667351
17.611150 647.536143 554.970933
17.627690 648.475176 548.292542
17.644040 649.596441 550.433713
17.676880 648.498703 555.428261
17.693300 643.815527 556.653849
17.709660 640.568513 554.472377
17.727970 640.254630 553.307288
17.742680 640.636240 558.345542
17.759030 642.300587 570.964673
17.775510 645.200913 584.809101
17.791870 646.091042 590.591588
17.808290 641.836715 585.433386
17.824770 635.816083 574.340963
17.841130 633.059539 565.936905
17.857850 633.143218 566.519004
17.873960 637.480748 570.841899
17.890500 650.940457 575.061478
17.906920 671.429243 585.558982
17.923460 687.915693 596.806580
17.939760 694.812130 597.153186
17.956850 698.141861 587.784829
17.972660 701.776866 578.299922
17.989010 701.032000 575.457267
18.005430 691.545891 577.559570
18.021910 680.975743 579.987341
18.038270 680.013205 580.884924
18.056520 687.176908 582.212735
18.071170 695.580131 586.930192
18.087650 702.413730 594.090162
18.104060 708.284873 599.639216
18.120540 711.901120 601.899172
18.136900 709.676306 601.627257
18.153260 701.406463 599.997892
18.169740 691.978729 599.390200
18.186160 685.633515 601.473019
18.202640 682.490380 604.778143
18.218930 683.007011 607.764145
18.235410 688.630516 609.534176
18.251890 697.299715 609.001188
18.268250 704.084337 604.912797
18.284790 708.468962 595.027857
18.317630 714.220533 582.523651
18.334050 720.482431 574.236451
18.366880 723.896050 571.616258
18.383360 722.848589 573.220230
18.416140 717.323050 578.923096
18.432620 710.287001 588.804564
18.449040 704.950277 599.838451
18.465580 701.557511 605.261182
18.481870 701.699518 601.329724
18.500120 708.314366 591.688290
18.514770 720.662190 581.706218
18.531130 736.711362 572.917353
18.547790 752.804909 565.655173
18.564150 766.671218 563.855098
18.580440 780.636530 566.681862
18.613220 794.144473 568.010624
18.629760 803.921585 567.457737
18.646120 809.680632 566.290666
18.662660 812.277313 566.926011
18.679020 809.743306 573.105619
18.695430 800.481026 583.768906
18.713620 795.217413 593.520586
18.728270 808.071436 596.871999
18.744810 834.659462 593.111447
18.761170 859.968665 588.454762
18.777650 876.324202 590.917309
18.794070 884.926320 601.264422
18.810490 889.659319 612.379644
18.828610 893.924478 618.545705
18.843320 899.015857 619.857136
18.859800 903.205201 615.888796
18.876160 903.417612 607.073816
18.892640 898.719165 599.093872
18.909060 893.346559 596.738430
18.925420 895.388912 600.299832
18.941890 908.264392 606.450079
18.958440 924.805235 609.659653
18.974790 939.594639 603.189721
18.991270 955.048746 583.358069
19.007810 967.071280 556.135784
19.024170 967.942330 534.933353
19.042540 959.900246 529.688546
19.057070 927.134662 540.215033
19.073430 842.024696 564.137872
19.089600 724.683369 598.162428
19.106140 623.893546 629.214616
19.122920 561.558984 646.750671
19.139280 530.580517 653.276686
19.155520 518.303636 654.676046
19.172000 518.238527 654.624588
19.188420 526.554681 654.269534
19.204770 539.974932 650.949108
19.221190 553.669474 642.803861
19.253910 561.428872 633.781545
19.270570 560.846612 625.392015
19.303410 554.071384 619.148711
19.319640 545.658175 618.161437
19.352540 539.506884 616.703222
19.370730 536.581525 613.844453
19.401920 535.297674 617.969873
19.418400 533.079574 631.993482
19.434750 528.352222 652.810816
19.451110 523.463565 674.488144
19.467530 523.325340 690.259280
19.500490 528.129699 696.113190
19.516910 532.959322 694.413879
19.533330 534.869955 689.991549
19.549680 535.196449 685.778679
19.566350 535.414883 681.924969
19.582520 535.030964 675.914592
19.599060 534.691237 667.842036
19.615360 536.616994 659.630611
19.631900 540.723482 651.911716
19.648070 550.555146 644.370757
19.664790 569.784253 641.252622
19.681090 590.367470 649.218228
19.699460 604.766457 665.038039
19.714110 613.821552 680.260638
19.747070 617.116670 690.571147
19.763310 614.312971 695.969774
19.796140 609.701904 698.282392
19.812500 606.330809 697.647561
19.845400 606.566643 693.151835
19.861940 610.932274 687.808674
19.894780 613.479951 684.888976
19.911190 612.208551 680.507079
19.944030 608.775198 674.606801
19.960390 598.519540 669.100669
19.993350 579.842973 658.589507
20.009830 559.525745 642.633616
20.026250 543.573360 626.850632
20.042540 533.156992 618.158490
20.059080 525.719908 621.375654
20.091920 519.408008 633.727601
20.108520 515.443835 645.693317
20.124690 514.435817 647.723397
20.141110 515.571578 641.038741
20.157530 518.170476 632.316608
20.190370 520.819673 628.998227
20.206910 521.619677 634.089730
20.223450 520.024422 639.480255
20.239620 526.531617 641.850738
20.256160 551.143282 644.773026
20.272640 581.983868 648.323314
20.289060 605.866410 649.721019
20.305360 621.940405 644.658243
20.321900 631.222036 632.054191
20.338260 632.689294 618.528200
20.354610 626.910385 612.590707
20.371150 619.842653 616.003748
20.387510 619.064694 622.951562
20.403990 627.820228 627.501121
20.420410 640.751965 628.988920
20.436890 643.916856 628.109877
20.453250 629.044514 628.667284
20.470210 606.951198 636.323258
20.486330 586.573952 648.939107
20.502690 564.459906 656.261008
20.519040 541.154404 649.879858
20.535400 524.602206 635.553831
20.551940 520.074933 629.660844
20.568300 523.558653 641.024224
20.584660 527.689858 661.091595
20.601200 530.378630 674.722245
20.617550 534.786627 675.944973
20.633970 541.015307 672.275372
20.650390 547.121885 671.628819
20.666930 553.003208 671.945981
20.683230 559.928274 671.699502
20.699710 570.570622 675.058903
20.716190 584.189940 684.957758
20.732540 594.980807 696.734102
20.749020 599.533278 700.928878
20.765440 600.531194 693.213437
20.781800 600.285101 680.350497
20.798220 598.863936 672.254750
20.814640 596.832718 670.797606
20.831300 594.029008 671.950534
20.847470 588.625980 670.719678
20.864070 580.380479 665.014812
20.880370 573.487577 659.316750
20.896910 572.975041 658.590982
20.913270 578.948326 662.143407
20.929630 586.249052 667.657763
20.946110 589.694079 674.770251
20.979000 588.121696 683.042454
20.995420 580.505861 686.660294
21.011840 566.102469 680.265525
21.028260 552.048874 671.376613
21.044680 546.169824 670.181931
21.061160 547.222276 675.590138
21.077580 550.420770 683.798206
21.093930 552.495223 693.011840
21.110530 552.477443 700.383043
21.126710 550.678133 704.211321
21.143190 549.062085 705.689080
21.159670 550.749114 707.660642
21.176150 552.343924 712.519518
21.192570 549.017680 719.744325
21.208920 543.470886 723.877618
21.225400 538.387433 722.065798
21.241940 535.041246 711.713534
21.274660 536.841213 693.481100
21.291200 543.721792 679.198102
21.307560 551.573592 674.568343
21.324040 559.500593 677.896510
21.340330 567.887466 689.251095
21.356990 574.030582 706.958375
21.373290 577.819655 726.754407
21.389650 581.384064 743.341766
21.422550 585.030564 752.583209
21.439030 586.505907 752.737731
21.471740 583.954911 746.823259
21.488280 580.726439 743.368082
21.521180 580.410730 742.923353
21.537540 583.663674 738.869900
21.570370 586.794853 734.483926
21.586910 585.131473 734.834370
21.619570 582.299185 739.651219
21.636050 582.733549 744.611957
21.668950 583.718009 745.079029
21.685550 586.384136 744.287600
21.701780 596.319549 744.683157
21.718140 604.752991 744.092289
21.734860 599.547923 744.277558
21.751100 586.257924 748.721759
21.767640 572.399039 752.586706
21.783870 559.551452 750.541142
21.800420 550.981824 746.985293
21.816770 548.646860 743.202231
21.833310 551.678067 736.212176
21.849670 557.178425 728.108199
21.866330 560.904430 719.462154
21.882450 561.717736 709.720666
21.915410 561.118670 702.302131
21.931700 558.612754 698.351929
21.948240 554.312091 695.313902
21.964600 553.098053 693.709123
21.981200 557.127976 695.577412
21.997500 560.614377 698.882775
22.013920 562.023134 702.712387
22.030400 565.220254 709.119871
22.046810 570.480137 719.043992
22.063290 576.555119 730.174084
22.079650 582.370631 737.575253
22.112550 586.488351 742.194868
22.129210 587.578701 747.371959
22.145390 585.086659 749.859535
22.161740 576.711472 751.643369
22.178280 561.049827 759.167227
22.194580 543.980360 768.428558
22.211180 528.521662 770.261492
22.227480 512.664318 761.834572
22.243900 498.595534 747.846797
22.260560 490.462565 732.996710
22.276730 490.037172 719.696422
22.293460 494.767764 710.967842
22.309630 499.969563 707.338737
22.326110 503.485385 708.821010
22.342530 506.325959 716.813847
22.358890 509.541849 726.033271
22.375430 513.647943 728.198893
22.391780 518.423518 722.351268
22.408260 521.012641 714.024681
22.424680 523.795252 710.380405
22.457520 532.404154 715.051076
22.474060 542.690032 721.343213
22.490540 549.272328 719.244776
22.506770 553.146463 715.575605
22.523320 555.328501 722.977180
22.539610 555.449158 738.807125
22.556150 554.751633 754.023846
22.572510 554.117033 765.343896
22.589050 551.977166 773.535649
22.605410 550.248011 775.322958
22.621770 551.288888 769.750672
22.638240 552.322062 764.714930
22.654850 554.234466 763.866406
22.671140 561.471995 765.721568
22.687500 572.730092 771.142136
22.703920 582.900886 778.338829
22.720400 589.401245 781.068671
22.736760 593.107034 775.850653
22.753300 593.858683 769.449215
22.769780 591.568544 767.576904
22.786190 589.064649 764.650755
22.802550 586.286797 760.677861
22.818850 580.961995 762.996714
22.835390 574.694375 772.437511
22.851810 571.055877 782.863441
22.868230 570.857449 788.959834
22.884640 571.657928 791.207498
22.901250 571.450894 790.567809
22.917540 571.504591 786.184406
22.933960 573.965962 778.161821
22.950380 577.988066 765.952695
22.966800 589.717425 748.783636
22.984010 617.415081 729.751758
22.999630 649.144331 711.917995
23.016170 669.115219 695.374211
23.048890 675.735173 683.840240
23.065430 671.801394 680.246043
23.081790 662.301242 681.185811
23.098270 652.243969 684.565330
23.114690 643.393925 691.017023
23.131160 637.175536 701.200642
23.147520 635.944698 715.470030
23.163880 639.706333 732.465464
23.180360 644.268468 748.838694
23.196720 646.966169 759.754273
23.213260 648.070570 761.726476
23.229680 647.916038 755.566397
23.246030 647.331866 745.360753
23.262510 647.301850 735.168572
23.278930 647.741537 726.344408
23.295290 651.665608 717.222833
23.312070 665.176410 708.474176
23.328310 686.784899 704.446413
23.344670 707.426482 705.895246
23.360960 721.227522 710.626784
23.377560 728.304968 716.742298
23.393920 730.456383 720.568969
23.410400 729.228632 719.780089
23.426760 726.550050 717.163359
23.443240 723.190639 714.880825
23.459720 717.840988 714.513558
23.476200 710.326367 718.393258
23.492550 703.931271 720.870208
23.508910 701.505499 713.679911
23.525330 702.045655 698.819016
23.541810 705.988397 689.650727
23.558290 713.944614 697.318189
23.574650 721.342382 717.132620
23.591000 725.511595 738.105448
23.607480 728.515248 754.501388
23.624080 732.017640 763.998242
23.640930 736.726785 764.336709
23.656920 743.772832 755.869427
23.673460 752.462540 744.961813
23.689700 757.017122 737.455964
23.706240 743.168403 735.360412
23.722530 704.173381 739.498248
23.739070 651.757787 746.852137
23.755370 599.488993 754.593790
23.771970 558.655288 763.482634
23.788270 534.461818 770.166002
23.804690 523.145513 771.049218
23.820980 519.575486 768.348206
23.837710 518.497857 765.424070
23.854060 517.598511 764.871036
23.886780 515.201560 767.739029
23.903380 509.410571 773.128324
23.919800 504.388643 778.899673
23.936160 504.739506 780.984622
23.952510 510.416111 777.075598
23.985410 517.298388 768.615678
24.001770 520.809233 758.910874
24.034670 521.184200 752.942922
24.051030 517.844745 749.282840
24.083860 510.834020 745.031525
24.100400 505.930154 745.146879
24.133120 510.462771 748.005783
24.149600 529.978447 745.947399
24.182500 559.729403 740.350327
24.198970 589.630061 735.594056
24.231750 610.919979 728.366170
24.248290 619.109823 715.896161
24.281130 620.689867 705.180282
24.297490 621.157666 704.469690
24.314030 620.931233 713.886402
24.330380 616.898475 727.865443
24.346800 606.695851 740.810251
24.363160 596.791120 750.194378
24.379640 592.051815 757.691424
24.396060 590.918501 766.518335
24.428890 592.762950 774.344969
24.445370 598.062548 774.322802
24.478150 599.275057 772.105713
24.494570 588.032824 779.698684
24.510990 570.026506 793.549827
24.527530 556.252332 802.236071
24.543880 548.905954 801.774785
24.560420 542.385617 796.655582
24.576780 534.984072 792.833068
24.593140 528.846277 791.901253
24.609680 524.476176 791.687511
24.626280 523.733475 790.868667
24.642580 527.829255 792.349299
24.659000 533.908806 800.162599
24.675600 540.313067 809.658016
24.691770 544.957646 814.442122
24.708130 542.998736 816.177758
24.724550 532.074888 820.020130
24.741030 511.476138 831.897403
24.757510 484.998474 849.608781
24.774050 460.691460 863.851270
24.790410 443.484117 871.359764
24.806700 434.433887 876.052609
24.823180 433.554302 881.146756
24.841130 439.642030 887.317949
24.856020 448.825899 894.600476
24.872500 456.378802 898.557860
24.888850 459.832959 894.968301
24.905270 459.801336 887.188511
24.921810 460.178929 878.837288
24.938170 465.659226 872.081195
24.971010 484.594477 865.337329
24.987550 523.242255 853.390249
25.020260 560.470874 843.788680
25.036740 572.089028 842.118773
25.053160 565.984208 837.723432
25.069820 559.640269 826.559344
25.086060 556.592605 816.843888
25.102420 549.847769 814.971238
25.118900 538.860809 814.938831
25.135250 528.576887 808.935815
25.151730 520.658826 801.449619
25.168150 515.685821 800.719217
25.184750 512.897048 809.320682
25.200990 511.806757 823.955273
25.217530 514.566427 841.504467
25.233890 521.587238 860.277196
25.266780 526.382276 875.396398
25.283080 522.547858 883.952125
25.315920 512.337276 890.637404
25.332520 503.205745 895.952353
25.348880 499.223161 893.657946
25.365300 499.209416 886.132740
25.381710 500.137715 882.417240
25.398190 499.484593 885.465416
25.414610 497.576696 893.123623
25.431030 496.675331 903.921585
25.447570 497.948298 915.935771
25.463930 502.609449 923.738831
25.480290 511.047871 920.986060
25.496700 519.790584 908.353390
25.513310 523.250471 895.685595
25.529660 518.401509 888.747661
25.546200 508.438107 882.617539
25.562440 502.885410 877.919069
25.578920 507.994496 879.540046
25.595280 518.450395 884.656788
25.611820 525.951035 888.839339
25.628300 528.507868 891.209151
25.661010 527.182818 893.404985
25.677490 520.829466 895.694053
25.710390 510.317337 897.584469
25.726810 499.445723 899.559567
25.759640 495.133786 902.440414
25.775880 502.398442 906.679707
25.808900 514.685820 906.726835
25.825260 524.053493 896.878860
25.858150 530.183708 883.398246
25.874630 538.129696 875.779766
25.891300 551.100456 874.890919
25.907650 562.613788 875.775960
25.924070 565.481326 872.385511
25.940310 561.615641 861.877156
25.956790 555.092026 852.539967
25.973020 547.700572 848.043992
26.005860 543.381440 842.719529
26.022640 545.646207 840.946726
26.039250 552.080926 844.477915
26.057430 559.038880 851.455162
26.072200 567.261019 862.754454
26.088380 578.276245 874.231231
26.104800 589.158612 883.715529
26.120970 599.234858 890.025950
26.154170 610.467722 890.724608
26.170530 618.460700 886.472860
26.203430 621.361561 879.040057
26.219970 624.954466 872.439207
26.236330 631.916321 870.086753
26.252930 640.863181 868.636998
26.269290 650.844316 865.042107
26.285520 659.845368 861.701698
26.301760 667.434591 860.934602
26.318180 675.912313 862.077516
26.334660 684.989298 863.393701
26.351010 694.650669 866.242755
26.367610 707.420317 872.284947
26.400390 721.932885 878.014437
26.416810 731.429825 879.593763
26.433170 731.374123 877.137541
26.449650 726.567063 875.188156
26.465880 723.951840 877.157266
26.498960 707.350674 879.501369
26.515320 655.694383 879.728370
26.531800 587.096369 880.063225
26.548220 533.728437 886.037024
26.564700 507.992903 902.664792
26.581050 505.416974 925.875508
26.597350 514.665179 946.520015
26.613890 526.765566 957.547778
26.630310 536.309141 956.947597
26.646790 540.671315 947.558131
26.663150 538.808052 937.310596
26.679630 532.145265 935.643013
26.695980 526.785329 938.567965
26.712340 526.361183 938.517586
26.728880 527.027194 939.168650
26.745240 526.649338 941.397158
26.761660 523.822893 940.259465
26.778140 515.309805 934.286733
26.794560 503.957404 928.332248
26.812380 496.064595 929.099624
26.827580 494.256423 936.765546
26.843870 497.400147 943.859600
26.860290 503.260517 944.192632
26.893190 508.554780 941.526728
26.909670 512.201147 940.795464
26.942440 517.838098 940.721345
26.958860 525.940877 940.665540
26.991700 532.541257 941.447097
27.008120 534.736681 942.728027
27.041080 531.249327 943.085630
27.057370 524.063616 942.478771
27.090270 518.941533 941.372466
27.106870 516.202190 938.862166
27.123170 509.947784 936.976467
27.140630 501.851992 935.100457
27.156250 496.995966 931.511731
27.172420 494.971375 930.906182
27.188900 499.107000 927.318919
27.205260 515.053168 893.372680
27.221680 538.215469 818.020715
27.238280 563.476669 694.611645
27.287350 591.862323 515.627326
27.303890 618.896745 332.079381
27.320430 638.347034 199.864289
27.336730 650.186250 126.157465
27.353150 657.728694 97.836363
27.369570 663.288844 99.395084
27.385990 667.382267 116.163341
27.402400 669.560752 133.228630
27.435300 668.451373 141.726352
27.451780 661.276382 148.424872
27.468140 647.345086 168.467443
27.484560 629.423123 200.772960
27.501040 611.987081 235.972421
27.517400 601.293885 269.506560
27.534060 595.273330 295.602184
27.550290 587.206320 309.604582
27.583190 579.513577 316.385345
27.599550 575.894216 323.136845
27.616030 575.185002 328.976620
27.632390 575.247191 335.838440
27.648860 574.934949 349.216044
27.665100 574.829760 367.737672
27.681760 578.506504 385.604355
27.698180 588.314636 398.071080
27.714660 599.563283 403.540890
27.731020 606.862551 399.883010
27.747440 612.981186 392.418841
27.763920 623.703343 393.798527
27.780270 635.507966 390.351314
27.796750 641.226683 361.391619
27.829530 641.046778 321.625322
27.846010 638.433192 290.942200
27.862430 635.177052 270.375716
27.878910 632.483774 256.745958
27.895200 631.788735 249.760936
27.911800 633.275141 249.178436
27.928160 634.384887 245.755371
27.944520 632.305431 229.253610
27.961060 627.996461 207.021005
27.977420 624.899947 195.688231
27.993840 623.487670 206.944117
28.010250 621.030339 240.275312
28.026670 616.461888 276.169234
28.043090 610.960026 295.056806
28.059390 606.613060 296.743812
28.076050 606.450917 287.063995
28.092410 610.093024 271.952211
28.108890 612.167510 259.706712
28.125240 609.048362 235.208279
28.141660 600.895675 179.118163
28.174560 592.169798 110.922169
28.190980 585.635663 55.545118
28.223940 580.704714 19.069898
28.240300 577.473821 1.387767
28.256650 572.899528 -1.918681
28.273130 569.383204 4.291853
28.289550 571.447941 17.250951
28.306150 574.927755 35.203326
28.322390 585.434827 71.293446
28.338930 614.199864 136.749583
28.371580 649.913855 212.441042
28.388310 675.453366 276.869058
28.421260 688.203943 321.423099
28.437560 691.025061 346.204729
28.453860 688.809187 356.013129
28.470580 684.516838 354.732929
28.486690 678.072241 348.243252
28.503110 671.349352 340.839472
28.519530 668.006401 330.491858
28.535950 668.890650 316.178583
28.552430 670.214411 301.591253
28.568910 670.606377 282.728179
28.585270 671.567685 252.314263
28.601620 672.616191 213.473388
28.618350 673.056602 179.347232
28.634520 672.960976 166.587122
28.651000 672.463106 183.503865
28.667360 672.992828 218.765604
28.683900 674.018992 253.393104
28.700260 672.149459 280.199437
28.716670 671.589660 292.152944
28.733280 687.788529 285.999264
28.749570 726.674508 277.636407
28.765990 772.043998 280.339669
28.782350 806.471127 293.158383
28.815250 826.676914 308.505978
28.831670 837.882929 320.218548
28.864560 842.315082 326.525108
28.881040 839.773812 328.684634
28.913760 834.276388 330.049950
28.930240 830.059298 331.694546
28.963260 828.654482 333.167356
28.979550 833.066021 329.087142
29.012450 854.164813 304.666367
29.028930 895.568212 254.939263
29.061650 936.832110 218.354660
29.078130 956.627719 233.635397
29.112610 953.921983 277.270224
29.127500 942.296200 315.919654
29.160280 935.480769 345.745396
29.176820 930.766384 352.948572
29.209590 919.260268 324.410616
29.226200 913.734285 268.999550
29.242430 932.612239 194.529351
29.258730 960.371413 116.598275
29.357420 960.076510 61.120005
29.373960 910.477416 40.346850
29.390260 823.991649 49.185129
29.406800 736.504487 77.178034
29.423160 672.973597 113.640632
29.439510 636.927422 147.721610
29.456180 623.066869 177.116007
29.472410 624.201571 200.993425
29.488770 632.899268 212.771301
29.505310 642.991384 211.845423
29.521670 651.962552 202.787596
29.538150 659.452133 185.526549
29.554500 661.813178 163.399117
29.571040 654.526390 146.861378
29.587340 640.580812 141.738632
29.603820 630.176591 146.276020
29.620300 636.933920 153.023854
29.636660 664.557899 157.650674
29.899540 701.038196 156.185489
29.981630 732.996895 135.216072
30.014650 749.409593 98.230092
30.030940 746.950424 66.155598
30.096620 735.904908 43.978787
30.293760 726.247849 46.991950
30.311340 709.633851 123.876537
30.326660 674.225731 277.797892
30.343320 631.756835 440.655407
30.359500 598.544732 556.330852
30.375920 575.840692 610.050503
30.392400 556.014350 618.002593
30.408630 532.427971 613.161730
30.441650 511.512138 604.612853
30.458130 508.074364 581.256376
30.491090 521.797492 554.674839
30.507390 536.115150 539.308238
30.540280 543.562360 528.762631
30.556820 543.540173 527.600162
30.589540 534.102727 542.001864
30.606020 519.425780 560.708893
30.640440 508.170313 573.708861
30.655270 505.028259 576.648860
30.688170 507.989032 572.441633
30.704530 512.523269 568.258749
30.737430 515.594648 567.057433
30.753720 518.205898 570.898296
30.786680 520.296154 578.230081
30.802980 521.055407 582.867382
30.835940 525.127893 581.534649
30.854130 535.605194 575.622712
30.885440 551.513216 567.404942
30.901790 571.525326 559.625598
30.934570 589.389765 554.944208
30.950810 599.005025 553.390339
30.983890 601.979234 553.081313
31.000310 602.548254 553.990272
31.033140 602.514857 559.361233
31.049680 601.252966 567.119938
31.083620 598.858718 571.868738
31.098940 591.212765 581.310466
31.131650 573.097473 601.362793
31.148190 553.751188 623.569915
31.182070 541.260743 645.543161
31.197330 529.544558 668.098331
31.230220 517.030317 681.831615
31.246460 509.650220 680.970927
31.279720 507.458955 673.052333
31.296200 505.486475 666.479314
31.329100 504.774844 661.192496
31.345280 507.874408 658.925634
31.378050 510.186575 664.229340
31.394650 508.190079 673.230816
31.410890 504.298824 683.417295
31.427550 505.575793 692.215780
31.443790 525.995284 687.077731
31.460270 569.720027 661.944424
31.476680 615.486265 630.051654
31.493040 641.503856 605.765634
31.510500 647.260386 589.379453
31.525880 644.885083 574.291777
31.542300 643.440060 559.336389
31.558780 642.258667 549.977292
31.575320 642.921601 545.635595
31.591670 648.656348 541.624162
31.624510 655.249879 539.474457
31.641050 660.211980 541.522058
31.657410 664.598408 544.871618
31.673770 668.680970 547.926900
31.690310 671.660372 554.436412
31.706670 671.721522 566.022187
31.723210 668.950754 571.675516
31.739500 658.525101 561.487339
31.755920 634.648819 542.602170
31.772460 604.109476 523.734408
31.788760 577.416745 507.785054
31.821840 557.037239 496.150530
31.838500 540.761454 488.359358
31.870910 530.992254 482.752648
31.887450 530.847399 478.298443
31.920100 535.697548 478.317521
31.936770 539.134324 484.020535
31.969730 540.184392 491.780649
31.986080 540.054198 500.787901
32.018800 538.262531 510.130359
32.035160 535.286613 516.905533
32.051820 533.564574 522.655473
32.068050 532.266358 530.538581
32.084720 530.534698 539.476713
32.101010 532.184811 547.944799
32.117370 536.124771 556.963506
32.133790 536.613360 568.508135
32.150270 532.910397 583.736661
32.166990 530.666432 596.798027
32.183040 533.801788 604.150229
32.199580 538.785826 612.782712
32.215880 543.461040 629.162171
32.232420 546.269108 652.946202
32.248900 542.642020 674.631447
32.265320 535.699237 684.495065
32.283630 532.606040 680.902901
32.298030 534.022516 669.383452
32.314700 536.962677 660.979158
32.330870 539.794214 663.452826
32.347410 542.576942 673.789977
32.363650 544.065998 682.702884
32.380190 544.208577 684.173900
32.396730 545.648764 678.497069
32.413210 548.689271 660.108993
32.429500 556.404084 610.452185
32.445860 572.898153 529.637914
32.511780 595.542814 432.290827
32.528140 620.835443 329.602103
32.544560 644.724261 253.100438
