0.049320 713.503357 932.042571 0.229980 773.142683 0.082030
0.361330 641.138000 162.294000 0.016600 95.399944 0.016110
0.394040 618.045200 254.856800 0.082520 182.078010 0.032720
0.509280 764.790276 147.068653 1.774170 28.446751 0.016350
2.299800 747.478231 124.496308 0.229990 330.558918 0.953120
3.482910 563.535615 399.149385 0.229980 174.876439 0.016110
3.729000 700.849286 290.859381 0.788820 223.433473 0.032720
4.550540 924.235813 295.439375 0.821530 259.525053 0.065670
5.437740 668.968024 342.254000 1.544190 322.803822 0.049320
7.031250 825.435000 624.602000 0.246340 269.338828 0.049310
7.326900 975.105217 400.677391 0.394290 433.033946 0.065680
7.786870 547.043000 335.247000 0.032710 135.406253 0.016600
7.836180 571.641528 468.400167 1.215820 42.842309 0.016360
9.068360 576.249000 510.994000 0.690180 526.559030 0.032480
9.791020 861.543000 68.420000 0.295890 505.552186 0.049320
10.136230 619.549288 512.291667 1.133550 49.419641 0.016350
11.286130 583.381333 545.969255 1.215820 17.524976 0.016360
12.518310 599.963190 551.640833 1.412840 72.782537 0.016360
13.947510 589.145568 623.614973 0.673580 133.274603 0.016360
14.637450 592.694800 756.842308 2.628420 52.421842 0.032960
17.298830 645.099000 758.202230 1.347410 100.667919 0.032960
18.679200 581.327467 836.094600 0.525390 135.758435 0.016360
19.220950 704.930500 892.243000 0.032960 131.008120 0.016600
19.270510 703.265067 761.245467 0.246340 399.417873 0.344970
19.861820 1092.216000 670.406000 0.016350 366.919096 0.032960
19.911130 743.756955 785.323000 0.377690 107.310173 0.016600
20.305420 657.069975 848.575200 1.691890 25.465348 0.032960
22.030270 656.659586 874.037241 1.577150 120.076489 0.377930
23.985350 569.897422 957.047422 0.804930 265.316875 0.016360
24.806640 519.539638 1217.541448 1.035160 268.905865 0.049070
25.890870 626.676140 970.899736 2.924320 211.840995 0.016350
28.831540 838.517134 970.901701 1.117190 168.618401 0.032720
29.981450 686.457600 1043.771882 1.790770 122.175478 0.016350
31.788570 803.757500 1009.602000 0.640870 317.856346 0.394290
32.823730 542.690246 1190.920906 3.745610 221.599750 0.016350
36.585690 719.992500 1057.991000 0.328620 152.295699 0.032710
36.947020 594.313888 1144.007663 1.626470 103.219550 0.016600
38.590090 697.463624 1140.211952 2.119380 680.160598 0.410400
41.119870 858.007000 479.270000 0.017090 834.949368 0.081300
41.218260 505.566400 1236.188800 0.246580 116.036923 0.410890
41.875730 531.964850 1349.183000 0.689940 682.790829 0.065680
42.631350 820.318000 730.268000 0.016360 583.353710 0.328610
42.976320 981.257000 1290.982000 0.016360 320.092186 0.032950
43.025630 661.791651 1311.004444 1.215580 160.270493 0.032960
44.274170 509.151889 1359.868889 0.180910 255.067737 0.328610
44.783690 761.523500 1396.857000 0.049070 112.893842 0.016610
44.849370 700.523827 1301.861951 1.478270 147.819743 0.344970
46.672610 564.491581 1359.705742 0.591550 252.967428 0.016360
47.280520 816.272000 1335.228400 0.198730 331.311373 0.064210
47.543460 532.104857 1505.570000 0.114990 289.655038 0.032960
47.691410 489.858269 1219.012385 0.427000 497.029667 0.032960
48.151370 608.360959 736.316204 0.870600 224.047914 0.032960
49.054930 702.142774 939.792097 1.133300 175.289037 0.016600
50.204830 534.403500 990.682000 0.114990 771.212605 0.032960
50.352780 369.563000 237.292000 0.279060 775.035299 0.049310
50.681150 531.377500 995.247000 0.032960 259.843724 0.050290
50.764400 738.860343 838.819284 1.132570 652.116375 0.065680
51.962650 569.794100 1468.638600 0.164300 123.990810 0.016360
52.143310 529.642933 1351.328733 0.837890 469.018933 0.065680
53.046880 718.116833 921.844917 0.394280 442.763998 0.049320
53.490480 550.627385 1331.707385 0.919920 993.476400 0.049320
54.459720 501.670000 339.438000 0.312010 991.820042 0.049560
54.821290 658.023972 1318.856415 1.774170 104.933367 0.016360
56.611820 555.344816 1297.223053 0.673580 163.143799 0.016360
57.301760 718.488000 1297.671048 0.755860 169.600514 0.410400
58.468020 573.324280 1385.374119 2.037350 101.995483 0.016360
60.521730 647.283500 1315.138000 0.032710 113.531489 0.016850
60.571290 714.200077 1406.852615 0.426760 164.295534 0.016600
61.014650 741.370000 1568.886000 0.016360 208.287837 0.279540
61.310550 606.132276 1410.473308 3.072020 115.050065 0.032710
64.415280 517.605679 1483.955000 0.771980 167.555263 0.016600
65.203860 495.159654 1317.910000 0.476560 217.337278 0.032470
65.712890 619.687778 1496.034222 0.460210 159.090564 0.016600
66.189700 774.022526 1534.642421 0.344970 242.695486 0.049070
66.583740 543.287889 1459.392000 0.295900 315.880954 0.328370
67.208010 858.806000 1444.256000 0.016600 227.204907 0.032710
67.257320 635.653581 1486.976806 1.067880 43.979079 0.032950
68.358150 592.057197 1492.766000 1.149910 41.647393 0.016350
69.524410 605.930150 1532.034900 0.722900 83.892089 0.016610
70.263920 551.376038 1595.766615 0.443600 545.957921 0.344730
71.052250 1088.629000 1498.662000 0.016600 347.865792 0.032710
71.101560 749.086828 1574.304069 0.492920 134.407538 0.016360
71.610840 854.369000 1657.856750 0.148930 1168.363199 0.031980
71.791750 550.443000 529.716000 0.296380 1077.941470 0.081060
72.169190 532.176870 1607.502696 0.821530 502.760443 0.032960
73.023680 468.775000 1108.756000 0.328370 551.898311 0.032960
73.385010 606.587106 1643.171165 4.977540 353.740304 0.049560
78.412110 959.873894 1625.264511 0.837890 418.617988 0.098390
79.348390 551.678000 1718.093020 3.467280 128.144127 0.031990
82.847660 647.210493 1803.500630 2.039300 69.414137 0.030760
84.917720 596.217264 1850.596415 0.969490 175.215506 0.016350
85.903560 770.469815 1868.940954 1.083990 768.622148 0.065920
87.053470 590.562788 1121.670275 1.379880 424.896745 0.065670
88.499020 506.881714 705.095286 0.493170 278.655979 0.049070
89.041260 511.858313 426.483750 0.262700 500.323651 0.065670
89.369630 626.438898 913.510490 0.821530 98.182671 0.361570
90.552730 561.968150 987.560200 0.344980 184.900776 0.016600
90.914310 744.906000 960.689400 0.164060 436.394011 0.065920
91.144290 582.720711 555.552800 0.788330 382.964061 0.032710
91.965330 833.095880 265.770560 0.443850 139.648660 0.049070
92.458250 711.168556 333.854889 0.164310 669.697860 0.312250
92.934810 586.653667 991.875608 0.936530 222.673604 0.016360
93.887700 805.766000 952.210519 0.459710 300.341240 0.049560
94.396970 594.433516 1165.619613 0.574950 641.377521 0.065680
95.037600 486.440429 1797.840000 0.114990 0.000000 0.065680
