0.000000 52.688275 23.774068
0.016480 88.552118 41.497736
0.049190 96.859881 47.527780
0.065430 75.496501 39.206141
0.081910 44.562205 25.060583
0.098390 18.989117 13.313499
0.114870 2.356051 6.675387
0.131100 -5.287354 4.252093
0.147710 -6.361562 4.330731
0.164060 -4.093744 4.994381
0.180300 -0.851235 3.845357
0.197390 1.419461 0.055257
0.215820 1.834567 -4.697951
0.230100 1.146142 -7.767793
0.246460 0.047441 -8.331821
0.262940 -0.939180 -7.512643
0.279300 -1.941510 -5.884778
0.295900 -4.262625 -3.051345
0.312260 -8.121631 1.023134
0.328610 -11.693721 5.298794
0.344850 -12.536420 7.986773
0.361330 -10.114481 8.272600
0.377690 -6.249485 6.998204
0.394170 -2.793135 4.765483
0.410520 -0.643745 1.572797
0.427000 0.058832 -2.107283
0.443360 -0.426776 -5.292142
0.459960 -1.419455 -6.956864
0.476200 -1.650885 -6.691741
0.492680 0.065264 -4.742849
0.509160 2.817161 -1.961305
0.525510 3.270622 -1.304877
0.541990 -0.232251 -6.651520
0.558350 -5.198670 -17.047878
0.574950 -7.608957 -25.704731
0.591310 -5.942014 -26.353298
0.607670 -2.315202 -19.370794
0.624150 0.204426 -9.954383
0.640500 0.464958 -1.893020
0.657100 -0.484058 3.723442
0.673340 -1.212621 7.297875
0.689820 -1.344808 9.849267
0.706420 -1.448510 10.997348
0.722660 -2.307155 8.636479
0.739140 -3.965617 2.539943
0.755490 -5.540795 -4.266532
0.772090 -6.081953 -8.562324
0.788450 -5.529720 -9.462312
0.804810 -4.294594 -7.966174
0.821290 -2.413778 -4.854999
0.837650 -0.510352 -1.029083
0.854250 0.499628 1.876801
0.870480 0.822063 2.807612
0.887080 1.327918 1.750838
0.903560 1.877742 -0.488148
0.919800 1.100109 -2.862373
0.936280 -1.035690 -4.689613
0.952640 -2.659881 -5.536972
0.969120 -2.470810 -4.693629
0.985600 -1.004727 -1.194374
1.002080 0.273798 4.542638
1.018310 0.377974 9.504024
1.034790 -0.637994 10.028397
1.051270 -1.662035 5.881639
1.084350 -1.585332 0.801979
1.100590 -0.345365 -1.749420
1.133420 1.081750 -1.539504
1.150020 2.537789 -1.513395
1.166260 6.407163 -5.130789
1.182740 13.592072 -12.121049
1.199220 20.135189 -17.932062
1.215450 20.823825 -17.495641
1.232060 15.076600 -10.190371
1.248410 7.455003 -0.447595
1.264770 1.739102 7.020688
1.281250 -1.632118 10.289913
1.297610 -3.384365 10.107387
1.314330 -3.972545 8.410308
1.330570 -3.717899 6.638677
1.346920 -3.051343 4.820478
1.363530 -1.951452 2.314465
1.379880 -0.239525 -0.710350
1.396240 1.544854 -3.554263
1.412600 2.631736 -5.704654
1.429200 2.925552 -6.764219
1.445560 2.777865 -6.732212
1.462280 2.354824 -6.437895
1.478390 1.695930 -7.285823
1.495000 0.888556 -9.576684
1.511350 0.143347 -11.500762
1.527590 -0.397134 -11.263902
1.544070 -0.449891 -8.759568
1.576900 0.929709 -4.987154
1.593380 3.288281 -1.163372
1.609740 4.408772 1.909566
1.626220 3.354652 4.202509
1.642820 1.424931 6.012261
1.659180 0.534286 7.291879
1.675540 0.691693 7.988940
1.692020 0.817850 8.467486
1.708370 0.940470 8.729940
1.724730 0.900689 7.718080
1.741210 -0.059007 5.029992
1.774170 -1.792551 2.003944
1.790530 -3.201801 0.029316
1.806880 -3.718400 -1.273762
1.823360 -3.841497 -3.355444
1.839720 -4.127465 -6.208495
1.856450 -4.313049 -8.291590
1.872680 -3.530075 -8.133426
1.889160 -1.618908 -5.554757
1.905520 0.595942 -1.867598
1.921880 2.084409 1.527590
1.938480 2.584862 4.246352
1.954710 3.013703 6.118003
1.971310 3.022954 6.603719
1.987670 0.146636 5.974819
2.020510 -6.329182 4.984225
2.036870 -13.107635 3.997527
2.053470 -15.671248 2.823830
2.069700 -13.057054 0.983295
2.086430 -8.218413 -1.581215
2.102540 -3.664934 -4.760492
2.119380 0.072778 -7.294650
2.135500 2.677090 -6.960305
2.151860 3.621575 -3.195723
2.168460 3.318245 2.211685
2.184940 2.865501 6.751590
2.201290 2.592555 8.799021
2.217650 1.981886 7.626665
2.234130 0.897057 4.070794
2.250490 -0.643846 1.344651
2.266970 -3.448419 2.133478
2.283200 -7.308457 5.001809
2.299930 -9.989443 5.579422
2.316280 -9.770499 1.766729
2.332640 -7.304278 -3.822704
2.349120 -4.352885 -6.898584
2.365480 -1.878351 -5.588888
2.381960 -0.158015 -1.793091
2.398320 0.741104 0.460713
2.414790 0.753764 -0.930820
2.431270 -0.181226 -3.396837
2.464110 -1.273685 -3.115530
2.480590 -1.206157 0.650369
2.496950 0.172000 5.444663
2.513550 1.349394 8.902398
2.529790 1.140859 10.978328
2.546260 0.404276 12.192825
2.562620 0.368895 12.395912
2.578980 0.592107 11.197623
2.611940 0.682169 8.266739
2.628540 1.640945 3.791107
2.661130 3.869124 -1.063944
2.677610 5.839142 -4.672646
2.694090 5.571449 -6.480329
2.710570 3.491096 -8.044617
2.726810 1.546260 -10.475764
2.743410 0.285344 -11.991631
2.759770 -0.655331 -10.500029
2.776610 -1.203904 -6.520019
2.792850 -1.014675 -2.853182
2.808960 -0.331320 -2.079990
2.825440 -0.012510 -3.796064
2.841920 -0.057380 -5.015320
2.858400 0.962060 -3.295337
3.104740 3.890437 1.328774
3.121340 6.905555 5.528629
3.137570 6.969940 5.808118
3.153810 3.857575 2.611775
3.170410 0.337518 -1.373454
3.186890 -0.998495 -3.614884
3.203250 0.483075 -3.094029
3.219600 3.397283 -0.495022
3.236330 5.852291 3.115116
3.252690 6.579274 5.720797
3.269040 5.675681 5.580416
3.285520 4.542039 3.027413
3.301880 4.181439 -0.690697
3.318360 4.246005 -4.401004
3.334720 3.395761 -7.068279
3.351320 0.889315 -7.524454
3.367680 -2.307298 -5.340396
3.384030 -3.618741 -1.796953
3.400510 -0.539599 1.153581
3.416750 5.769084 2.385883
3.433350 10.742105 2.975092
3.449830 10.961732 5.989193
3.466310 7.621203 11.713389
3.482790 4.400195 15.303381
3.499020 2.124567 12.003286
3.515500 -0.205043 2.669587
3.531860 -2.000795 -6.890177
3.548460 -1.909052 -12.015290
3.564820 0.194554 -11.864112
3.597660 2.213375 -8.311352
3.614010 2.114147 -4.414613
3.646850 1.098210 -1.887687
3.663450 2.443885 -0.470699
3.696290 7.022052 0.515810
3.712770 11.261509 0.532139
3.745730 11.168631 -0.513550
3.761840 7.124793 -0.972638
3.778440 2.546452 0.715628
3.794800 -0.379576 4.829382
3.811280 -1.449386 9.533855
3.827760 -1.051681 12.082903
3.844120 0.155357 11.526387
3.860840 1.288848 8.551604
3.877320 1.613888 4.122528
3.893800 0.907961 -0.951436
3.910030 -0.037513 -5.515344
3.926390 0.368909 -7.700751
3.942990 2.748582 -6.447165
3.959350 5.888435 -2.813696
3.975830 7.601684 0.617459
3.992430 6.256244 1.824565
4.008790 2.640755 0.978775
4.025020 -0.616427 -0.748494
4.041500 -1.341712 -3.253933
4.057740 0.136757 -6.381497
4.073970 1.326770 -8.011985
4.090580 1.098850 -5.793797
4.106930 0.371049 -0.067425
4.123410 -0.116667 6.086810
4.139890 -0.259971 9.763183
4.156130 -0.270536 10.306350
4.172610 -2.240953 8.623340
4.189210 -8.741138 5.702062
4.205570 -19.043286 2.053046
4.221920 -29.606246 -1.763167
4.238650 -35.883526 -4.961247
4.255860 -35.346182 -6.939882
4.271120 -28.521712 -7.329131
4.287840 -18.080056 -5.843220
4.304200 -8.374563 -2.759496
4.320680 -1.956408 0.631855
4.336910 1.106752 2.923839
4.353520 1.748223 3.610196
4.369870 1.517527 2.731536
4.386230 1.149256 0.005222
4.402830 0.419889 -4.139297
4.419070 -0.831400 -7.825498
4.435550 -1.774918 -9.102303
4.452030 -0.844600 -7.246435
4.484990 2.358772 -3.507491
4.501340 6.358460 -0.098616
4.534060 8.822181 1.462316
4.550540 8.438822 1.155034
4.566770 5.761576 0.409071
4.583250 2.196250 0.631692
4.599850 -0.700199 1.815563
4.616210 -1.780283 2.841993
4.632690 -1.421417 2.768813
4.649050 -0.339766 1.527807
4.665530 2.296987 -0.122232
4.681880 6.737093 -1.236511
4.698360 10.928383 -1.450737
4.714970 12.224220 -0.696944
4.731320 10.152042 1.290111
4.747680 6.640513 4.127910
4.764280 3.175344 6.105877
4.780640 0.562005 5.768429
4.796880 -0.483068 3.561957
4.829960 -0.188866 1.166286
4.846070 0.707948 -0.108333
4.879150 1.600174 0.025488
4.895870 2.259390 1.135809
4.928340 2.725259 2.312743
4.944950 3.022015 2.653279
4.977780 2.994609 1.878570
4.994020 2.189013 0.191472
5.027100 0.461353 -2.221391
5.043460 -0.982369 -4.273130
5.059690 0.303343 -4.230569
5.076170 4.901254 -2.242398
5.092650 9.943199 -0.200205
5.109010 11.933979 0.216593
5.125370 10.047756 -0.673776
5.142090 6.151563 -0.946075
5.158330 2.091911 0.349618
5.174680 -0.981289 2.635582
5.191280 -2.286701 4.383357
5.224000 -1.962331 4.343671
5.240480 -1.032750 2.747990
5.273320 0.101307 0.881587
5.289920 2.237561 0.080020
5.322630 5.298889 0.483476
5.338990 7.541681 1.415778
5.355710 7.283788 2.324085
5.371950 4.913515 2.868302
5.388310 2.223137 3.185127
5.404910 0.070341 3.371778
5.421140 -1.393326 3.390093
5.437620 -1.695673 3.328211
5.470700 -0.814154 3.219319
5.487060 0.312314 2.659612
5.503420 0.750129 0.593106
5.520020 0.853962 -3.287967
5.536130 1.228616 -7.549875
5.552610 1.159620 -9.871731
5.568970 0.431652 -8.527470
5.585570 0.654609 -4.184437
5.618290 3.008624 0.183675
5.634770 5.962871 2.111308
5.651120 6.759002 1.920610
5.667600 4.946807 1.781719
5.684200 2.452458 2.703360
5.700440 0.715225 3.649793
5.716920 -0.443428 3.288159
5.733400 -1.492726 1.477173
5.749630 -2.034460 -0.456187
5.766110 -1.459356 -0.702716
5.782590 -0.195727 0.870925
5.798950 0.913219 2.177158
5.815550 2.049387 1.485476
5.831910 3.641655 -0.912815
5.848270 5.082073 -3.330500
5.864750 5.146733 -4.222238
5.881100 3.684471 -3.320104
5.914180 2.029271 -1.243634
5.930660 1.017332 0.520737
5.963260 0.138352 0.403953
5.979740 -1.037382 -1.265657
5.996700 -1.903922 -2.178563
6.012820 -1.682132 -0.255521
6.029050 -0.442465 3.591302
6.045410 0.426823 6.080773
6.062010 0.017720 5.209703
6.078370 -3.329886 1.718661
6.094730 -13.942472 -2.088780
6.111080 -30.758230 -3.748166
6.127930 -44.321072 -2.184555
6.160400 -45.390173 1.131466
6.177000 -34.547616 3.587568
6.209840 -20.895099 3.860607
6.226070 -10.257759 2.533477
6.259160 -2.883779 0.795959
6.275510 1.288386 -0.726821
6.308470 3.048895 -1.908051
6.324950 6.955747 -3.286107
6.357790 16.920816 -5.022475
6.374020 29.193069 -5.740596
6.406860 34.813233 -4.230359
6.423340 29.473873 -1.435681
6.456180 18.098019 0.502700
6.472780 7.763540 0.853859
6.489010 1.241477 0.595336
6.505620 -1.756208 0.933110
6.521970 -2.360957 2.271924
6.538330 -1.838103 3.950564
6.554810 -1.211068 4.686500
6.571170 -0.921665 3.491795
6.587650 -0.732697 0.626635
6.604000 -0.271248 -2.610311
6.620360 0.495574 -4.886562
6.636960 1.213537 -5.675417
6.653320 1.364240 -5.332056
6.669920 0.858750 -4.241613
6.702510 0.070131 -2.379612
6.718990 -0.499054 -0.038392
6.751950 -0.595207 1.477826
6.768190 -0.141821 1.294028
6.784790 1.382648 0.524150
6.801270 4.011701 1.168100
6.817630 6.478012 3.436283
6.834230 7.018801 5.027740
6.850460 4.945665 3.930765
6.866940 1.475310 0.923164
6.883300 -1.404931 -1.267808
6.899900 -2.158323 -0.996233
6.916140 -0.857352 0.710392
6.932620 0.742150 1.370834
6.948970 1.040712 -0.398903
6.965330 0.245209 -3.548258
6.981930 -0.115594 -5.891082
6.998410 0.363753 -6.381079
7.014770 0.651677 -5.292307
7.047610 0.581036 -2.847616
7.063960 1.397187 0.545707
7.098510 3.238462 3.487046
7.113530 4.436027 4.229077
7.146120 4.233567 2.725422
7.162600 3.559260 0.771413
7.178960 3.190003 -0.032726
7.195430 2.790758 0.996615
7.211910 2.106906 3.237277
7.228270 1.130712 4.914290
7.244750 -0.551526 4.963736
7.261110 -2.533851 3.889282
7.293950 -3.129846 2.258537
7.311280 -2.899733 0.401688
7.326900 -7.637965 -0.226277
7.343260 -20.925204 1.582053
7.359740 -36.153922 4.594794
7.376220 -42.016718 5.966647
7.392460 -34.689209 4.464707
7.409060 -21.094840 1.551064
7.441890 -9.227885 -1.277966
7.458250 -1.545644 -3.035009
7.474610 2.464648 -2.426175
7.491210 3.569188 1.206835
7.507570 2.770137 6.101647
7.524050 1.427158 8.340462
7.540410 0.398156 6.406289
7.556880 -0.383172 2.946738
7.589600 -1.032011 0.915883
7.606080 -1.241640 0.422006
7.622440 -0.920236 0.052301
7.640500 -0.669386 -0.402423
7.655640 -1.186174 -1.083787
7.672120 -2.240365 -3.172174
7.688350 -2.985569 -6.825211
7.704710 -2.898588 -10.024950
7.721190 -1.874816 -9.791470
7.737550 -0.150436 -4.960710
7.754030 1.727449 2.276526
7.770630 3.048760 8.056976
7.787110 3.188796 9.980886
7.803470 2.082113 8.297129
7.819820 0.386358 4.565592
7.836300 -0.782173 0.255236
7.852540 -0.936858 -3.420472
7.869020 -0.848350 -5.344263
7.885250 -1.406896 -5.324511
7.901860 -2.402966 -4.147461
7.918210 -2.756757 -2.827903
7.934570 -1.907933 -1.969230
7.951050 -0.486270 -1.336910
7.967530 0.567586 -0.353687
7.984010 0.968077 1.208458
8.000370 0.978068 2.592076
8.016850 0.985791 2.575908
8.033200 1.036103 0.861733
8.049560 1.193568 -1.806337
8.066160 2.191613 -4.411021
8.082400 4.175690 -6.083301
8.099000 6.072036 -5.776084
8.115230 6.580100 -2.801965
8.131840 5.305088 1.377495
8.148440 3.118329 3.931970
8.181150 1.013796 3.577601
8.197630 -0.587051 1.564505
8.230590 -1.153475 0.058480
8.263310 -0.278346 0.126687
8.279660 1.057922 1.649487
8.297000 1.663244 3.167939
8.312620 1.264219 2.563200
8.329220 -0.103930 -0.181651
8.345460 -2.339339 -2.662182
8.362180 -5.088470 -2.352390
8.378420 -6.588260 1.059390
8.394650 -5.313386 5.504692
8.411130 -2.366397 8.195240
8.427490 0.040982 7.219140
8.443970 0.567204 3.030976
8.460330 -0.623673 -1.778008
8.476810 -1.941870 -4.736958
8.493290 -1.594329 -5.250387
8.526120 0.585359 -4.247297
8.542480 3.030825 -2.597830
8.558960 3.650680 -0.392655
8.575320 1.437665 1.840904
8.591800 -2.270228 2.971356
8.608150 -4.885490 2.659608
8.624760 -4.880209 1.433448
8.641110 -2.987142 0.028342
8.657710 -1.122170 -1.193601
8.674070 -0.125927 -2.012257
8.690430 0.115076 -2.143201
8.706790 -0.645615 -1.660008
8.723270 -2.311564 -0.705737
8.739990 -3.651600 0.615784
8.756470 -3.172084 2.049345
8.772710 -0.941726 3.305968
8.789180 1.406972 4.389926
8.805420 2.755340 4.911695
8.822020 3.362656 3.414205
8.838380 3.531177 -0.463971
8.854740 2.492337 -4.525234
8.871340 -0.152462 -6.115342
8.887820 -3.036307 -4.874339
8.903930 -4.233859 -2.532199
8.920530 -3.501440 -0.351744
8.936890 -1.761224 1.959526
8.954350 0.652339 4.714049
8.969850 3.254654 6.652451
8.986330 4.537664 6.162850
9.002560 3.172774 3.533322
9.019170 0.353120 1.567919
9.035520 -1.340916 2.421602
9.051880 -1.016141 4.659137
9.068360 0.525710 5.845882
9.084840 2.037645 5.286088
9.101320 2.723180 3.732057
9.117680 2.390041 1.943834
9.134160 1.189566 0.320301
9.150510 -0.676541 -0.450189
9.166870 -2.987230 -0.235372
9.183230 -4.824356 0.034055
9.199830 -4.725140 -0.628878
9.216310 -2.508418 -2.024434
9.232540 0.232225 -3.000153
9.265380 1.925485 -3.168906
9.281860 2.169229 -2.661483
9.298460 1.575058 -1.270042
9.314700 1.180712 0.751474
9.331050 1.517399 2.890855
9.347530 1.854904 4.979932
9.364260 0.943773 6.776965
9.380740 -1.069001 7.409941
9.397090 -2.570359 5.943762
9.413450 -2.747012 3.286726
9.429690 -2.230639 1.072887
9.446170 -1.588580 -0.636461
9.462650 -0.799695 -2.398388
9.479000 0.143819 -4.107485
9.495610 0.897351 -4.962517
9.511720 1.055130 -4.415514
9.528320 0.435696 -3.040490
9.544800 -0.852751 -2.003800
9.561040 -1.935341 -1.838802
9.577510 -2.002982 -1.862260
9.593990 -1.559963 -1.124689
9.610720 -1.636454 0.231073
9.626830 -2.053288 1.246375
9.643190 -1.207042 1.460150
9.659790 1.373707 1.196603
9.676270 4.046852 1.088872
9.692380 4.747275 1.546326
9.708860 2.752495 2.246146
9.725340 -0.458050 2.348367
9.758300 -2.699339 1.226745
9.774780 -2.845811 -0.706981
9.791140 -1.490565 -2.214641
9.807740 -0.253687 -2.662020
9.823970 0.174843 -2.338809
9.840330 0.322287 -1.647099
9.856810 0.725819 -0.624656
9.873170 1.324048 0.723203
9.889650 1.617439 2.061595
9.906250 1.411623 3.162044
9.922490 0.879389 3.851815
9.938840 0.360059 3.568167
9.955570 0.414618 1.914314
9.971920 1.456368 -0.774662
9.988400 3.585315 -3.742466
10.004760 5.997992 -6.115354
10.021240 7.302880 -7.349567
10.037600 6.820400 -7.620021
10.053830 5.065673 -7.327197
10.070430 3.344255 -6.258959
10.086790 2.077386 -3.777187
10.103270 0.518181 -0.412002
10.119630 -1.504192 2.283379
10.136230 -3.310184 3.563973
10.152470 -4.240295 3.758952
10.169070 -4.438161 3.338896
10.185550 -4.684060 3.583006
10.201900 -4.927860 6.872591
10.218260 -4.533275 12.901321
10.234620 -3.522815 17.266628
10.251100 -2.641864 16.175268
10.267460 -2.403266 10.778594
10.284060 -2.141570 5.217335
10.300420 -1.045047 1.616892
10.316770 0.548033 -0.386498
10.333250 1.638783 -1.419930
10.349850 1.568736 -1.727818
10.366330 0.700045 -1.505360
10.382930 0.173891 -1.059483
10.399170 0.642818 -0.821986
10.415410 1.420630 -0.994440
10.431760 1.246973 -1.443897
10.448240 0.109964 -2.246785
10.464840 -0.790282 -2.951124
10.481080 -0.916588 -2.426928
10.497680 -1.113494 -0.564375
10.514040 -1.597708 1.332486
10.530400 -0.708082 2.244247
10.546880 2.322191 3.053935
10.563230 5.533745 4.581699
10.579710 6.217297 5.365484
10.597290 4.042439 3.792065
10.612550 1.085946 0.619216
10.628910 -0.792599 -1.758629
10.645390 -0.925419 -2.154726
10.661620 0.214170 -1.345825
10.678220 1.428859 -0.302135
10.695070 1.751730 0.809081
10.711300 1.057707 1.611804
10.727780 0.203530 1.074973
10.744140 0.218119 -0.884994
10.760620 1.375255 -2.928575
10.777220 3.306747 -3.558451
10.793580 5.130334 -2.519153
10.809940 5.945848 -1.098142
10.828980 5.443748 -0.618089
10.842650 3.960401 -0.781418
10.858890 2.344452 -0.382545
10.875370 1.083923 0.819112
10.891970 0.009259 1.674144
10.908450 -0.894405 1.195014
10.924560 -1.118867 -0.040979
10.941040 -0.312219 -1.043196
10.957520 0.883381 -1.439202
10.974000 1.635522 -1.175941
10.990480 2.294468 -0.406538
11.006840 3.535484 0.650336
11.023320 4.955285 1.628581
11.039670 5.075404 2.007920
11.056150 3.046037 1.670844
11.088870 0.069004 0.987425
11.105350 -2.032230 0.260838
11.121950 -2.288777 -0.663024
11.138180 -1.135547 -1.672362
11.154660 -0.050687 -1.842746
11.187500 0.288744 -1.003787
11.203980 0.140639 -0.337697
11.236940 -0.520573 -0.785393
11.253540 -1.574947 -1.458558
11.269900 -2.072922 -0.509226
11.286250 -0.899573 2.021486
11.302610 1.394066 4.025678
11.318970 2.483145 3.766484
11.335570 1.371387 1.833728
11.351810 -0.478889 0.135801
11.368160 -1.305020 -0.548132
11.384640 -0.888094 -0.968951
11.401000 -0.150377 -1.756552
11.417720 0.136936 -2.080777
11.433840 -0.417475 -0.954590
11.450440 -1.464164 0.992069
11.466670 -1.830727 1.988554
11.483400 -0.715352 1.308732
11.499630 1.180593 -0.086819
11.515990 2.278530 -1.278660
11.532470 2.091455 -2.436340
11.548950 1.248303 -3.941005
11.565430 0.260559 -5.140526
11.581790 -0.328949 -4.867788
11.598140 -0.293195 -3.017219
11.614620 0.005356 -0.437310
11.630980 0.377535 2.332924
11.647710 1.102615 4.754437
11.664060 2.603577 5.805567
11.680540 4.298769 4.983397
11.696780 5.046741 3.144508
11.713380 4.538059 1.993190
11.729610 3.192687 2.095258
11.746220 1.839664 2.170525
11.778930 1.008933 0.873765
11.796020 0.634880 -1.766243
11.811890 0.421569 -4.056736
11.828250 0.059573 -4.237382
11.844850 -0.508687 -2.745943
11.861080 -1.125767 -1.505963
11.877560 -1.577328 -1.460288
11.893920 -1.380972 -1.582037
11.910400 0.014644 -0.489002
11.926760 2.129042 1.358672
11.943120 3.547487 2.360991
11.959840 3.315870 2.061031
11.976070 1.933111 1.709218
11.992550 0.726333 2.343864
12.009030 0.097810 2.839542
12.025390 -0.329288 1.685752
12.041990 -0.546668 -0.076235
12.074580 -0.354801 -0.043489
12.091060 0.276154 2.401681
12.107670 1.058292 5.524728
12.123780 1.467860 6.919653
12.140380 1.176764 5.551992
12.173220 0.206794 2.439742
12.189820 -0.824593 -0.396126
12.222530 -0.778582 -1.318792
12.238890 1.506023 -0.576765
12.271970 6.048244 0.092696
12.288330 10.770492 -0.321153
12.304690 12.580415 -1.339055
12.321040 9.972006 -1.489641
12.337650 4.724044 -0.288792
12.353880 -0.090279 0.872258
12.370360 -2.953716 0.970574
12.386840 -3.956810 0.426560
12.403200 -3.522733 0.024983
12.419680 -1.940188 -0.007305
12.436040 0.120219 0.218540
12.452510 1.830168 0.498560
12.469120 2.941905 0.291139
12.485470 3.433730 -0.215960
12.501710 3.028473 0.196442
12.518430 1.831514 1.697156
12.534670 0.953909 2.569178
12.569340 1.547461 1.109225
12.583980 3.288885 -2.000063
12.600460 4.569582 -4.431145
12.616820 4.055072 -5.086196
12.633180 1.971022 -4.529825
12.649780 -0.107600 -3.513258
12.666140 0.159875 -2.299212
12.682620 0.831981 -1.035875
12.698850 -5.907206 -0.058147
12.715450 -21.308342 0.530775
12.731810 -35.362999 0.914504
12.748170 -37.566030 1.117056
12.764770 -28.489349 1.259293
12.781130 -17.195005 1.432755
12.797490 -8.231948 1.262088
12.813840 -1.704962 0.496806
12.830320 1.808941 -0.437219
12.863160 2.761660 -0.914790
12.880000 2.322165 -0.839075
12.896240 0.958165 -0.410769
12.912840 -1.070901 0.349608
12.929080 -3.013020 1.406435
12.945680 -3.880541 2.461059
12.962160 -3.432999 3.236794
12.978390 -2.172920 3.857311
12.995000 -0.646916 4.508802
13.013550 0.093890 4.855015
13.027830 -0.684800 3.916647
13.044310 -2.030817 1.092685
13.060550 -2.429976 -2.399969
13.076900 -1.708728 -4.547933
13.093510 -0.943267 -4.749177
13.109860 -0.747776 -4.196750
13.126100 -0.654361 -3.617810
13.142700 0.053171 -1.816550
13.159180 1.284657 1.666977
13.175420 2.242792 5.053164
13.192140 2.368642 6.215931
13.208370 1.759501 4.952380
13.224850 0.967751 2.894906
13.241210 0.375769 1.249669
13.257690 0.030965 0.233644
13.274050 -0.117024 -0.242478
13.290280 -0.143892 -0.366611
13.306760 -0.114278 -0.313651
13.323240 -0.070177 -0.204050
13.339600 -0.032627 -0.102392
13.355960 -0.008283 -0.032533
13.372680 0.003880 0.004836
13.389040 0.007702 0.018570
13.405270 -0.014508 0.188047
13.421750 -0.065286 0.262977
13.438110 0.098182 -1.113427
13.454710 0.694825 -4.650371
13.471190 1.895882 -8.549568
13.487790 4.030636 -9.464398
13.504030 6.537495 -5.828193
13.520510 8.050845 -0.024517
13.536990 7.553248 3.928000
13.553340 5.162310 3.794517
13.569700 2.084742 0.577656
13.586060 -0.951257 -2.688154
13.602420 -3.670005 -3.890267
13.619020 -5.526522 -2.922888
13.635380 -5.691821 -0.810916
13.651980 -3.168906 1.575916
13.668330 1.167220 3.285292
13.684810 4.165438 2.864105
13.701290 3.532762 0.108758
13.717650 0.356429 -3.118032
13.734130 -1.996991 -4.158128
13.750610 -1.730045 -1.980908
13.766970 0.136819 1.883897
13.783570 1.859442 5.150713
13.800050 2.486535 6.526291
13.816280 2.250388 5.867881
13.832890 2.319821 3.590779
13.849000 3.530946 0.598827
13.865600 5.288872 -1.954369
13.881960 5.973624 -3.311133
13.898560 4.539224 -3.580629
13.914920 1.858952 -3.058692
13.931400 -0.088593 -1.675668
13.947630 -0.126263 0.049268
13.964230 1.103484 1.043078
13.980470 1.990637 0.769451
14.000000 1.946230 -0.409269
14.013180 1.612060 -1.648732
14.029540 1.441390 -2.391854
14.046020 1.042410 -2.658023
14.062380 0.182363 -2.592098
14.078860 -0.601722 -1.925825
14.096920 -0.696478 -0.219533
14.111820 -0.565740 2.120094
14.128170 -1.772086 3.918099
14.144650 -4.544837 4.354198
14.161010 -7.125097 3.505807
14.177370 -7.702863 2.084137
14.193850 -6.100386 1.027599
14.210210 -3.552048 1.170649
14.226810 -0.797695 2.555133
14.243160 1.776663 4.393985
14.259770 3.622454 5.768208
14.276120 4.704655 6.131540
14.292360 5.287954 5.437628
14.309080 4.894648 3.961627
14.341800 2.218741 2.154723
14.358150 -2.771051 -0.048342
14.374510 -7.724542 -3.337286
14.390870 -9.677217 -7.715903
14.407350 -8.078169 -11.698062
14.425660 -5.174772 -13.316073
14.440310 -3.176028 -12.420770
14.456790 -2.602564 -10.684356
14.473140 -2.757030 -9.349194
14.489620 -3.019154 -8.176903
14.506100 -3.044182 -6.140038
14.522460 -2.230194 -2.901592
14.538820 -0.263514 0.924235
14.555300 2.108233 4.688787
14.571780 3.618750 7.620857
14.588130 3.556964 8.627820
14.604740 2.067487 7.526427
14.637570 0.183617 5.371122
14.653930 -1.033624 3.356807
14.670290 -1.532155 1.693863
14.686770 -2.057321 -0.024802
14.703130 -3.099517 -1.532393
14.719600 -4.072158 -2.237097
14.735960 -4.047399 -1.814861
14.752320 -2.976845 -0.416606
14.769040 -1.348818 1.009566
14.785280 0.593414 1.444936
14.801760 2.215350 0.185833
14.818120 2.375291 -3.471830
14.834590 0.821535 -8.809842
14.850830 -1.084135 -12.903678
14.867430 -1.634125 -12.807516
14.883910 -0.873773 -8.632519
14.900270 -0.049712 -3.948805
14.916750 0.290864 -2.007350
14.933110 0.120268 -2.932360
14.949580 -0.524562 -4.806271
14.965940 -1.296027 -5.952313
14.982540 -1.606955 -6.333202
14.998900 -1.087125 -6.265501
15.015260 0.113552 -4.913154
15.031740 1.399557 -1.753259
15.048220 2.354764 2.154352
15.064580 3.260224 5.059657
15.080930 4.425759 6.080716
15.097530 5.552541 5.804852
15.114010 5.840786 5.301828
15.130490 4.801206 5.036330
15.146730 2.956364 4.722802
15.163210 1.199402 3.748564
15.179570 0.187051 2.043581
15.196040 -0.049845 0.402655
15.212520 -0.161406 -0.381212
15.228880 -0.492313 -0.395667
15.245240 -0.653318 -0.577542
15.261840 -0.264282 -1.489869
15.278080 0.217793 -2.347205
15.294430 0.215435 -1.911422
15.327390 -0.533309 -0.220247
15.343870 -2.428056 1.419712
15.376830 -4.939833 2.149575
15.393190 -6.179335 2.162469
15.426150 -4.547646 2.028053
15.442380 -1.069593 1.812552
15.458860 1.056587 1.172859
15.475340 0.185848 -0.016086
15.491820 -2.307078 -1.481315
15.524540 -3.731973 -2.303281
15.541020 -2.594281 -2.039252
15.573970 0.010025 -1.672355
15.590330 1.924604 -2.164548
15.606690 2.191582 -2.729513
15.623170 1.412702 -1.706887
15.639650 0.581581 0.992989
15.656010 0.178339 3.749598
15.672490 0.369583 4.722236
15.688840 0.662251 4.019096
15.705320 -0.053308 4.174660
15.721680 -1.902338 6.209815
15.738160 -3.644227 7.766883
15.754760 -3.806684 6.168325
15.771000 -2.055998 2.237947
15.787480 -0.031560 -1.108971
15.803830 0.099495 -3.300872
15.820310 -1.617356 -4.657820
15.836790 -3.053082 -4.069199
15.853150 -2.643415 -0.633359
15.869510 -1.052359 4.565099
15.885990 0.678508 9.214792
15.902470 3.224862 11.420261
15.918820 6.415271 9.859128
15.935420 8.229546 4.662713
15.951900 7.373975 -1.815536
15.968260 4.523973 -6.660441
15.984620 1.687812 -8.643390
16.001220 0.285316 -8.253821
16.017820 0.198246 -6.182776
16.034060 0.681099 -2.948073
16.050540 0.928551 0.455444
16.066770 0.344880 2.653384
16.083370 -0.707303 3.045507
16.099610 -1.300940 2.218497
16.115840 -1.026988 1.272045
16.132450 -0.368055 0.817188
16.148930 0.231669 0.592650
16.165280 1.563768 0.167481
16.181880 3.805217 -0.406311
16.198120 4.697247 0.205290
16.214600 2.246371 3.464560
16.231080 -2.355922 8.574163
16.247440 -5.894049 12.840162
16.263790 -6.428560 13.723895
16.280270 -4.439483 11.034396
16.296750 -1.612589 6.472108
16.313230 0.063863 1.679944
16.329590 -0.333371 -1.824070
16.346070 -1.685176 -3.042042
16.362300 -1.979069 -2.023163
16.378910 -0.556012 0.267596
16.395260 1.180304 2.332531
16.411740 1.924931 3.203012
16.428220 1.495328 2.904251
16.444580 -0.017723 1.990334
16.461060 -2.146537 1.054751
16.477660 -3.967755 0.064592
16.493900 -4.499737 -1.602287
16.510250 -3.383056 -3.830098
16.526730 -1.236505 -5.146749
16.543090 1.121159 -3.999930
16.559570 3.009286 -0.581921
16.576050 3.901076 2.960767
16.592290 3.644374 4.516353
16.608640 2.519396 3.954561
16.625240 1.285070 2.875545
16.641600 0.653302 2.738669
16.658200 0.603480 3.157690
16.674560 0.493632 2.825720
16.691040 -0.305966 1.644670
16.707280 -1.948456 0.619883
16.724000 -3.259378 0.090026
16.740230 -2.280294 -0.972165
16.756590 0.819019 -3.020639
16.773190 3.458961 -4.926923
16.789550 3.678216 -5.468361
16.806030 2.378150 -4.602256
16.822270 1.459832 -3.551775
16.838750 0.923093 -3.596699
16.855220 0.178670 -4.928528
16.871580 -0.779593 -6.563408
16.888060 -2.064943 -6.898362
16.904420 -3.530962 -5.234648
16.921020 -4.489362 -2.105430
16.937260 -4.309520 1.847352
16.953740 -3.202101 5.843165
16.970340 -1.867732 8.630282
16.986570 -0.393028 9.013826
17.003170 1.152928 7.348794
17.019530 1.937760 5.196714
17.052370 1.407092 3.142847
17.068730 -0.058808 0.801713
17.101560 -0.864296 -1.764434
17.118290 1.074638 -3.841299
17.151250 5.194177 -4.862505
17.167600 8.256783 -4.675143
17.200440 7.996429 -3.570279
17.216670 5.312236 -2.223802
17.249630 2.775974 -1.148672
17.266240 1.153672 -0.372916
17.298830 -0.497216 0.210696
17.315430 -2.792549 0.487317
17.348390 -4.936300 0.596938
17.364750 -5.222777 0.646866
17.397710 -3.325864 0.350376
17.413940 -0.674034 -0.078889
17.446660 1.356382 -0.301062
17.463130 2.626149 -0.040987
17.479860 3.211756 1.280137
17.496220 2.564135 3.885153
17.512570 1.370135 7.078583
17.528810 1.907852 9.063344
17.545650 4.713878 8.170258
17.561770 7.465058 4.717277
17.578250 7.549697 0.896269
17.594600 4.760987 -1.115014
17.610960 1.310572 -1.095176
17.627560 -0.800556 -0.676817
17.643920 -1.082512 -0.644637
17.660520 -0.125402 -0.156890
17.676760 1.046085 1.055046
17.693240 1.807818 1.925860
17.709590 1.945345 1.258867
17.726070 0.469434 -0.416010
17.742430 -3.779191 -0.763935
17.758790 -9.301994 1.586446
17.775270 -12.102664 5.329511
17.791500 -9.931999 7.504283
17.807980 -4.723572 6.905727
17.824580 0.093350 4.927113
17.840940 3.047186 2.492356
17.857420 4.215310 -0.200509
17.873780 3.486947 -2.397047
17.890380 1.227382 -3.185764
17.906740 -1.320875 -2.482060
17.924560 -3.548439 -1.021907
17.939450 -5.744131 0.560685
17.955930 -7.768672 1.632808
17.972410 -8.542752 1.200732
17.988770 -7.262782 -0.723213
18.005250 -4.554338 -2.480195
18.021730 -1.670674 -2.564806
18.038090 0.650247 -0.757817
18.054570 2.200201 1.958638
18.070800 3.200585 4.012459
18.087400 4.092391 4.398551
18.103760 4.803782 3.233153
18.120240 4.624580 1.579999
18.136720 3.104743 0.529499
18.153200 0.949595 0.112573
18.169560 -0.673372 -0.536996
18.185790 -1.423384 -1.637704
18.202390 -1.699320 -1.917552
18.235230 -2.223527 -0.470371
18.251590 -2.913040 1.943701
18.268070 -2.371690 4.038339
18.284550 0.277039 5.006284
18.300900 3.711419 4.722953
18.317380 5.234217 3.511877
18.333740 4.128899 2.375937
18.350340 2.081991 2.251138
18.366700 -0.208065 2.631323
18.383180 -3.526931 2.581478
18.399660 -7.190614 1.900083
18.415890 -8.372945 1.664643
18.432370 -5.704417 3.748148
18.448730 -1.239237 7.997727
18.468630 2.081947 11.169564
18.481810 3.261381 9.932956
18.498290 2.890568 4.874098
18.514650 1.453594 0.215879
18.530880 -0.481029 -1.251598
18.547360 -1.873428 -0.653342
18.581300 -1.978812 -0.433360
18.596800 -1.073464 -1.493257
18.613040 -0.207394 -2.797910
18.629760 -0.186518 -3.249498
18.646000 -0.767175 -2.932547
18.662480 -1.134486 -2.556257
18.678710 -1.189847 -2.865901
18.695310 -1.142450 -3.943665
18.711790 -1.126837 -4.475033
18.728150 -1.750630 -2.732553
18.744510 -3.252141 1.355173
18.760860 -4.500291 6.197967
18.777340 -3.486784 9.954509
18.793820 0.001730 11.546698
18.810420 3.432564 10.867941
18.826660 4.787206 8.804756
18.843020 4.067450 6.667244
18.859620 2.310495 4.771351
18.875980 1.003765 2.792266
18.892580 0.993062 0.733393
18.909790 1.657870 -0.910981
18.925170 1.472273 -1.449803
18.941650 -0.121532 -0.780790
18.958010 -1.878943 0.463912
18.974490 -2.431648 1.392363
18.990840 -1.608903 1.747505
19.007450 -0.103142 1.996855
19.024170 1.338540 2.199946
19.040280 2.086279 2.119582
19.056760 1.998118 1.420361
19.073000 1.672821 -0.463385
19.089480 1.895287 -4.040674
19.105830 3.067724 -9.385766
19.122310 4.313602 -14.777456
19.138670 4.286884 -17.566818
19.155150 2.676354 -16.330643
19.171630 0.268660 -11.719607
19.187990 -1.576225 -6.421232
19.204470 -2.125465 -2.799665
19.220830 -1.675223 -1.244069
19.238040 -0.902832 -0.652939
19.253780 -0.119286 0.216131
19.270260 1.154484 1.032941
19.286620 2.459108 1.042126
19.302980 1.538210 0.510860
19.319460 -2.323693 -0.483007
19.335690 -6.563072 -1.764618
19.352420 -7.890921 -2.210492
19.368770 -5.765515 -0.795302
19.385250 -2.141499 1.948016
19.401610 1.396682 4.086970
19.417970 3.729948 4.670691
19.434450 3.871923 4.407043
19.450930 1.919594 3.840507
19.467410 -0.345861 2.276231
19.483760 -1.392707 -0.037763
19.500240 -1.962319 0.267665
19.516600 -3.347135 5.915168
19.532960 -5.059298 14.082808
19.549440 -5.140436 17.928185
19.565800 -2.968463 14.065409
19.582280 -0.248238 6.150214
19.598630 1.189818 -0.427924
19.615110 1.041776 -3.551587
19.631710 0.164551 -3.938726
19.648320 -0.489020 -2.737947
19.664670 -0.492706 -0.732329
19.681640 -0.269816 1.150986
19.697630 0.018149 2.058740
19.713990 1.418463 2.017909
19.730350 4.276360 1.661986
19.747070 6.780924 0.871491
19.763430 6.415262 -1.015262
19.782470 3.389750 -3.517459
19.796020 0.733984 -4.794951
19.812380 -0.052945 -3.491800
19.828860 0.054976 -0.393859
19.845210 -0.141351 2.265527
19.861570 -0.729684 2.950932
19.878050 -1.160992 1.965793
19.894530 -1.245851 0.705652
19.911010 -0.901108 0.257001
19.927370 0.008970 0.626736
19.943970 1.413332 0.839872
19.960210 2.739609 0.194161
19.976810 3.457807 -0.746202
19.993040 3.664615 -0.857568
20.009520 3.538914 0.249441
20.026120 3.249905 1.517294
20.042360 2.794210 1.690068
20.058960 1.825313 1.314050
20.075320 0.343046 1.452578
20.091670 -1.017867 1.796310
20.109250 -1.320730 1.562063
20.124630 -0.305866 0.884081
20.140990 1.199182 0.650197
20.157590 2.121946 1.005603
20.173950 2.618655 1.105728
20.190190 4.346002 0.140447
20.206790 7.778762 -2.055285
20.224730 10.819108 -4.452841
20.239750 10.710296 -5.318514
20.255980 7.175960 -4.168645
20.272460 2.900847 -2.387077
20.288820 0.256297 -1.276954
20.305300 -0.255715 -0.446994
20.321660 0.396030 0.941396
20.338010 0.597310 2.409245
20.354490 -0.464689 2.651222
20.370850 -1.419786 1.116516
20.387330 0.426336 -1.578249
20.403930 5.068362 -4.327760
20.420290 9.158105 -6.208872
20.437380 9.686764 -6.263728
20.453130 7.524676 -3.578538
20.469480 4.486578 1.206871
20.485960 -1.754336 5.968661
20.502440 -12.344976 8.685733
20.518800 -22.035396 8.754799
20.535160 -24.038801 6.959309
20.552000 -18.142912 4.079351
20.567990 -10.587246 1.172840
20.584590 -5.575723 -0.273501
20.601070 -2.359193 -0.022888
20.617430 0.388475 0.817900
20.633910 2.208668 1.210358
20.650150 2.799887 1.175048
20.666630 2.868428 1.002334
20.683230 2.835271 0.147465
20.699580 2.080288 -1.495140
20.715820 0.335084 -3.048382
20.732300 -1.321843 -3.769966
20.748780 -2.203605 -3.642419
20.765500 -2.256419 -3.152782
20.781860 -0.863101 -2.710037
20.798220 2.183012 -2.668343
20.814580 5.426995 -2.905831
20.830930 6.888895 -2.543925
20.847290 6.315931 -1.219450
20.863770 5.111473 0.472495
20.881230 4.190521 1.868211
20.896730 3.479704 2.728631
20.913210 2.688552 2.767650
20.929690 1.778478 1.916890
20.945800 0.988564 1.245676
20.962400 0.876539 1.731656
20.979000 2.370861 2.610211
20.995120 5.409972 2.014201
21.011720 8.281705 -0.433983
21.028080 8.815238 -2.821536
21.044560 6.283285 -3.317000
21.060910 2.457720 -1.742733
21.077270 -0.446671 0.782657
21.093750 -1.878643 2.842155
21.110230 -2.218909 3.690521
21.126830 -1.575840 3.461921
21.143070 -0.023958 2.793745
21.159670 1.737332 1.951480
21.176030 2.344244 0.407454
21.192260 1.225700 -1.385507
21.210820 -1.614066 -3.539348
21.225100 -7.011020 -8.652476
21.241700 -13.870377 -16.664359
21.257930 -18.417888 -22.756808
21.274660 -17.821600 -22.272498
21.290890 -13.063404 -16.168009
21.307250 -7.703510 -9.131841
21.323730 -3.661389 -2.900413
21.340210 -1.021207 2.653264
21.356690 0.126852 6.066724
21.373050 0.050175 5.846311
21.389650 -0.322170 2.740744
21.406130 -0.257680 -0.928791
21.422240 0.032569 -3.604213
21.438840 -0.197745 -4.860907
21.455200 -0.968406 -4.496362
21.471680 -1.450696 -2.588350
21.488040 -1.143194 -0.147463
21.504640 -0.408683 1.329266
21.521000 0.137432 1.298648
21.537840 0.309132 0.416421
21.554080 0.376764 -0.625104
21.570190 0.763699 -1.666279
21.586670 1.471262 -2.711154
21.603150 1.888767 -3.265709
21.619630 1.300382 -2.369518
21.635990 -0.129114 0.011167
21.652340 -1.353286 2.243462
21.668820 -1.782316 2.597945
21.685300 -1.839168 1.261180
21.701660 -2.000783 -0.251640
21.718020 -2.026545 -0.991178
21.734500 -1.571054 -1.355104
21.750850 -0.741083 -1.942313
21.783810 0.089804 -2.060263
21.800170 0.729918 -1.075736
21.816650 0.755706 0.364143
21.832890 0.258435 1.023687
21.849370 0.990773 0.233427
21.882320 3.752615 -1.250850
21.898930 6.573917 -2.471910
21.915160 7.144917 -3.196364
21.931640 6.022621 -3.963892
21.948240 5.389905 -2.777088
21.964480 5.073199 3.891407
21.981080 3.144444 12.020684
22.243770 -0.386015 13.122930
22.260130 -3.188685 4.079583
22.276860 -3.677327 -9.292758
22.293090 -2.558431 -18.450853
22.309330 -1.322055 -20.814020
22.325810 -0.310886 -16.978540
22.342290 0.445298 -9.259817
22.358760 0.068919 -2.351707
22.375120 -1.414827 0.535515
22.391720 -2.820402 -0.425698
22.407960 -3.281476 -2.413580
22.424440 -2.687897 -2.080438
22.440920 -1.339298 1.025830
22.457280 0.325654 3.944509
22.473880 1.092758 4.340912
22.490360 0.262049 2.902811
22.506590 -0.907034 1.778487
22.523440 -0.964355 1.683842
22.539430 -0.121894 1.651864
22.555910 0.307712 1.066064
22.572390 -0.425120 -0.211930
22.588750 -1.882339 -2.869418
22.605350 -2.122196 -8.143415
22.621700 0.834035 -16.075397
22.638180 6.024205 -23.094918
22.654540 10.022947 -23.264019
22.670900 10.572510 -13.632413
22.687260 8.844894 1.806124
22.703860 7.118901 14.779803
22.720210 5.782428 20.042111
22.736570 4.115512 18.255886
22.753050 2.001811 13.130644
22.769530 0.251928 7.843768
22.785890 -0.385153 3.575818
22.802250 -0.078121 0.323892
22.818970 0.393567 -2.430986
22.835330 0.439090 -4.674476
22.851560 -0.103783 -5.383247
22.868160 -1.355828 -4.230992
22.884400 -2.768460 -1.968287
22.901120 -2.881810 0.630074
22.917360 -1.082908 2.863934
22.933840 1.493711 3.860635
22.950070 3.270970 3.010316
22.966670 3.675471 0.992843
22.983150 3.038527 -0.995472
22.999390 1.688701 -2.534991
23.015870 0.073952 -3.370214
23.032350 -0.914344 -2.848687
23.048710 -1.035237 -0.425049
23.065190 -1.107792 3.263566
23.081670 -2.118371 6.898816
23.098020 -4.545860 9.772924
23.114380 -7.302660 11.216312
23.131100 -8.892586 10.416914
23.147340 -8.836006 7.539674
23.163820 -6.953527 4.065943
23.180180 -3.992718 1.563733
23.196660 -1.588166 0.062275
23.213010 -1.069825 -1.452867
23.229370 -2.151274 -3.133918
23.245970 -3.024974 -4.280843
23.262450 -3.066329 -4.460493
23.278690 -2.898483 -3.654409
23.295170 -2.150392 -2.595598
23.311520 0.042980 -2.564435
23.328000 2.975070 -4.694075
23.344360 4.420991 -9.307700
23.360960 3.101818 -14.441647
23.377440 0.003440 -17.116832
23.393800 -2.980275 -15.386980
23.410160 -4.522057 -8.893580
23.426510 -4.130697 -0.035760
23.442990 -1.971323 6.861842
23.459470 0.890524 8.456256
23.475950 2.954934 4.961409
23.492310 3.504655 -0.307538
23.508790 2.633241 -4.427415
23.525270 1.207079 -6.262726
23.541500 0.584035 -5.497907
23.558110 1.357896 -2.731264
23.574580 2.626068 0.258981
23.590940 2.617208 1.759001
23.607180 1.048769 1.773547
23.623660 -0.479789 1.469271
23.656490 -0.805478 1.382042
23.673220 -0.190236 1.271691
23.705930 0.269420 1.259004
23.725100 -0.043711 1.266540
23.738650 -0.871214 -0.539671
23.755250 -1.619025 -5.594760
23.771730 -1.867127 -11.780849
23.787960 -1.700076 -14.601831
23.804440 -1.294086 -11.847989
23.821040 -0.662230 -6.122026
23.837400 0.141376 -1.993574
23.853880 0.675078 -2.071838
23.870240 0.435132 -5.464692
23.886470 -0.484123 -8.706404
23.902950 -1.476384 -8.755283
23.919430 -1.836621 -5.364530
23.936040 -1.309328 -0.537520
23.952270 -0.307526 3.735380
23.968750 0.543755 6.387448
23.985110 1.088591 6.967803
24.001590 1.747020 5.887167
24.017940 2.531964 4.359428
24.034550 2.685679 3.034409
24.053100 1.633821 0.544722
24.067380 0.093941 -3.808779
24.083740 0.025170 -7.464625
24.100220 2.304887 -7.475813
24.116580 5.626422 -3.771242
24.133180 8.051064 1.115046
24.149410 8.573171 5.229671
24.165890 7.507693 8.082667
24.182370 5.429847 9.178158
24.198850 2.942820 8.070900
24.215090 0.822014 5.458059
24.231570 -0.623008 3.500576
24.248170 -1.349261 3.414550
24.264530 -1.284908 3.983680
24.297490 -0.574778 3.562304
24.313720 0.242691 1.609337
24.330200 0.755550 -1.285354
24.346680 1.055690 -3.959837
24.363040 1.359556 -5.652759
24.396000 1.878881 -6.039000
24.412350 2.547837 -5.414451
24.428830 2.944056 -4.195898
24.445310 2.665927 -2.348412
24.461670 1.733475 -0.622016
24.478030 0.578045 0.025509
24.494380 -0.560591 -0.405375
24.510740 -1.490806 -1.133559
24.527340 -1.941193 -1.046431
24.543700 -2.136364 0.010705
24.560180 -2.237857 1.209380
24.576660 -1.909247 2.014548
24.593020 -1.274985 2.254498
24.609500 -0.883260 2.451588
24.625980 -0.917809 3.944084
24.642460 -1.085494 7.166607
24.658810 -0.988386 10.445432
24.675170 -0.537998 10.866216
24.691530 0.170262 7.285938
24.709590 0.770504 2.048662
24.724370 0.854330 -1.368252
24.740720 0.863622 -1.218425
24.757320 1.453636 1.265791
24.773800 2.194429 2.842329
24.790160 1.999919 1.374667
24.806760 0.741920 -1.957200
24.823000 27.335306 15.827951
24.839360 -58.579500 -43.173560
24.855960 -131.944429 -92.922193
