0.000000 630.768000 487.652000
0.016360 628.830000 519.222000
0.050540 634.627000 551.012000
0.065610 667.063000 541.376000
0.082090 665.941000 525.448000
0.098510 672.435000 473.330000
0.114930 678.453000 529.452000
0.131350 677.331000 506.132000
0.147770 665.295000 457.556000
0.164250 648.329000 373.956000
0.180600 648.567000 381.546000
0.197140 670.038000 480.920000
0.213320 664.870000 512.622000
0.229800 667.114000 544.786000
0.246400 659.396000 488.708000
0.262700 653.208000 569.602000
0.279240 651.984000 553.894000
0.295590 479.094000 534.468000
0.312260 506.141000 531.124000
0.328670 502.894000 507.848000
0.344970 486.710000 472.208000
0.361570 463.063000 438.548000
0.379820 462.995000 438.108000
0.394410 482.035000 493.768000
0.411010 474.300000 496.122000
0.427310 475.286000 503.932000
0.443480 514.981000 510.708000
0.460140 480.624000 483.296000
0.476440 480.692000 483.736000
0.492980 471.682000 552.178000
0.509580 433.551000 470.822000
0.526310 436.458000 486.970000
0.542540 460.938000 471.086000
0.558840 454.597000 451.638000
0.575320 457.419000 468.380000
0.594240 456.773000 504.020000
0.608150 456.535000 492.954000
0.624690 453.696000 476.388000
0.641050 448.698000 368.742000
0.657470 447.763000 446.534000
0.673830 443.819000 421.828000
0.690490 427.499000 142.010000
0.706850 460.428000 1.892000
0.722900 459.714000 0.066000
0.739440 479.383000 48.972000
0.755680 468.996000 83.028000
0.772280 472.056000 102.300000
0.788820 450.840000 33.022000
0.805180 492.864000 30.756000
0.821530 491.572000 22.572000
0.837890 471.393000 54.626000
0.854430 457.606000 114.026000
0.870790 463.131000 153.516000
0.887450 490.161000 153.692000
0.903930 467.313000 210.452000
0.936340 453.662000 188.738000
0.953000 502.809000 199.518000
0.969420 501.840000 189.882000
0.985660 526.354000 145.926000
1.002260 541.603000 143.440000
1.018490 537.421000 104.632000
1.035160 495.312000 89.408000
1.051510 540.328000 32.824000
1.067810 538.339000 13.508000
1.100650 490.433000 53.130000
1.133540 504.441000 49.940000
1.150020 506.022000 59.928000
1.182740 520.081000 118.646000
1.199340 510.510000 34.892000
1.248600 775.030000 24.156000
1.265200 775.438000 59.862000
1.281490 738.565000 127.028000
1.297910 744.821000 119.900000
1.330990 741.166000 47.982000
1.347290 714.884000 21.340000
1.560850 719.508000 0.726000
1.577270 752.403000 74.800000
1.593810 795.685000 144.364000
1.609990 795.872000 154.176000
1.626530 769.913000 3.916000
1.692200 750.312000 4.246000
1.708800 750.737000 24.464000
1.741390 704.769000 21.934000
1.774410 709.835000 94.512000
1.790710 677.365000 96.382000
1.823550 667.403000 4.400000
1.839900 669.562000 23.848000
1.856510 668.525000 9.746000
1.889590 658.597000 21.912000
1.905760 659.600000 39.556000
1.922300 594.405000 94.006000
1.938660 594.677000 98.516000
1.954830 597.754000 132.198000
1.971560 591.413000 144.826000
1.987730 615.213000 151.470000
2.004390 613.853000 133.914000
2.020750 608.124000 133.694000
2.037350 601.732000 75.988000
2.053650 600.151000 56.364000
2.070070 577.524000 5.522000
2.086360 585.667000 34.496000
2.102840 587.350000 54.274000
2.119260 652.137000 143.440000
2.135740 676.022000 162.448000
2.152400 675.886000 152.878000
2.169010 638.265000 137.632000
2.185300 692.002000 52.558000
2.201840 690.387000 23.144000
2.218080 680.408000 17.512000
2.234620 660.875000 60.038000
2.250730 661.691000 70.070000
2.267150 650.148000 102.300000
2.283630 479.281000 149.226000
2.299930 483.208000 183.040000
2.316350 499.358000 297.220000
2.332760 475.048000 357.346000
2.349370 482.035000 402.314000
2.365780 495.856000 412.962000
2.382140 477.343000 343.002000
2.398680 464.610000 251.174000
2.414860 455.906000 145.464000
2.431520 452.982000 81.598000
2.447940 447.168000 42.834000
2.464360 419.407000 55.616000
2.480770 456.977000 198.858000
2.497130 464.831000 249.568000
2.513670 461.652000 269.918000
2.529910 467.925000 175.978000
2.546510 465.307000 157.212000
2.562870 465.834000 186.098000
2.579530 508.334000 202.488000
2.612300 491.538000 151.294000
2.628660 472.243000 162.932000
2.645080 473.246000 172.172000
2.661500 519.367000 194.744000
2.680360 492.252000 226.996000
2.694340 494.717000 245.498000
2.710820 599.403000 222.948000
2.727290 615.196000 196.086000
2.743470 614.618000 186.670000
2.760010 596.088000 164.956000
2.776370 588.999000 170.434000
2.792850 588.965000 169.906000
2.809270 595.306000 181.192000
2.825680 597.261000 205.898000
2.842290 598.859000 224.070000
2.858640 603.653000 228.646000
2.875000 613.139000 278.300000
2.893920 611.660000 260.612000
2.907960 774.809000 251.878000
2.924260 792.370000 260.568000
2.940730 792.200000 269.148000
2.957340 811.138000 230.538000
2.973510 778.124000 264.638000
2.990050 778.617000 273.878000
3.006530 769.114000 232.518000
3.022890 763.810000 221.276000
3.039370 763.028000 194.238000
3.055660 792.540000 186.956000
3.072080 796.059000 210.408000
3.088680 796.348000 219.956000
3.104980 922.420000 220.374000
3.121520 960.160000 229.196000
3.137880 959.208000 237.402000
3.154420 944.452000 217.888000
3.170840 954.924000 274.010000
3.187190 952.459000 309.782000
3.203670 959.514000 303.952000
3.220030 974.236000 295.240000
3.236690 976.769000 268.796000
3.252930 974.576000 235.488000
3.269410 965.413000 181.456000
3.285950 967.028000 154.242000
3.302000 959.276000 184.118000
3.318660 947.818000 192.258000
3.335080 947.954000 189.992000
3.351500 1056.907000 236.192000
3.367920 1049.920000 175.758000
3.400700 1045.568000 228.712000
3.416990 1027.956000 260.326000
3.433470 1025.457000 288.992000
3.449890 659.753000 170.126000
3.466550 505.121000 283.998000
3.482910 505.053000 283.492000
3.499270 513.196000 222.156000
3.515810 522.886000 238.062000
3.532100 520.710000 219.978000
3.550720 482.358000 255.904000
3.565000 503.523000 177.078000
3.581540 501.245000 158.884000
3.597960 485.860000 163.658000
3.614380 507.178000 182.952000
3.630680 508.164000 192.258000
3.647160 524.365000 179.058000
3.663640 530.196000 235.862000
3.680110 531.505000 245.058000
3.696590 437.427000 428.516000
3.712890 435.404000 403.700000
3.729370 432.480000 386.804000
3.745670 431.324000 345.400000
3.762150 403.750000 327.866000
3.778630 400.265000 308.440000
3.795040 438.124000 284.262000
3.811400 461.737000 279.202000
3.827880 462.723000 287.694000
3.844300 435.421000 282.920000
3.860780 447.185000 310.376000
3.877320 452.030000 339.064000
3.893920 453.628000 343.464000
3.910160 465.426000 357.082000
3.926570 461.618000 330.220000
3.942870 439.093000 265.342000
3.959410 465.358000 266.464000
3.976010 460.683000 237.138000
3.992130 443.496000 263.164000
4.008670 413.950000 275.638000
4.025150 418.574000 303.996000
4.041560 430.287000 310.816000
4.057860 437.461000 354.156000
4.074400 442.493000 382.316000
4.090820 429.624000 353.298000
4.107120 452.081000 380.996000
4.123660 451.996000 380.534000
4.139950 450.143000 344.762000
4.156430 451.299000 369.820000
4.189210 462.842000 349.756000
4.207820 461.941000 337.040000
4.222230 459.323000 320.166000
4.238650 517.225000 345.906000
4.255070 516.341000 344.608000
4.287960 521.764000 364.518000
4.304380 519.724000 326.436000
4.320740 517.259000 307.098000
4.337220 519.741000 269.852000
4.353520 498.780000 238.964000
4.369870 501.024000 255.970000
4.386540 499.188000 336.908000
4.402950 521.662000 376.530000
4.419430 524.824000 404.272000
4.435610 515.967000 401.126000
4.452150 513.978000 401.478000
4.468510 514.046000 401.940000
4.484920 549.151000 390.918000
4.501650 583.423000 420.904000
4.517880 582.913000 412.500000
4.534360 588.761000 420.552000
4.550780 589.322000 415.074000
4.567020 589.288000 414.612000
4.583560 587.486000 439.912000
4.600040 592.416000 477.290000
4.632750 604.537000 403.260000
4.649230 599.165000 451.154000
4.665770 597.584000 435.358000
4.682130 593.725000 349.910000
4.698550 591.991000 383.570000
4.714840 592.433000 391.402000
4.731570 589.424000 415.624000
4.747740 592.841000 456.236000
4.764470 594.014000 464.552000
4.781010 594.643000 400.642000
4.797180 600.797000 379.588000
4.813720 597.397000 343.662000
4.829900 830.093000 280.302000
4.846500 956.386000 295.966000
4.879460 1004.326000 292.138000
4.895750 1002.116000 325.666000
4.911990 1000.399000 344.366000
4.928650 955.638000 357.346000
4.944890 960.466000 340.274000
4.977840 950.419000 291.610000
4.994200 963.951000 346.390000
5.010740 963.016000 354.464000
5.027100 971.091000 299.684000
5.043640 962.217000 355.344000
5.060000 960.959000 372.328000
5.076480 965.991000 410.190000
5.092710 998.308000 379.698000
5.109250 999.396000 371.316000
5.125790 1034.756000 351.032000
5.142150 1042.950000 337.106000
5.158630 1043.596000 328.526000
5.174870 1064.999000 363.110000
5.192630 1025.882000 404.954000
5.208070 1024.097000 421.476000
5.224240 1041.029000 419.408000
5.240910 1039.006000 412.918000
5.257140 1040.281000 404.800000
5.273500 1035.776000 385.726000
5.290040 969.833000 391.314000
5.306520 971.142000 374.792000
5.322880 933.963000 342.078000
5.339290 920.805000 303.578000
5.355650 919.122000 334.752000
5.372250 950.504000 406.604000
5.388670 968.439000 515.460000
5.405030 967.504000 523.292000
5.421510 951.677000 493.152000
5.437870 973.777000 463.672000
5.454160 974.610000 458.150000
5.470830 1032.257000 413.908000
5.487120 1045.092000 410.102000
5.503540 1045.738000 401.324000
5.521360 1031.067000 397.166000
5.536560 1038.700000 412.258000
5.552920 1039.822000 405.020000
5.569270 1024.114000 414.722000
5.585820 1058.301000 398.992000
5.602290 1060.307000 382.602000
5.618840 1035.300000 459.206000
5.635010 1023.672000 414.832000
5.651490 1022.397000 422.576000
5.668030 565.743000 542.300000
5.684330 491.232000 591.184000
5.700810 492.881000 598.972000
5.717290 464.457000 566.654000
5.733580 501.024000 539.748000
5.750060 498.610000 524.106000
5.766420 501.092000 563.376000
5.782780 510.425000 523.996000
5.799260 512.669000 539.132000
5.815730 471.529000 499.026000
5.832150 490.739000 531.476000
5.865050 495.074000 508.442000
5.881350 434.894000 558.800000
5.897770 435.914000 566.610000
5.914120 455.345000 567.182000
5.930540 445.213000 588.764000
5.946900 449.888000 611.776000
5.963500 453.866000 683.804000
5.979800 461.890000 645.084000
5.996280 456.314000 615.010000
6.012760 467.262000 616.066000
6.029110 460.785000 577.236000
6.045530 458.167000 562.430000
6.061950 456.025000 592.570000
6.078490 454.801000 608.278000
6.111270 485.656000 605.088000
6.127870 515.168000 542.454000
6.144100 517.361000 557.414000
6.160640 524.229000 578.380000
6.177250 522.461000 593.626000
6.209900 530.332000 643.434000
6.226260 542.946000 603.240000
6.242740 540.940000 588.676000
6.258970 548.658000 592.900000
6.275570 533.783000 616.616000
6.308470 548.964000 576.576000
6.325010 552.126000 561.704000
6.357790 535.381000 559.768000
6.374150 529.907000 660.946000
6.392210 532.015000 674.938000
6.407100 459.170000 609.400000
6.423650 466.769000 669.262000
6.439760 465.800000 665.698000
6.456240 471.767000 617.716000
6.472780 475.354000 602.074000
6.489140 477.734000 615.780000
6.505740 462.179000 663.278000
6.522030 481.916000 683.914000
6.538390 484.041000 694.298000
6.554870 481.287000 652.696000
6.571290 475.082000 671.638000
6.587710 473.569000 664.950000
6.604060 471.971000 633.644000
6.620670 495.465000 626.780000
6.637020 496.927000 633.490000
6.653500 501.483000 586.652000
6.669860 492.320000 574.486000
6.686220 490.076000 560.626000
6.702760 452.013000 591.778000
6.719060 448.477000 597.828000
6.735780 450.211000 605.154000
6.752010 484.908000 533.896000
6.768490 482.987000 523.292000
6.784910 480.369000 507.078000
6.801390 482.596000 500.104000
6.817750 502.605000 494.912000
6.834350 500.310000 479.402000
6.850770 493.986000 516.362000
6.867000 491.096000 530.178000
6.883480 492.762000 544.236000
6.899900 487.679000 567.028000
6.916320 490.841000 593.010000
6.932680 496.162000 623.084000
6.949340 469.693000 609.378000
6.965640 486.234000 594.330000
6.981930 481.304000 564.784000
6.998470 507.314000 543.708000
7.014770 498.831000 523.138000
7.031250 493.782000 490.270000
7.047730 436.849000 616.682000
7.064150 425.323000 590.524000
7.080630 428.145000 604.714000
7.096980 435.506000 725.406000
7.113530 441.371000 733.678000
7.129760 447.474000 763.026000
7.146240 423.147000 693.110000
7.162780 440.181000 694.298000
7.179140 435.778000 672.012000
7.195500 421.787000 795.894000
7.212040 432.089000 772.750000
7.228390 427.227000 751.916000
7.244810 464.916000 803.968000
7.261170 456.178000 777.656000
7.277890 459.306000 792.902000
7.294130 427.958000 764.038000
7.310670 444.397000 841.918000
7.327030 445.451000 848.386000
7.343510 464.151000 803.396000
7.359860 451.384000 873.092000
7.376280 455.889000 892.540000
7.392940 484.092000 888.360000
7.409360 467.466000 842.446000
7.425660 465.647000 835.230000
7.442020 461.142000 828.674000
7.458310 473.008000 846.318000
7.474850 471.988000 840.246000
7.491210 498.712000 878.042000
7.507930 540.600000 784.036000
7.524170 539.206000 776.732000
7.540650 525.062000 773.432000
7.557010 508.215000 810.766000
7.573300 509.813000 817.762000
7.589840 514.352000 820.380000
7.606260 534.412000 835.890000
7.622740 530.536000 814.374000
7.639100 534.701000 829.400000
7.655460 541.552000 804.342000
7.672000 544.935000 823.746000
7.688350 452.404000 636.130000
7.704830 450.415000 595.562000
7.721440 453.560000 612.436000
7.737730 451.928000 571.934000
7.754150 451.809000 562.540000
7.770630 450.075000 555.104000
7.786990 445.825000 611.732000
7.803340 468.588000 587.642000
7.820070 467.551000 580.558000
7.836240 464.746000 566.742000
7.852720 465.477000 575.058000
7.869140 462.774000 559.702000
7.885620 464.933000 507.782000
7.902040 458.099000 497.398000
7.934880 473.535000 483.538000
7.951230 475.014000 481.074000
7.967770 476.034000 489.038000
7.984130 472.345000 516.538000
8.000610 496.468000 561.770000
8.017150 500.480000 584.782000
8.033690 500.225000 554.950000
8.050110 468.265000 568.678000
8.066710 468.197000 568.238000
8.083190 470.118000 594.880000
8.099430 479.791000 596.860000
8.115970 477.224000 581.812000
8.132450 467.262000 570.438000
8.152040 474.640000 521.444000
8.165040 472.107000 506.132000
8.181340 565.998000 609.928000
8.197810 818.822000 486.266000
8.214230 818.703000 501.512000
8.230650 983.926000 586.564000
8.247010 971.057000 548.570000
8.263370 969.918000 556.072000
8.280030 1007.811000 550.198000
8.296260 1004.530000 545.930000
8.312740 1002.898000 561.396000
8.329280 990.318000 601.502000
8.345830 981.750000 612.942000
8.362120 982.838000 605.418000
8.378480 966.042000 601.964000
8.395020 982.260000 568.788000
8.411440 984.147000 546.326000
8.427800 928.472000 531.960000
8.444150 941.069000 512.446000
8.460630 940.729000 520.784000
8.476990 967.164000 498.300000
8.493470 961.112000 527.054000
8.509950 962.370000 511.654000
8.526370 952.850000 467.742000
8.542720 944.027000 451.616000
8.576350 926.313000 467.236000
8.592100 934.337000 481.338000
8.608580 933.368000 488.598000
8.625180 947.512000 586.432000
8.641420 948.787000 630.806000
8.657780 946.458000 659.736000
8.674260 947.529000 576.026000
8.692200 936.292000 572.660000
8.707150 935.986000 580.514000
8.723510 1022.176000 612.722000
8.740050 1036.966000 632.566000
8.756290 1040.774000 603.086000
8.772890 1031.203000 565.598000
8.789120 1020.714000 512.842000
8.822140 1017.450000 542.410000
8.838500 1001.708000 561.154000
8.855040 1000.535000 568.524000
8.871280 1044.667000 571.890000
8.887880 1044.616000 572.308000
8.904240 1044.565000 572.726000
8.920590 850.918000 535.722000
8.937260 600.083000 574.530000
8.953430 597.890000 549.252000
8.969910 341.292000 740.058000
8.986390 391.272000 800.888000
9.002810 388.025000 787.798000
9.019230 400.690000 567.358000
9.035640 402.373000 576.224000
9.052120 408.935000 607.772000
9.068540 428.570000 661.034000
9.085080 449.361000 612.568000
9.117980 450.942000 603.262000
9.134220 423.759000 612.326000
9.150630 422.042000 605.220000
9.167110 452.472000 582.274000
9.183590 476.272000 634.634000
9.199830 477.904000 642.422000
9.216250 458.660000 727.892000
9.232910 425.544000 663.806000
9.249270 426.785000 670.384000
9.265630 540.107000 758.736000
9.282040 601.817000 765.446000
9.298460 603.075000 772.794000
9.315060 610.640000 708.642000
9.331240 605.761000 618.662000
9.347840 602.616000 589.028000
9.364380 611.558000 635.052000
9.380680 619.344000 647.086000
9.397030 620.755000 661.122000
9.413760 563.465000 714.164000
9.429870 591.243000 716.804000
9.448730 591.821000 723.800000
9.463070 605.608000 695.486000
9.479310 613.700000 675.576000
9.495610 613.292000 668.712000
9.512150 620.602000 686.048000
9.528440 653.956000 612.194000
9.544860 652.766000 597.322000
9.561340 661.096000 559.218000
9.577880 688.041000 539.286000
9.610780 610.878000 616.638000
9.627140 497.641000 685.036000
9.643430 499.987000 698.830000
9.660030 481.185000 675.840000
9.676390 474.164000 733.084000
9.709350 448.783000 745.580000
9.725650 462.230000 772.046000
9.742250 459.578000 758.846000
9.758420 452.948000 674.696000
9.777830 462.009000 680.460000
9.807800 493.646000 709.148000
9.824220 483.616000 679.052000
9.856990 448.851000 684.750000
9.873540 459.068000 688.248000
9.906370 436.254000 713.020000
9.922910 432.718000 682.660000
9.955690 441.881000 710.512000
9.972470 460.768000 750.310000
9.988770 458.660000 741.466000
10.005190 406.283000 456.918000
10.021360 457.028000 492.074000
10.037780 458.779000 500.060000
10.054140 448.647000 512.050000
10.070500 442.340000 558.646000
10.087040 442.680000 560.516000
10.104490 413.797000 546.678000
10.119930 445.723000 508.750000
10.152710 400.656000 496.914000
10.169130 417.962000 490.226000
10.185670 422.212000 513.788000
10.202030 517.225000 618.794000
10.218380 503.217000 632.522000
10.234920 504.713000 640.178000
10.251400 482.205000 536.096000
10.267880 474.793000 606.496000
10.284120 470.645000 583.616000
10.300720 487.764000 591.668000
10.317140 486.880000 592.306000
10.333370 488.410000 600.380000
10.350040 477.445000 549.362000
10.366270 462.077000 501.468000
10.382750 459.374000 485.496000
10.399290 452.047000 505.384000
10.415650 460.088000 571.934000
10.432560 463.777000 594.462000
10.448730 430.253000 735.592000
10.464900 438.362000 760.408000
10.481450 440.283000 767.734000
10.497800 446.556000 751.586000
10.514040 431.732000 748.660000
10.530520 425.799000 721.094000
10.547300 448.103000 709.610000
10.563540 440.198000 678.326000
10.596440 442.986000 689.370000
10.612790 420.546000 643.346000
10.629580 423.487000 657.536000
10.645940 435.353000 658.768000
10.666020 488.070000 716.298000
10.678650 488.937000 723.228000
10.694890 634.576000 762.366000
10.711240 652.987000 759.462000
10.727720 653.021000 759.836000
10.744260 646.799000 779.438000
10.761230 647.955000 787.402000
10.793520 654.976000 712.382000
10.809810 673.846000 713.636000
10.826420 673.710000 706.926000
10.843080 666.791000 683.606000
10.859440 651.797000 687.874000
10.875790 650.811000 680.416000
10.891970 755.531000 719.532000
10.908630 765.221000 800.712000
10.925170 765.510000 814.022000
10.941530 787.763000 806.344000
10.958070 783.054000 788.788000
10.974490 783.445000 782.606000
10.993040 495.737000 805.200000
11.007450 454.053000 794.486000
11.023560 453.968000 794.112000
11.039860 446.284000 846.758000
11.056270 444.686000 891.418000
11.072750 448.664000 910.228000
11.090090 486.540000 915.772000
11.105530 448.613000 892.496000
11.122010 446.165000 878.856000
11.138670 447.304000 862.268000
11.155330 455.141000 857.054000
11.171570 447.712000 824.318000
11.187930 438.277000 806.014000
11.204410 464.491000 947.826000
11.220890 470.169000 972.884000
11.237180 488.920000 1032.306000
11.253480 444.363000 1047.860000
11.269900 442.867000 1040.952000
11.286560 434.333000 1004.278000
11.303100 427.295000 975.832000
11.319460 423.368000 963.908000
11.335820 416.942000 960.432000
11.351990 449.531000 964.436000
11.368350 458.422000 1001.594000
11.384890 472.872000 1023.286000
11.401370 496.757000 1084.688000
11.418820 499.324000 1095.820000
11.434270 501.177000 1060.818000
11.450680 511.649000 1136.388000
11.467040 508.351000 1119.888000
11.483520 475.524000 1046.584000
11.500060 492.099000 1025.046000
11.516360 490.331000 1019.040000
11.533750 502.299000 1041.766000
11.549500 498.967000 1038.752000
11.565550 504.016000 1061.786000
11.582150 510.663000 1081.872000
11.598390 477.785000 1159.972000
11.631290 505.733000 1138.214000
11.647770 482.307000 1147.586000
11.664310 479.621000 1136.916000
11.680660 483.021000 1087.680000
11.697080 487.203000 1077.670000
11.713500 483.684000 1061.038000
11.730040 480.233000 1071.378000
11.747310 470.900000 1055.318000
11.762820 469.132000 1050.060000
11.779170 472.566000 986.392000
11.795720 474.725000 1019.018000
11.812130 477.411000 1030.612000
11.828490 469.846000 1084.116000
11.845090 438.039000 1095.666000
11.861330 436.781000 1089.770000
11.877990 438.311000 1081.718000
11.894470 429.335000 1030.282000
11.910580 426.292000 1018.864000
11.927120 433.449000 1027.972000
11.943660 432.106000 998.140000
11.959960 436.203000 1015.278000
11.980650 451.945000 1060.048000
11.993100 480.131000 1088.054000
12.009400 485.503000 1110.274000
12.025450 485.690000 1125.388000
12.042300 469.404000 1101.628000
12.058530 465.426000 1084.710000
12.074830 497.590000 1113.244000
12.091430 522.903000 1139.116000
12.107790 518.347000 1118.348000
12.124270 537.149000 1102.354000
12.140630 528.428000 1076.020000
12.157170 529.125000 1081.630000
12.173400 451.775000 1101.320000
12.189940 444.397000 1161.094000
12.206540 446.199000 1166.330000
12.222780 467.806000 1153.196000
12.239320 475.711000 1164.878000
12.255620 473.042000 1154.648000
12.272160 468.299000 1140.238000
12.288390 443.666000 1114.366000
12.304870 446.471000 1124.618000
12.321590 480.641000 1179.992000
12.337650 478.737000 1209.340000
12.370540 457.113000 1262.712000
12.387150 482.273000 1258.356000
12.403500 480.675000 1254.154000
12.419860 488.053000 1225.246000
12.436400 501.143000 1220.538000
12.452640 505.291000 1235.102000
12.469120 456.943000 1282.226000
12.485720 490.348000 1247.136000
12.502200 487.713000 1237.390000
12.521120 467.636000 1224.322000
12.535100 464.372000 1216.358000
12.551330 462.638000 1211.804000
12.567750 456.552000 1261.832000
12.584290 484.925000 1250.524000
12.600520 486.540000 1255.584000
12.617130 529.023000 1354.562000
12.633480 534.395000 1324.972000
12.649900 532.185000 1316.150000
12.666380 504.866000 1326.820000
12.682740 522.189000 1299.364000
12.699160 523.022000 1303.544000
12.715580 536.911000 1271.952000
12.732120 494.258000 1331.308000
12.748720 496.060000 1335.884000
12.764890 618.766000 1246.608000
12.781430 847.637000 1244.826000
12.797970 847.382000 1239.942000
12.814270 936.819000 1218.624000
12.830690 957.967000 1203.136000
12.847110 957.763000 1208.350000
12.863460 951.728000 1234.618000
12.879940 960.075000 1243.660000
12.896420 961.367000 1234.310000
12.912720 940.695000 1242.274000
12.929320 937.227000 1251.536000
12.962160 930.104000 1261.458000
12.978520 940.491000 1282.820000
13.011350 949.161000 1261.458000
13.027770 949.909000 1203.620000
13.044310 948.889000 1208.108000
13.060610 399.007000 994.708000
13.077150 465.511000 974.050000
13.093380 467.228000 980.122000
13.109920 479.417000 979.836000
13.126400 480.199000 956.780000
13.142940 477.581000 944.768000
13.159610 436.373000 915.310000
13.180540 448.188000 1000.670000
13.192440 449.276000 1006.456000
13.208860 499.664000 1040.094000
13.225100 514.913000 1035.144000
13.241580 516.528000 1041.128000
13.258060 460.292000 1036.486000
13.274900 474.487000 1012.264000
13.291020 475.422000 1017.764000
13.307310 449.310000 1007.314000
13.323790 452.523000 1024.364000
13.340030 458.337000 1047.772000
13.356930 432.582000 1079.100000
13.373110 436.441000 1040.028000
13.390810 433.381000 1028.368000
13.405820 437.954000 1075.602000
13.422120 409.394000 1142.240000
13.438420 408.051000 1136.982000
13.454900 424.252000 1023.528000
13.471370 435.676000 1049.202000
13.487790 435.591000 1048.894000
13.504150 431.562000 1121.956000
13.520570 431.035000 1044.582000
13.536930 428.026000 1033.362000
13.553410 475.405000 1057.034000
13.569760 476.272000 1018.468000
13.586300 473.688000 1007.358000
13.602600 444.363000 1027.158000
13.619260 482.171000 1033.626000
13.651920 472.260000 1075.712000
13.668400 465.290000 1143.846000
13.701290 471.495000 1011.494000
13.717650 458.337000 1055.846000
13.734310 459.391000 1061.566000
13.750490 488.206000 1071.378000
13.766910 538.169000 1127.060000
13.783390 539.665000 1132.362000
13.799740 531.046000 1096.722000
13.816410 565.981000 1106.380000
13.832760 564.706000 1100.880000
13.849370 567.885000 1084.688000
13.865480 571.302000 1111.022000
13.882020 573.869000 1120.790000
13.898380 478.346000 1143.296000
13.914730 448.069000 1093.554000
13.931400 446.743000 1092.718000
13.947630 460.836000 1085.722000
13.964170 433.041000 1093.268000
13.980530 435.540000 1101.034000
13.996890 493.085000 1095.512000
14.013370 493.034000 1052.546000
14.029850 491.453000 1046.760000
14.046200 452.778000 1111.198000
14.062740 451.231000 1124.706000
14.079160 453.186000 1130.074000
14.095520 463.811000 1152.162000
14.112000 416.993000 1098.174000
14.128360 415.089000 1092.872000
14.144900 541.042000 1160.676000
14.161380 562.428000 1211.254000
14.177730 564.468000 1221.396000
14.194270 577.320000 1189.034000
14.210510 561.629000 1135.310000
14.243530 572.135000 1229.162000
14.259770 526.932000 1157.552000
14.276370 526.201000 1152.602000
14.292660 542.793000 1193.016000
14.309140 523.192000 1150.776000
14.325620 518.619000 1130.206000
14.342040 535.636000 1066.516000
14.358520 531.420000 1107.722000
14.375310 531.981000 1112.584000
14.391240 495.329000 1119.426000
14.407650 499.902000 1119.162000
14.424130 504.033000 1134.914000
14.440430 471.087000 1119.272000
14.456730 506.906000 1123.188000
14.473570 507.824000 1128.402000
14.489990 486.013000 1123.408000
14.506530 495.006000 1161.072000
14.522950 494.275000 1156.078000
14.539610 474.521000 1146.574000
14.555970 397.902000 1063.590000
14.572330 394.587000 1052.348000
14.588680 485.435000 1091.684000
14.606020 480.743000 1138.280000
14.621520 481.831000 1143.450000
14.637820 473.977000 1103.388000
14.654110 454.308000 1098.922000
14.670900 453.237000 1093.818000
14.687320 465.239000 1091.926000
14.703800 454.376000 1070.256000
14.720090 454.291000 1069.948000
14.736450 451.299000 1064.096000
14.752810 466.055000 1009.822000
14.769290 467.007000 1015.520000
14.785640 477.887000 965.932000
14.802000 422.348000 941.996000
14.818480 421.073000 936.056000
14.834840 454.155000 973.016000
14.851560 468.452000 940.302000
14.867800 465.732000 928.114000
14.884280 447.202000 980.144000
14.900450 430.610000 958.100000
14.917360 429.148000 951.060000
14.933780 498.593000 974.534000
14.949950 547.094000 968.528000
14.966250 546.227000 967.758000
14.982670 544.782000 1006.412000
14.999150 544.153000 1054.944000
15.015630 550.103000 1084.094000
15.033200 540.090000 1037.784000
15.048400 540.685000 1028.170000
15.064820 540.634000 1027.840000
15.081300 580.567000 1037.036000
15.097600 580.278000 1077.868000
15.114200 578.476000 1067.044000
15.130490 529.737000 995.786000
15.146970 564.978000 1068.914000
15.179870 547.196000 1071.708000
15.196410 610.317000 1073.688000
15.212590 612.323000 1090.012000
15.229000 1015.308000 1081.630000
15.245540 1003.034000 1089.616000
15.261900 1002.473000 1095.688000
15.278500 1031.237000 1087.724000
15.294740 1002.371000 1102.882000
15.311400 1004.428000 1086.426000
15.327760 998.631000 1089.880000
15.344060 1007.845000 1085.546000
15.360660 1007.352000 1091.662000
15.377200 1063.996000 1051.644000
15.393370 1059.372000 1035.298000
15.409910 1061.514000 1023.968000
15.426330 952.765000 1074.018000
15.442750 967.742000 1010.680000
15.459170 969.051000 999.746000
15.475460 971.533000 989.758000
15.492000 963.407000 981.442000
15.524840 978.350000 972.136000
15.541260 946.288000 964.150000
15.573970 992.137000 1037.806000
15.590520 973.097000 1007.974000
15.606870 971.754000 1018.886000
15.623410 958.698000 949.432000
15.639890 974.304000 998.228000
15.656190 972.927000 1009.492000
15.672790 962.404000 1013.804000
15.690860 952.425000 1082.466000
15.705630 952.629000 1076.966000
15.721860 928.421000 1013.386000
15.738530 928.812000 1042.206000
15.754760 928.778000 1042.514000
15.771300 944.112000 1014.596000
15.787660 948.685000 984.016000
15.820500 548.896000 1094.478000
15.836850 470.577000 1184.414000
15.869690 506.770000 1126.796000
15.886290 477.649000 1132.230000
15.902770 476.527000 1126.906000
15.919130 460.173000 1180.256000
15.935490 444.788000 1152.140000
15.952030 441.864000 1141.756000
15.968570 458.575000 1164.658000
15.984740 483.412000 1168.530000
16.001280 481.338000 1162.084000
16.018190 443.071000 1292.698000
16.034120 465.868000 1283.744000
16.050660 468.588000 1292.764000
16.066890 466.633000 1325.170000
16.083370 462.196000 1317.316000
16.099910 464.304000 1322.838000
16.116270 459.255000 1284.030000
16.132750 438.158000 1279.696000
16.149050 435.149000 1270.434000
16.165470 442.952000 1301.124000
16.181820 443.819000 1294.700000
16.215030 463.760000 1347.610000
16.231570 467.534000 1279.872000
16.264040 487.985000 1289.926000
16.280640 476.731000 1309.506000
16.313350 477.479000 1263.592000
16.329770 444.839000 1245.244000
16.346310 445.995000 1250.172000
16.362730 475.031000 1339.382000
16.379030 518.398000 1340.614000
16.395690 522.308000 1353.638000
16.412170 511.768000 1339.228000
16.428650 499.256000 1315.754000
16.444950 498.355000 1315.358000
16.461360 623.815000 1268.938000
16.477600 635.630000 1341.912000
16.494140 637.653000 1350.426000
16.510620 617.882000 1312.212000
16.526980 630.819000 1313.466000
16.543400 629.493000 1305.150000
16.559750 645.524000 1311.156000
16.576480 628.966000 1351.746000
16.609190 556.308000 1282.094000
16.625850 571.761000 1227.732000
16.642030 570.503000 1222.914000
16.658390 552.772000 1297.956000
16.675110 548.539000 1311.156000
16.691280 548.607000 1311.398000
16.707820 551.888000 1226.918000
16.724180 554.030000 1265.220000
16.740600 553.418000 1260.534000
16.757020 553.911000 1264.670000
16.773500 563.193000 1237.060000
16.789790 561.221000 1227.490000
16.806270 544.629000 1188.022000
16.822810 557.209000 1258.488000
16.839110 559.147000 1267.486000
16.855590 668.083000 1301.476000
16.872130 650.913000 1310.892000
16.905090 667.403000 1283.216000
16.921510 674.696000 1318.900000
16.937620 673.676000 1310.364000
16.954160 664.122000 1249.402000
16.970760 568.701000 1350.228000
16.986880 570.554000 1358.478000
17.003480 423.878000 1288.320000
17.019900 422.331000 1371.018000
17.036130 423.538000 1374.978000
17.052670 416.840000 1381.600000
17.069150 438.974000 1359.666000
17.085510 437.835000 1355.926000
17.102050 427.737000 1422.828000
17.118530 429.896000 1402.082000
17.134890 426.802000 1393.876000
17.151310 444.924000 1361.492000
17.167720 441.031000 1377.420000
17.200560 400.605000 1370.182000
17.216980 420.053000 1384.658000
17.249880 494.462000 1355.046000
17.266240 524.518000 1351.702000
17.282840 527.595000 1364.066000
17.299380 566.406000 1385.120000
17.315670 589.356000 1475.760000
17.332210 592.297000 1487.288000
17.348510 568.021000 1474.594000
17.364810 565.607000 1446.786000
17.381290 563.567000 1438.734000
17.397770 543.898000 1367.388000
17.414060 548.165000 1439.658000
17.447020 628.694000 1379.224000
17.463500 623.509000 1420.474000
17.496150 659.039000 1390.466000
17.512630 668.525000 1384.658000
17.529170 668.797000 1388.596000
17.545590 675.308000 1365.716000
17.562010 657.407000 1431.782000
17.578430 657.271000 1428.328000
17.594910 622.761000 1255.188000
17.611270 607.580000 1296.438000
17.627810 604.384000 1278.442000
17.643980 620.364000 1260.600000
17.660580 697.204000 1277.914000
17.677060 697.255000 1282.468000
17.693360 722.483000 1285.834000
17.709960 729.164000 1327.458000
17.726260 729.776000 1336.236000
17.742680 720.171000 1338.304000
17.759160 711.654000 1301.168000
17.791990 698.411000 1267.926000
17.808470 705.942000 1309.154000
17.825260 705.840000 1304.468000
17.841430 691.781000 1356.740000
17.857850 575.841000 1367.388000
17.874270 575.790000 1367.168000
17.890870 451.707000 1311.728000
17.907350 443.683000 1283.238000
17.923400 444.839000 1288.144000
17.940060 462.094000 1313.510000
17.956480 468.588000 1314.522000
17.972960 470.186000 1318.878000
17.989440 449.259000 1370.776000
18.005680 432.293000 1311.728000
18.021910 425.646000 1292.148000
18.038390 417.775000 1307.812000
18.054870 458.354000 1301.476000
18.087710 432.599000 1356.520000
18.104130 447.219000 1393.326000
18.120670 453.390000 1410.706000
18.136900 468.639000 1463.616000
18.153260 419.373000 1352.054000
18.186160 462.519000 1365.166000
18.202580 454.869000 1387.870000
18.219180 453.458000 1383.228000
18.235660 438.906000 1427.690000
18.251830 390.728000 1384.702000
18.268250 390.031000 1384.086000
18.284730 410.924000 1403.116000
18.301150 402.968000 1410.112000
18.317990 406.980000 1419.990000
18.334170 433.449000 1414.094000
18.350520 424.388000 1372.514000
18.366940 421.260000 1364.044000
18.383240 457.929000 1463.484000
18.399720 418.421000 1420.430000
18.432800 532.321000 1395.372000
18.449100 552.619000 1409.848000
18.465880 551.820000 1405.602000
18.481930 517.089000 1442.562000
18.498410 557.906000 1460.712000
18.514770 555.883000 1453.078000
18.533630 534.395000 1389.212000
18.547790 529.924000 1364.968000
18.564210 532.933000 1377.464000
18.580690 570.333000 1424.522000
18.597050 565.913000 1421.640000
18.613280 567.936000 1429.912000
18.629940 580.584000 1461.922000
18.646730 544.629000 1477.674000
18.662900 541.977000 1466.586000
18.679380 640.016000 1314.720000
18.695680 627.096000 1268.102000
18.711980 627.317000 1272.194000
18.728270 637.534000 1380.016000
18.744930 653.854000 1380.390000
18.761230 654.959000 1384.944000
18.777710 650.216000 1328.426000
18.794130 662.728000 1292.962000
18.810490 661.215000 1278.794000
18.827030 661.708000 1358.522000
18.843440 673.710000 1332.518000
18.862000 673.829000 1336.060000
18.876340 656.200000 1361.998000
18.893010 660.110000 1433.784000
18.909120 660.314000 1435.214000
18.925660 698.547000 1397.968000
18.942020 655.401000 1400.124000
18.975100 460.241000 1519.452000
18.991090 426.972000 1540.792000
19.007630 430.049000 1547.678000
19.024050 438.226000 1575.904000
19.040530 438.379000 1575.882000
19.056820 441.014000 1581.690000
19.073360 430.185000 1546.578000
19.089720 453.271000 1553.178000
19.106260 454.359000 1556.610000
19.122680 428.570000 1545.192000
19.138980 449.701000 1602.854000
19.155460 445.859000 1593.944000
19.172000 454.954000 1589.522000
19.190550 436.594000 1578.434000
19.204960 433.517000 1571.702000
19.221250 456.008000 1545.742000
19.237610 526.099000 1493.998000
19.270510 508.368000 1483.526000
19.286990 497.573000 1518.198000
19.319890 508.878000 1487.288000
19.336120 479.094000 1542.706000
19.352840 480.709000 1545.808000
19.369260 511.479000 1514.018000
19.385500 618.919000 1993.728000
19.401980 569.653000 1917.520000
19.631840 195.619000 349.998000
19.648380 249.441000 571.384000
19.664920 387.413000 870.364000
19.681270 452.064000 1233.496000
19.697750 532.338000 1502.006000
19.713990 437.682000 1549.944000
19.730350 463.403000 1542.508000
19.763430 455.804000 1570.316000
19.779910 453.509000 1544.884000
19.812740 444.805000 1545.258000
19.829040 422.484000 1532.740000
19.845340 423.691000 1536.172000
19.862060 465.579000 1504.492000
19.878360 480.165000 1564.420000
19.894900 485.639000 1578.258000
19.911320 490.144000 1556.456000
19.927800 457.827000 1559.316000
19.960390 476.493000 1516.768000
19.976990 457.606000 1498.816000
19.993230 454.665000 1491.270000
20.009770 448.851000 1582.416000
20.026250 450.636000 1539.692000
20.059140 447.899000 1541.496000
20.075380 484.517000 1563.320000
20.092040 487.203000 1570.228000
20.108280 470.951000 1614.778000
20.124760 480.369000 1585.958000
20.157590 472.209000 1563.210000
20.174130 470.322000 1565.498000
20.190610 467.483000 1558.546000
20.207030 493.476000 1569.876000
20.223270 450.466000 1479.104000
20.239750 446.250000 1468.038000
20.256160 454.750000 1556.852000
20.272770 444.006000 1542.530000
20.289000 443.921000 1542.332000
20.305540 473.501000 1540.484000
20.321840 474.708000 1555.356000
20.354740 454.699000 1438.690000
20.371520 435.098000 1481.964000
20.387880 432.140000 1474.726000
20.404480 436.985000 1602.326000
20.420650 481.627000 1574.078000
20.437320 485.197000 1583.626000
20.453550 456.144000 1610.576000
20.470030 430.525000 1627.230000
20.486570 432.412000 1630.662000
20.502930 457.521000 1618.474000
20.519530 453.594000 1609.872000
20.535400 447.797000 1597.156000
20.551880 413.984000 1595.330000
20.568480 411.213000 1600.038000
20.601320 439.212000 1550.230000
20.617740 416.058000 1423.334000
20.634160 420.427000 1434.598000
20.650510 458.014000 1634.006000
20.666930 456.365000 1632.268000
20.683470 458.252000 1635.480000
20.699830 435.625000 1499.102000
20.716250 428.774000 1639.440000
20.732790 422.552000 1627.230000
20.749330 418.948000 1500.862000
20.765500 414.953000 1499.300000
20.781920 413.542000 1495.318000
20.798580 511.921000 1555.730000
20.814760 470.067000 1456.928000
20.831240 470.764000 1459.766000
20.847780 513.672000 1519.694000
20.864140 547.366000 1590.842000
20.880490 552.602000 1607.826000
20.897090 546.533000 1598.432000
20.913390 531.080000 1615.856000
20.929930 530.315000 1613.150000
20.946230 543.609000 1536.546000
20.962650 532.151000 1532.806000
20.979130 530.723000 1529.022000
20.995610 517.752000 1569.480000
21.011960 623.186000 1557.710000
21.028380 625.753000 1568.072000
21.044860 639.642000 1561.450000
21.061280 638.129000 1632.290000
21.077700 635.307000 1619.750000
21.094180 584.341000 1473.472000
21.110410 603.296000 1503.832000
21.127080 601.698000 1496.814000
21.143430 622.931000 1552.056000
21.159850 624.529000 1541.254000
21.192690 580.023000 1565.564000
21.209170 596.462000 1558.942000
21.225520 596.989000 1562.352000
21.242070 622.115000 1633.566000
21.258360 468.911000 1557.908000
21.274900 473.416000 1568.314000
21.291320 486.591000 1632.334000
21.307620 479.417000 1647.932000
21.324280 476.646000 1641.706000
21.340520 455.855000 1638.318000
21.357060 453.220000 1578.060000
21.373230 453.220000 1578.060000
21.389890 474.317000 1647.844000
21.406190 481.933000 1603.008000
21.422550 485.554000 1612.820000
21.439030 493.986000 1645.534000
21.455440 479.230000 1613.194000
21.472050 479.315000 1613.370000
21.488460 498.372000 1623.006000
21.504880 490.484000 1621.224000
21.521300 486.863000 1611.676000
21.537720 478.227000 1616.164000
21.554200 508.827000 1541.452000
21.570500 507.161000 1537.800000
21.587040 557.345000 1612.424000
21.603390 566.338000 1626.966000
21.619870 567.681000 1629.980000
21.636110 586.126000 1608.926000
21.652650 585.922000 1543.586000
21.669250 584.732000 1540.066000
21.685610 578.034000 1568.094000
21.701970 553.061000 1623.204000
21.718440 556.427000 1632.400000
21.734920 595.697000 1664.696000
21.751280 560.711000 1578.896000
21.767460 558.637000 1572.098000
21.784480 563.635000 1562.902000
21.800840 476.476000 1610.840000
21.833680 429.964000 1594.714000
21.849850 447.253000 1641.068000
21.866030 448.273000 1644.390000
21.882630 411.587000 1595.880000
21.899050 423.946000 1610.818000
21.917600 422.705000 1607.914000
21.932070 409.734000 1621.004000
21.948430 419.169000 1600.038000
21.964720 415.973000 1593.548000
21.981140 443.955000 1626.482000
21.997500 412.692000 1597.200000
22.014160 415.820000 1603.448000
22.032100 506.889000 1543.432000
22.047060 522.342000 1565.014000
22.063420 523.056000 1568.116000
22.079830 517.429000 1579.974000
22.096250 548.046000 1551.616000
22.112550 547.281000 1548.096000
22.129150 545.275000 1537.184000
22.146120 554.234000 1550.252000
22.162050 554.965000 1553.750000
22.178410 530.927000 1589.324000
22.194890 528.887000 1566.290000
22.211300 534.412000 1583.142000
22.227540 554.115000 1662.452000
22.245480 525.929000 1640.210000
22.260740 526.354000 1639.638000
22.277040 652.341000 1586.706000
22.293400 648.363000 1574.166000
22.309880 644.912000 1560.548000
22.326290 604.724000 1602.326000
22.342650 625.515000 1604.306000
22.360110 627.946000 1613.546000
22.375370 627.759000 1624.458000
22.392030 653.973000 1611.632000
22.408390 654.109000 1612.292000
22.424620 682.482000 1565.872000
22.441280 668.712000 1644.324000
22.457580 668.423000 1641.266000
22.474000 680.901000 1574.386000
22.490540 727.328000 1560.658000
22.506900 726.665000 1553.706000
22.523250 765.714000 1625.624000
22.539790 762.688000 1601.556000
22.573850 744.294000 1550.758000
22.589360 732.649000 1493.382000
22.605410 732.071000 1486.144000
22.621950 741.455000 1578.808000
22.638430 744.430000 1559.316000
22.654790 744.226000 1562.132000
22.671260 757.605000 1770.736000
22.687500 748.425000 1620.322000
22.704040 748.969000 1623.556000
22.720400 797.028000 1619.486000
22.737120 807.398000 1592.910000
22.753360 807.177000 1589.456000
22.769710 791.588000 1493.316000
22.786130 754.596000 1523.280000
22.802730 755.616000 1534.302000
22.819030 756.585000 1529.726000
22.835570 621.962000 1605.978000
22.851870 619.463000 1596.386000
22.868410 492.269000 1642.014000
22.884640 502.588000 1607.342000
22.902950 500.854000 1600.324000
22.917660 454.682000 1588.378000
22.934140 420.121000 1513.974000
22.950560 418.982000 1513.028000
22.966860 468.928000 1520.310000
22.983400 530.944000 1693.824000
22.999690 535.925000 1706.254000
23.016110 515.695000 1551.660000
23.032650 519.180000 1648.460000
23.049010 517.259000 1641.442000
23.065430 480.284000 1674.772000
23.081910 472.209000 1605.252000
23.098390 468.945000 1597.662000
23.114620 549.797000 1659.482000
23.131100 571.778000 1642.432000
23.164000 549.338000 1610.950000
23.180420 537.149000 1559.910000
23.213320 586.024000 1625.272000
23.229980 562.122000 1622.720000
23.246280 563.023000 1626.328000
23.262630 531.318000 1545.874000
23.278990 524.246000 1578.500000
23.295530 525.453000 1582.878000
23.312010 530.230000 1654.554000
23.328250 479.587000 1563.012000
23.345830 479.808000 1562.726000
23.361270 481.780000 1621.730000
23.377620 488.104000 1588.422000
23.394170 489.362000 1593.218000
23.410400 530.162000 1633.412000
23.427000 510.510000 1592.602000
23.443420 513.536000 1600.742000
23.459530 508.963000 1641.794000
23.476140 452.370000 1667.666000
23.492610 446.947000 1656.138000
23.509220 464.236000 1700.248000
23.525510 480.471000 1658.690000
23.541870 474.657000 1645.820000
23.559570 390.150000 1733.490000
23.574770 415.089000 1701.216000
23.591250 414.732000 1701.722000
23.607670 460.445000 1715.142000
23.624020 433.058000 1702.800000
23.640380 444.006000 1722.182000
23.656920 514.284000 1761.232000
23.673220 688.483000 1717.540000
23.689640 688.466000 1717.386000
23.706240 643.484000 1701.018000
23.722410 669.409000 1644.610000
23.738890 667.556000 1636.184000
23.755550 716.992000 1774.960000
23.772280 661.300000 1647.976000
23.788390 662.184000 1651.298000
23.804630 674.815000 1759.626000
23.821170 657.968000 1709.928000
23.837710 658.206000 1712.854000
23.854190 681.802000 1760.176000
23.870540 740.469000 1775.576000
23.887080 740.486000 1772.870000
23.903440 706.928000 1712.612000
23.919680 731.731000 1723.590000
23.936280 730.422000 1715.340000
23.952640 741.421000 1809.808000
23.969120 733.652000 1780.042000
23.985530 734.230000 1784.926000
24.003230 728.943000 1790.756000
24.018430 740.452000 1747.306000
24.051270 711.450000 1841.906000
24.067500 506.957000 1796.916000
24.084170 508.504000 1799.226000
24.100520 475.949000 1806.662000
24.116940 482.902000 1805.694000
24.133360 482.817000 1805.562000
24.149660 457.963000 1760.066000
24.166080 462.570000 1749.572000
24.182500 463.624000 1751.860000
24.199040 472.464000 1799.094000
24.215330 476.833000 1756.392000
24.231930 479.689000 1761.738000
24.248410 461.312000 1819.290000
24.264770 438.328000 1797.730000
24.281130 439.501000 1799.952000
24.297670 477.292000 1785.652000
24.314330 486.880000 1749.484000
24.330380 488.410000 1752.014000
24.346920 494.819000 1781.912000
24.363280 488.529000 1807.234000
24.379580 486.064000 1802.878000
24.396120 474.895000 1798.104000
24.412660 483.208000 1853.280000
24.445370 439.722000 1772.320000
24.461790 445.995000 1749.286000
24.494630 425.051000 1800.172000
24.511660 461.601000 1726.890000
24.527830 462.604000 1729.222000
24.545040 441.626000 1740.376000
24.560670 469.744000 1869.604000
24.576900 471.325000 1871.386000
24.593440 470.101000 1857.240000
24.609800 478.210000 1865.006000
24.626280 478.142000 1864.896000
24.642700 479.451000 1867.360000
24.659120 473.127000 1835.218000
24.692080 491.963000 1852.532000
24.708250 481.355000 1868.680000
24.741270 454.308000 1802.086000
24.757510 479.621000 1876.644000
24.774110 478.397000 1874.224000
24.790530 598.927000 1779.646000
24.806880 570.928000 1773.772000
24.823240 565.182000 1759.230000
24.839780 567.528000 1752.300000
24.856260 544.255000 1761.980000
24.872620 542.164000 1757.074000
24.889100 556.971000 1758.460000
24.905520 524.093000 1718.398000
24.938420 525.317000 1708.872000
24.954830 532.049000 1715.340000
24.987610 548.879000 1782.066000
25.004150 592.960000 1699.588000
25.020570 595.119000 1707.860000
25.036930 716.448000 1630.750000
25.053280 765.119000 1671.186000
25.069760 765.765000 1674.750000
25.086240 720.749000 1722.798000
25.102600 739.789000 1634.666000
25.119320 738.871000 1619.640000
25.135560 728.756000 1679.040000
25.151730 750.023000 1632.554000
25.168270 749.938000 1631.476000
25.184630 743.019000 1706.936000
25.201540 716.652000 1698.334000
25.217830 717.468000 1706.298000
25.234380 734.060000 1686.740000
25.250670 743.682000 1708.410000
25.267090 744.260000 1714.746000
25.283450 753.134000 1712.304000
25.300110 721.684000 1728.584000
25.316410 721.004000 1723.326000
25.332820 721.225000 1718.046000
25.349000 730.031000 1765.742000
25.365420 729.470000 1763.542000
25.628360 445.451000 1741.608000
25.644710 459.255000 1802.746000
25.677670 444.601000 1753.158000
25.694030 467.925000 1736.482000
25.710390 470.713000 1741.718000
25.726930 477.768000 1769.966000
25.743160 461.856000 1801.404000
25.759580 460.751000 1799.094000
25.776370 460.666000 1865.666000
25.792660 472.872000 1792.890000
25.808840 472.447000 1792.164000
25.825620 460.122000 1756.590000
25.841860 482.052000 1776.082000
25.858220 484.772000 1781.054000
25.874630 464.134000 1802.086000
25.891110 458.745000 1797.026000
25.907650 456.212000 1792.846000
25.923890 444.040000 1765.016000
25.940430 451.418000 1777.446000
25.973330 457.198000 1759.670000
25.989560 452.557000 1777.072000
26.006230 449.633000 1772.188000
26.022640 459.255000 1837.286000
26.039000 446.573000 1840.432000
26.055540 447.780000 1842.896000
26.071780 436.849000 1833.326000
26.088260 475.490000 1866.018000
26.104800 481.100000 1874.510000
26.121150 464.831000 1786.884000
26.137450 516.647000 1796.982000
26.154050 515.865000 1794.716000
26.170530 545.717000 1758.570000
26.186890 556.750000 1792.758000
26.203430 553.248000 1785.388000
26.219790 549.083000 1745.898000
26.236150 526.218000 1761.650000
26.252500 525.538000 1759.406000
26.268860 524.858000 1815.748000
26.285400 559.997000 1879.680000
26.301820 559.929000 1879.570000
26.318420 623.577000 1797.202000
26.334900 647.955000 1844.546000
26.351440 648.210000 1846.548000
26.367490 673.744000 1769.746000
26.384030 673.455000 1806.992000
26.400390 673.489000 1807.124000
26.416810 631.397000 1797.818000
26.433290 637.415000 1805.276000
26.449650 638.792000 1809.896000
26.466060 605.846000 1808.510000
26.482670 626.399000 1836.802000
26.499080 627.895000 1841.268000
26.517760 641.801000 1820.346000
26.531920 637.398000 1818.652000
26.548280 635.715000 1811.788000
26.564700 636.446000 1761.716000
26.581240 743.359000 1771.814000
26.597470 742.849000 1766.864000
26.614010 713.626000 1812.008000
26.630550 727.532000 1766.468000
26.663270 726.886000 1686.454000
26.679630 711.569000 1750.562000
26.696110 710.821000 1745.634000
26.712520 709.869000 1731.048000
26.728820 564.689000 1853.280000
26.745610 565.199000 1855.656000
26.761900 475.949000 1817.904000
26.778260 480.301000 1857.504000
26.794620 483.803000 1863.840000
26.811100 512.754000 1834.426000
26.827640 511.292000 1839.640000
26.843870 512.737000 1841.378000
26.860350 525.674000 1861.662000
26.876770 515.049000 1853.786000
26.893250 512.856000 1849.936000
26.909790 532.151000 1868.900000
26.925900 530.179000 1857.416000
26.942630 529.567000 1855.106000
26.958920 575.620000 1825.076000
26.975400 674.985000 1846.548000
26.991700 674.951000 1846.416000
27.008240 731.782000 1913.582000
27.024660 670.905000 1823.140000
27.057620 696.184000 1862.410000
27.073970 697.136000 1841.356000
27.090330 696.269000 1837.176000
27.106870 685.355000 1877.062000
27.123410 719.559000 1905.200000
27.139770 720.239000 1908.830000
27.156010 710.039000 1918.092000
27.174070 730.813000 1860.716000
27.189030 730.847000 1863.026000
27.205510 708.186000 1871.848000
27.221920 647.479000 1910.150000
27.238400 648.465000 1911.954000
27.254760 657.883000 1915.144000
27.271060 650.743000 1931.028000
27.287660 650.709000 1930.940000
27.304020 668.984000 1967.306000
27.320500 661.912000 1934.064000
27.353210 641.410000 1929.818000
27.369630 660.926000 1885.026000
27.402530 637.126000 1925.594000
27.418880 654.347000 1938.134000
27.435360 654.772000 1941.654000
27.451720 748.119000 1901.526000
27.468260 749.020000 1886.984000
27.484620 749.768000 1886.698000
27.503050 744.787000 1872.882000
27.517640 749.564000 1875.742000
27.533940 748.697000 1868.042000
27.550540 733.363000 1861.090000
27.566770 735.301000 1871.100000
27.583250 735.335000 1868.636000
27.599610 734.604000 1892.462000
27.616150 741.438000 1872.662000
27.632630 740.214000 1866.788000
27.649050 746.470000 1815.440000
27.665410 766.581000 1895.410000
27.681760 767.006000 1905.398000
27.698300 763.164000 1832.402000
27.714600 747.082000 1851.454000
27.731200 747.694000 1853.632000
27.747800 736.338000 1874.180000
27.764040 705.619000 1822.040000
27.780520 703.987000 1813.108000
27.796690 710.022000 1805.914000
27.813420 734.944000 1820.104000
27.830080 735.505000 1824.438000
27.846010 759.152000 1884.322000
27.862550 739.024000 1889.426000
27.879030 738.803000 1891.362000
27.895390 695.691000 1834.294000
27.911930 735.573000 1867.668000
27.928280 736.372000 1869.956000
27.944760 815.711000 1685.552000
27.961000 993.361000 1600.918000
27.977540 993.718000 1597.420000
27.994020 984.113000 1597.178000
28.010380 980.594000 1638.032000
28.026790 981.750000 1635.612000
28.043270 1001.487000 1547.744000
28.059630 1004.105000 1571.482000
28.076110 1005.771000 1564.926000
28.092770 1020.425000 1543.344000
28.108950 961.248000 1445.290000
28.125550 959.990000 1452.616000
28.141910 969.952000 1496.440000
28.159120 985.881000 1466.454000
28.174800 984.606000 1469.842000
28.191100 976.531000 1496.132000
28.207640 976.718000 1505.064000
28.224000 975.256000 1512.324000
28.240300 970.598000 1512.786000
28.256840 980.560000 1478.466000
28.273250 978.962000 1489.070000
28.536130 542.402000 1461.790000
28.552550 522.359000 1515.514000
28.569030 517.888000 1501.720000
28.585570 504.883000 1756.458000
28.602170 485.894000 1800.348000
28.618410 482.069000 1793.968000
28.634700 540.260000 1890.196000
28.651180 509.558000 1856.998000
28.667480 511.054000 1859.198000
28.683900 490.399000 1832.490000
28.700500 484.160000 1810.314000
28.716860 481.491000 1805.672000
28.733340 506.124000 1848.066000
28.749820 501.687000 1867.668000
28.782780 412.590000 1921.832000
28.799070 386.784000 1898.094000
28.831730 402.390000 1892.330000
28.848330 387.940000 1900.140000
28.864620 387.940000 1900.140000
28.880980 392.428000 1865.072000
28.897520 418.846000 1846.152000
28.930420 457.062000 1864.984000
28.946720 424.830000 1844.898000
28.979610 487.441000 1850.596000
28.996030 486.030000 1843.490000
29.012820 489.345000 1849.672000
29.029170 508.470000 1887.292000
29.045530 539.546000 1928.190000
29.061890 544.085000 1935.560000
29.078310 525.198000 1929.378000
29.094790 514.675000 1878.734000
29.111150 513.655000 1876.710000
29.127560 525.334000 1931.270000
29.144290 516.681000 1913.208000
29.160460 513.179000 1909.248000
29.176760 567.902000 1889.338000
29.193300 665.023000 1814.560000
29.209780 665.788000 1814.846000
29.226260 672.486000 1909.116000
29.242680 686.885000 1921.260000
29.259030 684.998000 1914.330000
29.275510 654.857000 1858.362000
29.291870 651.168000 1858.978000
29.308110 652.409000 1863.004000
29.324650 658.325000 1877.568000
29.341130 655.860000 1878.580000
29.357670 655.860000 1878.580000
29.374020 680.408000 1872.706000
29.390560 675.852000 1871.496000
29.406920 674.951000 1869.406000
29.423400 752.420000 1926.848000
29.439640 748.578000 1856.448000
29.456180 749.224000 1858.670000
29.472660 777.257000 1857.196000
29.489010 788.273000 1841.840000
29.521910 789.310000 1906.102000
29.538330 776.747000 1938.772000
29.571040 777.580000 1919.742000
29.587650 779.535000 1861.552000
29.604000 779.348000 1857.548000
29.620540 748.459000 1865.270000
29.636780 763.079000 1858.384000
29.653320 763.402000 1862.388000
29.669800 762.416000 1839.772000
29.686160 797.997000 1889.690000
29.702700 797.640000 1891.824000
29.718990 767.856000 1885.642000
29.735720 767.958000 1858.714000
29.752200 768.519000 1866.568000
29.768620 779.654000 1856.404000
29.785100 783.564000 1877.766000
29.801450 783.904000 1875.346000
29.817810 581.366000 1664.080000
29.833860 524.773000 1698.114000
29.850400 522.410000 1692.416000
29.866760 498.797000 1644.192000
29.883120 505.189000 1657.348000
29.899600 507.705000 1663.376000
29.916260 538.322000 1676.840000
29.932500 522.563000 1621.774000
29.948910 518.194000 1610.026000
29.965210 506.158000 1640.804000
29.981930 484.024000 1619.684000
29.998170 482.477000 1616.868000
30.014590 501.976000 1630.178000
30.031130 495.516000 1603.272000
30.047670 497.097000 1606.484000
30.063780 502.214000 1584.660000
30.080380 499.800000 1605.846000
30.096740 502.860000 1614.404000
30.113280 558.127000 1657.722000
30.129760 616.947000 1646.458000
30.146060 619.684000 1656.006000
30.162660 585.293000 1717.980000
30.179020 585.072000 1784.222000
30.195370 579.683000 1769.944000
30.211790 588.642000 1736.130000
30.228090 569.653000 1707.156000
30.244810 568.378000 1704.362000
30.260990 503.829000 1475.892000
30.277650 415.055000 1414.886000
30.293880 413.440000 1409.936000
30.310420 450.007000 1436.754000
30.326900 456.637000 1477.080000
30.344240 453.849000 1469.776000
30.359800 455.770000 1476.046000
30.376220 466.072000 1517.208000
30.392640 469.132000 1525.084000
30.409000 470.611000 1533.202000
30.425480 467.177000 1541.056000
30.441890 468.231000 1544.334000
30.458130 422.365000 1505.592000
30.474670 434.894000 1496.440000
30.491030 436.832000 1500.202000
30.507690 432.548000 1515.338000
30.523860 422.399000 1482.140000
30.540220 422.314000 1481.942000
30.556760 428.468000 1478.532000
30.573240 433.347000 1484.846000
30.589600 436.356000 1492.216000
30.606200 431.426000 1486.166000
30.622500 528.190000 1523.016000
30.639040 529.057000 1526.668000
30.655270 648.125000 1327.150000
30.673580 613.632000 1288.826000
30.688290 613.683000 1289.090000
30.704830 593.878000 1340.020000
30.721130 582.063000 1308.714000
30.737550 580.244000 1299.738000
30.753910 615.808000 1361.118000
30.770390 613.394000 1329.064000
30.786740 616.318000 1345.410000
30.803280 605.013000 1312.564000
30.819640 606.611000 1341.516000
30.852660 592.688000 1295.998000
30.868840 579.122000 1404.326000
30.885440 576.844000 1392.930000
30.901920 643.569000 1448.700000
30.918090 625.260000 1377.992000
30.934940 623.747000 1369.434000
30.951480 586.160000 1367.564000
30.967770 570.112000 1394.404000
31.000670 576.759000 1386.660000
31.017150 587.265000 1354.672000
31.049620 598.655000 1343.672000
31.066040 575.093000 1340.108000
31.082520 575.688000 1344.442000
31.098940 656.897000 1371.062000
31.115360 665.652000 1423.070000
31.132140 666.825000 1431.276000
31.148250 645.728000 1288.452000
31.164790 654.721000 1325.126000
31.181030 653.497000 1316.348000
31.197630 663.136000 1277.166000
31.213990 657.934000 1274.636000
31.246770 660.773000 1254.968000
31.263180 631.023000 1397.792000
31.296140 432.395000 1337.886000
31.312560 427.890000 1343.012000
31.329830 432.446000 1354.738000
31.345400 434.775000 1410.706000
31.361760 443.360000 1453.100000
31.378110 443.275000 1452.880000
31.394710 441.626000 1435.588000
31.411070 444.516000 1383.844000
31.427370 441.932000 1376.540000
31.443970 455.855000 1419.704000
31.460510 441.694000 1401.026000
31.476870 438.736000 1392.886000
31.493230 439.144000 1346.598000
31.509700 427.040000 1394.140000
31.526000 424.048000 1386.154000
31.542600 414.477000 1330.912000
31.559020 503.183000 1328.514000
31.575440 505.546000 1336.962000
31.591920 483.021000 1351.504000
31.608280 474.011000 1339.668000
31.641170 450.942000 1418.736000
31.658510 482.392000 1371.238000
31.674190 479.842000 1363.098000
31.690430 498.491000 1423.774000
31.723270 499.392000 1427.338000
31.739690 455.090000 1382.832000
31.756290 446.063000 1393.722000
31.772520 447.882000 1398.430000
31.788940 463.777000 1358.764000
31.805420 471.206000 1393.348000
31.821780 471.138000 1393.128000
31.838200 512.720000 1431.584000
31.854740 513.502000 1471.822000
31.871090 516.681000 1482.338000
31.887510 582.811000 1531.772000
31.904050 635.052000 1470.172000
31.920410 636.497000 1478.048000
31.936770 639.846000 1416.272000
31.953310 614.210000 1386.198000
31.969670 611.728000 1368.862000
31.986570 597.312000 1382.018000
32.002500 580.108000 1392.248000
32.019040 575.025000 1371.414000
32.035280 575.399000 1330.472000
32.052120 601.987000 1303.390000
32.068300 603.840000 1313.466000
32.084780 634.916000 1333.750000
32.101140 699.295000 1490.698000
32.133850 687.667000 1537.734000
32.150570 695.504000 1459.942000
32.183110 670.667000 1428.262000
32.199770 693.872000 1391.126000
32.232480 676.549000 1297.890000
32.249150 562.853000 1016.510000
32.281920 528.411000 990.946000
32.298280 517.905000 946.462000
32.316890 520.812000 963.820000
32.331300 552.585000 994.488000
32.347530 561.425000 998.118000
32.363890 563.448000 1010.152000
32.380370 540.498000 1035.166000
32.396790 523.498000 1012.682000
32.413450 519.367000 988.570000
32.433960 500.293000 970.838000
32.446350 444.771000 1046.474000
32.462650 440.844000 1033.692000
32.479430 456.314000 1030.216000
32.495610 469.880000 1081.740000
32.512020 474.708000 1099.868000
32.528380 425.442000 1125.806000
32.545040 430.967000 1105.698000
32.561100 427.924000 1094.940000
32.577510 449.769000 1058.332000
32.610600 453.577000 1074.172000
32.626950 478.040000 1093.598000
32.643130 500.497000 1104.070000
32.659970 503.047000 1115.180000
32.676150 432.038000 1124.706000
32.692570 447.984000 1112.782000
32.708920 445.077000 1102.068000
32.725400 474.419000 996.644000
32.741760 492.660000 1090.144000
32.758240 495.176000 1100.946000
32.774660 537.438000 1134.606000
32.791140 528.853000 1152.162000
32.807500 527.952000 1146.882000
32.823910 538.373000 1162.238000
32.840390 547.621000 1047.112000
32.856870 546.227000 1041.392000
32.873290 570.962000 1125.784000
32.889830 533.307000 1122.154000
32.906190 534.701000 1127.918000
32.922550 562.360000 656.018000
32.938900 524.688000 357.522000
32.955380 521.084000 332.024000
32.972350 520.387000 350.020000
32.988400 572.815000 351.472000
33.004760 575.892000 377.124000
33.021180 545.802000 413.798000
33.037720 544.799000 396.880000
33.054020 543.320000 388.080000
33.070430 551.327000 365.222000
33.086850 516.613000 343.706000
33.103270 515.797000 335.368000
33.119630 559.963000 363.308000
33.136290 526.014000 344.124000
33.152400 525.946000 343.640000
33.168880 467.279000 310.178000
33.185360 442.357000 288.684000
33.202030 443.785000 295.856000
33.218440 439.705000 389.224000
33.234680 484.381000 259.226000
33.251160 481.491000 238.436000
33.267520 459.833000 249.216000
33.284060 508.334000 257.180000
33.300420 509.269000 267.278000
33.316960 945.353000 322.740000
33.333250 961.588000 349.910000
33.349730 960.143000 369.534000
33.366150 959.378000 364.166000
33.382390 959.582000 365.310000
33.399170 958.596000 373.582000
33.415470 955.927000 378.158000
33.431880 950.929000 387.596000
33.448120 949.705000 404.888000
33.464600 939.981000 361.394000
33.481140 946.424000 362.780000
33.497560 948.464000 336.952000
33.513850 987.326000 301.532000
33.530400 1018.555000 274.582000
33.546880 1019.116000 265.430000
33.563420 1036.847000 330.550000
33.579710 1043.086000 352.000000
33.596440 1039.210000 386.298000
33.612790 1021.530000 485.826000
33.629150 1037.391000 417.802000
33.645630 1040.536000 392.766000
33.662110 1040.451000 381.502000
33.678220 1037.935000 399.366000
33.694580 1040.417000 374.572000
33.711180 1047.098000 391.600000
33.730040 1064.761000 396.044000
33.744020 1061.939000 420.706000
33.760440 1044.072000 372.768000
33.776860 1057.230000 415.756000
33.793820 1055.870000 423.104000
33.809810 977.636000 353.254000
33.826290 950.045000 368.434000
33.842770 950.011000 368.896000
33.859310 983.433000 344.146000
33.875490 982.583000 355.476000
33.891910 983.569000 347.182000
33.908140 995.588000 337.172000
33.924680 980.152000 307.384000
33.941040 980.186000 306.878000
33.958860 1000.348000 339.460000
33.974060 989.723000 390.236000
34.006770 1007.726000 398.728000
34.023130 994.738000 372.570000
34.039670 992.783000 388.278000
34.056090 783.853000 214.632000
34.072510 811.223000 250.558000
34.088930 811.529000 238.326000
34.105350 780.691000 179.784000
34.121770 778.515000 191.466000
34.138180 778.583000 166.034000
34.154480 798.235000 183.414000
34.171080 789.174000 168.058000
34.187440 789.191000 170.346000
34.204040 791.112000 79.508000
34.220280 822.936000 28.820000
34.236760 822.256000 46.838000
34.253110 814.827000 220.550000
34.269530 952.408000 420.574000
34.286190 949.603000 462.352000
34.302370 968.388000 505.208000
34.318910 961.486000 463.958000
34.335270 962.659000 449.042000
34.351750 981.869000 493.262000
34.368160 976.854000 485.628000
34.400940 986.986000 505.714000
34.417360 974.542000 438.944000
34.450260 989.383000 422.312000
34.466610 974.270000 481.646000
34.483280 975.664000 465.410000
34.499570 961.214000 453.596000
34.516170 971.567000 438.636000
34.532350 975.001000 405.042000
34.548890 970.292000 395.186000
34.565190 955.553000 357.522000
34.581480 954.839000 355.410000
34.598270 946.662000 391.666000
34.614500 924.256000 425.986000
34.631160 922.131000 461.692000
34.647340 984.793000 393.448000
34.663880 963.271000 423.016000
34.680300 965.430000 398.860000
34.696660 974.899000 333.740000
34.714230 947.818000 340.406000
34.729610 950.028000 314.226000
34.745970 966.450000 362.582000
34.762450 995.265000 274.846000
34.778750 994.466000 281.182000
34.795170 971.822000 369.600000
34.811770 994.704000 376.772000
34.829770 992.970000 395.934000
34.844480 1023.281000 389.576000
34.860960 1013.472000 384.186000
34.877380 1013.948000 376.288000
34.893920 1016.226000 355.036000
34.910280 1012.282000 396.440000
34.926640 1011.891000 405.328000
34.943300 1016.583000 453.354000
34.959720 1043.460000 426.954000
34.976010 1045.364000 410.762000
34.992370 631.907000 321.090000
35.008910 518.534000 329.296000
35.025270 520.098000 345.378000
35.041930 504.033000 496.716000
35.058170 535.653000 517.792000
35.074460 540.192000 549.230000
35.091000 542.181000 464.156000
35.107480 512.754000 452.122000
35.123780 508.266000 420.288000
35.140260 500.446000 438.856000
35.156620 511.411000 380.446000
35.173100 507.518000 353.078000
35.189510 512.074000 382.030000
35.205930 514.063000 365.948000
35.222350 518.483000 399.080000
35.238890 480.794000 424.842000
35.255130 447.763000 480.480000
35.271610 449.854000 491.040000
35.288150 467.415000 483.670000
35.304440 419.424000 387.002000
35.320980 414.715000 361.614000
35.337400 447.950000 379.566000
35.353880 445.570000 386.474000
35.370300 451.214000 420.310000
35.386660 488.512000 523.380000
35.403020 455.345000 595.870000
35.419680 454.240000 587.928000
35.435970 486.761000 458.040000
35.649480 764.762000 364.606000
35.666020 765.714000 381.370000
35.682370 998.988000 354.332000
35.699220 1020.034000 442.552000
35.715390 1017.127000 465.982000
35.731810 996.234000 495.396000
35.748170 980.067000 472.296000
35.764530 981.087000 464.926000
35.780880 981.444000 449.592000
35.797550 1003.544000 430.320000
35.814820 1003.952000 421.586000
35.830320 943.092000 437.624000
35.846620 992.392000 458.942000
35.863100 991.865000 467.566000
35.879520 1060.902000 418.528000
35.896000 1018.334000 397.298000
35.912350 1020.544000 372.394000
35.928710 996.455000 372.460000
35.945250 1043.154000 428.164000
35.961550 1041.233000 444.488000
35.977970 1025.236000 495.352000
35.994510 1017.926000 435.710000
36.011050 1019.133000 428.010000
36.027340 1027.055000 507.012000
36.043760 1015.886000 432.058000
36.060240 1017.569000 415.910000
36.076600 1002.541000 480.854000
36.093140 1019.473000 492.294000
36.109500 1021.377000 474.958000
36.125980 1058.760000 429.088000
36.142330 1037.425000 365.508000
36.158870 1035.691000 381.106000
36.175290 1001.589000 407.792000
36.191650 1005.465000 471.328000
36.208130 1003.663000 489.126000
36.224490 985.881000 482.482000
36.241030 897.498000 920.524000
36.257510 899.096000 895.246000
36.273800 978.061000 1260.424000
36.290280 981.937000 1334.696000
36.306580 983.518000 1325.500000
36.323120 999.294000 1333.662000
36.339540 998.614000 1350.074000
36.355960 995.401000 1366.882000
36.372380 951.575000 1310.012000
36.388790 945.285000 1309.264000
36.405270 945.115000 1314.368000
36.421630 988.329000 1327.106000
36.438230 1006.757000 1327.128000
36.454650 1008.882000 1313.928000
36.470950 986.136000 1217.370000
36.487550 989.196000 1279.454000
36.503780 986.017000 1298.110000
36.520140 1001.640000 1313.752000
36.536800 992.358000 1368.774000
36.569640 982.311000 1241.746000
36.586000 891.514000 1171.830000
36.618900 617.134000 988.658000
36.635190 592.773000 1084.578000
36.668150 600.508000 997.832000
36.684450 600.100000 1049.818000
