0.000000 714.935000 685.080000
0.016480 732.156000 648.582000
0.032840 721.735000 679.690000
0.049320 721.055000 674.366000
0.065730 709.971000 624.800000
0.082090 720.375000 666.644000
0.098630 721.140000 678.370000
0.114990 735.760000 668.932000
0.131530 735.811000 691.856000
0.147770 735.760000 685.410000
0.164370 712.555000 693.418000
0.180730 716.720000 624.734000
0.197020 715.156000 600.248000
0.213620 725.305000 565.312000
0.229980 722.908000 635.030000
0.246340 722.211000 629.420000
0.262880 707.472000 569.096000
0.279240 718.539000 605.858000
0.295590 719.236000 611.116000
0.312130 634.253000 538.120000
0.328610 520.506000 425.326000
0.344910 518.568000 411.950000
0.361510 534.123000 411.488000
0.377810 522.546000 431.728000
0.394350 523.226000 438.944000
0.410640 557.294000 428.692000
0.427120 542.419000 490.512000
0.443600 543.660000 496.496000
0.460330 546.261000 474.144000
0.476680 537.183000 448.492000
0.493100 535.347000 435.314000
0.509520 572.747000 470.030000
0.525940 501.891000 327.338000
0.542360 502.571000 334.884000
0.558960 508.827000 186.670000
0.575200 511.547000 213.422000
0.591670 513.519000 228.536000
0.608090 539.733000 277.926000
0.624510 504.730000 247.478000
0.640930 503.948000 239.096000
0.657290 527.068000 255.178000
0.673770 515.049000 169.422000
0.690190 513.145000 154.088000
0.706600 482.239000 223.520000
0.723140 498.899000 216.634000
0.739560 497.267000 207.130000
0.755920 497.420000 99.748000
0.772400 485.690000 57.024000
0.788760 489.838000 89.650000
0.805240 494.870000 219.340000
0.821900 500.616000 242.506000
0.838130 504.577000 268.466000
0.854610 544.918000 231.902000
0.870970 526.830000 200.112000
0.887330 522.937000 168.300000
0.903690 528.598000 125.884000
0.920100 545.377000 172.304000
0.936770 543.575000 156.398000
0.953060 523.617000 140.272000
0.969600 529.873000 75.988000
0.991090 530.434000 84.348000
1.002560 531.794000 136.598000
1.018680 510.833000 124.410000
1.035160 514.811000 156.706000
1.051510 542.130000 182.534000
1.067930 547.298000 200.310000
1.084410 546.669000 192.082000
1.100890 534.395000 182.138000
1.117370 539.988000 228.954000
1.133850 539.869000 227.920000
1.150150 524.518000 157.344000
1.166560 529.533000 186.714000
1.182980 530.723000 202.884000
1.199460 517.395000 279.840000
1.215760 515.576000 227.304000
1.232180 518.755000 249.106000
1.248660 535.007000 227.348000
1.265200 549.406000 237.754000
1.281620 551.429000 255.024000
1.298030 606.594000 250.668000
1.314390 597.312000 204.578000
1.330930 596.258000 197.274000
1.347350 575.331000 215.072000
1.363650 587.503000 283.250000
1.380130 587.435000 282.590000
1.396670 598.536000 265.078000
1.412900 578.340000 224.730000
1.445860 612.459000 180.818000
1.462340 617.950000 264.242000
1.495060 629.510000 233.442000
1.511720 683.281000 194.612000
1.527950 683.145000 186.582000
1.544430 669.817000 157.476000
1.560910 667.080000 141.944000
1.577270 667.131000 142.626000
1.593690 669.902000 166.474000
1.610050 675.648000 248.336000
1.626530 676.753000 270.314000
1.642940 690.081000 213.532000
1.659550 671.823000 269.324000
1.675840 672.792000 283.338000
1.692260 663.204000 251.856000
1.708680 652.885000 344.630000
1.725160 650.148000 306.812000
1.741460 641.920000 225.874000
1.757870 652.783000 194.964000
1.774290 651.763000 181.170000
1.790770 606.628000 117.216000
1.807130 648.839000 243.364000
1.823610 651.457000 281.534000
1.839970 645.320000 316.140000
1.856450 608.940000 240.702000
1.873110 608.090000 223.586000
1.889220 660.875000 313.478000
1.905760 681.105000 104.500000
1.922360 678.453000 67.430000
1.938660 742.118000 138.094000
1.955020 763.793000 167.838000
1.971500 764.252000 183.304000
1.988100 765.952000 181.412000
2.004330 763.436000 191.818000
2.020750 763.861000 206.206000
2.037230 751.570000 206.096000
2.054020 775.387000 215.160000
2.070310 775.659000 237.446000
2.090150 759.101000 258.434000
2.103210 733.057000 231.880000
2.119570 733.040000 231.220000
2.136110 809.506000 225.984000
2.152340 807.279000 228.338000
2.185360 787.763000 247.940000
2.205930 797.878000 271.920000
2.217900 798.286000 278.762000
2.234250 799.884000 263.186000
2.250850 804.049000 210.848000
2.267150 803.216000 173.294000
2.283630 796.705000 169.686000
2.300480 807.194000 202.290000
2.316590 807.568000 208.252000
2.332950 824.568000 218.988000
2.349240 825.860000 269.984000
2.365840 825.945000 286.418000
2.382320 815.779000 214.984000
2.398560 833.612000 169.114000
2.415040 833.323000 177.100000
2.431520 857.123000 176.506000
2.447880 892.262000 245.872000
2.464230 892.279000 245.234000
2.480960 859.588000 246.840000
2.497310 887.876000 268.444000
2.518740 888.301000 260.964000
2.530330 886.176000 264.880000
2.546510 863.141000 248.666000
2.562870 862.869000 242.528000
2.579280 873.477000 263.934000
2.595760 876.367000 263.384000
2.612180 876.384000 262.768000
2.630860 840.735000 178.068000
2.645200 850.323000 213.224000
2.678220 847.297000 216.568000
2.694580 846.753000 276.210000
2.711120 847.110000 268.862000
2.727720 858.823000 195.646000
2.748720 841.908000 188.562000
2.760070 841.636000 182.512000
2.776670 850.816000 127.930000
2.792970 846.566000 190.278000
2.809450 846.532000 204.138000
2.825810 765.527000 233.068000
2.845030 600.797000 226.204000
2.858830 600.015000 210.034000
2.875180 539.087000 226.776000
2.891540 526.082000 216.194000
2.908080 522.988000 194.986000
2.924320 530.264000 162.052000
2.940800 531.063000 179.344000
2.959590 532.950000 195.162000
2.973750 540.906000 231.858000
2.990230 541.110000 230.384000
3.023500 539.648000 208.010000
3.039610 525.810000 202.356000
3.072510 528.598000 217.360000
3.088680 521.798000 211.090000
3.105220 523.651000 225.742000
3.121580 532.729000 253.880000
3.138060 532.457000 277.486000
3.172790 520.591000 265.122000
3.187560 532.457000 255.728000
3.203740 530.655000 241.318000
3.220150 537.625000 366.124000
3.236570 547.638000 364.540000
3.269410 539.172000 413.292000
3.285950 535.245000 407.770000
3.302310 537.047000 420.970000
3.318850 555.016000 451.110000
3.335210 549.134000 444.642000
3.368040 562.343000 457.270000
3.384460 551.463000 433.158000
3.400760 549.100000 412.258000
3.417420 550.137000 353.606000
3.433650 548.930000 359.744000
3.450010 547.128000 345.488000
3.466670 527.493000 314.270000
3.483090 529.703000 336.468000
3.502260 529.006000 336.248000
3.515930 518.449000 345.510000
3.532290 539.342000 382.800000
3.548830 540.379000 387.772000
3.565190 534.225000 332.112000
3.581540 537.370000 306.746000
3.598080 537.676000 309.078000
3.614260 521.288000 507.166000
3.630920 517.072000 598.378000
3.647280 519.248000 611.534000
3.663760 511.700000 641.542000
3.680180 520.574000 634.436000
3.713070 499.613000 607.794000
3.729370 522.019000 606.980000
3.745910 521.322000 599.830000
3.762330 519.707000 581.746000
3.778690 497.352000 550.374000
3.795170 497.199000 549.494000
3.811460 516.358000 618.420000
3.829040 543.456000 567.798000
3.844480 541.994000 561.506000
3.860900 533.902000 616.044000
3.877140 544.476000 610.852000
3.893740 546.346000 623.062000
3.910160 545.224000 656.304000
3.926640 545.241000 659.274000
3.943050 549.083000 683.694000
3.959410 539.359000 711.832000
3.975950 519.537000 728.552000
3.992250 517.531000 717.376000
4.008670 543.456000 728.486000
4.025090 533.460000 684.464000
4.041930 529.499000 660.550000
4.058040 538.220000 647.526000
4.074400 545.496000 634.106000
4.090820 547.230000 645.348000
4.107240 540.957000 690.888000
4.123660 527.884000 661.144000
4.140010 527.187000 654.434000
4.158020 502.554000 560.582000
4.173100 480.352000 550.704000
4.189390 473.688000 512.974000
4.205750 474.368000 569.646000
4.222290 469.353000 565.004000
4.255070 502.265000 517.330000
4.271480 485.639000 524.612000
4.304440 480.165000 510.004000
4.320800 498.134000 470.910000
4.337340 503.659000 509.784000
4.353820 512.380000 564.190000
4.370120 531.556000 611.204000
4.386660 536.996000 642.620000
4.402950 503.676000 648.604000
4.419430 504.696000 671.814000
4.435970 500.650000 649.352000
4.452640 566.491000 674.960000
4.468990 633.046000 714.626000
4.503660 697.867000 708.620000
4.518250 708.407000 651.530000
4.551090 690.064000 647.900000
4.567140 716.533000 697.994000
4.583800 717.264000 708.818000
4.602420 707.914000 676.830000
4.616700 704.633000 661.628000
4.649290 714.459000 601.458000
4.665770 715.224000 639.452000
4.682190 714.476000 628.122000
4.698790 696.813000 661.782000
4.715210 721.565000 654.764000
4.747860 713.473000 639.936000
4.764220 705.126000 693.418000
4.797180 715.071000 708.862000
4.813600 723.248000 715.198000
4.830020 723.282000 720.852000
4.846560 727.906000 721.864000
4.862920 726.937000 741.884000
4.879270 727.549000 746.438000
4.895810 714.561000 691.152000
4.912110 746.946000 684.486000
4.928830 746.453000 679.624000
4.945010 724.727000 728.970000
4.961550 728.705000 697.466000
4.977840 729.266000 702.086000
4.994200 739.687000 743.336000
5.010860 724.846000 690.184000
5.027160 724.183000 679.712000
5.043820 765.476000 630.014000
5.060180 789.650000 663.762000
5.076540 789.327000 651.420000
5.092830 789.242000 664.356000
5.109500 789.412000 621.830000
5.125790 789.616000 638.748000
5.142150 771.766000 635.668000
5.158810 784.091000 667.942000
5.175050 784.567000 672.716000
5.191470 802.281000 694.672000
5.207760 777.529000 744.876000
5.224430 776.832000 724.658000
5.240910 712.300000 913.528000
5.257260 720.596000 927.630000
5.273560 722.024000 941.688000
5.290040 707.523000 943.558000
5.306640 705.432000 940.566000
5.322880 704.565000 930.776000
5.339170 697.391000 904.002000
5.355770 681.156000 873.092000
5.372250 680.663000 874.126000
5.388610 669.392000 945.428000
5.405150 709.750000 976.492000
5.421690 711.246000 989.890000
5.438170 675.427000 928.004000
5.454470 690.319000 907.390000
5.471010 689.639000 903.276000
5.487300 671.891000 922.614000
5.503780 690.744000 931.414000
5.520320 690.370000 925.078000
5.536870 649.655000 934.384000
5.553220 665.822000 897.842000
5.569700 666.077000 903.210000
5.586120 668.066000 944.900000
5.602360 680.289000 1009.712000
5.618650 681.054000 1013.496000
5.635190 660.756000 956.846000
5.651490 658.002000 880.440000
5.668330 655.843000 861.828000
5.684570 635.885000 878.680000
5.703670 639.251000 924.352000
5.717470 641.852000 943.932000
5.733640 666.111000 920.414000
5.750180 640.152000 973.654000
5.766480 641.427000 982.762000
5.782900 676.039000 966.240000
5.799380 645.303000 985.468000
5.815730 642.668000 966.130000
5.832090 636.667000 940.764000
5.848880 666.638000 848.298000
5.865050 664.224000 822.162000
5.881530 693.158000 671.748000
5.897950 687.837000 693.374000
5.915830 688.789000 715.836000
5.930790 681.972000 709.874000
5.947140 706.690000 711.744000
5.963500 710.838000 772.244000
5.979980 692.070000 811.184000
5.996700 718.488000 877.008000
6.012880 719.100000 881.078000
6.029300 692.835000 848.650000
6.045780 712.487000 837.320000
6.062130 712.606000 846.120000
6.078610 706.928000 804.606000
6.094970 712.266000 834.548000
6.111510 715.173000 871.794000
6.128780 722.075000 890.208000
6.144530 711.501000 995.324000
6.160830 708.560000 953.304000
6.177190 728.569000 955.944000
6.193850 716.601000 913.022000
6.210020 712.453000 861.674000
6.226560 724.421000 874.192000
6.244380 722.398000 852.610000
6.259460 722.449000 857.758000
6.275940 722.041000 909.392000
6.292300 699.108000 924.616000
6.308590 698.972000 923.032000
6.325200 703.273000 882.552000
6.341490 734.961000 919.886000
6.358090 734.791000 909.216000
6.374390 719.542000 855.888000
6.390810 724.251000 881.342000
6.407290 723.741000 878.570000
6.423650 730.609000 883.432000
6.440190 745.246000 913.308000
6.456600 745.263000 907.214000
6.473020 705.619000 859.496000
6.489440 722.721000 861.564000
6.505920 721.361000 851.730000
6.522280 721.038000 821.414000
6.538700 712.351000 881.144000
6.555050 714.714000 910.382000
6.571660 747.320000 883.564000
6.587890 738.208000 959.134000
6.604250 738.905000 969.364000
6.620790 735.131000 909.040000
6.637210 746.453000 945.626000
6.670100 737.460000 914.496000
6.686650 754.307000 961.598000
6.702940 754.273000 956.934000
6.719240 677.892000 888.250000
6.735960 666.264000 853.534000
6.752200 665.397000 849.288000
6.768620 683.026000 873.136000
6.785160 669.018000 923.934000
6.801640 669.851000 928.092000
6.817870 651.287000 971.432000
6.850770 649.910000 913.880000
6.867190 654.789000 871.596000
6.883790 640.543000 869.418000
6.899960 640.747000 874.324000
6.916440 652.511000 882.882000
6.932920 654.279000 941.160000
6.949220 656.982000 965.140000
6.965700 673.574000 942.524000
6.982060 673.778000 974.952000
6.998600 672.282000 959.222000
7.015140 661.572000 924.066000
7.031560 659.175000 868.516000
7.047850 657.254000 854.964000
7.064270 671.942000 869.308000
7.080810 629.663000 802.802000
7.097290 632.366000 824.142000
7.113770 567.800000 774.928000
7.130000 562.615000 756.096000
7.146360 561.510000 744.106000
7.162840 578.306000 684.662000
7.179440 544.153000 649.748000
7.195740 541.586000 639.606000
7.212160 575.977000 634.238000
7.228640 540.702000 687.302000
7.244870 544.408000 710.028000
7.261540 569.398000 719.796000
7.277830 567.834000 659.494000
7.310730 539.308000 403.634000
7.327330 528.870000 409.288000
7.343630 528.275000 402.226000
7.360170 546.975000 364.188000
7.376530 532.355000 414.282000
7.392940 531.182000 408.386000
7.409240 533.239000 405.482000
7.425720 549.967000 375.892000
7.442500 551.089000 381.722000
7.458620 559.708000 416.152000
7.474850 548.471000 409.156000
7.491580 546.822000 396.462000
7.507870 531.250000 378.840000
7.524230 530.502000 388.520000
7.540710 529.057000 380.556000
7.557250 532.916000 427.812000
7.573610 510.391000 425.942000
7.590030 511.649000 431.574000
7.606510 519.180000 487.212000
7.622860 505.920000 471.218000
7.639220 506.260000 473.396000
7.655760 515.797000 507.606000
7.672120 509.065000 489.544000
7.688600 511.037000 502.150000
7.705020 516.919000 508.046000
7.721680 526.558000 634.260000
7.754520 514.233000 573.936000
7.771180 514.131000 569.052000
7.803590 552.279000 560.230000
7.820010 568.174000 570.922000
7.836360 569.840000 583.132000
7.852840 569.823000 561.044000
7.869200 549.185000 598.268000
7.885740 547.383000 586.146000
7.902100 556.886000 608.058000
7.918640 555.186000 613.866000
7.935180 553.469000 602.118000
7.951350 564.366000 597.740000
7.967900 541.960000 451.836000
8.000850 604.333000 560.516000
8.017150 593.181000 567.336000
8.050170 596.445000 545.270000
8.066350 590.070000 536.646000
8.101500 593.028000 559.020000
8.115910 597.703000 580.140000
8.148800 602.531000 571.912000
8.165040 594.966000 539.044000
8.197940 589.441000 523.908000
8.214480 598.451000 575.014000
8.247310 607.512000 557.458000
8.263550 597.822000 567.512000
8.296570 591.974000 562.914000
8.313230 594.031000 573.320000
8.329470 592.382000 559.944000
8.345890 602.310000 453.134000
8.362180 623.033000 494.032000
8.395080 607.682000 505.164000
8.411440 601.375000 484.616000
8.428160 603.279000 505.252000
8.444580 610.521000 549.516000
8.460820 611.983000 583.220000
8.477290 612.986000 588.412000
8.493590 632.111000 638.396000
8.510070 621.656000 628.606000
8.526430 620.381000 617.562000
8.542850 611.235000 592.988000
8.559270 610.317000 625.262000
8.592100 613.275000 504.614000
8.608640 578.204000 506.330000
8.641600 573.427000 534.490000
8.658020 565.165000 548.724000
8.674320 566.814000 560.824000
8.690730 565.726000 618.068000
8.707150 563.890000 615.604000
8.740050 545.717000 469.656000
8.756470 547.672000 475.530000
8.773070 545.921000 462.748000
8.789250 551.769000 512.182000
8.805790 541.399000 545.622000
8.822450 541.994000 552.002000
8.838930 568.463000 611.512000
8.855530 559.844000 635.778000
8.875240 562.632000 652.498000
8.888060 533.035000 633.204000
8.904300 540.379000 826.210000
8.920780 540.464000 826.672000
8.937260 529.193000 814.968000
8.953670 528.717000 821.194000
8.970150 527.442000 816.332000
8.986510 539.495000 777.282000
9.003050 518.432000 776.974000
9.019410 518.347000 776.490000
9.035770 546.108000 786.302000
9.052310 564.570000 802.054000
9.068790 565.794000 806.938000
9.086980 557.991000 802.868000
9.101560 554.982000 790.416000
9.117980 554.506000 784.388000
9.134400 567.647000 755.876000
9.150880 559.776000 827.574000
9.167300 557.906000 816.662000
9.183650 544.986000 769.252000
9.200130 547.740000 739.002000
9.216550 546.550000 734.580000
9.232910 544.697000 734.294000
9.249450 567.562000 714.450000
9.265870 567.681000 715.264000
9.282170 559.606000 733.920000
9.298770 570.367000 725.296000
9.331480 541.297000 751.718000
9.347900 553.384000 768.592000
9.364440 552.721000 762.432000
9.380920 556.240000 742.676000
9.397160 589.390000 686.356000
9.416140 588.251000 681.208000
9.430180 630.921000 677.050000
9.446470 633.539000 701.778000
9.462890 636.395000 729.784000
9.479430 641.784000 738.320000
9.495790 646.629000 766.106000
9.512270 647.802000 776.446000
9.528810 617.627000 762.388000
9.545100 620.534000 807.642000
9.561520 620.228000 802.164000
9.578000 639.319000 781.000000
9.594360 648.397000 749.364000
9.610900 647.241000 738.980000
9.627140 643.382000 721.380000
9.643680 621.656000 782.804000
9.660220 620.313000 772.398000
9.676570 598.944000 769.252000
9.693050 622.829000 760.848000
9.725890 623.696000 717.090000
9.742490 608.702000 732.622000
9.758790 609.076000 738.298000
9.775020 690.217000 778.558000
9.791440 689.979000 697.400000
9.808040 690.642000 702.152000
9.824280 702.899000 708.092000
9.840880 692.699000 691.350000
9.857300 691.832000 680.834000
9.873600 659.770000 711.964000
9.890200 667.165000 710.952000
9.906430 665.992000 698.808000
9.922910 652.868000 721.798000
9.939270 695.028000 683.034000
9.955870 695.147000 688.886000
9.972230 690.931000 812.086000
9.988770 686.766000 820.864000
10.005000 688.704000 841.808000
10.021550 696.728000 818.620000
10.037840 699.669000 808.522000
10.054320 699.567000 803.022000
10.073000 656.302000 852.676000
10.087160 648.176000 788.942000
10.103820 647.037000 779.064000
10.120060 674.713000 744.876000
10.136350 693.906000 741.686000
10.169430 686.800000 798.600000
10.185910 721.616000 774.686000
10.218810 739.959000 765.006000
10.235170 743.359000 784.938000
10.251530 742.713000 773.498000
10.267940 683.332000 784.696000
10.284420 693.158000 760.012000
10.300960 693.226000 765.446000
10.317260 738.021000 748.726000
10.333680 733.159000 771.210000
10.350220 733.771000 781.132000
10.366520 711.501000 828.036000
10.382870 694.008000 811.492000
10.399480 692.903000 794.728000
10.415890 718.080000 803.396000
10.432250 730.881000 782.628000
10.448610 730.983000 789.536000
10.465150 740.265000 805.596000
10.481570 704.633000 820.688000
10.500430 705.415000 830.280000
10.514340 736.729000 804.760000
10.530760 750.261000 810.612000
10.563600 729.419000 822.228000
10.580140 719.321000 840.026000
10.596440 720.086000 845.922000
10.613040 693.226000 809.886000
10.629700 722.551000 710.028000
10.645750 721.888000 699.666000
10.662230 693.158000 762.388000
10.678590 689.877000 763.576000
10.711490 724.251000 712.052000
10.728030 698.292000 734.954000
10.760740 691.781000 724.240000
10.777280 715.292000 715.836000
10.810000 544.561000 838.904000
10.827270 568.582000 848.540000
10.842900 570.741000 863.566000
10.859380 536.384000 786.720000
10.875790 546.635000 828.256000
10.892270 547.791000 832.700000
10.908690 537.098000 833.624000
10.925170 523.260000 837.496000
10.942750 517.157000 806.014000
10.957890 524.195000 785.092000
10.974490 528.479000 809.204000
10.991090 526.371000 797.940000
11.007450 522.682000 819.368000
11.023990 534.463000 787.864000
11.040340 536.503000 799.194000
11.056820 570.027000 788.414000
11.073300 571.948000 722.744000
11.089420 573.767000 734.822000
11.105900 579.598000 723.250000
11.122250 575.552000 768.614000
11.138610 577.677000 784.630000
11.155090 605.013000 847.000000
11.171510 582.607000 848.892000
11.187870 583.712000 853.314000
11.204410 587.129000 826.188000
11.220700 585.327000 786.962000
11.237120 582.250000 766.392000
11.253660 571.863000 793.474000
11.270140 592.518000 820.578000
11.303040 593.334000 776.556000
11.319210 607.172000 784.388000
11.335880 605.591000 772.750000
11.352230 625.124000 753.874000
11.368650 595.935000 761.156000
11.385130 594.303000 749.584000
11.401550 606.645000 750.222000
11.417850 595.816000 756.008000
11.434390 597.431000 767.514000
11.450740 608.634000 779.174000
11.467100 617.729000 743.952000
11.483640 619.242000 755.788000
11.500120 615.026000 734.668000
11.516480 614.686000 766.766000
11.532840 616.386000 782.914000
11.549260 626.790000 752.576000
11.565800 639.030000 805.684000
11.582280 639.965000 810.128000
11.600650 643.739000 778.140000
11.615170 647.173000 775.940000
11.631410 643.518000 743.490000
11.647890 634.491000 747.934000
11.664430 661.011000 756.514000
11.680790 659.821000 745.008000
11.697140 639.965000 755.062000
11.713620 637.228000 772.970000
11.746460 674.866000 788.304000
11.763060 682.499000 770.682000
11.779300 684.590000 797.060000
11.795840 652.902000 770.792000
11.812260 646.340000 837.012000
11.828740 647.207000 841.324000
11.845090 642.957000 756.580000
11.861570 643.416000 711.942000
11.877870 642.277000 701.690000
11.894350 694.688000 726.990000
11.910890 693.855000 769.758000
11.943790 689.877000 763.312000
11.960140 713.082000 703.956000
11.976560 712.368000 698.962000
11.993100 719.950000 766.832000
12.009460 700.876000 787.732000
12.025820 701.573000 792.044000
12.042240 684.318000 784.740000
12.058780 690.523000 782.980000
12.075130 689.673000 773.344000
12.091550 738.582000 751.608000
12.107850 763.487000 793.958000
12.140870 733.771000 826.210000
12.157230 753.440000 805.794000
12.190000 738.038000 796.202000
12.206600 732.292000 756.030000
12.223080 733.040000 773.014000
12.239320 746.963000 792.000000
12.255860 753.236000 842.028000
12.272340 753.729000 851.488000
12.288640 597.278000 905.982000
12.305110 566.100000 946.396000
12.321530 565.539000 941.468000
12.338010 549.746000 919.512000
12.354370 557.617000 935.308000
12.370790 555.934000 926.332000
12.387150 536.520000 803.990000
12.403630 571.948000 807.818000
12.436340 566.338000 830.302000
12.452880 544.765000 852.038000
12.469360 545.938000 856.152000
12.485960 544.901000 875.314000
12.502320 545.088000 916.146000
12.518490 545.547000 920.832000
12.535340 546.958000 873.422000
12.551700 561.952000 915.992000
12.568240 560.116000 905.916000
12.584530 523.872000 930.182000
12.600950 516.018000 920.502000
12.617310 514.046000 911.218000
12.633610 536.180000 907.764000
12.650090 526.422000 889.526000
12.666690 530.519000 909.854000
12.683170 526.354000 982.630000
12.699580 531.199000 978.230000
12.732240 548.590000 960.696000
12.748540 520.761000 934.054000
12.781490 515.304000 967.978000
12.798030 531.267000 929.302000
12.830870 521.900000 923.626000
12.847110 513.128000 941.358000
12.863650 511.071000 932.008000
12.880000 519.163000 913.770000
12.896300 527.765000 937.948000
12.913090 528.445000 942.876000
12.929380 516.511000 948.420000
12.945800 521.305000 931.150000
12.962280 523.243000 940.236000
12.978640 554.489000 922.438000
12.995000 584.664000 918.566000
13.011540 585.871000 923.054000
13.027890 589.050000 1022.120000
13.044310 601.987000 979.308000
13.060730 602.055000 979.726000
13.077270 579.989000 903.518000
13.093690 583.100000 940.368000
13.109990 581.944000 935.990000
13.126460 606.764000 944.768000
13.142880 586.772000 905.300000
13.159360 586.279000 899.844000
13.175780 593.827000 901.516000
13.192140 583.542000 880.924000
13.208500 582.505000 876.898000
13.225160 579.360000 907.478000
13.241700 565.403000 906.906000
13.258000 566.508000 911.108000
13.274410 568.225000 1005.510000
13.290770 559.674000 989.846000
13.307130 557.311000 975.898000
13.323670 553.809000 948.970000
13.340030 552.670000 958.804000
13.356510 552.534000 958.144000
13.372860 555.016000 830.500000
13.389340 558.365000 876.040000
13.405760 559.011000 881.782000
13.422240 547.162000 924.594000
13.438660 548.556000 923.296000
13.455020 548.692000 924.000000
13.471500 691.934000 900.394000
13.487920 682.635000 912.208000
13.520810 691.118000 914.738000
13.537230 663.595000 954.426000
13.570010 684.624000 921.272000
13.586490 688.874000 883.894000
13.619200 683.485000 908.754000
13.635860 665.635000 888.536000
13.668580 671.381000 905.916000
13.685120 666.434000 919.248000
13.717830 688.959000 864.446000
13.734440 669.154000 860.992000
13.750730 668.168000 855.074000
13.767270 669.239000 878.966000
13.783570 659.498000 875.160000
13.800170 660.348000 879.186000
13.816530 659.532000 896.676000
13.832890 665.958000 892.540000
13.849300 666.400000 899.140000
13.865660 698.479000 899.624000
13.882200 688.619000 930.908000
13.898620 689.435000 934.780000
13.914980 661.538000 811.866000
13.931400 704.769000 662.464000
13.947940 704.038000 657.734000
13.964360 658.546000 722.348000
13.980770 661.215000 724.724000
13.997130 661.946000 729.542000
14.013670 671.517000 737.924000
14.030030 664.513000 735.174000
14.046450 663.493000 724.922000
14.062870 642.243000 730.004000
14.079280 678.062000 720.280000
14.095890 677.025000 713.680000
14.112120 685.644000 697.026000
14.128660 681.683000 700.106000
14.145140 682.431000 704.836000
14.161320 720.409000 728.046000
14.177920 712.963000 685.344000
14.194400 713.099000 687.214000
14.210750 711.756000 642.422000
14.227230 703.307000 650.716000
14.243530 703.392000 656.678000
14.259950 719.423000 687.654000
14.276550 701.165000 736.032000
14.292910 701.811000 740.696000
14.309390 714.952000 753.214000
14.328130 704.735000 765.710000
14.342290 703.018000 743.952000
14.358400 703.120000 732.556000
14.375310 700.179000 713.504000
14.391720 700.281000 719.026000
14.408080 700.417000 722.392000
14.424620 709.512000 735.658000
14.441160 711.943000 768.526000
14.457280 716.074000 742.214000
14.473630 711.008000 752.752000
14.490170 709.937000 734.800000
14.506410 703.120000 742.588000
14.523190 694.858000 727.144000
14.539550 693.294000 711.964000
14.556090 702.627000 657.316000
14.572390 707.778000 682.352000
14.588620 710.226000 716.386000
14.604980 737.783000 751.278000
14.621400 715.241000 760.958000
14.637820 716.023000 771.870000
14.654420 736.848000 786.016000
14.670650 718.114000 792.726000
14.687070 717.978000 787.138000
14.703610 759.934000 780.692000
14.720030 747.830000 739.420000
14.736390 746.759000 723.954000
14.752870 662.388000 910.140000
14.769350 651.610000 936.386000
14.785770 651.304000 931.194000
14.802310 683.298000 946.858000
14.818480 665.703000 870.320000
14.835140 664.683000 861.014000
14.851500 668.814000 841.676000
14.867860 688.721000 812.680000
14.884340 687.701000 801.372000
14.900700 657.169000 816.046000
14.917110 672.350000 843.744000
14.949950 648.040000 888.866000
14.966310 644.385000 925.452000
14.982850 645.728000 935.814000
14.999210 641.801000 941.072000
15.015750 640.356000 952.116000
15.048460 657.169000 903.012000
15.065060 665.380000 897.534000
15.098630 677.229000 940.302000
15.114440 666.196000 907.698000
15.131230 666.468000 912.626000
15.147400 657.271000 870.210000
15.163820 657.033000 947.012000
15.180360 657.832000 951.170000
15.196960 657.968000 869.484000
15.216610 667.267000 895.488000
15.229550 666.451000 891.264000
15.245850 694.790000 925.584000
15.262080 695.606000 841.588000
15.278500 696.303000 845.878000
15.294980 682.125000 938.762000
15.314330 646.731000 936.738000
15.328000 645.864000 932.580000
15.344420 691.679000 964.018000
15.360780 703.834000 929.676000
15.377260 703.681000 928.092000
15.393490 682.023000 865.898000
15.409970 651.015000 880.506000
15.426510 650.760000 875.292000
15.443050 669.273000 881.276000
15.459410 693.362000 882.398000
15.475770 693.515000 884.026000
15.492250 651.746000 855.206000
15.508610 648.805000 847.572000
15.524960 648.550000 841.764000
15.541380 675.070000 880.902000
15.557980 654.007000 835.318000
15.574220 653.123000 830.632000
15.590700 667.080000 894.894000
15.606930 655.027000 880.814000
15.623470 656.234000 891.000000
15.640080 641.461000 917.950000
15.656560 639.132000 892.452000
15.672850 640.373000 901.956000
15.689330 669.681000 898.128000
15.705870 693.838000 889.856000
15.722170 694.739000 899.536000
15.738710 642.379000 1282.204000
15.756470 382.636000 1039.302000
15.771360 384.676000 1048.586000
15.804380 450.670000 891.638000
15.820680 452.302000 902.154000
15.837220 684.981000 1899.634000
15.853640 614.210000 1254.902000
15.870120 613.598000 1247.092000
15.886720 493.068000 932.074000
15.903020 460.020000 908.534000
15.935850 473.518000 994.268000
15.952150 446.420000 1110.978000
15.970340 448.103000 1119.888000
15.985050 676.243000 1099.780000
16.001340 649.485000 1132.120000
16.018190 647.938000 1119.624000
16.034420 651.712000 1103.036000
16.050780 656.795000 1129.722000
16.067260 654.823000 1118.568000
16.084720 674.764000 1072.962000
16.099980 667.369000 1074.612000
16.116520 669.290000 1086.206000
16.132870 639.047000 1102.376000
16.149290 634.440000 1085.084000
16.165890 633.165000 1077.076000
16.182190 531.471000 1130.492000
16.198610 496.927000 1124.574000
16.214970 494.734000 1116.566000
16.231380 526.779000 1109.416000
16.247860 512.295000 1074.502000
16.280880 513.230000 1060.730000
16.300480 495.482000 1062.952000
16.315250 497.641000 1071.356000
16.330140 520.778000 1086.756000
16.346740 516.511000 1136.498000
16.363220 518.602000 1144.506000
16.379580 517.803000 1128.512000
16.396060 521.152000 1135.948000
16.428830 544.867000 1165.582000
16.445010 515.933000 1136.586000
16.461240 514.437000 1132.978000
16.477910 539.291000 1102.926000
16.494690 557.243000 1163.624000
16.511050 558.450000 1166.946000
16.529420 552.143000 1133.286000
16.544010 542.674000 1109.086000
16.560120 540.821000 1101.188000
16.576480 539.478000 1165.780000
16.592900 536.639000 1127.236000
16.626220 566.287000 1212.134000
16.642270 582.012000 1179.024000
16.658510 580.142000 1170.422000
16.675110 537.268000 1111.352000
16.691530 547.553000 1120.614000
16.707890 546.363000 1116.874000
16.724370 579.360000 1080.310000
16.740720 536.928000 1146.750000
16.757260 540.957000 1163.030000
16.773620 563.737000 1120.878000
16.790040 564.111000 1150.798000
16.806520 563.516000 1146.684000
16.822880 521.475000 1161.930000
16.839360 518.007000 1205.336000
16.855900 516.766000 1202.300000
16.872130 563.635000 1187.164000
16.888670 525.708000 1184.348000
16.905090 529.142000 1194.886000
16.921570 510.782000 1223.244000
16.937870 515.508000 1140.920000
16.954710 513.468000 1133.220000
16.970700 546.244000 1131.130000
16.987300 520.251000 1141.514000
17.003660 517.565000 1128.908000
17.020140 517.769000 1139.798000
17.036620 510.850000 1131.988000
17.052920 509.456000 1128.314000
17.071470 522.461000 1128.776000
17.085820 524.552000 1154.494000
17.102290 526.677000 1162.678000
17.118650 559.266000 1174.558000
17.135130 582.743000 1185.712000
17.151550 584.375000 1193.148000
17.167910 573.954000 1227.776000
17.184330 571.914000 1211.562000
17.200620 569.364000 1198.978000
17.217100 574.821000 1223.728000
17.233640 491.453000 1207.404000
17.250120 487.798000 1197.152000
17.266360 511.394000 1195.128000
17.282960 529.227000 1251.074000
17.299260 535.466000 1273.030000
17.315730 562.717000 1358.038000
17.332150 527.493000 1372.756000
17.348630 529.550000 1379.004000
17.365110 519.044000 1342.748000
17.381470 510.510000 1370.864000
17.398010 509.116000 1367.916000
17.414250 550.273000 1377.992000
17.430730 525.249000 1296.372000
17.447140 522.172000 1284.624000
17.463560 541.144000 1301.300000
17.479980 533.902000 1314.478000
17.496520 532.661000 1311.816000
17.513000 536.486000 1301.806000
17.529300 521.407000 1314.500000
17.545650 525.011000 1324.708000
17.562070 545.564000 1325.588000
17.578550 541.943000 1328.976000
17.595150 540.073000 1322.794000
17.613400 523.719000 1324.290000
17.628050 523.464000 1342.044000
17.660580 490.467000 1316.480000
17.677120 506.634000 1259.148000
17.693480 507.382000 1262.932000
17.710140 542.079000 1314.522000
17.726810 492.337000 1294.612000
17.742860 494.496000 1301.146000
17.759220 549.185000 1364.638000
17.775570 530.961000 1328.998000
17.792240 531.522000 1328.316000
17.808650 520.132000 1330.912000
17.824890 546.363000 1315.754000
17.841490 545.088000 1312.872000
17.858030 609.739000 1345.124000
17.874210 631.278000 1368.004000
17.890690 629.850000 1361.514000
17.907170 588.982000 1395.108000
17.923400 585.378000 1373.482000
17.956360 616.981000 1394.558000
17.972780 624.342000 1383.184000
17.989380 627.742000 1399.398000
18.005920 627.589000 1411.344000
18.022460 648.142000 1333.090000
18.038760 649.043000 1336.038000
18.055420 517.718000 1380.192000
18.071590 526.286000 1354.694000
18.088010 524.280000 1348.512000
18.104370 534.633000 1242.912000
18.120790 542.062000 1292.962000
18.137150 540.090000 1286.098000
18.153440 522.954000 1276.286000
18.170100 502.333000 1555.004000
18.186460 496.655000 1542.178000
18.219360 1013.421000 1173.854000
18.235660 1016.005000 1158.454000
18.252140 486.795000 732.314000
18.482240 938.978000 1087.526000
18.498600 523.872000 1273.558000
18.515010 518.449000 1348.688000
18.531370 525.113000 1368.818000
18.547790 553.503000 1375.198000
18.564270 547.349000 1379.642000
18.580630 545.394000 1373.438000
18.598450 543.558000 1389.498000
18.613530 552.755000 1381.314000
18.646300 552.330000 1398.980000
18.662840 543.252000 1420.716000
18.695740 567.936000 1384.042000
18.712100 538.713000 1351.570000
18.728520 536.758000 1345.278000
18.744930 561.204000 1329.548000
18.761350 533.137000 1292.324000
18.777710 535.109000 1299.012000
18.794250 571.506000 1355.794000
18.810670 565.080000 1415.458000
18.827090 566.899000 1421.354000
18.843440 535.330000 1370.292000
18.859990 538.067000 1369.280000
18.892880 588.404000 1382.238000
18.909180 642.753000 1361.778000
18.927190 639.642000 1344.552000
18.942200 639.914000 1247.048000
18.958440 632.808000 1301.718000
18.975040 630.887000 1296.020000
18.991330 606.679000 1313.092000
19.007810 613.836000 1350.228000
19.024350 619.412000 1372.580000
19.040770 654.126000 1359.336000
19.057310 646.782000 1356.366000
19.073610 645.558000 1350.316000
19.089970 655.010000 1282.930000
19.106380 643.535000 1315.248000
19.122860 642.277000 1308.758000
19.139280 640.866000 1289.750000
19.155580 694.433000 1319.076000
19.172060 694.586000 1322.552000
19.188480 691.152000 1337.512000
19.205200 679.133000 1339.932000
19.221310 680.119000 1346.004000
19.237790 668.780000 1369.940000
19.255490 685.678000 1310.342000
19.270570 685.474000 1306.712000
19.287110 672.333000 1367.674000
19.303650 671.177000 1370.072000
19.319820 670.140000 1364.242000
19.336360 678.453000 1283.458000
19.352840 683.774000 1313.378000
19.369200 684.998000 1323.190000
19.385560 670.038000 1297.692000
19.402040 670.395000 1311.640000
19.418460 671.160000 1314.566000
19.434940 714.510000 1385.780000
19.451350 692.954000 1308.890000
19.467830 691.118000 1296.064000
19.484190 722.891000 1335.730000
19.500670 778.464000 1309.484000
19.517090 778.515000 1305.766000
19.533690 740.384000 1309.572000
19.549930 738.650000 1366.662000
19.566280 737.987000 1363.890000
19.582820 730.830000 1343.188000
19.599180 735.114000 1355.904000
19.615540 735.760000 1358.544000
19.632080 741.234000 1254.506000
19.648440 735.097000 1287.066000
19.664980 734.451000 1287.440000
19.681400 746.096000 1322.816000
19.697810 738.004000 1348.204000
19.714230 739.313000 1357.290000
19.730590 751.723000 1311.706000
19.746950 751.196000 1313.092000
19.763490 751.145000 1309.352000
19.779970 756.704000 1310.694000
19.796450 745.484000 1313.268000
19.812810 745.297000 1320.088000
19.829220 745.161000 1350.140000
19.845580 742.356000 1393.854000
19.862240 743.053000 1396.670000
19.878420 744.073000 1413.456000
19.894960 777.835000 1368.334000
19.911560 777.478000 1362.548000
19.927730 832.286000 1319.956000
19.944210 820.471000 1313.312000
19.960570 820.556000 1319.780000
19.977110 857.140000 1300.596000
19.993470 865.385000 1289.838000
20.010010 865.232000 1286.824000
20.026370 836.434000 1266.958000
20.042850 835.771000 1284.932000
20.059200 836.196000 1281.038000
20.075560 874.497000 1295.690000
20.091920 867.085000 1307.526000
20.108460 867.068000 1307.812000
20.124940 852.924000 1261.128000
20.190550 861.067000 1306.646000
20.207090 861.679000 1295.888000
20.223450 853.094000 1234.706000
20.272830 666.247000 1383.954000
20.289370 600.338000 1352.912000
20.305730 602.055000 1359.842000
20.322080 597.380000 1390.114000
20.338440 560.439000 1415.370000
20.371280 598.434000 1446.060000
20.387820 587.197000 1426.282000
20.404300 585.361000 1419.902000
20.420590 582.794000 1412.114000
20.437070 574.770000 1426.216000
20.470340 594.558000 1420.804000
20.486510 580.601000 1434.268000
20.519530 570.554000 1354.518000
20.535830 557.804000 1339.118000
20.568910 578.816000 1363.054000
20.584960 556.053000 1380.192000
20.601500 557.447000 1383.140000
20.617980 534.055000 1505.988000
20.634280 533.290000 1565.718000
20.651060 533.919000 1568.204000
20.667540 533.154000 1563.342000
20.684020 578.969000 1573.726000
20.700130 580.822000 1578.720000
20.716430 554.234000 1495.582000
20.732850 550.239000 1476.530000
20.749210 548.335000 1471.184000
20.765810 532.032000 1462.098000
20.785890 561.255000 1484.780000
20.798890 561.816000 1487.794000
20.814940 558.484000 1529.374000
20.831360 582.556000 1532.432000
20.847840 583.610000 1534.170000
20.864200 561.544000 1495.582000
20.880620 524.348000 1471.734000
20.898250 521.526000 1463.286000
20.913640 526.541000 1539.252000
20.929990 514.760000 1478.246000
20.946470 515.984000 1484.296000
20.962830 511.326000 1516.856000
20.979190 568.956000 1513.314000
20.995670 572.101000 1520.904000
21.012270 628.286000 1537.184000
21.028500 623.611000 1521.322000
21.045170 620.806000 1511.488000
21.061460 616.607000 1484.318000
21.077700 622.693000 1463.748000
21.110600 623.764000 1524.072000
21.127140 631.193000 1513.996000
21.160030 619.089000 1507.528000
21.176330 602.446000 1522.444000
21.192870 602.922000 1525.106000
21.209720 644.113000 1602.766000
21.226010 645.728000 1583.274000
21.242310 646.561000 1585.078000
21.258610 559.368000 1606.132000
21.275150 521.866000 1665.752000
21.291380 518.160000 1659.504000
21.307860 443.207000 1703.372000
21.324280 444.856000 1737.780000
21.340760 446.403000 1739.342000
21.357120 498.967000 1710.676000
21.373660 479.060000 1709.752000
21.389950 481.882000 1714.020000
21.406310 463.692000 1740.970000
21.422910 492.847000 1690.282000
21.439390 489.294000 1683.506000
21.455690 489.855000 1723.084000
21.472290 501.636000 1665.620000
21.488770 497.998000 1660.450000
21.505310 467.959000 1709.554000
21.521670 460.360000 1736.350000
21.538150 463.029000 1740.002000
21.554630 482.103000 1757.514000
21.570800 481.695000 1757.690000
21.603450 450.296000 1762.926000
21.619930 464.797000 1724.008000
21.636350 467.602000 1727.968000
21.652950 526.133000 1787.368000
21.669250 531.964000 1783.628000
21.685730 531.199000 1781.890000
21.702090 532.440000 1743.104000
21.718570 523.498000 1803.098000
21.734990 521.254000 1799.996000
21.751340 526.150000 1750.452000
21.768010 523.889000 1710.368000
21.784360 524.671000 1712.656000
22.983520 576.776000 948.618000
22.999940 575.348000 987.734000
23.016360 576.402000 991.232000
23.032590 571.234000 970.486000
23.049190 570.996000 963.072000
23.065730 571.455000 967.912000
23.083310 580.924000 985.050000
23.098450 553.061000 979.374000
23.114990 553.197000 980.056000
23.131350 573.903000 992.310000
23.147890 580.329000 986.964000
23.164180 578.697000 978.010000
23.180600 595.935000 988.152000
23.197080 583.474000 949.938000
23.229860 587.367000 954.690000
23.246400 604.911000 962.698000
23.262700 606.373000 971.740000
23.279240 606.628000 968.022000
23.295590 623.832000 1000.582000
23.312070 624.223000 1005.400000
23.328490 601.868000 1029.908000
23.344970 601.902000 988.416000
23.361330 601.834000 987.998000
23.377990 623.781000 999.966000
23.394470 612.102000 1005.906000
23.410710 611.711000 1001.022000
23.427060 585.905000 1000.868000
23.443420 563.652000 918.852000
23.459960 562.496000 914.738000
23.476320 541.603000 945.714000
23.492680 530.315000 978.648000
23.509090 529.346000 972.422000
23.525700 519.826000 909.634000
23.541930 511.003000 897.710000
23.558410 509.082000 888.646000
23.574950 534.463000 858.044000
23.591310 548.063000 916.718000
23.607670 550.715000 932.140000
23.624210 536.656000 930.490000
23.640560 528.683000 948.838000
23.657040 530.553000 957.792000
23.673400 529.924000 934.648000
23.689820 528.122000 939.488000
23.706300 529.482000 943.954000
23.722660 507.688000 962.170000
23.739140 535.993000 981.816000
23.755620 534.837000 977.922000
23.772090 544.374000 989.714000
23.788390 517.344000 944.570000
23.804930 518.585000 948.640000
23.821350 535.296000 957.110000
23.837650 519.962000 949.674000
23.854190 520.047000 950.092000
23.870540 535.092000 978.274000
23.886900 539.648000 994.356000
23.903440 537.710000 985.226000
23.919980 536.163000 968.550000
23.936340 523.617000 985.292000
23.969180 544.221000 1004.520000
23.985660 532.083000 1012.044000
24.002140 529.125000 996.754000
24.018430 521.492000 943.206000
24.034850 520.438000 899.976000
24.051390 519.129000 895.554000
24.068180 502.605000 908.908000
24.084350 517.684000 943.118000
24.100590 522.104000 963.556000
24.117070 544.629000 942.106000
24.133610 525.623000 963.182000
24.166380 591.073000 1008.898000
24.182680 635.936000 884.818000
24.199280 634.508000 873.818000
24.215640 665.193000 910.910000
24.232120 670.429000 909.568000
24.248600 669.426000 900.372000
24.264950 642.770000 897.160000
24.281310 656.591000 897.688000
24.297910 658.019000 913.286000
24.314390 651.899000 980.672000
24.330690 670.293000 979.220000
24.347230 669.851000 973.104000
24.363590 669.035000 979.770000
24.380000 633.454000 948.904000
24.397340 632.247000 940.324000
24.412900 619.072000 911.922000
24.429200 612.425000 963.952000
24.445560 614.380000 978.780000
24.462340 653.956000 944.944000
24.478520 649.043000 986.876000
24.494930 649.978000 990.682000
24.511350 634.525000 978.670000
24.527830 639.047000 906.026000
24.544190 637.840000 896.940000
24.560550 627.640000 915.376000
24.577090 637.041000 892.672000
24.609990 607.733000 853.248000
24.626340 590.665000 982.828000
24.642760 589.305000 977.504000
24.659180 593.028000 920.964000
24.675660 589.356000 917.334000
24.692140 591.923000 930.314000
24.708440 614.686000 936.474000
24.725100 608.481000 940.566000
24.741330 608.719000 942.172000
24.757870 600.440000 935.616000
24.774230 594.524000 978.032000
24.790590 592.977000 969.012000
24.807250 586.823000 938.102000
24.823490 570.282000 925.430000
24.839970 571.948000 934.780000
24.856450 587.163000 898.832000
24.872680 583.559000 939.950000
24.905640 581.247000 906.114000
24.922180 595.170000 915.354000
24.938420 593.640000 905.894000
24.954960 579.972000 898.348000
24.971370 582.964000 909.194000
24.987790 584.562000 918.632000
25.004210 603.415000 950.356000
25.020570 606.254000 928.070000
25.053590 670.956000 939.884000
25.070130 634.729000 983.444000
25.102910 674.135000 1009.690000
25.119260 641.325000 894.916000
25.135680 640.237000 889.174000
25.152100 673.047000 923.076000
25.168580 644.266000 969.100000
25.185000 645.167000 972.928000
25.201350 665.108000 986.150000
25.217830 670.837000 1009.800000
25.234250 671.245000 1015.960000
25.250670 676.243000 1052.612000
25.267210 654.551000 1018.336000
25.283630 654.500000 1017.940000
25.300110 665.227000 961.312000
25.316350 678.402000 965.360000
25.332760 677.127000 950.246000
25.349370 676.277000 1010.658000
25.365600 673.183000 929.940000
25.382080 671.092000 911.042000
25.398500 657.985000 826.122000
25.414980 659.005000 840.642000
25.431340 661.283000 860.948000
25.447750 712.470000 762.256000
25.464230 718.301000 791.626000
25.497130 704.242000 748.418000
25.513490 689.673000 747.186000
25.529910 687.803000 725.230000
25.546200 676.685000 681.802000
25.562680 676.855000 693.286000
25.597050 686.409000 687.852000
25.612000 672.809000 695.508000
25.628420 674.866000 717.948000
25.644960 704.905000 756.316000
25.661380 688.840000 745.844000
25.677730 690.812000 768.482000
25.694150 719.304000 765.996000
25.710630 708.577000 758.384000
25.743470 720.834000 814.022000
25.760010 731.765000 812.504000
25.776370 730.354000 790.636000
25.792660 720.205000 737.792000
25.809200 743.410000 678.414000
25.825620 742.849000 667.678000
25.841980 716.788000 740.058000
25.858400 695.113000 772.046000
25.874880 696.269000 788.766000
25.891360 717.162000 740.300000
25.907530 725.866000 729.542000
25.924190 726.512000 739.816000
25.940550 704.803000 759.066000
25.957090 733.924000 793.122000
25.989810 762.569000 943.998000
26.006290 725.628000 951.038000
26.022640 724.183000 932.118000
26.039120 748.102000 959.684000
26.055540 744.192000 917.400000
26.072020 744.056000 912.120000
26.088440 744.702000 881.342000
26.105040 725.849000 896.412000
26.121340 725.900000 902.176000
26.137700 745.671000 902.506000
26.154170 723.758000 911.240000
26.170410 723.809000 915.420000
26.187070 739.806000 855.426000
26.203430 729.725000 873.862000
26.219790 730.354000 882.904000
26.236390 727.770000 924.858000
26.253780 731.867000 921.734000
26.269100 731.901000 916.850000
26.285580 749.853000 911.548000
26.301880 733.397000 961.136000
26.318420 732.836000 957.308000
26.334840 710.974000 970.354000
26.351320 707.829000 970.002000
26.367680 708.611000 978.560000
26.384220 734.145000 901.296000
26.400570 729.419000 940.346000
26.433470 737.970000 932.778000
26.449950 746.759000 956.384000
26.467960 747.439000 961.928000
26.482730 722.823000 992.750000
26.499150 713.541000 944.482000
26.515560 711.943000 930.270000
26.532040 719.168000 900.240000
26.548460 709.852000 954.976000
26.564940 709.580000 948.948000
26.581300 682.805000 934.318000
26.597720 683.893000 913.550000
26.614440 684.845000 918.918000
26.630800 657.713000 876.898000
26.647340 670.446000 883.278000
26.663760 671.534000 893.244000
26.680180 664.122000 894.014000
26.696470 639.863000 890.428000
26.712890 639.285000 891.924000
26.729250 682.040000 923.736000
26.745730 635.307000 925.694000
26.762150 636.616000 935.374000
26.778440 663.952000 903.782000
26.796810 678.912000 960.652000
26.811340 677.620000 945.362000
26.827700 672.418000 988.614000
26.844180 661.572000 938.916000
26.860600 661.385000 934.032000
26.877140 646.170000 976.470000
26.893490 636.548000 969.056000
26.909970 638.282000 983.774000
26.926330 663.306000 983.312000
26.942750 637.636000 998.536000
26.959170 636.293000 989.186000
26.975590 629.782000 898.546000
26.992130 653.820000 883.080000
27.008360 652.715000 873.664000
27.024960 656.693000 987.140000
27.041500 654.908000 967.230000
27.057860 657.322000 986.106000
27.074220 621.894000 963.908000
27.090760 664.972000 969.716000
27.107060 666.247000 983.664000
27.125790 656.455000 1035.034000
27.139950 665.193000 1010.878000
27.156370 663.884000 1000.296000
27.172670 649.468000 1011.494000
27.189330 653.565000 987.272000
27.205570 652.103000 973.830000
27.222170 627.130000 938.322000
27.238890 633.488000 966.878000
27.254940 633.709000 968.396000
27.271360 646.748000 967.098000
27.287660 645.694000 975.040000
27.320620 651.049000 961.114000
27.337040 660.263000 976.910000
27.370000 657.951000 1003.794000
27.386350 635.137000 926.596000
27.402710 636.412000 935.858000
27.419250 666.502000 972.906000
27.435610 631.261000 978.516000
27.468870 653.021000 1020.536000
27.501460 651.865000 941.710000
27.517700 629.986000 984.324000
27.534180 625.668000 929.082000
27.550600 626.994000 938.344000
27.567380 665.550000 1005.334000
27.583620 679.677000 927.894000
27.616330 648.482000 990.110000
27.632750 649.366000 924.748000
27.649350 647.836000 909.832000
27.665590 663.289000 893.552000
27.682190 658.274000 943.074000
27.698610 658.444000 947.738000
27.715090 663.595000 1005.884000
27.731510 650.964000 982.982000
27.748050 652.239000 992.596000
27.764530 653.973000 999.020000
27.782410 656.064000 976.096000
27.799620 653.650000 957.066000
27.813600 645.728000 939.114000
27.830080 654.806000 940.060000
27.846370 653.548000 930.006000
27.862850 666.672000 918.896000
27.879520 657.611000 971.916000
27.896610 658.835000 981.640000
27.912290 672.027000 964.150000
27.928770 686.273000 951.126000
27.961300 687.616000 894.652000
27.977720 653.718000 838.904000
28.015380 648.125000 910.008000
28.027340 651.389000 956.604000
28.043760 652.698000 966.702000
28.076350 682.754000 948.200000
28.092830 683.723000 957.264000
28.125730 692.784000 1023.836000
28.142090 693.719000 1032.526000
28.158570 662.898000 990.792000
28.175050 651.950000 1014.794000
28.191650 652.239000 1019.436000
28.208130 686.477000 958.452000
28.224610 668.372000 973.610000
28.241030 669.205000 977.614000
28.257200 671.228000 1015.916000
28.273440 671.789000 1049.202000
28.290160 668.474000 1022.450000
28.306760 666.672000 942.018000
28.323120 662.796000 901.010000
28.342220 661.742000 891.748000
28.355650 658.189000 917.158000
28.372190 650.369000 932.228000
28.388610 651.916000 947.276000
28.405090 663.425000 973.258000
28.470760 674.118000 994.466000
28.487060 674.152000 994.884000
28.503600 683.213000 965.096000
28.519840 659.090000 925.496000
28.536320 656.676000 905.234000
28.552670 628.252000 987.492000
28.569150 663.527000 902.396000
28.585570 663.272000 897.050000
28.602050 663.306000 880.660000
28.618410 654.177000 907.588000
28.634830 654.602000 913.550000
28.651310 663.442000 915.244000
28.667720 660.365000 943.360000
28.684200 660.144000 938.828000
28.700380 676.923000 875.578000
28.717040 632.111000 871.574000
28.733580 629.731000 856.394000
28.749820 652.817000 894.212000
28.767700 643.246000 855.602000
28.782900 644.504000 865.744000
28.799190 635.358000 917.642000
28.815800 661.419000 997.986000
28.832150 662.643000 1007.732000
28.848450 634.440000 977.020000
28.865170 655.112000 970.948000
28.881650 653.837000 960.916000
28.898010 673.863000 955.196000
28.914370 659.855000 939.972000
28.930540 660.943000 948.904000
28.947330 655.061000 973.478000
28.963810 673.812000 973.060000
28.980040 674.968000 983.202000
28.998960 699.142000 969.100000
29.012940 652.919000 979.902000
29.029240 650.454000 960.916000
29.045590 643.314000 963.644000
29.062130 668.559000 937.090000
29.078430 667.403000 927.014000
29.094790 665.193000 882.090000
29.111330 680.782000 858.858000
29.127870 681.717000 863.984000
29.144350 629.289000 938.828000
29.160770 647.173000 875.776000
29.177250 647.836000 886.446000
29.193730 679.337000 824.208000
29.212340 692.087000 766.458000
29.226620 693.753000 782.408000
29.242860 722.789000 772.002000
29.259520 707.965000 788.722000
29.275760 707.200000 778.910000
29.292300 717.213000 761.706000
29.308780 690.880000 783.904000
29.341550 699.805000 752.356000
29.357850 703.358000 637.010000
29.390560 699.380000 659.868000
29.407410 703.341000 703.076000
29.441890 725.271000 743.886000
29.456300 732.819000 746.966000
29.472720 732.105000 735.196000
29.489140 713.728000 742.588000
