0.000000 688.144800 331.989000
0.016480 679.778400 368.466000
0.032840 677.846400 356.968500
0.049320 704.676000 251.674500
0.065610 675.393600 238.623000
0.082210 673.680000 221.613000
0.098690 697.435200 141.319500
0.115170 658.509600 167.212500
0.131530 660.542400 180.600000
0.148070 670.454400 227.514000
0.164370 692.781600 238.339500
0.181150 692.680800 242.802000
0.197270 676.586400 227.230500
0.213680 652.327200 185.430000
0.230160 651.420000 172.000500
0.246700 666.674400 128.646000
0.262880 691.672800 208.866000
0.279540 691.504800 213.433500
0.295780 694.663200 246.865500
0.312190 615.384000 186.879000
0.328670 612.612000 167.622000
0.345150 546.470400 5.827500
0.361510 538.540800 14.952000
0.377930 541.665600 30.009000
0.394410 486.964800 44.110500
0.410950 517.641600 125.391000
0.427310 523.992000 155.872500
0.443790 550.149600 155.316000
0.460270 565.908000 197.715000
0.492920 555.340800 133.654500
0.509400 555.693600 120.172500
0.542360 510.098400 40.519500
0.558650 548.335200 80.661000
0.575130 546.571200 70.413000
0.591550 566.647200 76.209000
0.608030 519.069600 22.039500
0.624390 520.732800 31.153500
0.640750 566.193600 36.886500
0.657290 518.011200 111.184500
0.690250 526.579200 12.484500
0.706480 540.086400 22.942500
0.723020 538.574400 13.776000
0.739380 499.195200 57.466500
0.755920 532.442400 51.061500
0.772280 534.256800 61.488000
0.788700 542.724000 80.482500
0.805180 550.838400 76.450500
0.821530 547.495200 60.805500
0.837890 515.592000 40.813500
0.854430 555.441600 22.249500
0.870910 555.189600 17.052000
0.887450 552.216000 41.181000
0.903810 555.542400 60.081000
0.920170 560.481600 89.775000
0.936580 572.392800 125.790000
0.953060 604.430400 123.627000
0.969600 604.195200 118.156500
0.985780 587.311200 100.716000
1.002440 606.328800 51.198000
1.018620 606.345600 55.849500
1.035030 558.213600 109.147500
1.051640 604.312800 102.364500
1.067870 604.447200 103.351500
1.084590 600.129600 73.888500
1.100890 600.230400 98.899500
1.117430 599.004000 90.090000
1.133670 699.064800 96.285000
1.150020 711.564000 81.564000
1.166500 712.068000 90.436500
1.182920 717.158400 106.711500
1.199400 715.629600 106.533000
1.232300 720.350400 86.982000
1.248660 710.320800 107.740500
1.265010 709.783200 99.004500
1.281680 710.707200 84.609000
1.297910 727.456800 65.919000
1.330810 720.484800 85.092000
1.347290 731.824800 35.616000
1.380000 712.420800 112.182000
1.396550 727.339200 117.831000
1.412900 727.658400 112.455000
1.429440 744.811200 88.210500
1.445800 750.590400 74.875500
1.462280 750.237600 79.485000
1.478820 740.292000 110.533500
1.495000 704.121600 132.730500
1.511660 704.373600 128.488500
1.528020 790.641600 27.688500
1.544430 827.904000 76.902000
1.560970 827.383200 81.375000
1.577450 789.129600 90.394500
1.593630 806.568000 118.629000
1.609990 806.685600 109.651500
1.626460 768.213600 66.801000
1.642940 816.849600 47.019000
1.675780 816.379200 84.714000
1.692320 802.989600 88.977000
1.708620 802.653600 83.695500
1.725100 785.164800 25.252500
1.741700 717.662400 15.813000
1.757870 718.771200 15.414000
1.774410 566.025600 36.036000
1.790890 566.865600 68.691000
1.807250 570.376800 94.384500
1.823670 542.220000 96.757500
1.840210 551.308800 89.974500
1.856450 549.679200 80.661000
1.872920 537.012000 84.451500
1.889590 539.599200 85.564500
1.922360 582.808800 117.558000
1.938900 596.366400 126.409500
1.955200 598.836000 139.398000
1.971620 533.652000 71.022000
1.988040 611.234400 122.188500
2.004460 611.251200 126.777000
2.020750 604.363200 146.391000
2.037230 579.247200 129.192000
2.053650 577.768800 115.962000
2.070010 587.479200 79.527000
2.086490 620.642400 113.169000
2.102910 620.709600 117.526500
2.119450 626.959200 115.941000
2.135800 611.788800 96.820500
2.152400 610.629600 87.570000
2.168580 612.259200 65.142000
2.185240 659.820000 95.875500
2.217900 643.238400 67.609500
2.234440 670.555200 78.130500
2.267270 678.552000 86.016000
2.283630 673.293600 103.960500
2.300050 674.755200 117.348000
2.316470 677.678400 103.855500
2.332950 694.226400 157.006500
2.349370 694.747200 170.047500
2.365720 672.789600 153.730500
2.382510 662.844000 137.718000
2.398860 660.055200 114.282000
2.415100 658.929600 72.208500
2.431700 688.430400 63.063000
2.448120 688.867200 53.655000
2.464480 655.821600 63.651000
2.482540 649.269600 75.862500
2.497500 652.209600 105.021000
2.513850 697.956000 128.583000
2.530030 708.540000 143.766000
2.546570 706.860000 134.032500
2.562870 734.798400 91.276500
2.579350 849.895200 62.496000
2.595760 851.306400 38.797500
2.612120 844.687200 62.716500
2.628780 831.096000 82.876500
2.645020 830.793600 93.397500
2.661560 830.121600 92.389500
2.677920 846.048000 80.881500
2.710940 815.824800 95.602500
2.727290 855.640800 79.086000
2.743650 855.926400 83.632500
2.760070 921.278400 109.840500
2.776490 956.356800 117.568500
2.792790 956.642400 111.993000
2.809510 948.544800 65.499000
2.825740 948.813600 80.934000
2.842220 949.788000 71.799000
2.858640 943.740000 122.797500
2.891480 945.033600 95.791500
2.907840 969.897600 56.448000
2.924560 982.884000 28.045500
2.940670 981.439200 41.485500
2.957150 991.452000 111.793500
2.973630 1004.925600 137.949000
2.990050 998.508000 177.145500
3.006650 990.309600 187.509000
3.022890 996.777600 169.113000
3.055910 1011.981600 185.839500
3.072270 990.964800 190.270500
3.105040 991.200000 180.726000
3.121520 988.545600 170.845500
3.137880 990.343200 157.489500
3.154420 1004.001600 164.293500
3.170780 1005.748800 122.524500
3.187190 1010.083200 94.636500
3.203670 982.195200 97.240500
3.220030 983.455200 99.708000
3.236630 984.782400 89.922000
3.252870 1013.208000 57.151500
3.269410 874.507200 100.002000
3.285770 873.247200 122.556000
3.302120 556.567200 109.221000
3.318660 535.953600 153.804000
3.335020 538.255200 168.073500
3.352480 546.504000 216.541500
3.368100 520.044000 138.411000
3.384460 516.448800 120.865500
3.400630 520.329600 146.916000
3.417180 539.582400 120.834000
3.450070 515.340000 124.047000
3.466670 527.268000 139.828500
3.482910 528.981600 148.228500
3.499390 520.396800 143.587500
3.515810 531.451200 150.412500
3.548580 652.495200 105.714000
3.565000 610.293600 133.465500
3.581480 609.134400 124.939500
3.598080 646.984800 104.422500
3.614260 618.172800 115.594500
3.630800 619.298400 124.194000
3.647400 644.700000 118.534500
3.663640 615.669600 136.447500
3.679990 616.845600 145.089000
3.696470 638.349600 143.083500
3.712890 623.599200 180.190500
3.729550 622.490400 171.853500
3.745790 662.541600 116.161500
3.762270 759.578400 108.097500
3.778630 759.360000 99.372000
3.795040 779.990400 121.432500
3.811520 774.194400 106.953000
3.844360 783.283200 135.838500
3.860780 761.191200 115.773000
3.877140 762.098400 128.887500
3.893550 772.044000 162.834000
3.910030 792.136800 184.642500
3.926570 791.632800 189.105000
3.942930 757.797600 195.951000
3.959230 763.375200 173.733000
3.975770 763.341600 151.504500
3.992370 764.416800 161.941500
4.008610 744.021600 152.124000
4.025090 743.668800 156.471000
4.041500 721.795200 121.380000
4.057920 684.398400 133.014000
4.074400 683.692800 124.162500
4.090820 725.272800 124.404000
4.107120 713.277600 94.594500
4.123780 713.764800 103.110000
4.140010 722.013600 169.333500
4.156560 712.639200 124.047000
4.172910 713.798400 142.695000
4.189270 723.559200 104.674500
4.205750 714.806400 137.308500
4.222230 713.748000 118.566000
4.238830 737.066400 68.953500
4.255190 720.904800 82.614000
4.271420 719.997600 63.903000
4.287900 703.819200 52.332000
4.304440 706.507200 66.706500
4.320740 707.112000 76.713000
4.338260 572.006400 189.693000
4.353700 482.244000 202.608000
4.370060 484.562400 211.627500
4.386470 530.611200 195.300000
4.403080 503.462400 195.205500
4.435730 514.130400 164.356500
4.452270 527.368800 190.879500
4.485050 510.904800 188.517000
4.501530 528.780000 201.274500
4.534240 497.162400 253.659000
4.550720 506.755200 224.805000
4.583680 512.064000 219.912000
4.599910 512.584800 223.156500
4.616520 510.921600 218.589000
4.632930 470.484000 355.509000
4.649290 493.113600 380.635500
4.665770 492.475200 377.034000
4.682190 466.149600 337.974000
4.698610 480.664800 358.627500
4.715030 483.184800 366.471000
4.731570 528.175200 302.851500
4.747920 510.468000 339.192000
4.764400 508.284000 331.380000
4.780760 496.675200 333.438000
4.797180 483.940800 308.070000
4.813600 485.520000 311.755500
4.830020 496.339200 312.249000
4.846560 498.136800 330.729000
4.862920 500.959200 342.184500
4.879270 530.796000 312.543000
4.895870 526.747200 303.145500
4.912170 522.816000 287.416500
4.928650 511.224000 267.918000
4.944950 482.764800 285.694500
4.977910 502.420800 300.342000
4.994260 498.153600 294.042000
5.010800 500.404800 302.200500
5.027160 482.126400 265.020000
5.043760 497.280000 307.471500
5.060240 494.995200 299.365500
5.076480 539.548800 422.079000
5.092900 486.931200 438.784500
5.125790 537.734400 452.602500
5.142090 498.204000 420.609000
5.158690 500.505600 427.581000
5.175050 504.218400 453.988500
5.191530 515.256000 428.368500
5.207890 517.188000 434.416500
5.224240 569.049600 370.398000
5.241030 535.819200 356.790000
5.257140 533.803200 348.957000
5.273680 526.327200 372.267000
5.290040 571.082400 335.391000
5.306520 569.604000 328.734000
5.322880 521.656800 327.012000
5.339290 570.544800 402.759000
5.355830 572.275200 409.899000
5.372310 548.671200 369.064500
5.388670 538.944000 356.454000
5.405090 536.978400 348.810000
5.421450 502.202400 301.087500
5.438050 498.876000 303.712500
5.454280 496.692000 295.795500
5.470760 482.277600 303.460500
5.487120 483.621600 308.973000
5.503600 485.906400 316.764000
5.520200 487.788000 320.197500
5.536380 476.179200 352.915500
5.553100 478.632000 360.517500
5.569270 496.423200 388.867500
5.585750 468.484800 364.822500
5.602110 470.685600 371.374500
5.618650 504.688800 360.822000
5.635010 500.119200 384.184500
5.667910 503.798400 380.184000
5.684270 492.492000 384.100500
5.700740 486.326400 366.135000
5.717290 549.494400 287.038500
5.733640 568.176000 306.684000
5.749940 564.816000 290.923500
5.766720 555.660000 326.235000
5.783450 527.032800 331.716000
5.816100 564.211200 321.520500
5.832580 586.034400 317.614500
5.865300 526.528800 308.973000
5.881530 520.329600 324.807000
5.897950 523.975200 336.094500
5.914430 573.115200 377.611500
5.930970 549.880800 347.886000
5.947510 551.796000 355.761000
5.963990 573.669600 332.692500
5.980350 582.926400 303.177000
5.996400 584.253600 306.726000
6.013060 561.607200 390.253500
6.029300 602.280000 382.494000
6.045780 602.515200 385.780500
6.062130 579.516000 348.705000
6.078550 587.815200 370.986000
6.095030 584.791200 356.895000
6.111390 579.297600 342.205500
6.127870 508.132800 309.309000
6.144410 510.300000 317.110500
6.160950 537.163200 344.599500
6.177370 537.465600 361.420500
6.195370 539.464800 368.959500
6.210140 531.350400 321.625500
6.226380 532.711200 351.078000
6.259280 546.436800 345.807000
6.275760 527.049600 346.941000
6.308650 557.541600 354.511500
6.325070 530.342400 373.842000
6.357910 524.916000 371.857500
6.374330 535.819200 382.441500
6.390930 537.583200 388.857000
6.409240 532.728000 394.401000
6.423830 573.501600 390.421500
6.440000 572.124000 386.389500
6.456420 614.140800 402.013500
6.472900 596.383200 345.397500
6.489440 594.854400 334.929000
6.505920 642.818400 343.108500
6.524110 632.990400 374.230500
6.538700 634.267200 381.927000
6.554990 622.053600 391.807500
6.571350 644.985600 378.829500
6.604310 597.525600 384.468000
6.620910 627.194400 360.822000
6.653690 602.078400 410.938500
6.670040 613.368000 406.612500
6.686400 614.426400 410.014500
6.702880 649.857600 426.226500
6.719300 654.763200 422.184000
6.735660 653.839200 421.879500
6.752320 651.403200 388.332000
6.768800 655.972800 417.837000
6.785030 653.923200 404.229000
6.801330 662.037600 385.738500
6.817870 676.082400 367.300500
6.834410 676.250400 363.741000
6.852170 659.030400 377.884500
6.867190 565.807200 340.735500
6.883670 569.016000 355.005000
6.900020 488.913600 391.030500
6.916560 489.904800 408.408000
6.932920 490.543200 411.768000
6.949160 484.344000 394.380000
6.965760 477.976800 351.225000
6.982300 474.415200 336.546000
6.998660 488.947200 324.261000
7.015080 452.390400 325.899000
7.031430 455.750400 337.449000
7.047790 497.061600 400.690500
7.064210 496.792800 410.665500
7.081050 494.642400 404.176500
7.097110 467.308800 390.358500
7.113590 496.473600 372.960000
7.130070 494.709600 369.033000
7.146420 474.801600 366.282000
7.162900 559.927200 323.442000
7.179630 562.984800 333.889500
7.195800 544.168800 364.801500
7.212160 532.711200 359.005500
7.228640 533.198400 363.016500
7.245120 520.027200 362.292000
7.261410 525.016800 343.539000
7.278080 522.782400 333.007500
7.294490 541.044000 348.222000
7.310910 552.064800 385.056000
7.327150 554.030400 392.647500
7.343570 543.597600 370.177500
7.360050 568.176000 341.670000
7.376340 566.596800 337.533000
7.393860 575.937600 365.935500
7.409300 530.224800 316.669500
7.425900 529.838400 312.543000
7.442320 540.792000 324.565500
7.458680 555.324000 355.414500
7.475040 557.272800 363.300000
7.491520 614.745600 387.660000
7.508850 871.248000 379.260000
7.524410 871.248000 379.260000
7.540770 994.392000 399.955500
7.557370 962.707200 392.091000
7.573670 964.084800 384.783000
7.590030 985.773600 356.107500
7.606380 985.874400 349.156500
7.623840 985.051200 351.592500
7.639470 979.725600 336.514500
7.655880 1008.638400 350.899500
7.672120 1008.218400 354.648000
7.688540 954.441600 345.807000
7.705020 973.140000 338.929500
7.722110 973.240800 336.189000
7.738100 984.480000 342.699000
7.754460 956.121600 313.530000
7.770810 957.213600 313.089000
7.787170 986.462400 358.197000
7.803530 981.204000 374.986500
7.820190 978.566400 386.137500
7.836360 989.284800 397.404000
7.852970 951.921600 387.618000
7.869320 954.206400 376.824000
7.885860 966.554400 369.001500
7.902160 969.410400 344.211000
7.918520 969.544800 343.486500
7.935180 965.680800 375.480000
7.951720 955.382400 270.406500
7.968380 955.701600 266.584500
7.984740 949.502400 232.764000
8.001220 970.636800 211.564500
8.017640 971.023200 207.973500
8.034000 959.481600 220.069500
8.054810 941.892000 227.472000
8.067930 941.942400 227.094000
8.083440 974.366400 213.853500
8.099670 960.338400 192.475500
8.116090 959.918400 201.054000
8.132510 960.103200 220.080000
8.148860 970.972800 272.832000
8.165470 968.604000 285.526500
8.181700 966.974400 272.223000
8.198180 977.592000 276.108000
8.214290 978.868800 268.401000
8.230830 985.068000 252.745500
8.247310 1004.673600 284.560500
8.280150 1002.540000 243.222000
8.296510 967.092000 269.020500
8.329410 993.216000 262.206000
8.346250 978.532800 245.028000
8.383540 981.086400 244.398000
8.396670 957.600000 234.853500
8.428100 951.518400 255.517500
8.444460 894.499200 241.773000
8.460940 895.305600 233.058000
8.477230 532.660800 265.198500
8.495360 501.916800 241.279500
8.510190 503.462400 245.185500
8.526550 529.015200 258.289500
8.543150 526.159200 234.885000
8.559330 528.007200 242.938500
8.575870 521.908800 261.040500
8.592220 523.958400 275.688000
8.608640 520.413600 263.424000
8.625120 516.684000 236.334000
8.641600 520.430400 209.202000
8.658020 522.211200 214.053000
8.674620 505.814400 244.902000
8.690860 512.652000 265.944000
8.709410 515.256000 278.460000
8.723820 539.330400 271.110000
8.740170 541.665600 272.170500
8.756530 541.296000 268.432500
8.772950 504.722400 284.686500
8.789250 506.738400 272.811000
8.805790 508.737600 280.602000
8.822270 532.694400 305.308500
8.838680 527.284800 283.573500
8.855160 523.723200 270.900000
8.871520 528.595200 270.763500
8.887940 467.846400 221.151000
8.904300 465.662400 213.202500
8.920650 517.524000 261.544500
8.937320 497.918400 285.831000
8.953670 500.152800 294.063000
8.969910 511.257600 250.866000
8.986390 524.731200 247.233000
9.019410 489.703200 286.335000
9.035770 530.796000 274.522500
9.068540 520.077600 298.074000
9.085020 511.660800 270.312000
9.117920 516.096000 256.819500
9.134460 525.604800 292.152000
9.150630 523.807200 287.668500
9.167300 523.840800 242.203500
9.183530 513.542400 237.447000
9.200010 513.088800 233.016000
9.216370 496.792800 233.278500
9.232970 536.827200 262.878000
9.249270 536.911200 263.245500
9.265630 508.888800 226.432500
9.282350 562.077600 228.742500
9.298710 560.380800 220.132500
9.315000 480.883200 226.369500
9.331540 522.429600 248.493000
9.347900 526.159200 264.075000
9.364260 543.883200 273.388500
9.380680 552.115200 287.017500
9.397160 555.693600 302.767500
9.413700 542.774400 288.109500
9.430110 545.378400 281.788500
9.446410 545.092800 278.365500
9.462890 530.208000 279.993000
9.479250 531.048000 280.885500
9.495730 531.132000 281.211000
9.512330 515.474400 278.733000
9.528560 529.166400 278.649000
9.545170 529.468800 282.208500
9.561580 523.000800 281.557500
9.577940 513.794400 283.993500
9.594240 509.577600 267.519000
9.610660 533.164800 256.588500
9.627260 517.910400 259.896000
9.643490 516.096000 252.619500
9.660030 510.468000 448.203000
9.676450 470.282400 463.344000
9.692870 470.937600 466.389000
9.709410 470.416800 486.853500
9.725770 479.875200 521.377500
9.742310 479.203200 518.311500
9.758540 464.956800 464.971500
9.775210 506.116800 466.242000
9.791630 506.217600 466.525500
9.807860 478.363200 458.703000
9.824280 515.138400 439.089000
9.857180 470.181600 438.564000
9.873540 514.836000 451.006500
9.890200 517.053600 457.695000
9.906310 459.160800 494.833500
9.922910 496.020000 487.074000
9.939330 493.634400 480.658500
9.955690 536.474400 486.255000
9.972110 513.861600 484.123500
9.988650 511.677600 477.865500
10.005070 541.632000 482.202000
10.021360 557.860800 487.179000
10.054440 545.344800 506.005500
10.070680 518.212800 492.072000
10.087160 520.380000 498.214500
10.103580 509.191200 477.372000
10.120180 550.401600 463.858500
10.136540 552.300000 470.421000
10.152950 519.254400 489.688500
10.169310 501.009600 522.637500
10.202150 542.236800 514.038000
10.218630 509.745600 499.863000
10.235170 507.477600 493.563000
10.251340 495.919200 469.549500
10.267760 496.305600 440.779500
10.300660 505.848000 446.764500
10.317140 465.242400 461.926500
10.349980 486.964800 513.387000
10.366520 485.368800 514.857000
10.382810 481.588800 508.210500
10.399290 491.836800 449.851500
10.415710 473.256000 448.665000
10.432190 474.112800 447.814500
10.448670 470.232000 440.202000
10.465150 485.856000 468.331500
10.481380 491.248800 482.779500
10.497740 479.858400 502.960500
10.514470 484.411200 507.139500
10.547180 516.516000 520.569000
10.563540 456.825600 509.880000
10.580140 452.222400 500.241000
10.596560 471.945600 514.027500
10.612790 483.705600 489.352500
10.629270 482.949600 486.297000
10.645810 481.857600 487.399500
10.662290 495.415200 565.614000
10.678530 498.556800 573.982500
10.695010 441.789600 610.522500
10.711550 467.829600 593.785500
10.727780 464.301600 585.963000
10.744320 440.092800 601.650000
10.760680 471.928800 613.189500
10.777160 474.633600 618.429000
10.793520 452.424000 616.003500
10.810300 466.485600 615.069000
10.826600 467.426400 617.421000
10.842830 478.464000 589.764000
10.859310 501.043200 579.999000
10.875670 498.002400 571.830000
10.892210 465.628800 541.905000
10.908630 498.758400 558.789000
10.925170 499.581600 561.540000
10.941530 492.912000 576.639000
10.957760 487.670400 565.372500
10.974300 489.216000 568.071000
10.990780 512.719200 611.110500
11.009090 604.648800 563.178000
11.023680 606.228000 569.047500
11.040160 590.100000 609.210000
11.056580 582.304800 607.404000
11.072880 579.129600 599.182500
11.089290 603.489600 595.413000
11.105710 618.660000 574.843500
11.122190 618.424800 572.155500
11.138670 596.316000 610.816500
11.155150 633.175200 605.398500
11.171570 633.427200 608.097000
11.187870 583.161600 609.819000
11.204470 595.308000 599.497500
11.220640 595.039200 597.072000
11.237120 596.047200 595.434000
11.253540 604.850400 621.022500
11.270200 607.941600 631.302000
11.286380 590.738400 635.376000
11.302860 549.326400 618.250500
11.319340 547.310400 613.074000
11.335630 556.382400 618.240000
11.352290 554.752800 636.688500
11.368650 551.745600 628.456500
11.385070 575.786400 624.477000
11.401430 513.693600 606.868500
11.417790 511.711200 603.088500
11.434450 553.694400 592.147500
11.450620 560.246400 567.210000
11.467350 560.700000 568.596000
11.483760 582.758400 575.064000
11.500060 575.400000 579.201000
11.516360 576.004800 582.424500
11.532780 565.689600 565.582500
11.549380 565.437600 600.264000
11.565610 564.832800 597.670500
11.582150 574.492800 568.176000
11.598510 526.680000 598.825500
11.614990 528.864000 604.138500
11.631410 459.463200 582.445500
11.647950 517.792800 587.464500
11.664370 519.976800 592.725000
11.680790 516.314400 599.707500
11.697140 532.156800 602.983500
11.713560 534.307200 608.254500
11.729920 492.576000 617.946000
11.746400 486.763200 649.992000
11.779360 517.053600 603.676500
11.795650 520.716000 595.476000
11.812320 518.448000 590.079000
11.828550 500.992800 706.639500
11.845090 498.607200 694.239000
11.861570 494.541600 687.540000
11.877750 475.070400 703.657500
11.894290 501.933600 671.527500
11.910830 501.160800 669.375000
11.927190 455.834400 684.873000
11.943660 458.203200 712.047000
11.959960 456.002400 709.306500
11.976380 486.343200 722.043000
11.992860 443.553600 671.853000
12.009340 445.166400 674.058000
12.025820 495.952800 701.872500
12.042360 494.726400 696.087000
12.058720 502.605600 709.873500
12.075070 488.577600 717.097500
12.091550 535.500000 722.137500
12.124450 475.641600 675.496500
12.140870 465.528000 687.487500
12.157170 462.772800 682.962000
12.173520 492.038400 706.629000
12.189940 455.263200 715.869000
12.222900 454.927200 730.810500
12.239440 498.304800 751.852500
12.255620 500.808000 755.737500
12.272280 443.755200 755.790000
12.288700 436.262400 738.255000
12.304930 434.162400 735.966000
12.321350 531.888000 742.287000
12.337950 601.843200 747.043500
12.354310 598.063200 736.764000
12.370670 560.044800 725.077500
12.387150 579.499200 711.732000
12.403500 578.104800 709.758000
12.419920 599.222400 667.611000
12.436400 570.158400 670.435500
12.452760 571.704000 673.428000
12.469300 575.097600 732.207000
12.485660 578.894400 711.816000
12.501950 580.692000 716.079000
12.518490 590.318400 738.108000
12.534850 575.148000 745.353000
12.567810 569.452800 694.942500
12.584290 578.860800 700.234500
12.600520 580.608000 704.487000
12.617190 590.536800 723.282000
12.633540 580.792800 722.977500
12.649900 579.180000 720.604500
12.666380 553.509600 726.075000
12.682800 546.890400 681.891000
12.699400 546.352800 679.486500
12.715700 552.787200 665.679000
12.732180 561.388800 661.888500
12.748720 565.236000 671.391000
12.765010 536.155200 716.373000
12.781860 569.553600 712.540500
12.814330 553.106400 697.945500
12.830810 549.242400 708.393000
12.863650 545.798400 689.661000
12.880000 505.528800 781.966500
12.896790 503.059200 778.333500
12.912960 467.460000 765.303000
12.929500 462.336000 774.522000
12.945860 460.572000 772.411500
12.962100 428.870400 704.707500
12.978820 490.896000 715.585500
12.995240 490.795200 715.396500
13.011780 466.972800 712.624500
13.027950 443.620800 707.731500
13.044490 447.249600 712.110000
13.060850 476.296800 739.830000
13.077330 489.182400 744.775500
13.093810 492.660000 750.729000
13.110050 470.232000 715.974000
13.126400 487.704000 745.447500
13.142820 485.318400 741.804000
13.159240 445.754400 753.732000
13.175660 442.377600 741.132000
13.192140 437.371200 734.811000
13.208500 445.200000 751.201500
13.224910 441.352800 760.284000
13.241390 435.489600 752.829000
13.257810 450.240000 702.439500
13.274290 458.774400 694.942500
13.290650 462.067200 699.510000
13.307010 567.352800 734.107500
13.323550 550.435200 733.047000
13.339900 555.055200 742.833000
13.356870 582.674400 715.354500
13.373110 577.130400 712.582500
13.389470 574.123200 706.387500
13.406190 576.592800 734.307000
13.422300 567.655200 713.002500
13.438540 567.134400 710.850000
13.454960 547.948800 718.735500
13.471500 569.839200 715.753500
13.487850 573.585600 724.248000
13.504580 593.560800 737.362500
13.520940 603.758400 754.141500
13.554020 581.078400 761.134500
13.570070 529.989600 715.396500
13.602970 659.853600 824.176500
13.619320 716.385600 858.081000
13.637880 715.747200 855.162000
13.652100 706.624800 804.331500
13.668700 735.907200 810.505500
13.701420 727.809600 847.759500
13.717830 746.121600 821.898000
13.734440 746.474400 825.121500
13.750790 737.856000 846.121500
13.767030 716.637600 844.735500
13.799930 719.426400 836.944500
13.816530 700.207200 857.440500
13.832820 700.879200 859.971000
13.849430 696.141600 834.435000
13.865840 716.923200 815.598000
13.882020 716.116800 813.697500
13.898560 754.840800 833.259000
13.915100 735.907200 838.320000
13.931460 735.638400 834.256500
13.947940 701.534400 807.397500
13.964230 753.211200 853.419000
13.981020 752.740800 851.875500
13.997070 622.137600 849.208500
14.013670 501.480000 836.482500
14.029970 496.591200 830.424000
14.046450 430.416000 824.449500
14.062930 494.592000 830.004000
14.079410 498.573600 834.561000
14.095760 440.344800 829.069500
14.112060 446.644800 820.312500
14.128540 452.608800 826.833000
14.144900 490.392000 843.087000
14.161560 486.091200 847.119000
14.194460 472.718400 855.771000
14.210940 491.870400 856.957500
14.243650 447.232800 820.995000
14.259950 435.153600 901.635000
14.276550 431.978400 899.125500
14.292910 426.501600 873.747000
14.309570 448.778400 867.793500
14.325810 445.838400 865.042500
14.342040 435.859200 879.942000
14.358700 443.805600 862.081500
14.374940 446.745600 864.853500
14.391540 432.180000 876.340500
14.407960 457.783200 845.775000
14.440800 443.133600 842.761500
14.457150 422.788800 846.720000
14.473570 417.530400 842.152500
14.490050 439.908000 830.896500
14.506410 406.963200 822.171000
14.522950 403.670400 818.968500
14.539310 421.310400 810.925500
14.555850 418.219200 838.456500
14.572140 420.319200 840.136500
14.588620 437.892000 809.287500
14.605040 409.987200 812.206500
14.621400 416.421600 818.706000
14.637940 439.504800 867.216000
14.654170 398.596800 883.974000
14.670960 399.823200 885.034500
14.687190 441.319200 850.059000
14.703490 439.135200 842.751000
14.719910 435.993600 839.632500
14.736450 480.009600 831.432000
14.752870 523.286400 866.911500
14.769170 521.018400 864.181500
14.785710 506.150400 829.405500
14.802190 479.606400 820.344000
14.818660 481.370400 822.097500
14.834900 488.745600 834.340500
14.851560 514.533600 866.890500
14.868040 517.020000 869.767500
14.884280 511.543200 831.820500
14.900760 504.084000 812.175000
14.933650 565.891200 867.762000
14.950010 594.736800 832.555500
14.982790 578.961600 815.230500
14.999330 597.895200 814.474500
15.015810 596.265600 811.230000
15.032170 584.505600 818.328000
15.049930 575.988000 830.119500
15.065000 574.476000 828.366000
15.081540 574.408800 814.915500
15.097840 584.908800 802.042500
15.114320 584.606400 800.478000
15.130860 585.513600 810.642000
15.147030 588.369600 827.599500
15.163760 588.688800 829.069500
15.180110 548.872800 842.415000
15.196530 624.876000 855.046500
15.212950 625.816800 856.579500
15.229370 616.408800 865.189500
15.245670 678.854400 872.802000
15.262150 679.828800 875.637000
15.278630 731.707200 872.424000
15.295100 724.416000 859.551000
15.327940 719.644800 845.323500
15.344300 708.657600 849.051000
15.360780 707.800800 847.308000
15.377140 674.385600 839.422500
15.393680 718.838400 840.882000
15.410030 717.292800 835.831500
15.672970 712.605600 842.898000
15.689270 694.999200 837.816000
15.705750 695.268000 836.860500
15.722170 720.216000 842.719500
15.738530 698.426400 856.422000
15.755070 698.577600 857.010000
15.771420 715.982400 854.794500
15.787960 684.398400 849.838500
15.820740 686.952000 861.378000
15.837340 713.613600 849.597000
15.853700 716.066400 857.566500
15.869870 709.430400 930.541500
15.886470 717.780000 937.461000
15.902710 719.023200 942.900000
15.919190 713.109600 917.059500
15.935790 686.431200 902.832000
15.952150 684.818400 898.317000
15.968630 688.010400 905.026500
15.985050 667.296000 843.811500
16.001280 665.112000 839.023500
16.017760 731.824800 862.638000
16.034240 731.656800 865.221000
16.050780 730.699200 859.687500
16.067200 767.592000 892.300500
16.083560 746.911200 881.853000
16.099980 748.104000 885.811500
16.116330 734.916000 871.174500
16.132810 751.833600 854.374500
16.149290 751.430400 855.708000
16.165830 773.220000 880.236000
16.182190 762.854400 892.447500
16.198670 763.308000 891.198000
16.215090 745.029600 880.887000
16.231320 785.820000 877.726500
16.247800 785.232000 881.695500
16.264280 687.876000 882.682500
16.280820 501.009600 891.019500
16.297060 499.396800 888.195000
16.313720 474.062400 865.137000
16.329960 450.878400 839.905500
16.346250 451.718400 841.249500
16.362790 454.574400 846.384000
16.379270 427.828800 839.422500
16.395690 425.913600 837.952500
16.412050 459.076800 843.244500
16.428410 442.780800 834.487500
16.444950 444.561600 836.083500
16.461360 488.846400 896.007000
16.477910 432.348000 883.050000
16.494450 435.624000 885.811500
16.510680 475.893600 885.150000
16.526920 495.902400 882.966000
16.560120 438.648000 882.220500
16.576290 445.636800 895.807500
16.609190 462.218400 887.460000
16.625670 461.798400 861.451500
16.642030 458.908800 858.564000
16.658510 823.519200 826.507500
16.674930 1005.513600 741.646500
16.691220 1009.444800 733.183500
16.707820 1034.308800 719.785500
16.724180 990.931200 728.469000
16.740660 992.829600 723.964500
16.757020 1014.064800 704.046000
16.773620 1003.968000 682.699500
16.789980 1001.985600 687.634500
16.806270 1011.410400 687.340500
16.822810 1031.116800 704.686500
16.839170 1026.832800 713.706000
16.855650 1000.154400 699.027000
16.872070 942.547200 717.780000
16.888670 941.220000 721.969500
16.904910 954.424800 731.356500
16.921330 949.334400 706.503000
16.953980 986.227200 683.613000
16.970700 978.398400 680.578500
17.003540 969.309600 673.302000
17.021360 981.724800 666.067500
17.036250 983.371200 661.342500
17.052730 943.387200 699.195000
17.069150 971.140800 739.126500
17.085390 972.753600 733.131000
17.102050 821.620800 723.208500
17.118530 601.120800 681.849000
17.134770 603.691200 686.731500
17.151310 484.108800 661.815000
17.167970 482.076000 677.523000
17.184330 490.425600 692.958000
17.200680 468.316800 676.294500
17.217040 466.653600 667.453500
17.233520 461.244000 658.129500
17.250000 455.061600 753.595500
17.266300 435.523200 733.162500
17.282650 429.912000 725.665500
17.299190 478.077600 693.619500
17.315550 451.449600 678.993000
17.332030 454.221600 683.424000
17.348510 465.242400 693.556500
17.364930 473.659200 720.804000
17.397830 468.972000 698.113500
17.414120 417.060000 694.375500
17.430540 413.968800 690.049500
17.447020 433.406400 675.664500
17.463380 424.788000 709.852500
17.496280 436.296000 712.635000
17.512820 470.450400 713.695500
17.529170 473.104800 717.822000
17.545720 453.818400 717.759000
17.562070 440.630400 722.704500
17.578430 438.513600 720.447000
17.594910 404.342400 755.622000
17.611210 431.155200 696.265500
17.627750 428.131200 691.855500
17.644410 524.983200 694.186500
17.660640 536.205600 722.473500
17.677120 539.666400 728.595000
17.693360 550.384800 718.704000
17.710020 568.495200 723.156000
17.726320 570.444000 727.471500
17.742800 569.755200 688.758000
17.759090 560.196000 697.242000
17.775700 558.717600 694.858500
17.791990 584.724000 752.335500
17.808410 535.684800 739.032000
17.824950 534.945600 736.984500
17.841310 554.803200 711.322500
17.857790 568.226400 725.025000
17.874150 570.192000 729.319500
17.890630 517.658400 732.469500
17.907040 573.014400 722.925000
17.939880 530.644800 739.588500
17.956300 541.968000 712.236000
17.972720 538.221600 705.621000
17.989070 417.748800 759.958500
18.005620 461.311200 727.429500
18.022030 460.555200 725.560500
18.038510 416.421600 767.896500
18.054930 436.346400 781.851000
18.071230 439.488000 785.557500
18.087830 460.992000 786.324000
18.104190 481.572000 784.686000
18.120670 479.623200 782.754000
18.137150 459.093600 767.529000
18.153380 458.438400 765.124500
18.169920 460.168800 766.983000
18.186280 472.416000 791.259000
18.202820 482.748000 775.204500
18.220640 485.503200 779.016000
18.235660 507.158400 781.305000
18.252010 479.875200 778.816500
18.268370 477.187200 775.152000
18.284790 436.128000 780.559500
18.301150 466.804800 775.645500
18.317810 464.049600 772.044000
18.334110 399.235200 761.418000
18.350710 488.040000 772.831500
18.367190 494.340000 781.126500
18.383540 461.412000 800.373000
18.399780 410.810400 801.601500
18.416320 413.044800 805.192500
18.432680 385.022400 793.285500
18.449280 456.590400 795.858000
18.465700 449.299200 785.725500
18.482060 452.776800 780.412500
18.498410 446.863200 776.842500
18.514890 452.575200 783.867000
18.531310 410.323200 769.471500
18.549190 404.040000 754.194000
18.564150 405.434400 756.577500
18.580690 411.902400 794.325000
18.596980 389.172000 782.218500
18.613400 385.980000 778.890000
18.629880 419.176800 783.153000
18.646480 436.312800 780.874500
18.662960 434.347200 778.921500
18.679140 451.768800 778.312500
18.695680 466.586400 755.779500
18.712040 465.595200 753.868500
18.728270 485.956800 779.583000
18.744930 485.553600 789.736500
18.761170 488.292000 793.401000
18.778080 494.642400 804.394500
18.794620 517.171200 802.777500
18.810970 514.802400 799.344000
18.827390 488.644800 782.407500
18.843870 500.018400 777.714000
18.880680 512.517600 776.527500
18.892940 497.548800 798.966000
18.909360 500.052000 802.399500
18.925540 517.188000 821.142000
18.942320 618.693600 780.454500
18.975040 664.910400 790.030500
18.991390 649.236000 794.587500
19.008000 648.026400 792.624000
19.024540 631.680000 811.125000
19.040830 632.335200 791.899500
19.057370 632.234400 790.240500
19.073610 646.615200 811.345500
19.090210 634.704000 836.514000
19.106380 636.098400 839.716500
19.123170 639.693600 839.779500
19.139530 635.258400 842.877000
19.172300 638.215200 801.685500
19.209170 632.856000 794.209500
19.221560 597.189600 811.513500
19.237920 591.645600 803.995500
19.254150 590.352000 802.168500
19.270570 625.598400 790.576500
19.287350 630.436800 766.720500
19.303590 633.040800 772.821000
19.320190 625.279200 788.802000
19.336610 584.556000 751.989000
19.353270 585.009600 754.036500
19.369630 476.565600 623.122500
19.385990 477.724800 591.213000
19.402400 474.516000 583.264500
19.419070 433.641600 577.164000
19.435490 395.085600 587.916000
19.451600 398.378400 593.386500
19.468260 452.390400 590.982000
19.484500 460.840800 592.746000
19.500980 461.546400 595.266000
19.517400 448.744800 598.773000
19.538940 463.260000 599.172000
19.550170 462.386400 596.631000
19.566410 435.691200 635.533500
19.582760 435.187200 638.085000
19.599370 433.272000 635.575500
19.615600 426.300000 620.235000
19.632200 446.896800 600.400500
19.648500 446.208000 597.933000
19.665100 425.560800 593.292000
19.681640 485.520000 616.350000
19.697940 490.660800 626.724000
19.714170 462.285600 660.670500
19.730590 450.004800 665.133000
19.747070 447.098400 660.387000
19.763490 575.820000 629.391000
19.780090 555.660000 649.194000
19.796260 553.744800 644.448000
19.812810 542.136000 596.578500
19.829350 527.956800 607.624500
19.845580 528.360000 609.934500
19.864260 595.694400 586.393500
19.878540 566.193600 606.952500
19.895260 567.621600 609.640500
19.911320 526.058400 601.555500
19.927920 560.851200 638.557500
19.944150 561.136800 640.972500
19.960690 538.238400 638.358000
19.977110 559.708800 590.373000
19.993530 557.743200 584.829000
20.010070 546.050400 591.318000
20.026310 535.214400 601.954500
20.042660 536.743200 604.821000
20.059330 532.526400 621.904500
20.075620 507.830400 636.552000
20.092100 508.552800 638.788500
20.108760 552.568800 594.636000
20.125060 553.828800 627.826500
20.141360 553.173600 625.327500
20.157780 585.799200 601.944000
20.174260 573.132000 604.474500
20.192630 576.340800 612.349500
20.207210 654.662400 636.342000
20.223510 668.354400 630.136500
20.240050 668.404800 632.383500
20.256290 681.441600 673.774500
20.272830 708.086400 652.407000
20.289490 705.835200 640.594500
20.306640 665.733600 599.193000
20.322140 706.675200 574.276500
20.338380 706.910400 571.494000
20.355040 675.326400 563.125500
20.371460 670.202400 594.195000
20.387700 672.252000 604.989000
20.404170 671.781600 608.926500
20.420650 686.985600 621.936000
20.453430 627.967200 605.052000
20.470030 656.812800 589.428000
20.502620 650.630400 607.614000
20.519530 660.895200 593.134500
20.552060 626.203200 638.736000
20.568540 686.364000 630.021000
20.601440 651.520800 637.381500
20.617680 649.992000 660.061500
20.650700 639.475200 642.684000
20.667050 640.920000 631.533000
20.699830 658.173600 621.652500
20.716310 616.845600 614.764500
20.749270 547.293600 654.517500
20.765630 436.615200 647.944500
20.798520 478.632000 639.649500
20.815060 469.224000 637.623000
20.848020 484.999200 642.579000
20.864500 488.628000 642.295500
20.897220 474.230400 675.097500
20.913570 483.050400 688.264500
20.946350 484.293600 604.716000
20.962770 495.045600 661.395000
20.979310 492.542400 656.628000
20.995670 506.486400 545.107500
21.012210 521.640000 492.639000
21.044920 498.556800 499.369500
21.061460 514.903200 498.277500
21.077820 517.154400 504.535500
21.094240 467.376000 530.019000
21.110720 507.494400 529.893000
21.127010 509.510400 535.101000
21.143550 500.052000 518.322000
21.160100 506.486400 525.441000
21.192810 505.041600 524.055000
21.209170 515.978400 507.633000
21.225710 514.012800 502.194000
21.242070 479.220000 529.189500
21.258540 503.361600 534.817500
21.291380 492.945600 537.568500
21.307860 480.597600 536.004000
21.340700 489.081600 496.188000
21.357060 461.479200 479.766000
21.389890 464.133600 489.573000
21.406370 529.771200 492.397500
21.422910 525.134400 478.600500
21.439270 446.880000 496.219500
21.455510 449.887200 489.037500
21.488590 507.796800 473.812500
21.505370 500.774400 479.104500
21.521480 505.831200 492.891000
21.537720 500.404800 487.998000
21.554320 480.866400 528.013500
21.587400 474.700800 514.479000
21.603450 474.734400 511.098000
21.636290 503.244000 500.104500
21.652710 479.270400 488.250000
21.685550 530.107200 479.472000
21.702030 563.320800 497.248500
21.718440 559.759200 487.704000
21.734920 564.009600 511.518000
21.751400 559.406400 475.849500
21.767700 559.053600 472.626000
21.784120 541.867200 451.321500
21.800600 555.576000 475.975500
21.817020 559.440000 488.995500
21.833370 557.541600 505.921500
21.849790 553.996800 506.163000
21.882630 554.248800 534.702000
21.899050 558.717600 520.590000
21.932250 545.227200 525.630000
21.948430 532.375200 487.200000
21.981320 579.818400 465.391500
21.997680 568.629600 499.842000
22.014100 570.091200 502.866000
22.030520 546.789600 499.138500
22.047000 545.865600 518.458500
22.063350 546.285600 521.314500
22.079960 513.576000 577.678500
22.096250 504.840000 574.717500
22.112610 498.607200 562.821000
22.129150 506.856000 544.246500
22.145570 514.348800 506.614500
22.161990 511.022400 494.329500
22.178410 490.896000 462.483000
22.194890 503.059200 454.408500
22.211240 508.065600 468.762000
22.227660 528.578400 480.364500
22.244380 530.376000 478.789500
22.260560 532.492800 485.226000
22.277280 497.095200 481.992000
22.293640 528.679200 491.851500
22.326290 472.584000 548.415000
22.342650 471.828000 497.605500
22.375550 475.658400 524.149500
22.392030 488.124000 507.696000
22.424800 475.876800 511.707000
22.441280 474.667200 525.472500
22.474180 471.475200 522.333000
22.490540 471.626400 509.859000
22.523380 506.469600 522.165000
22.539920 498.674400 536.571000
22.556520 496.272000 530.628000
22.572880 464.049600 512.169000
22.589110 455.095200 497.311500
22.605530 456.892800 500.262000
22.622190 463.528800 529.945500
22.638310 500.337600 531.751500
22.654790 499.262400 531.132000
22.671260 466.015200 535.689000
22.687620 489.988800 478.338000
22.704160 487.233600 469.518000
22.720460 495.532800 485.047500
22.737060 509.241600 519.876000
22.753300 513.861600 532.056000
22.769780 543.732000 533.043000
22.786320 516.902400 515.644500
22.820370 535.701600 519.865500
22.835570 531.854400 501.154500
22.852050 530.107200 497.647500
22.868410 511.274400 509.292000
22.884770 505.192800 507.297000
22.901310 504.571200 504.441000
22.917790 521.942400 498.529500
22.934330 552.182400 503.244000
22.950560 555.609600 512.557500
22.967040 534.592800 569.593500
22.983400 554.467200 566.023500
22.999940 552.955200 562.726500
23.016300 544.420800 564.312000
23.032590 576.105600 537.946500
23.049130 574.526400 532.665000
23.065490 533.500800 511.350000
23.082030 528.242400 510.237000
23.114930 530.426400 530.176500
23.131160 544.908000 521.272500
23.147640 542.942400 515.350500
23.164000 562.699200 518.196000
23.180540 576.508800 501.259500
23.213380 574.912800 481.057500
23.229980 512.450400 456.235500
23.263060 542.169600 503.422500
23.279240 507.410400 505.165500
23.295720 508.905600 507.811500
23.312070 551.628000 493.069500
23.328310 558.818400 512.137500
23.344790 561.002400 521.094000
23.361270 481.572000 559.240500
23.377620 514.147200 606.385500
23.394290 514.365600 606.889500
23.410520 509.628000 572.691000
23.426940 505.108800 551.901000
23.459960 481.269600 565.372500
23.476680 462.520800 555.796500
23.509460 493.382400 552.709500
23.525700 473.138400 572.743500
23.541870 468.518400 564.049500
23.558590 472.617600 520.737000
23.574830 512.685600 364.381500
23.591250 510.098400 353.346000
23.607790 511.240800 327.873000
23.624270 502.824000 347.623500
23.640690 505.092000 355.288500
23.657040 533.383200 339.790500
23.673400 484.310400 306.558000
23.691530 486.628800 314.380500
23.706360 547.092000 381.528000
23.722660 534.156000 344.956500
23.739320 536.188800 352.642500
23.755550 525.235200 375.816000
23.772090 546.840000 388.353000
23.807130 534.844800 403.284000
23.821290 497.431200 369.190500
23.854190 520.094400 339.328500
23.870540 493.113600 323.011500
23.903560 507.410400 386.169000
23.919800 495.818400 395.524500
23.936340 493.466400 388.237500
23.952820 485.083200 376.540500
23.969180 512.097600 380.110500
23.985530 515.457600 389.581500
24.001950 490.610400 412.429500
24.018430 514.836000 402.024000
24.034970 517.574400 413.070000
24.051450 513.038400 382.914000
24.067810 528.796800 393.970500
24.084170 525.016800 380.772000
24.100590 512.164800 387.250500
24.116940 479.656800 341.670000
24.135620 477.170400 333.879000
24.149780 477.069600 379.197000
24.166320 471.794400 319.819500
24.182680 469.392000 312.049500
24.199160 475.809600 329.983500
24.215390 471.340800 326.214000
24.232060 473.743200 333.847500
24.248470 513.542400 342.499500
24.264950 491.769600 335.958000
24.281310 494.121600 343.728000
24.297850 486.578400 363.762000
24.314330 520.346400 413.721000
24.347170 533.584800 398.002500
24.363830 492.525600 362.229000
24.396550 486.897600 358.207500
24.412900 516.667200 388.153500
24.429500 514.500000 380.803500
24.445860 527.335200 362.239500
24.462220 489.014400 364.035000
24.478390 486.981600 360.108000
24.494750 649.908000 370.723500
24.511660 717.880800 368.865000
24.527830 718.888800 372.288000
24.544310 709.581600 432.033000
24.560730 723.492000 428.316000
24.577030 724.063200 435.487500
24.593510 716.520000 438.889500
24.610110 705.583200 430.773000
24.642820 707.364000 391.986000
24.659300 707.834400 421.060500
24.691890 707.464800 396.165000
24.708680 658.341600 385.675500
24.741880 688.884000 404.775000
24.758000 709.329600 414.403500
24.790950 720.232800 424.494000
24.806880 727.624800 407.421000
24.823610 727.120800 400.260000
24.839970 907.704000 346.857000
24.856320 1018.516800 292.246500
24.889040 999.499200 325.374000
24.905580 995.836800 318.969000
24.922060 994.257600 326.896500
24.938480 999.247200 351.603000
24.954830 1016.400000 328.324500
24.987670 1037.349600 364.644000
25.003970 1011.964800 338.793000
25.036930 987.537600 371.899500
25.053410 986.798400 343.413000
25.086300 963.513600 351.403500
25.102780 999.146400 361.011000
25.119750 1000.809600 353.419500
25.135620 966.672000 326.560500
25.152040 961.111200 314.622000
25.184810 975.172800 300.856500
25.201290 959.162400 313.036500
25.217830 957.818400 321.006000
25.234130 933.626400 370.030500
25.250670 928.250400 376.803000
25.266910 929.157600 372.960000
25.283390 951.921600 257.880000
25.299740 985.622400 221.455500
25.316410 986.025600 216.699000
25.332820 936.633600 196.213500
25.349060 1006.807200 201.736500
25.365840 1006.656000 202.576500
25.381960 986.815200 207.973500
25.398440 957.012000 226.275000
25.414790 955.752000 235.063500
25.431460 983.892000 234.958500
25.447880 969.595200 245.070000
25.480590 964.000800 238.686000
25.497010 923.092800 204.613500
25.529910 541.363200 250.761000
25.546450 482.412000 271.404000
25.562870 484.478400 278.722500
25.579220 510.904800 301.875000
25.595700 521.404800 312.343500
25.611940 521.438400 315.231000
25.628420 470.450400 340.116000
25.644840 490.291200 342.699000
25.661250 489.703200 338.688000
25.677800 515.692800 299.092500
25.694150 494.508000 336.283500
25.710570 496.540800 341.397000
25.727050 512.568000 301.570500
25.743410 501.883200 298.105500
25.759770 500.287200 294.619500
25.776790 499.716000 312.270000
25.792790 459.244800 317.698500
25.809080 456.859200 310.359000
25.825560 494.256000 306.558000
25.841920 488.342400 318.990000
25.858460 490.392000 325.930500
25.874820 540.456000 326.371500
25.891420 534.189600 302.116500
25.924070 560.817600 304.615500
25.940550 569.116800 269.619000
25.956910 564.513600 249.259500
25.973510 557.793600 274.711500
25.989930 559.524000 264.631500
26.006290 560.834400 267.508500
26.022710 557.104800 269.325000
26.039180 549.578400 280.633500
26.055540 553.442400 297.738000
26.072020 560.112000 290.493000
26.088560 530.359200 258.531000
26.104980 528.628800 251.044500
26.121280 514.012800 235.672500
26.137760 528.477600 245.721000
26.170530 479.791200 226.947000
26.186950 469.980000 274.186500
26.219910 488.392800 254.173500
26.236270 510.602400 266.185500
26.269040 481.538400 221.361000
26.285830 475.977600 230.611500
26.318660 481.605600 247.527000
26.335080 534.441600 271.257000
26.367800 504.336000 241.573500
26.384220 477.842400 253.942500
26.400700 479.942400 261.408000
26.417110 510.535200 240.670500
26.433720 535.264800 241.909500
26.466310 516.297600 275.436000
26.482790 520.178400 204.550500
26.499210 518.364000 196.612500
26.515690 528.931200 245.227500
26.532040 554.349600 246.855000
26.548400 555.928800 254.373000
26.564760 513.508800 302.662500
26.581300 526.008000 248.052000
26.614070 546.252000 248.755500
26.630550 553.627200 217.612500
26.646910 552.064800 209.790000
26.663390 528.192000 198.849000
26.679810 540.624000 198.733500
26.696110 538.725600 189.598500
26.712710 504.151200 186.448500
26.729060 495.768000 182.175000
26.745540 495.768000 182.175000
26.761900 478.531200 153.069000
26.778260 548.839200 172.536000
26.794920 550.653600 181.828500
26.811340 531.837600 177.786000
26.827880 523.185600 184.537500
26.863100 474.684000 182.805000
26.877010 509.056800 175.119000
26.893550 507.192000 170.163000
26.909910 494.172000 166.425000
26.926450 508.082400 162.561000
26.942750 505.915200 152.890500
26.959230 503.445600 150.286500
26.975710 507.108000 159.652500
27.008540 556.785600 132.919500
27.025090 576.072000 115.920000
27.041380 576.055200 111.520500
27.057860 637.274400 128.908500
27.074220 600.129600 133.917000
27.091920 603.960000 156.208500
27.107120 610.512000 204.078000
27.123600 603.321600 224.668500
27.139950 603.388800 228.742500
27.156310 602.565600 167.758500
27.172790 598.046400 162.246000
27.189150 592.788000 131.029500
27.205570 606.530400 151.872000
27.222170 611.217600 132.426000
27.238590 609.890400 122.829000
27.254940 577.130400 135.786000
27.271240 564.009600 121.285500
27.287840 567.117600 135.334500
27.304200 500.421600 107.047500
27.320740 528.343200 149.100000
27.337040 533.786400 172.641000
27.353450 518.767200 184.737000
27.369810 523.084800 185.272500
27.386290 525.201600 197.704500
27.402650 493.634400 199.017000
27.419070 518.263200 185.388000
27.435550 516.331200 176.683500
27.452090 510.182400 204.592500
27.468440 530.258400 175.140000
27.501280 518.952000 197.053500
27.517760 521.925600 190.459500
27.534180 523.756800 198.649500
27.550780 510.686400 146.832000
27.567080 529.468800 92.757000
27.599910 531.988800 98.238000
27.616330 530.661600 86.268000
27.632810 530.476800 81.984000
27.649230 515.071200 101.902500
27.665710 509.006400 124.645500
27.681950 510.938400 133.801500
27.698730 556.063200 112.045500
27.714970 572.056800 104.989500
27.731320 570.578400 100.201500
27.747920 541.682400 101.409000
27.764340 538.893600 111.489000
27.780880 537.028800 98.196000
27.797240 590.116800 79.905000
27.813600 616.996800 115.069500
27.830200 618.189600 124.246500
27.846440 683.020800 97.545000
27.863100 710.690400 147.619500
27.879030 709.884000 143.115000
27.895690 683.407200 86.520000
27.911800 685.171200 95.844000
27.928340 684.448800 86.583000
27.944890 674.604000 101.451000
27.961180 691.101600 69.226500
27.977910 691.740000 78.204000
27.994140 699.316800 104.170500
28.010560 709.161600 98.469000
28.043460 856.094400 106.428000
28.059810 890.500800 76.723500
28.076290 890.937600 62.464500
28.092830 881.311200 97.440000
28.109190 883.663200 73.038000
28.125670 884.688000 72.429000
28.142090 881.781600 61.582500
28.158570 886.216800 83.013000
28.175050 884.822400 98.395500
28.191830 875.380800 118.734000
28.207760 869.316000 132.562500
28.224370 869.853600 123.616500
28.240720 874.742400 96.537000
28.257200 886.250400 81.753000
28.273320 886.284000 86.383500
28.292110 885.578400 96.663000
28.306520 913.130400 206.713500
28.322810 913.231200 196.843500
28.339050 1024.027200 177.723000
28.356020 1026.379200 163.359000
28.372250 1028.764800 154.476000
28.388730 1033.552800 190.291500
28.405090 1010.889600 212.646000
28.421510 1006.118400 239.116500
28.438110 973.744800 244.660500
28.454350 1019.306400 216.247500
28.470890 1018.248000 220.101000
28.487180 1003.531200 238.728000
28.504940 997.063200 209.233500
28.520140 998.104800 205.023000
28.536250 966.655200 211.260000
28.552800 966.403200 211.186500
28.569150 967.999200 198.082500
28.585630 954.475200 219.817500
28.602110 976.500000 222.138000
28.618410 976.550400 221.802000
28.634950 995.332800 153.583500
28.651310 993.753600 176.946000
28.667660 992.224800 186.417000
28.684200 989.906400 194.502000
28.700740 998.037600 223.093500
28.717040 1000.927200 206.335500
28.733400 957.532800 149.677500
28.750120 987.352800 189.357000
28.766300 988.780800 180.390000
28.782840 1056.098400 153.510000
28.799070 1016.013600 149.803500
28.815610 1015.593600 153.940500
28.832030 1048.084800 164.251500
28.848450 1049.983200 152.187000
28.864930 1048.824000 156.439500
28.881160 1049.764800 150.517500
28.897710 1058.215200 194.418000
28.914250 1057.324800 199.395000
28.930730 1039.080000 176.148000
28.947200 1017.021600 177.135000
28.963620 1013.275200 198.901500
28.980220 1014.921600 201.516000
28.996580 1034.745600 204.456000
29.013000 1036.240800 194.586000
29.029300 1027.353600 202.618500
29.046080 1047.513600 153.174000
29.066590 1052.587200 127.501500
29.078670 1015.056000 118.534500
29.095280 1021.288800 120.477000
29.111450 1019.642400 129.990000
29.127990 1056.098400 165.459000
29.144350 1051.024800 181.356000
29.160830 1050.369600 185.629500
29.177190 1012.065600 148.816500
29.193420 1045.312800 168.178500
29.209840 1044.170400 172.546500
29.226440 1043.767200 178.195500
29.242800 1054.636800 171.633000
29.259460 1053.948000 176.715000
29.275820 1045.968000 190.963500
29.292300 1020.566400 208.057500
29.308410 1017.391200 224.416500
29.324890 1020.045600 275.635500
29.341190 1021.994400 228.648000
29.357730 1024.363200 215.092500
29.374510 1060.903200 157.353000
29.394530 1037.685600 181.020000
29.407230 1040.440800 169.029000
29.423400 1012.872000 123.343500
29.439940 1036.089600 202.944000
29.456300 1032.528000 220.468500
29.472780 995.954400 204.109500
29.489010 978.314400 191.614500
29.505370 979.927200 177.912000
29.522090 1001.666400 176.515500
29.538270 1009.041600 171.843000
29.554750 1010.083200 167.706000
29.571230 984.816000 168.073500
29.587710 987.050400 204.970500
29.604000 984.580800 218.368500
29.620610 980.498400 180.547500
29.637080 961.968000 289.380000
29.653320 963.177600 281.799000
29.669860 968.805600 301.749000
29.686220 994.845600 344.242500
29.702700 996.038400 339.979500
29.719180 994.845600 350.458500
29.735720 993.972000 338.289000
29.751890 994.526400 334.110000
29.768490 974.752800 262.311000
29.784970 988.713600 289.495500
29.801150 990.024000 282.177000
29.817750 976.718400 287.091000
29.834230 992.006400 323.809500
29.850770 990.494400 331.464000
29.866940 1013.124000 320.974500
29.883360 973.056000 324.996000
29.916320 988.596000 337.354500
29.932680 989.906400 331.422000
29.949340 991.418400 323.757000
29.965450 1050.907200 280.413000
29.981930 1007.949600 251.034000
29.998660 1006.353600 259.360500
30.014950 1025.908800 306.957000
30.031130 1028.025600 231.283500
30.047790 1026.244800 240.030000
30.064150 1024.077600 266.133000
30.080510 1021.238400 279.646500
30.097110 1026.211200 251.737500
30.113400 1026.748800 225.729000
30.129880 1038.139200 157.699500
30.146300 1045.245600 119.847000
30.162900 1013.880000 141.970500
30.179260 1024.010400 112.245000
30.212220 1051.965600 145.393500
30.228640 1068.446400 119.038500
30.265870 1065.271200 121.842000
30.278080 1105.204800 162.382500
30.294310 1096.804800 200.088000
30.310550 1034.611200 253.470000
30.326970 996.996000 306.327000
30.343320 987.084000 356.328000
30.359800 1028.932800 325.741500
30.376340 963.228000 338.919000
30.392460 966.655200 314.695500
30.409000 983.824800 296.877000
30.425420 980.548800 246.655500
30.441960 983.253600 230.254500
30.458440 1017.727200 258.678000
30.477110 993.535200 314.937000
30.491330 990.662400 329.584500
30.507690 923.344800 823.210500
30.819820 913.315200 735.651000
30.836180 912.660000 743.652000
30.852780 946.982400 366.964500
30.868960 1021.977600 362.187000
30.902100 954.979200 380.730000
30.918270 958.994400 300.142500
30.934750 960.405600 284.119500
30.951170 965.596800 307.797000
30.967590 937.456800 275.583000
30.984070 936.432000 291.774000
31.000430 920.102400 350.143500
31.018740 946.696800 353.787000
31.033260 945.436800 369.411000
31.049680 947.889600 403.294500
31.066160 994.963200 371.070000
31.082520 997.113600 355.488000
31.099060 908.527200 310.947000
31.115420 928.032000 323.253000
31.148320 1005.715200 327.894000
31.164920 969.410400 304.804500
31.181210 966.319200 335.685000
31.197570 1024.884000 358.491000
31.214050 970.418400 375.249000
31.230530 972.216000 358.932000
31.246830 982.749600 378.609000
31.263240 1044.069600 358.165500
