0.000000 32.074669 24.069290
0.016200 134.537846 99.305268
0.032700 273.423272 195.966020
0.065280 392.311330 274.493555
0.081890 472.756491 327.969745
0.098280 515.063492 351.835975
0.114840 526.890721 350.852823
0.131210 519.760648 337.095018
0.147580 505.337494 310.849374
0.164090 491.411574 271.125338
0.180310 482.508866 229.113478
0.196960 480.724536 205.708499
0.213300 485.622334 209.243340
0.229780 493.272302 231.014092
0.246050 498.006880 260.767043
0.262600 500.665791 290.258805
0.279080 503.967355 315.268859
0.295440 505.857054 335.278198
0.312120 503.206617 338.714344
0.328340 500.835411 308.030602
0.344850 508.772352 249.882829
0.361370 522.727912 188.807175
0.377750 528.875370 143.595263
0.394090 522.820249 123.518513
0.410570 515.761855 128.794539
0.427110 516.969839 151.709472
0.459870 521.205578 178.392377
0.476360 520.151961 198.024305
0.509080 512.986954 208.418788
0.525560 508.005881 209.413894
0.558500 507.719768 202.853067
0.574830 506.737620 192.000866
0.607590 503.861833 184.076521
0.624110 502.240588 194.329529
0.640640 502.462019 225.905069
0.657000 504.200597 259.308737
0.673320 504.442506 274.999358
0.690000 496.813767 270.668039
0.706220 483.179643 256.823532
0.722790 472.007638 246.039529
0.739040 468.770741 243.756126
0.755580 468.874627 243.919352
0.772110 466.188306 235.012338
0.788360 463.318188 213.331818
0.804860 462.832268 190.618448
0.821370 463.718930 181.683102
0.837620 464.994541 189.602994
0.854190 465.526365 204.736622
0.870620 464.221485 216.772616
0.903380 463.680305 222.222048
0.919860 474.820925 214.672726
0.952580 514.699952 189.595838
0.969250 582.144019 155.006449
1.001940 648.211654 124.188620
1.018460 690.434886 101.949648
1.051190 710.245948 86.169547
1.069610 715.067348 77.950112
1.100600 710.667149 76.800137
1.116990 706.682754 80.837205
1.149830 707.422878 86.057868
1.166370 707.870650 83.560183
1.199230 703.872980 73.752693
1.215610 699.076316 63.900503
1.248490 701.106601 55.656740
1.264920 710.270332 49.935933
1.297820 723.630385 47.235860
1.314070 739.097774 44.335332
1.330570 752.487443 38.583223
1.560620 755.575462 33.948773
1.577120 742.425655 39.784699
1.593370 724.437577 52.238802
1.610050 717.758332 60.014641
1.642730 719.571387 63.936139
1.659090 719.974774 67.011697
1.675600 720.017753 68.174855
1.856410 716.157571 62.655157
1.872630 700.383251 50.103109
1.889050 683.087993 42.657268
1.905470 681.626062 47.012419
1.940550 697.555466 56.177215
1.954830 717.775872 63.704882
1.987750 731.501109 67.361650
2.004120 736.692208 67.462277
2.037090 728.556741 73.072203
2.053440 700.699924 87.895574
2.086360 658.971674 99.228115
2.102750 619.205927 102.144636
2.135620 591.827321 101.206789
2.152080 580.544421 98.823681
2.168350 584.367358 99.347757
2.184880 594.699403 105.466215
2.201250 602.504924 115.056027
2.234120 604.158337 118.931321
2.250500 601.783261 114.243029
2.283490 600.342273 110.513879
2.299880 601.396549 111.468397
2.332750 603.573316 112.661480
2.349110 607.216619 111.977261
2.382550 614.568889 114.455215
2.398450 622.639152 120.983309
2.431240 625.520595 120.121147
2.447560 627.741115 106.232664
2.480610 635.081155 91.482799
2.496950 643.974628 89.568318
2.529880 651.060622 93.698117
2.546340 653.418075 86.578762
2.579250 649.520779 74.207548
2.596800 646.669888 73.770698
2.628390 652.584029 82.225545
2.644880 667.001852 87.615561
2.677730 685.582479 91.858117
2.694240 700.703051 96.331687
2.726970 707.549031 95.436978
2.743520 710.047395 94.567706
2.776250 720.395030 96.525912
2.792760 748.028616 98.867362
2.825490 782.836737 100.169916
2.841870 811.657421 95.490088
2.874680 830.733838 88.612831
2.891240 839.315104 87.894291
2.925550 840.859750 87.047019
2.940610 840.011128 83.762352
2.973340 827.930282 91.636508
2.989850 778.760880 113.807355
3.022610 687.523299 138.576587
3.041060 584.415662 157.783151
3.071960 504.349189 169.995318
3.088350 460.290862 172.619037
3.121260 443.011172 169.979121
3.137740 441.697445 171.828800
3.170620 446.725293 176.598147
3.186980 451.990096 175.680658
3.219860 456.644836 169.010746
3.236240 459.701569 161.701777
3.269300 461.290949 155.113834
3.285490 458.445941 147.415015
3.318480 452.375032 135.606493
3.334720 449.459321 121.032380
3.367710 448.926318 109.258219
3.384230 451.971968 103.860496
3.416980 462.556656 101.054186
3.433360 480.948955 95.751934
3.466190 501.925604 95.268257
3.482700 512.056002 106.123708
3.515490 513.512783 118.536138
3.531950 519.529954 127.438569
3.548310 528.936990 137.537686
3.564820 522.079915 194.457281
3.811330 485.042264 301.753997
3.827760 439.279568 353.216163
3.860580 413.901568 322.567926
3.877000 413.325323 270.820175
3.893390 422.594132 226.037132
3.910250 433.905172 200.823945
3.926360 449.614068 196.819509
3.942580 465.427832 201.874190
3.959240 475.459392 209.208028
3.975620 478.104049 218.650441
4.008470 475.878881 227.614221
4.024840 473.289205 235.087756
4.057570 472.183000 239.874510
4.074130 470.772886 241.141627
4.106990 467.573075 238.827904
4.123370 467.054297 231.631576
4.156230 472.785549 227.234490
4.172580 478.196498 232.258528
4.205490 479.488873 239.743886
4.221830 479.034068 245.180066
4.255020 479.849942 246.356517
4.271350 485.449903 243.601897
4.304260 492.940631 240.982668
4.320660 502.341433 236.466837
4.353450 513.191448 232.640916
4.369840 518.249324 234.255756
4.402760 521.554256 240.130829
4.419100 529.073169 247.034234
4.435640 537.599497 250.368887
4.452000 540.931562 245.208661
4.468430 534.014965 232.992879
4.484990 519.693534 222.401215
4.501370 510.063155 218.115962
4.517720 510.291071 222.411305
4.534000 510.638417 237.256533
4.550600 508.934238 255.242417
4.566940 510.875349 264.210602
4.599840 516.601473 261.008525
4.616240 526.542070 251.916534
4.649120 535.962331 244.704675
4.665630 538.661893 244.120016
4.698620 547.082897 248.857976
4.714900 569.495614 250.745966
4.747770 589.635263 247.764093
4.764010 592.559942 243.626362
4.796950 585.883371 236.946032
4.813510 586.396801 230.351812
4.846190 592.675072 229.814927
4.862610 596.742969 234.352603
4.895570 592.486618 237.743090
4.911990 572.242729 237.710158
4.928500 543.414679 237.640565
4.944890 516.858228 236.367988
4.961380 497.073205 232.397582
4.977780 488.788572 229.830814
4.994130 486.170576 231.657150
5.010700 480.953099 236.107194
5.026980 476.648992 238.661733
5.043500 474.459350 242.139557
5.059880 472.571446 249.468964
5.076200 474.017619 253.171685
5.092760 476.946011 244.479513
5.109120 473.775619 223.338649
5.125560 461.732480 199.882736
5.142120 446.409322 185.390317
5.158390 432.818537 183.166941
5.174840 421.647195 188.732129
5.191360 416.194196 203.679225
5.207600 422.307112 223.132783
5.240750 436.903073 232.364010
5.256930 446.869834 233.036145
5.273450 447.001998 232.137792
5.289720 443.481108 234.512681
5.306370 447.682734 244.299644
5.322630 466.607156 256.435163
5.339080 494.159014 265.879840
5.355820 518.842375 269.425067
5.371890 531.266408 260.510730
5.388380 533.420645 238.752932
5.404890 537.371422 214.686001
5.421520 549.060899 201.692433
5.437590 560.861764 205.335635
5.454070 563.851530 220.856479
5.487000 561.794035 234.278854
5.503450 558.613009 235.328095
5.519760 550.904745 228.430298
5.536250 541.189742 218.462433
5.552730 533.079741 207.841543
5.569090 524.003351 200.063386
5.585620 512.453066 193.812317
5.601880 499.366121 188.903310
5.618390 488.070334 191.269897
5.634750 482.591832 206.354332
5.651120 483.895399 228.409461
5.667690 489.328318 241.583839
5.684100 495.486027 241.106013
5.700610 500.933551 235.348279
5.717010 504.688576 229.892034
5.733490 504.167930 225.955464
5.749740 500.278295 227.362340
5.766170 499.440760 239.235003
5.782700 500.914990 260.702967
5.799160 500.762252 279.601169
5.815630 501.974910 280.757149
5.831940 504.046533 264.380536
5.848510 505.363989 240.229114
5.864760 508.730075 213.917160
5.881230 512.912525 192.244557
5.897600 514.404698 175.944625
5.914080 513.095950 156.807881
5.930680 512.586543 140.552422
5.947020 514.574896 138.624644
5.963380 516.059807 150.735904
5.979840 518.466361 173.749352
5.997450 522.383866 203.901029
6.012760 521.648721 231.779325
6.029080 519.161786 243.127709
6.045360 521.959457 233.930429
6.061810 526.389668 215.685880
6.078350 525.100052 193.647467
6.094880 514.637426 169.964777
6.127980 497.143390 155.559640
6.144130 479.778831 152.566898
6.160430 470.048998 154.274963
6.176860 466.082778 160.231156
6.193360 460.320472 172.126744
6.209820 452.588855 188.857179
6.226120 450.856859 206.646979
6.242630 461.086752 221.764818
6.275500 472.721156 232.505533
6.291850 474.640702 240.303843
6.324860 477.122060 251.594139
6.341260 490.997374 261.904551
6.374100 508.520026 263.201202
6.390440 520.219831 261.919167
6.423360 525.014531 259.617933
6.439800 522.659573 251.442579
6.472640 516.589408 244.740184
6.489140 509.572813 247.525727
6.505510 501.437597 254.675247
6.522000 494.781684 254.280213
6.540820 494.324125 242.975084
6.554990 502.200523 231.244729
6.571120 520.014985 224.016133
6.587590 551.029161 218.450770
6.604060 588.052848 215.784601
6.620530 613.508149 218.600572
6.636980 616.953543 226.851352
6.670090 608.402544 235.315949
6.686230 601.995817 236.998702
6.719010 600.092556 232.301734
6.735610 601.444920 229.252132
6.768310 601.610656 231.515690
6.784820 600.893741 235.608523
6.817660 602.371253 240.155189
6.834000 600.152494 244.532256
6.866960 591.723393 248.313382
6.883530 581.242708 254.092523
6.916460 571.557887 260.786836
6.932620 563.274031 263.985289
6.949160 557.814888 261.192772
6.965770 552.520876 249.851325
6.981950 547.753607 227.617126
6.998730 552.311914 198.281836
7.014970 558.279221 172.226371
7.031250 554.592906 159.402612
7.047730 550.580956 163.287454
7.064120 552.399100 179.969221
7.080630 557.441728 200.323089
7.113490 564.557422 219.036921
7.129750 570.529440 238.047179
7.178990 577.159336 253.404073
7.212040 612.346894 253.283750
7.228360 697.205328 237.607495
7.244740 800.256438 219.458241
7.261230 878.976182 202.569767
7.277600 923.567521 181.841437
7.294160 946.680052 157.653338
7.310590 958.519037 137.170731
7.326980 962.970776 128.260966
7.343380 964.251952 133.450352
7.359860 964.665767 151.037433
7.376190 963.504905 177.165744
7.409060 955.106874 206.058656
7.425640 939.924836 231.020409
7.442020 928.464370 246.631528
7.458220 925.273747 251.523885
7.474880 928.807317 244.811406
7.491240 937.267830 226.742176
7.507630 946.209702 205.419853
7.525700 950.230348 194.367640
7.540760 947.246329 201.272095
7.556990 940.597137 220.779748
7.573500 938.352187 242.052998
7.606260 948.256387 256.402373
7.622650 968.364324 260.745766
7.655590 986.394477 258.082872
7.672100 991.447751 252.023949
7.704850 986.099590 246.831666
7.721280 980.436351 245.037621
7.754100 978.291391 244.186942
7.770650 978.685826 242.866936
7.803380 984.113840 238.608072
7.819890 996.178870 227.283123
7.852840 1008.927946 212.016673
7.869420 1012.289602 197.649466
7.902150 1001.194044 186.787575
7.918410 985.301360 187.434621
7.951550 977.358460 200.937152
7.967910 979.310061 213.576962
8.000600 981.978742 215.840029
8.016830 979.191398 210.163414
8.049910 978.381073 201.444645
8.066220 979.657926 194.673955
8.082720 975.401907 192.620009
8.099320 967.238795 189.373329
8.115920 957.235935 177.433384
8.132230 944.136601 157.980327
8.148670 931.069094 139.305889
8.164900 922.092209 131.258370
8.181490 917.539137 138.775348
8.198040 914.647897 158.968406
8.214080 911.521262 179.210504
8.230480 909.863926 184.352496
8.246980 913.539668 170.867258
8.263520 922.180634 144.177939
8.280140 928.543896 112.843245
8.299000 931.817217 88.159423
8.312880 938.873739 79.903862
8.329130 950.836452 90.354413
8.345600 960.601684 114.248406
8.362140 963.883996 143.283758
8.395750 966.585696 170.328199
8.411060 970.441609 194.393863
8.443980 970.688632 213.482533
8.460460 972.477085 223.350579
8.493500 977.983060 225.950338
8.510120 977.597816 221.186681
8.542720 968.346737 208.065992
8.558990 954.356409 194.037726
8.591800 941.671609 188.591027
8.608220 935.463943 194.275781
8.641200 933.121173 204.866246
8.657620 929.852997 212.939945
8.674000 925.071344 217.919123
8.690440 923.862618 221.973245
8.707170 935.054610 230.649731
8.723330 958.683243 251.422070
8.739870 981.584588 274.197427
8.756210 992.330015 279.025404
8.772750 991.924533 262.383718
8.789120 987.799680 240.231169
8.805510 986.613746 231.021779
8.821960 990.950287 236.023711
8.838330 995.713334 242.940298
8.854740 995.094734 241.423154
8.887740 990.789525 228.901374
8.904080 984.029004 211.851837
8.920350 973.806440 198.245107
8.937040 966.897035 187.076262
8.953350 971.198283 173.483616
8.969700 983.543010 156.946098
8.986250 993.659483 143.487484
9.002620 993.724541 143.025274
9.018970 984.613194 159.437093
9.035510 972.933022 185.138009
9.051850 962.702732 207.200133
9.084850 958.582185 217.788170
9.101100 962.104417 216.250124
9.133990 966.031885 207.982983
9.150500 969.664619 200.391620
9.183610 975.821832 194.939441
9.199980 985.096539 189.494295
9.232770 996.322384 184.010162
9.248950 1005.088369 184.626670
9.282210 1008.858747 193.496051
9.298320 1005.488805 199.504748
9.331130 998.734211 198.869865
9.347760 995.468486 199.170813
9.380450 998.292508 200.477537
9.396960 1003.684641 203.105353
9.429730 1008.926069 213.182508
9.446230 1015.729598 226.886719
9.478970 1022.016158 236.397761
9.495470 1023.626945 239.679868
9.512210 1018.804420 234.587747
9.528350 1011.214568 221.512168
9.544880 1010.285011 205.265022
9.561130 1022.041261 190.057299
9.577580 1035.065184 176.122406
9.593990 1036.868689 163.396729
9.610470 1032.959338 157.221769
9.626950 1028.779610 161.418771
9.643260 1018.593288 174.512502
9.676190 997.458887 192.488135
9.692670 972.847043 209.423890
9.725710 951.438217 224.586626
9.742160 934.984069 237.650992
9.774890 927.723054 243.134405
9.791140 928.229077 243.602261
9.823970 933.330702 250.340937
9.840770 939.177585 261.259563
9.873340 942.172830 259.808155
9.889690 945.527897 244.687919
9.922580 951.500706 230.883107
9.939090 960.536441 226.988121
9.972000 973.506776 229.833337
9.988100 985.320033 233.419127
10.021210 993.058982 233.157409
10.039570 999.695953 226.171471
10.070540 1002.679460 218.578700
10.086850 1000.046758 221.345115
10.103350 997.637511 235.036914
10.119720 999.356510 243.118277
10.136200 1004.088092 230.902342
10.152660 1009.702820 203.145556
10.168980 1011.930168 173.888287
10.185350 1010.353262 153.028841
10.201800 1011.317597 142.398716
10.218350 1013.578217 141.251017
10.234680 1013.905341 149.855174
10.251040 1016.523803 168.151708
10.267610 1019.326713 193.795349
10.284000 1014.867458 219.786801
10.316800 1005.700278 239.614618
10.333360 1002.321570 254.608471
10.366060 1002.309220 261.912934
10.382600 991.860264 260.078029
10.398940 970.326851 258.961560
10.415530 915.953722 259.799507
10.431850 797.898205 257.584269
10.448230 652.606216 246.887696
10.464720 536.087405 224.748626
10.481290 464.402895 195.518028
10.497600 430.466625 167.634823
10.514100 424.080381 153.148618
10.530240 438.419179 155.134602
10.547030 463.794394 169.215464
10.563190 485.722433 196.749015
10.579670 492.863594 233.945269
10.612610 489.653986 268.170276
10.628980 486.792110 290.218242
10.661830 484.275511 297.981295
10.678210 479.140576 295.646313
10.711240 473.751896 289.019353
10.727690 468.773369 283.099689
10.760360 466.529993 279.710036
10.776860 470.409229 274.724808
10.809860 476.793971 270.347202
10.826100 481.424281 274.528748
10.858980 482.267237 284.585416
10.875350 481.545241 295.808935
10.908190 479.753950 301.723719
10.924710 473.248392 295.428857
10.957470 466.842926 285.622406
10.973920 465.462559 280.314248
11.006810 468.889745 281.760541
11.023190 474.367570 294.818393
11.056110 474.663652 314.218483
11.072480 470.770634 330.562146
11.105160 467.385879 337.829585
11.121860 464.265365 329.530073
11.154790 462.933551 313.058994
11.170990 464.278038 302.873531
11.203950 472.641197 300.580130
11.220320 489.574977 302.071648
11.236740 507.071186 305.098549
11.253220 519.800874 308.076738
11.269740 528.346917 311.132293
11.302550 531.801513 311.785135
11.318980 527.708769 305.313748
11.335360 519.060718 292.873832
11.351880 512.464617 280.772167
11.368230 512.668788 270.014998
11.384610 518.647665 254.498189
11.400990 524.115466 239.822825
11.417480 523.912899 239.968953
11.433980 518.988081 256.597030
11.450380 513.278543 282.580706
11.466980 507.791126 309.963033
11.499710 500.578599 331.075521
11.515960 489.763868 342.002968
11.548920 481.111906 346.425247
11.565310 481.467101 350.204426
11.598240 484.865855 350.010020
11.614580 486.298694 342.654635
11.647480 488.357006 332.455398
11.664090 490.730487 319.673342
11.696870 494.804460 303.221614
11.713200 500.300027 284.833783
11.746090 501.702479 267.298980
11.762410 502.295007 256.293595
11.795470 506.156943 250.238240
11.811680 504.031029 246.691639
11.844590 488.359956 264.158650
11.861050 467.549591 313.726912
11.877440 453.575003 372.344286
11.893910 447.924131 408.383606
11.910350 444.822248 406.555066
11.926830 438.399220 374.564075
11.943050 428.635269 335.580505
11.959590 423.130864 309.957241
11.976090 429.455011 306.011146
11.992460 443.662788 322.901229
12.008910 453.504099 352.938252
12.041780 457.547720 382.705075
12.058030 463.259763 396.809151
12.074800 469.149647 390.222649
12.091090 466.203748 373.339145
12.107330 457.906806 359.533739
12.123990 460.711080 353.635127
12.140340 467.079833 351.132736
12.156650 460.385584 347.782572
12.173220 449.332266 344.947231
12.189590 448.010620 345.152537
12.206180 461.664736 350.216550
12.222580 484.508931 360.597608
12.239110 505.500774 370.531048
12.255460 518.438772 375.905841
12.288270 525.979105 381.764240
12.304720 531.747410 390.512699
12.337450 535.428102 395.616969
12.354110 539.121451 389.926460
12.386980 543.619128 383.159750
12.403380 545.525545 389.422026
12.436190 542.339846 402.962890
12.452590 537.519501 415.118265
12.485340 531.759745 422.312192
12.502030 522.538108 417.280775
12.534680 514.066182 403.590892
12.551060 511.671984 395.288256
12.584140 508.479943 395.348797
12.600370 495.506823 399.646086
12.633260 478.798687 404.698716
12.650040 468.599756 405.350374
12.682910 467.394679 406.190024
12.699140 469.582720 415.473560
12.732300 469.498698 421.206715
12.748670 474.596464 409.615993
12.783490 497.702741 388.655150
12.797640 533.885900 369.884634
12.830510 564.638092 357.211290
12.846820 581.570296 352.498409
12.879730 588.146369 357.026811
12.896220 590.908016 368.284550
12.929320 617.363924 379.727922
12.945400 690.683965 388.141737
12.978260 785.976868 396.200493
12.996990 867.919689 405.681613
13.027590 921.655337 412.022611
13.044080 948.365107 409.260620
13.076750 957.775600 398.513377
13.093460 954.708606 386.084344
13.126130 944.075200 377.340293
13.142580 934.660965 371.677911
13.175510 930.713683 369.915831
13.191710 930.634068 375.723878
13.224930 932.056472 382.932048
13.241170 936.793237 387.218402
13.273940 943.718305 386.595047
13.290410 944.579882 376.719442
13.323330 939.786309 363.020200
13.339840 935.977072 351.360369
13.372630 932.408307 340.763408
13.388990 932.496377 333.482961
13.421860 938.085876 332.524145
13.438340 942.461802 336.368482
13.471190 945.739346 347.039723
13.487470 943.468940 363.926333
13.504140 928.182352 376.668436
13.520460 912.137854 377.277043
13.536830 911.462651 370.312884
13.553570 923.574573 366.408244
13.569780 936.713169 365.261320
13.586330 946.337628 363.157555
13.602630 955.338057 364.355069
13.618970 963.184048 362.972596
13.635620 966.573613 348.034688
13.651820 966.013268 325.353804
13.668380 964.727225 312.687453
13.684740 962.751406 321.177311
13.701110 957.105149 341.068338
13.717590 956.814455 354.157961
13.734120 969.485599 345.691915
13.750350 983.524303 308.584310
13.766880 989.253635 252.608481
13.783390 987.200478 197.970268
13.799710 981.181378 163.412288
13.816220 973.235590 158.355747
13.832490 964.050705 183.748828
13.849110 956.545593 234.081347
13.867570 952.226553 293.198023
13.881900 951.271400 340.747226
13.914760 950.649116 369.134601
13.931090 945.485231 383.725101
13.964000 939.758333 393.353522
13.980440 942.864230 402.059824
14.013380 952.868365 404.684396
14.029880 961.556854 397.784602
14.062640 966.796777 384.411263
14.081330 966.991978 371.587499
14.111880 965.356731 365.835958
14.128330 970.263230 368.655134
14.161120 981.134586 377.202028
14.177510 991.759630 386.453267
14.210400 999.456545 394.456984
14.226730 1002.751273 401.460657
14.259740 1003.413249 407.246054
14.276120 1007.422693 413.863017
14.309070 1011.800840 420.949689
14.325450 1009.390420 423.492053
14.358340 1002.227359 422.086320
14.374760 995.441287 419.766082
14.408550 991.234482 411.936060
14.424090 987.658054 396.026876
14.440540 982.523791 376.895262
14.456850 982.894595 359.904522
14.473360 991.556452 348.483067
14.489870 996.887481 340.694743
14.506450 1000.624659 329.929085
14.525070 1008.735858 314.111034
14.555390 1013.968080 295.300478
14.572020 1019.394805 279.534759
14.588520 1030.520013 277.827949
14.605060 1039.550924 293.650354
14.621540 1040.456056 319.890643
14.642000 1036.982127 346.763666
14.653980 1032.423361 371.979268
14.670470 1026.165392 395.456452
14.703510 1019.154892 413.201339
14.719740 1016.966887 421.906939
14.752620 1020.525474 420.568545
14.769040 1022.241387 415.748690
14.801740 1022.509523 413.303112
14.818240 1022.227282 411.311393
14.851200 1018.122752 411.293770
14.867610 1013.478555 414.594413
14.883880 1009.396835 410.687914
14.900500 1008.459621 395.405735
14.916730 1013.895430 370.334834
14.949620 1020.535123 335.508713
14.966220 1023.173992 303.899278
14.982640 1020.799363 288.274599
14.998960 1017.491435 291.591238
15.015610 1008.372657 305.962683
15.031850 981.101566 314.787846
15.048390 915.037687 315.042331
15.064940 792.079200 316.789076
15.097500 646.303806 323.754450
15.114000 527.738331 327.061168
15.146870 452.310633 320.747535
15.163360 416.836480 316.706313
15.179720 411.612910 324.885711
15.196270 421.271986 336.139729
15.212620 431.895894 341.567705
15.228850 440.351712 348.120259
15.245360 450.050425 359.210815
15.261860 463.970443 373.516444
15.278370 479.700400 395.773150
15.294710 491.942058 423.741461
15.311140 497.382985 450.112719
15.327500 496.668601 470.959748
15.343810 494.191998 482.035223
15.360490 490.123199 479.023793
15.376740 480.116961 463.539370
15.394150 468.342428 443.776844
15.409620 462.525400 428.107599
15.426380 461.760681 417.865810
15.442500 461.488373 410.061217
15.458980 460.391882 397.978388
15.475340 459.606290 373.474112
15.491870 463.498565 344.509640
15.510190 476.579188 325.741308
15.524840 494.267358 318.966949
15.541280 506.755117 322.979255
15.557620 510.312366 337.937823
15.573870 510.142960 361.210358
15.590410 511.267973 388.272574
15.606860 515.716573 418.568391
15.623340 524.828933 454.707366
15.639880 534.690532 486.049312
15.656130 542.788915 502.412843
15.672450 551.682015 509.474271
15.688980 558.532134 500.766387
15.705380 559.872513 467.354133
15.738360 559.907249 428.118626
15.754940 561.911257 402.648566
15.787630 566.668943 391.426352
15.804050 573.791250 389.311093
15.837190 579.369620 391.908631
15.853380 583.852828 396.805894
15.886250 590.977180 403.962681
15.902500 597.566409 413.802169
15.935470 599.305910 427.660978
15.951810 597.452652 442.482235
15.984740 595.959162 449.509568
16.001070 595.595612 448.593744
16.017650 591.609391 445.427493
16.033870 583.464513 438.510152
16.050570 579.234107 420.412062
16.066930 585.409720 389.203497
16.083360 599.125103 360.985701
16.099750 617.970204 350.627275
16.116070 641.919555 353.227208
16.132610 663.959363 363.191019
16.149020 676.560906 379.571968
16.181870 679.296017 398.592044
16.198350 675.840170 416.175756
16.230960 670.119563 426.394507
16.247630 664.831900 426.973600
16.280470 659.132040 422.996199
16.296910 650.655421 419.920181
16.313390 640.562531 421.607253
16.329700 632.353998 423.422442
16.346250 628.980976 419.981869
16.362700 630.932394 416.103434
16.378940 637.861556 412.514321
16.395520 645.187009 402.616721
16.411870 644.078165 385.876951
16.428390 634.540040 372.073273
16.444760 625.435763 369.414005
16.461120 624.011517 374.488438
16.477830 623.646252 378.309033
16.496230 616.236634 375.114562
16.510500 608.830725 364.740407
16.526760 598.411155 359.535732
16.543260 568.347815 371.448675
16.559710 520.646166 393.012554
16.576160 477.894231 414.177739
16.592710 453.661569 432.451211
16.608980 442.923743 447.917490
16.625530 439.713090 460.689270
16.641830 441.447539 470.329620
16.658310 444.635040 478.423412
16.674710 447.666617 487.943771
16.691010 448.666431 498.487894
16.707570 444.915720 503.415824
16.724000 438.518507 496.484557
16.740340 434.660910 477.082671
16.756910 434.665719 450.676885
16.773360 437.895990 427.576156
16.789750 445.124456 414.679790
16.806140 454.336406 407.589956
16.822600 460.679293 398.446418
16.838990 464.657024 386.343693
16.855500 471.183808 376.801428
16.872160 478.182753 373.763103
16.888470 484.752999 376.953416
16.904920 497.191353 386.727121
16.921360 509.937149 403.883837
16.937870 511.409181 425.796166
16.986820 503.012623 446.104757
17.020050 493.338372 461.633205
17.036480 488.873602 472.732141
17.069310 491.780041 479.542041
17.085680 498.311284 480.963519
17.118670 505.314483 466.411209
17.134930 516.022980 429.808887
17.167920 533.665547 390.108610
17.183870 552.264542 367.830437
17.216770 559.643309 363.751767
17.233400 558.269623 368.390189
17.265960 553.926323 373.372441
17.282620 543.186466 376.814842
17.315310 537.020796 379.612799
17.331710 543.424327 383.804897
17.364590 548.862622 393.609654
17.381070 551.005539 408.183354
17.414020 561.073888 422.771490
17.430500 573.606328 435.226518
17.463240 581.580356 443.441918
17.479570 591.310214 446.742550
17.496120 602.086392 447.634616
17.512620 606.139430 446.597137
17.528870 599.050240 441.885802
17.545320 583.648494 433.449761
17.561870 568.427849 423.779890
17.578230 558.563687 416.390888
17.594700 553.522763 414.093386
17.611220 552.052149 417.849510
17.627500 555.360707 426.448049
17.660310 570.619927 436.648558
17.676740 597.759101 443.404221
17.709730 619.508650 443.515421
17.725980 626.256598 436.910164
17.758990 626.700689 423.570183
17.775360 629.358820 407.607142
17.808070 631.244794 396.345812
17.824720 632.490448 391.381362
17.857510 640.835448 389.477404
17.873980 657.669467 389.430791
17.906860 671.815152 392.314254
17.923070 670.535481 397.037241
17.956070 663.005604 402.619756
17.972440 666.766952 412.164830
18.005540 676.169401 421.717280
18.023860 676.953427 421.175899
18.054630 668.951872 413.960287
18.070980 660.687629 407.020652
18.103840 661.443795 397.678576
18.120380 669.039874 384.870749
18.153520 677.772887 375.468237
18.169740 688.270007 375.331420
18.202480 695.971276 380.454552
18.218870 696.969675 385.320366
18.251690 697.038509 393.110725
18.268110 700.410737 403.846244
18.301100 705.482429 408.227654
18.317470 716.069763 405.191381
18.350330 734.743938 403.018773
18.366870 750.196279 406.745544
18.399600 734.717390 415.207526
18.415990 670.166166 425.298322
18.448940 577.319299 434.876883
18.465380 491.302834 442.397065
18.481750 431.143358 447.374688
18.498060 404.140925 451.824875
18.514600 405.026299 456.650888
18.530940 414.443709 459.269709
18.547620 421.930588 460.266367
18.563800 427.495940 462.051984
18.580460 429.174988 463.199372
18.596890 426.779205 459.269707
18.613130 423.199769 448.334214
18.629610 421.230807 434.245363
18.645980 420.242874 422.061697
18.662520 421.375988 415.962434
18.678970 428.498314 418.350436
18.695360 441.042708 427.451393
18.711760 453.730613 438.275474
18.728260 460.584896 446.245841
18.744610 465.256404 451.791997
18.760960 472.061414 455.687257
18.777440 474.547339 456.242584
18.793820 474.289471 459.892519
18.810490 480.603709 471.781732
18.843140 491.711328 484.474213
18.859560 495.947595 492.650414
18.876130 487.499838 496.085742
18.892440 479.072914 490.030532
18.909040 481.267703 469.716954
18.925490 484.638803 441.100265
18.941850 480.103902 418.900537
18.958050 469.734038 415.561314
18.990980 461.099965 431.271458
19.009570 458.758390 454.509719
19.040220 458.230444 474.089691
19.056700 451.972563 487.356487
19.073090 440.069194 496.465991
19.089750 430.577147 505.839005
19.105990 430.348596 518.383102
19.122590 439.189521 531.907151
19.138990 450.869543 539.677562
19.155200 458.962315 535.898790
19.171680 461.221723 524.756248
19.188060 459.752330 509.234159
19.204620 457.813618 486.320015
19.220930 456.399461 457.861352
19.237440 453.186493 429.859343
19.253880 447.067644 409.312953
19.270370 441.180428 400.724225
19.286870 437.341280 401.580294
19.303250 434.792549 406.448522
19.319630 433.622410 412.375217
19.337890 435.754895 418.596007
19.352620 440.649793 422.645729
19.368940 443.180283 420.523319
19.385360 445.853591 411.458071
19.401730 449.787609 402.529015
19.434740 456.751885 401.174999
19.451130 478.614421 403.789479
19.483980 505.889784 407.482859
19.500380 523.824416 413.683526
19.533250 537.717639 420.013948
19.549580 546.683013 425.390139
19.582610 550.313210 430.864365
19.598980 560.680946 438.965381
19.615260 578.555750 451.076625
19.631960 590.652732 456.753067
19.648100 590.266927 442.458573
19.665310 583.924418 411.028952
19.680980 577.379958 380.005571
19.697490 572.322757 366.370277
19.714000 572.043051 374.329509
19.730240 578.991423 394.826771
19.746860 592.191151 415.205182
19.779740 603.942848 430.956923
19.795970 611.779881 440.770880
19.812480 621.795331 439.530082
19.828810 636.589029 428.346644
19.845320 651.849024 413.376081
19.861720 659.220143 398.891166
19.878080 655.946681 390.271349
19.894790 648.429417 394.785381
19.911130 645.309074 413.322020
19.927630 646.505452 437.495965
19.943880 647.084547 456.698266
19.976720 645.023750 462.887384
19.993230 639.687410 454.886784
20.026120 636.080745 441.016214
20.042500 642.155245 432.063835
20.075240 657.163515 433.534201
20.091740 672.607410 439.741737
20.108090 684.091856 437.000641
20.124740 689.875433 424.356740
20.140980 686.464019 413.032180
20.157520 674.605708 408.415946
20.173840 665.670443 405.828512
20.190410 673.105106 401.150994
20.206740 695.082443 399.409622
20.223160 715.219117 402.963555
20.239610 726.778225 408.600464
20.272660 732.494608 417.289483
20.289000 733.251068 430.438108
20.321700 731.981440 443.753707
20.338350 719.013980 447.510507
20.371110 677.769337 447.575790
20.387480 612.923516 460.044263
20.420240 546.615712 477.679476
20.436740 497.690711 487.625961
20.469790 475.239800 489.057531
20.485990 471.840177 484.346646
20.518880 476.284311 480.079905
20.535200 483.927420 478.730245
20.568120 487.923325 475.260614
20.584610 486.519286 469.570951
20.617390 482.151220 467.130057
20.633990 478.661197 474.629821
20.666690 480.254024 490.669604
20.683240 483.296157 504.200497
20.699600 483.187308 508.189438
20.716090 488.949266 497.805234
20.732500 510.460738 475.665637
20.748980 537.983540 456.903363
20.765180 558.584367 448.975014
20.781690 568.296977 449.864369
20.798110 567.263160 458.233497
20.814740 563.215048 470.913525
20.830960 563.262046 482.967036
20.863800 567.991524 491.409395
20.880250 567.187534 488.023765
20.913100 550.519334 460.203267
20.929760 529.575670 412.130250
20.962430 516.253443 362.358469
20.978960 507.651604 325.377400
21.011730 499.468317 301.995859
21.028240 490.749417 284.463002
21.061080 481.757380 269.805138
21.077480 471.395838 258.801569
21.110200 461.540647 255.170990
21.126860 458.346827 259.003476
21.143110 464.265159 263.965163
21.159610 473.655047 269.248499
21.175980 480.937172 279.252306
21.192460 486.206983 295.696402
21.209060 488.055069 311.128783
21.225270 485.953092 318.491865
21.241880 484.939696 319.934113
21.258260 483.458039 312.913903
21.274610 481.698380 297.493305
21.291000 488.529245 285.923350
21.307460 500.518779 285.264876
21.324100 503.904118 294.796449
21.340360 494.105794 310.981446
21.356610 481.065554 322.409923
21.373280 475.952305 317.735841
21.389620 478.377688 298.291745
21.406130 483.866576 274.589165
21.422530 489.454435 255.455071
21.438930 491.587850 241.290702
21.455250 490.701815 230.921031
21.471710 490.878075 227.727492
21.488130 493.902515 234.940194
21.504750 496.581967 251.775245
21.521270 497.730687 273.776991
21.537630 501.935106 293.738609
21.554030 509.931018 302.330188
21.570330 515.955369 293.801171
21.586760 514.244698 272.124404
21.603260 502.996138 250.877809
21.619630 487.501774 241.695625
21.636080 478.853633 245.313122
21.652500 475.149136 260.956819
21.668960 464.353686 283.886802
21.685350 446.837797 300.884828
21.701780 428.901609 307.855273
21.718080 419.180205 310.791107
21.734950 426.585699 312.595935
21.751210 445.677581 314.246169
21.767460 459.686737 315.150605
21.783910 456.907068 312.886827
21.800320 444.563844 311.396587
21.816760 439.617437 309.872367
21.833150 448.489902 299.688741
21.849580 463.175305 287.895234
21.866260 472.752628 286.350501
21.882520 474.302489 292.108599
21.899120 470.302886 301.987031
21.915360 466.815273 319.028762
21.931730 470.388074 340.670031
21.948120 478.308622 354.061903
21.965580 486.733546 351.563701
21.997360 496.897807 339.533499
22.013890 509.645007 325.296924
22.046710 524.849366 310.915793
22.063200 539.731529 297.359583
22.079740 552.329832 287.108910
22.096070 559.468013 280.710863
22.112530 559.023270 274.364792
22.128860 555.707876 263.375241
22.145250 552.458229 250.966590
22.161740 549.964779 245.634336
22.178190 550.569875 250.833952
22.194780 553.201365 263.903822
22.211170 554.334481 274.729766
22.244310 555.747287 274.477083
22.260680 564.754149 268.218389
22.293430 581.142797 264.868273
22.309600 594.007298 265.808561
22.343020 597.222611 269.499051
22.359530 594.826874 274.858636
22.375630 592.842804 280.995976
22.393490 595.629694 286.290650
22.409380 604.191378 291.576389
22.424440 613.789408 300.504926
22.441120 617.765269 317.479370
22.457310 610.742873 344.312935
22.473860 593.765308 371.980218
22.490230 572.723066 392.186399
22.506680 554.135299 407.153268
22.523130 544.894189 417.956158
22.539470 544.700450 420.377312
22.555970 546.281046 409.936549
22.572360 543.669034 387.972531
22.588880 537.492372 364.182880
22.605320 531.443964 349.376606
22.621700 527.487357 348.372271
22.638210 526.610547 357.111606
22.654450 528.086633 365.720431
22.687480 547.846289 368.385784
22.703810 617.947415 358.632990
22.736880 730.103183 332.130070
22.753100 836.938082 301.165364
22.785950 910.510607 278.371183
22.802550 947.548999 264.469881
22.835170 957.108949 258.338233
22.851730 958.443985 259.859989
22.884490 958.266351 270.002094
22.901120 950.391015 285.180539
22.933870 937.731457 298.464307
22.950230 906.531137 326.646170
23.229480 821.496643 380.722900
23.246000 691.172418 432.076548
23.278810 568.397310 467.936721
23.295350 484.032483 497.032741
23.328220 437.559069 512.664629
23.344590 418.453776 511.546618
23.377350 419.644923 504.625960
23.393890 435.927226 497.812627
23.426680 453.363762 491.439488
23.443120 466.884922 487.302986
23.476140 483.642112 481.596001
23.492310 504.275739 469.821318
23.525360 522.941432 462.371567
23.541580 535.873472 466.892597
23.574450 545.081433 474.246077
23.591110 553.954004 475.020085
23.623860 558.746561 467.476458
23.640090 554.603113 459.623931
23.673100 547.644425 459.576292
23.689420 543.789926 465.913454
23.722470 539.040479 472.212553
23.738860 535.077411 475.460924
23.771730 534.100951 479.969637
23.788100 526.621988 488.135563
23.820940 512.461092 493.903939
23.837370 502.255378 493.810497
23.870220 496.517486 494.737410
23.886600 490.949787 499.912255
23.919480 486.480394 502.986086
23.936000 486.014865 501.930543
23.968870 487.423967 498.702110
23.985210 487.571099 497.234306
24.018110 490.718869 505.317393
24.034440 494.524198 519.481092
24.067490 494.666534 528.583816
24.083800 491.308386 531.514234
24.116620 482.778426 531.882491
24.133100 472.181733 530.975647
24.166150 464.342167 531.755486
24.182340 462.490489 533.598251
24.215450 464.425213 532.638395
24.231700 463.109641 531.117584
24.248210 455.148432 530.312428
24.264630 453.997643 527.089057
24.281130 476.795134 519.183652
24.297300 514.240256 506.607970
24.313860 549.249509 493.355538
24.330220 573.679538 484.805820
24.346680 582.520961 484.279375
24.363100 580.119828 489.160236
24.379590 576.310653 491.501112
24.412340 576.709299 490.422075
24.428730 582.022902 488.036201
24.461720 588.628341 486.517629
24.478070 592.502990 495.479776
24.510940 590.444125 507.133978
24.527340 583.243674 501.741186
24.560360 580.287229 485.383240
24.576630 584.728804 476.222125
24.609560 585.768001 483.101201
24.626100 574.232479 502.366452
24.658860 551.888309 518.644267
24.675190 525.788796 523.082537
24.708220 506.594287 522.621858
24.724620 497.570266 523.655298
24.757320 492.750880 519.587452
24.774000 494.672891 505.963470
24.806690 503.343903 490.021604
24.823140 511.377701 479.378617
24.855940 511.810994 475.592972
24.872500 497.076394 475.294223
24.905230 471.555424 474.937706
24.921840 449.571654 476.189210
24.954420 440.063277 482.231173
24.971100 437.025683 490.880210
25.003800 430.842799 498.181720
25.021930 425.937323 502.977037
25.053130 429.577403 507.749388
25.069500 438.870275 518.454455
25.102360 448.676453 532.638887
25.118880 459.548919 539.302386
25.151750 469.198840 535.772582
25.168120 473.954357 527.259848
25.201000 475.603312 518.173076
25.217350 474.079640 511.466013
25.250460 471.024927 508.758825
25.266600 470.494045 512.785737
25.299700 472.543440 521.093403
25.315950 475.016239 523.782018
25.350190 477.327261 520.876438
25.365250 479.065924 521.001954
25.398280 475.103430 524.885600
25.414610 465.147379 529.116854
25.430980 454.274492 535.392490
25.447360 448.176176 540.616821
25.463730 453.780663 537.638319
25.480240 470.074464 527.418721
25.496600 483.357577 516.926744
25.513140 483.205765 512.301421
25.529590 475.768046 514.501864
25.545990 468.834949 521.989238
25.564060 466.642253 532.300006
25.595200 471.389180 541.861452
25.611560 480.629299 549.927637
25.644490 493.171463 555.782819
25.661010 505.008488 555.002520
25.693850 515.247997 548.553708
25.710390 527.419543 541.828079
25.743100 537.544993 532.936979
25.759490 542.477367 519.796027
25.792340 544.889924 507.909822
25.808880 546.887707 504.507846
25.825360 548.189180 509.927246
25.841740 547.807484 513.726448
25.858060 544.134179 508.238077
25.874560 536.196755 497.990984
25.890910 519.767431 485.885620
25.907490 491.367719 475.452178
25.923750 461.580317 477.233124
25.940190 442.411244 490.210043
25.956740 432.084837 504.391429
25.989590 424.878747 518.661861
26.007690 421.492365 536.717477
26.038860 422.662416 557.772397
26.055220 427.537376 574.573791
26.071730 436.089690 581.319774
26.088260 446.084602 583.527141
26.104490 456.158185 590.134134
26.121000 466.690573 603.129345
26.137360 476.231005 619.248686
26.153700 482.391207 633.082272
26.170240 484.532244 639.937622
26.186600 482.597936 641.150765
26.203110 478.547973 640.757206
26.221540 476.295464 637.492505
26.236100 475.848977 629.107197
26.252350 475.227603 616.975025
26.268860 474.076046 603.445080
26.285320 473.320023 587.403998
26.301610 475.857422 565.968555
26.318250 482.681470 541.756056
26.335170 489.133676 521.438667
26.350980 489.957130 509.642875
26.367390 485.765333 507.803926
26.383740 482.655384 515.380880
26.400180 488.633875 527.438662
26.433320 504.226674 537.574350
26.449680 519.921489 547.442846
26.482350 530.256186 558.526746
26.498720 536.083874 567.208146
26.531600 538.848943 575.697026
26.549440 540.924544 586.232134
26.580870 542.752126 594.946962
26.597310 544.039963 596.966074
26.630370 543.891248 589.198523
26.646730 532.879468 580.154612
26.679490 506.239461 585.895190
26.695820 477.746503 606.139651
26.728680 455.920491 624.435164
26.745360 438.460860 633.403766
26.778260 428.921312 638.825863
26.794570 426.864312 642.389747
26.827320 428.920941 643.680294
26.843770 436.301245 641.587862
26.876680 446.011284 634.019258
26.893110 453.863128 623.877076
26.909610 457.231298 611.911826
26.925870 454.775959 599.969944
26.942310 447.702314 589.847120
26.958720 438.548411 577.557333
26.975230 431.031710 568.538734
26.991580 429.995602 574.875763
27.008100 437.860732 596.196743
27.024600 449.783689 620.763395
27.040860 460.479306 637.008871
27.073750 467.607429 642.513166
27.090180 470.184270 641.161382
27.123110 471.340166 636.372021
27.139450 472.709672 630.748876
27.172350 473.368088 626.682606
27.188860 473.818681 624.209391
27.221740 471.777765 621.253268
27.238110 466.214456 620.627672
27.270950 463.801321 627.144851
27.287350 467.680118 637.330012
27.320180 476.641746 640.831200
27.336550 492.706368 634.680692
27.369490 512.209612 624.114005
27.385990 528.244142 613.164165
27.402370 539.526838 605.301398
27.418730 546.868670 600.624473
27.435260 550.630652 596.701944
27.451600 551.107845 593.159665
27.468120 550.237369 588.767314
27.484440 551.598566 583.217520
27.500810 556.354565 580.120783
27.517440 558.665054 584.564308
27.533680 553.292693 599.265605
27.566600 548.250732 620.998771
27.583100 551.489313 638.967221
27.615860 557.174949 646.257098
27.632340 556.569829 653.017562
27.665370 547.237916 672.228226
27.681760 532.770822 704.283433
27.714490 516.361172 735.310797
27.730990 499.355902 750.756790
27.747220 485.692375 752.115181
27.763850 478.496986 748.164321
27.780260 476.782446 744.860893
27.796630 477.055326 743.733554
27.813060 477.613687 742.779819
27.829500 478.412638 741.213588
27.845830 478.277343 740.227250
27.862300 475.214775 739.802005
27.878850 468.921827 736.983425
27.895220 463.221335 730.625892
27.911590 462.155600 724.119602
27.928120 465.494163 719.648016
27.960850 470.502077 717.126690
27.977450 476.838252 717.330645
28.010250 484.521707 721.163380
28.026720 491.209853 727.796585
28.042920 495.478024 735.321875
28.059600 500.224777 742.174156
28.075960 509.457008 748.126056
28.092440 521.610050 754.274285
28.108720 531.927895 759.000860
28.125240 536.547495 757.981418
28.141560 533.801777 748.311595
28.158100 528.280218 730.785866
28.174480 525.733275 710.320442
28.190800 525.255370 693.618392
28.207500 524.839317 687.337884
28.223850 525.465307 695.613798
28.240460 528.906399 716.969819
28.256640 535.874951 745.354886
28.272980 545.974967 772.809599
28.289470 557.422870 791.994644
28.307310 565.130319 799.986231
28.322360 560.961954 797.899347
28.338850 541.985415 787.533441
28.355220 519.225668 773.527943
28.371600 504.389435 765.877093
28.388090 497.186099 771.247688
28.404450 494.157500 785.025303
28.420970 493.192154 798.408325
28.453840 490.611491 807.093093
28.470180 483.995989 809.056083
28.502940 473.362465 800.644128
28.519590 464.802712 783.566558
28.552340 465.276822 763.412143
28.568880 472.146438 743.270502
28.601650 485.630059 729.835687
28.617980 507.391906 727.116172
28.651020 530.364013 728.307909
28.667480 545.376616 730.091812
28.700230 552.357913 736.165898
28.716720 556.159747 743.482088
28.749630 553.310976 748.631220
28.765850 547.150062 752.620346
28.798690 546.161709 752.943126
28.815260 546.074890 748.722761
28.847960 546.366022 740.848054
28.864590 550.443911 727.312831
28.881000 552.205623 710.266571
28.897340 549.873932 697.687100
28.913730 550.676224 694.853972
28.930240 559.332999 701.237096
28.946760 571.719874 712.237287
28.962950 581.609021 722.588418
28.979630 587.729360 729.499070
28.995860 588.600467 729.545521
29.012360 582.640208 718.825159
29.028720 572.923702 698.629323
29.045350 563.359422 677.276617
29.061570 555.861325 662.531342
29.094510 551.917207 651.022962
29.110810 552.242402 637.014408
29.143740 555.425567 623.031368
29.160190 556.692263 612.586546
29.193100 552.048391 608.569505
29.209520 542.963750 614.823783
29.242340 534.285831 626.797594
29.258710 530.981366 634.058633
29.291560 527.795504 640.535806
29.307950 513.969781 655.136912
29.340810 493.216706 670.803199
29.357440 477.160158 677.972245
29.390410 469.546759 676.021525
29.406560 464.093880 673.317094
29.439470 458.245507 680.939667
29.455830 458.250087 701.063324
29.488890 463.721742 730.403145
29.505080 468.635738 763.828907
29.538100 472.272053 793.324399
29.554470 473.547520 812.681821
29.587340 470.730170 825.351941
29.603730 467.635386 838.152114
29.636600 468.747901 849.689842
29.686130 473.707420 853.726327
29.702790 476.946890 847.438504
29.736860 476.740260 838.874837
29.751750 475.461939 836.490953
29.784520 472.693999 838.463049
29.800860 466.584065 838.680521
29.833820 456.212280 836.534965
29.850340 445.082169 836.325323
29.883130 440.516636 834.562549
29.899730 445.719392 830.463052
29.932680 472.325946 835.956957
29.953630 536.635279 853.672535
29.981920 621.338688 869.116274
29.998290 690.410456 874.087894
30.030900 729.348891 871.448332
30.047440 745.785838 867.485051
30.080230 752.473757 869.125326
30.096980 756.505967 873.884078
30.129780 757.178622 873.750936
30.145890 753.712376 868.327629
30.179050 753.125656 866.797298
30.195300 761.204526 875.098078
30.228090 777.133395 885.239364
30.244660 788.945868 887.320443
30.277470 777.296487 880.405341
30.293870 731.675579 868.693837
30.310120 657.821646 858.655946
30.326780 580.450225 855.754327
30.343110 521.348954 862.501509
30.359620 484.837356 875.835353
30.375950 469.836682 887.986914
30.392460 471.853098 892.835093
30.409060 480.543681 888.077300
30.425260 484.909140 874.136170
30.441790 480.346705 859.086233
30.458010 471.140026 856.128226
30.474640 465.692786 867.636047
30.490840 468.593618 885.425031
30.507520 477.826975 901.914089
30.523910 488.211032 912.700435
30.540190 495.551363 916.556664
30.556630 498.434428 916.165834
30.573140 497.721117 911.745004
30.589660 491.297952 902.820975
30.622470 480.558375 890.579035
30.639080 473.137766 875.036553
30.671750 475.720302 861.426742
30.688130 493.040325 854.935101
30.720950 515.913226 854.610559
30.737490 530.220361 857.727735
30.770230 533.887735 861.366635
30.786640 532.939322 860.850199
30.819490 536.019037 855.271746
30.835890 545.440796 853.169120
30.869080 553.467121 858.033096
30.885470 556.976363 860.034952
30.918110 566.146593 857.774488
30.934590 580.096521 861.709925
30.967640 587.950629 869.466462
30.983870 592.154098 873.435827
31.016710 596.313526 876.372862
31.032940 593.965415 881.766927
31.066160 577.009304 889.371655
31.082600 547.467199 897.720948
31.115370 517.986076 906.355732
31.131620 498.086803 914.013668
31.164690 487.833863 917.099136
31.180980 481.631232 916.039176
31.213730 474.432825 913.813196
31.230260 467.257294 912.969906
31.263110 466.476951 912.525870
31.279650 475.990323 908.261206
31.312240 494.031974 901.740570
31.328830 512.458572 896.443657
31.361740 518.450237 894.711265
31.378080 512.827302 896.386823
31.411000 510.170034 898.541076
31.427350 514.907944 899.766089
31.460240 520.389942 898.202708
31.478320 521.449910 892.138212
31.509510 523.308777 883.595760
31.526000 533.392868 877.649221
31.558840 545.007660 878.816842
31.575300 549.055934 889.413799
31.591750 546.159518 905.787824
31.608140 543.791853 914.394431
31.624450 545.436096 905.518365
31.640950 544.715072 886.756860
31.657180 540.742037 867.693554
31.673970 539.499661 852.024689
31.690110 542.673261 844.347503
31.706740 549.079219 848.612302
31.723010 558.282407 863.695629
31.756010 567.145858 884.167741
31.772250 569.916209 907.580009
31.805330 574.929188 928.871206
31.821730 596.427020 938.328904
31.854640 627.592754 935.646451
31.870940 653.268237 930.431208
31.903870 666.823987 925.059372
31.920210 671.918647 915.014334
31.953220 677.873706 904.161394
31.969640 684.665471 898.455690
32.002380 684.931336 898.029843
32.018860 684.015967 898.267096
32.051760 695.234736 894.876274
32.067980 712.413149 890.957287
32.100860 723.347903 890.696936
32.117490 729.395279 893.626551
32.150250 732.083105 898.519435
32.166790 731.577200 905.827290
32.199660 730.825907 914.301894
32.215900 719.353087 919.255131
32.248930 678.307356 917.808089
32.265200 611.814895 912.691438
32.298250 543.451659 908.508859
32.314610 495.101203 907.128210
32.331010 474.286255 906.874918
32.347320 472.442832 906.555445
32.363770 477.740604 907.477302
32.380260 482.370778 908.873133
32.396760 481.708448 909.749693
32.413020 475.732917 913.353235
32.429500 469.798392 921.962987
32.446000 469.095274 928.383412
32.462710 474.093034 923.748221
32.479000 481.035784 912.438267
32.495120 491.562346 904.934851
32.511760 509.549510 904.080894
32.544370 527.294235 907.230902
32.561310 537.668644 913.183874
32.593770 546.741844 920.157753
32.610470 557.315983 926.151925
32.642970 569.979192 930.243258
32.659410 594.213588 930.688624
32.692610 626.217797 927.370013
32.709170 648.023905 918.648053
32.741990 653.655642 903.149926
32.758420 652.040590 887.545719
32.791240 651.375495 880.496442
32.807500 651.013047 882.298170
32.840390 647.595854 883.201227
32.856920 645.639702 879.120668
32.889680 655.857163 874.242518
32.908110 677.814805 866.472660
32.938810 702.774912 855.190797
32.955220 725.656057 848.842662
32.987990 742.899639 850.968644
33.004320 754.793029 852.832494
33.037190 760.079617 852.380904
33.053740 755.432410 856.344738
33.087080 747.460542 864.911425
33.103300 744.867819 874.215651
33.135990 749.176550 881.486858
33.152420 759.315887 885.505124
33.185420 770.187366 886.049500
33.201920 776.712062 883.123301
33.236620 767.442119 882.054294
33.250810 718.425357 893.356897
33.283720 637.037316 914.124120
33.300140 563.393793 932.431168
33.333050 515.645853 947.347330
33.349370 488.473218 959.413363
33.382400 472.044621 965.351264
33.399060 458.696347 965.357321
33.431900 449.356470 960.713215
33.448240 450.317088 952.831769
33.481000 462.216385 943.538874
33.497360 474.038535 932.845437
33.530240 482.376020 921.834082
33.546770 498.188167 912.512423
33.579440 523.708842 904.195989
33.595950 543.819534 896.760411
33.628750 549.993144 894.119337
33.645250 555.118862 898.917089
33.677980 563.572206 908.046499
33.694370 563.232087 917.060230
33.727390 554.231344 925.012311
33.743930 547.506999 932.144755
33.776920 548.949885 940.181085
33.793240 576.261002 944.843790
33.826030 654.141396 929.861993
33.842320 770.278616 895.992098
33.875430 881.520475 864.574413
33.891750 957.834795 846.335948
33.924380 996.066152 836.361475
33.940950 1004.383833 827.881657
33.957290 994.142505 819.762276
33.973740 979.505488 809.753258
33.992310 972.491445 789.715369
34.006590 977.504010 757.379981
34.023210 991.841247 722.807287
34.039460 1011.364127 692.853228
34.055970 1029.322076 668.114971
34.072360 1039.804540 659.850380
34.088760 1042.590121 671.347782
34.121660 1040.843030 684.464339
34.138150 1038.937512 693.298546
34.154820 1039.497705 704.624577
34.171310 1039.846296 718.743176
34.187650 1031.936900 731.993990
34.203990 1011.853293 741.300613
34.220490 989.450373 748.978299
34.236880 975.545806 760.090129
34.253160 969.801838 774.586748
34.269810 970.166176 786.267419
34.286120 976.913788 786.641640
34.302570 987.849123 771.458261
34.319020 998.888970 753.180531
34.335490 1006.119788 742.337377
34.368410 987.141332 702.077728
34.384640 921.739980 590.191241
34.417530 838.606751 435.259279
34.434050 774.985988 296.770920
34.466510 737.077817 202.999429
34.483020 717.611307 150.505685
34.515850 709.208385 125.611258
34.532240 704.478032 122.051879
34.565220 699.525895 131.142787
34.581630 694.686246 139.418472
34.614520 706.407504 163.596609
34.631000 761.300272 241.892772
34.664030 843.751216 366.704056
34.680130 911.481563 486.387378
34.713120 952.423591 569.954557
34.729490 978.895961 619.728512
34.762330 996.113470 642.726608
34.779040 1001.434920 650.211337
34.811660 996.542472 660.626225
34.828080 988.042590 676.813143
34.861010 982.239433 689.663893
34.877350 978.296549 696.255926
34.910130 973.396876 697.828091
34.926500 966.672747 698.375102
34.959520 959.363996 700.046201
34.975950 956.345547 701.656368
35.008880 960.346664 703.932614
35.025240 968.335329 700.708535
35.058010 977.951191 674.049000
35.074510 987.584752 616.685496
35.107330 993.734272 546.384006
35.123830 999.184944 489.876504
35.156890 1004.676044 459.072280
35.173390 1004.297226 449.508528
35.190640 998.552090 454.711299
35.206270 993.067633 459.044325
35.222500 992.342075 450.767197
35.239060 997.234420 439.531415
35.255430 1001.724444 431.393546
35.271800 998.634144 426.030865
35.288330 988.827047 428.634020
35.304670 975.090183 440.067914
35.320980 958.025684 456.213335
35.353900 942.877018 473.972817
35.370290 937.638379 489.763920
35.386510 944.468183 499.460404
35.403120 956.007393 497.204396
35.419480 966.489587 484.033888
35.435880 977.768783 471.888195
35.452210 986.603003 465.385307
35.469070 988.244456 462.307729
35.485140 985.912887 464.477242
35.501570 980.612361 472.888937
35.518100 971.896711 478.505028
35.550830 967.115818 467.812745
35.567410 967.428050 443.755326
35.600200 965.738701 420.776959
35.616610 964.148237 405.773034
35.649460 965.147486 397.676141
35.666020 963.354124 395.172737
35.682360 957.052192 398.934178
35.698640 949.783593 403.814062
35.715150 945.147862 400.114947
35.731630 944.931057 384.920080
35.748110 949.095002 362.422144
35.764530 951.405372 339.038029
35.797260 946.624021 324.793468
35.813740 940.612082 325.617997
35.846630 937.168684 338.945440
35.863010 933.748031 360.790706
36.158710 931.055237 378.670730
36.191600 937.060647 379.819397
36.208100 957.806805 371.911034
36.224460 987.019042 368.759048
36.240880 1011.247885 370.789684
36.257340 1020.551450 374.383319
36.273770 1015.537654 381.082123
36.291440 1003.916930 392.083444
36.306630 994.941289 401.302858
36.322980 994.521611 400.829907
36.339370 999.530500 397.642303
36.355960 1006.073599 403.894415
36.372250 1014.636256 418.109393
36.388900 1022.336574 430.376065
36.405230 1023.055806 433.924904
36.421650 1015.174154 430.665693
36.437960 1003.400808 426.912912
36.454500 996.893449 422.778879
36.470990 1003.143025 411.189641
36.487230 1021.974035 408.094234
37.226440 1034.839044 423.703987
37.242980 1013.969398 430.298763
