0.000000 63.277665 27.815741
0.016360 29.807902 13.165586
0.032840 -12.155025 -0.732577
0.065730 -2.984300 11.516755
0.082150 0.067686 3.739764
0.098510 1.400424 -4.183857
0.114990 1.783306 -7.602929
0.132870 -2.742045 -10.531052
0.147890 -4.397404 -15.878207
0.164120 -1.676664 -12.365858
0.180730 -2.052342 0.382036
0.213680 0.570136 12.639417
0.229980 -7.473539 7.978709
0.246340 -10.903452 1.362077
0.262880 -8.938593 1.844868
0.279360 -5.491003 1.583494
0.295780 2.259992 -1.899669
0.312260 -1.284120 -11.820567
0.328610 -1.531672 -3.291193
0.361390 -1.814508 4.746947
0.377810 -0.311496 11.363488
0.394230 3.093725 11.438156
0.410710 1.708981 8.092715
0.427250 0.116050 2.388291
0.443480 1.529567 -13.901190
0.460270 1.304304 -21.536988
0.476560 -2.066467 -18.687621
0.509400 -3.929237 -3.235734
0.526120 -3.016632 5.600199
0.542300 0.228159 1.563514
0.558650 -1.021595 -3.098128
0.576540 -0.064000 -7.816793
0.591550 2.388811 -13.721146
0.608030 1.259147 -8.618291
0.624330 -5.619411 -1.293786
0.706540 3.809967 2.022963
0.722900 15.510702 2.675604
0.805300 17.311982 3.432857
0.821780 9.184419 7.775135
0.838130 -2.108065 8.487176
0.854430 0.714958 4.318721
0.870670 -1.898664 -5.735245
0.887450 -0.065186 -14.316954
0.903810 -1.483294 -13.719117
1.051390 -5.836114 -1.988689
1.067990 -4.000398 4.169142
1.084590 4.423705 -5.906210
1.100830 1.213735 9.081736
1.133670 -12.336736 23.641912
1.150390 -17.877565 21.789511
1.166500 -7.789565 8.262874
1.183170 2.887954 -3.614205
1.199520 -0.129553 7.258113
1.215940 -1.212507 2.242222
1.232300 -0.859060 -0.356281
1.248720 1.160880 2.722673
1.265320 0.874499 6.520625
1.281680 1.280927 6.775344
1.298280 1.844086 2.301099
1.314580 0.463070 -0.884313
1.330930 -1.420128 -6.341764
1.348080 -2.461695 -12.680269
1.363830 -0.012515 -2.787637
1.380190 0.667852 1.105364
1.396550 -0.057672 1.280460
1.413210 -1.302072 1.026525
1.429380 0.467251 -4.094655
1.448000 4.185829 -4.543993
1.462400 1.322991 0.090171
1.478760 0.312555 10.985409
1.495240 -0.044027 14.759988
1.511600 0.294857 6.183943
1.544370 -0.280025 -0.429891
1.560730 -3.490393 -4.638789
1.577270 -2.655671 -9.958759
1.593810 -1.929047 -9.080840
1.610170 0.262285 -1.591811
1.626650 1.766060 3.819864
1.643070 -0.313939 -0.275121
1.659420 1.492899 4.243721
1.692320 2.221982 5.731955
1.708500 6.229940 6.540239
1.724980 6.437814 1.080595
1.741390 4.267513 -2.742159
1.757750 1.624091 -5.243646
1.775820 -4.605449 -5.354235
1.790650 -6.864311 -2.213231
1.807130 -0.286989 -0.645074
1.823610 4.875628 -1.002342
1.840030 4.420597 -4.957413
1.856380 1.178141 6.910774
1.872740 -1.649925 15.675080
1.891050 1.057020 18.178339
1.905760 1.237875 14.624362
1.922120 1.977184 10.699729
1.938350 2.479421 8.504066
1.955020 -0.598287 -1.197985
1.971370 -0.400680 -9.328154
1.987850 3.006589 -10.887288
2.004270 -0.515162 -3.282364
2.020750 -1.156657 4.254652
2.037110 0.051245 9.978043
2.053470 2.651490 8.404701
2.070010 1.968130 2.964470
2.086240 -0.846108 -1.646648
2.102720 -3.981513 0.801563
2.119260 -9.716578 -0.582011
2.135620 -8.866883 -0.531615
2.152280 -2.563182 -1.735028
2.185000 3.894335 -2.935205
2.201600 2.481936 6.224413
2.217830 -1.606675 6.620923
2.234250 -2.075733 8.328478
2.250610 -1.930798 4.689020
2.266970 -0.061683 1.943430
2.283450 1.915925 0.874643
2.300110 -1.904554 -5.180473
2.316470 -1.890231 -10.806167
2.332820 -0.171702 -13.399552
2.349370 2.301773 -6.037216
2.365600 1.761921 0.982198
2.382080 -1.541008 7.700813
2.398500 0.878807 8.647464
2.414860 1.358671 10.217898
2.433040 1.107827 8.578059
2.448000 1.866629 -2.200801
2.480650 3.113175 -13.911335
2.497310 1.339376 -11.572030
2.513490 -0.943866 -7.402024
2.530030 -0.577269 -5.639499
2.546330 1.713741 -5.342463
2.562870 -1.022965 16.050663
2.579350 -4.445528 36.130344
2.595760 -4.054058 31.909886
2.612120 -3.940707 11.331354
2.628480 -5.446142 -11.539841
2.645020 -0.423915 -10.635515
2.661380 3.099714 -7.983937
2.677730 1.617028 1.645113
2.694210 0.791218 3.499484
2.710570 0.344520 6.755292
2.727290 3.796464 12.223119
2.743590 0.944600 5.043544
2.759950 0.776938 -8.555978
2.776430 3.502060 -18.444450
2.792790 -0.141856 -14.527157
2.809200 -2.392653 -1.082953
2.825620 -1.525401 6.430710
2.842100 -0.751302 6.533786
2.858640 0.509865 2.128434
2.875550 0.012882 -3.092242
2.891360 -0.078252 -3.087069
2.907710 0.012727 2.556442
2.924260 -0.512761 5.853420
2.940490 -0.756415 1.098235
2.957340 -2.516810 -4.464205
2.973630 -4.116758 -10.559878
2.989990 -4.260690 4.277739
3.006350 2.191896 26.233454
3.022710 7.134630 36.361975
3.039180 5.303185 15.179771
3.055600 0.603414 -10.877418
3.072080 -4.263939 -10.755333
3.088560 0.740468 -9.888458
3.104860 2.080959 -4.976186
3.121400 -0.438930 -10.198303
3.137760 -2.833461 6.118869
3.154240 -0.236408 10.525733
3.170590 3.286148 0.658235
3.187070 7.947338 -3.371183
3.203490 6.460499 -4.115676
3.220090 0.363136 4.876491
3.236390 0.484398 3.003588
3.252870 1.295264 6.281955
3.269230 4.050880 0.525674
3.285640 1.886870 3.198517
3.318540 1.238157 6.400148
3.335020 -0.724648 1.851650
3.351320 -1.611393 -10.435161
3.367680 -0.704379 -21.661129
3.384220 -1.225713 -17.388541
3.400630 0.394861 12.922992
3.417180 0.571139 38.739941
3.433650 1.733996 19.615940
3.449830 1.724166 -11.369300
3.466370 0.111247 -28.729673
3.482850 -1.699235 -16.764193
3.499450 -2.751819 1.594516
3.515630 -3.057354 0.693642
3.532100 0.269672 8.777117
3.548520 2.685277 12.459774
3.564820 1.078165 7.814527
3.581360 -0.772785 2.143094
3.597720 -2.819647 -6.794665
3.614260 -2.158717 -4.596765
3.630620 -1.813096 -6.370060
3.647090 -1.753757 -4.020423
3.663450 -4.258797 -17.391904
3.679810 1.046963 25.802613
3.696290 4.229460 51.006810
3.712890 0.677033 35.408563
3.729250 4.501645 50.635229
3.762080 3.133388 15.954757
3.778440 2.739926 0.339902
3.811520 -2.566981 -41.103624
3.827760 -4.483650 -30.165398
3.844240 2.551854 15.229763
3.860720 1.624331 1.736472
3.877140 1.477630 -7.033719
3.893490 1.258201 -15.602496
3.909850 1.244796 -9.622573
3.926390 2.233296 -2.674123
3.942750 -1.212139 8.370391
3.961120 -4.439765 10.993214
3.975650 -2.892065 4.052905
3.991940 0.947468 2.613839
4.008480 3.326856 9.522350
4.024840 1.763277 -1.963647
4.041320 2.091836 -2.661986
4.057740 5.328921 8.625018
4.074220 -1.660166 -6.630611
4.090580 -9.004061 -11.509170
4.106990 -9.417108 -9.920592
4.123540 -4.519965 4.266442
4.139830 0.560927 3.564522
4.156310 -1.820328 -17.998903
4.172850 -0.877211 -3.036381
4.189210 0.877140 5.705085
4.205750 1.505287 3.556479
4.222110 -0.026413 -2.342337
4.238710 -1.227846 -5.970826
4.254880 -1.175937 -2.030658
4.271360 -0.686793 -2.073377
4.287600 -0.340339 -1.148521
4.304260 3.526651 9.598847
4.320620 4.920262 4.786704
4.353520 2.935894 -10.917064
4.369750 -1.969896 8.097614
4.386290 -2.227604 3.326892
4.402830 4.098128 1.300952
4.419250 1.713770 -3.301795
4.452210 -10.023393 -9.837880
4.468630 -11.898186 6.718825
4.501400 -3.637376 -10.537523
4.517820 5.748921 7.018291
4.534240 4.248670 16.719686
4.550720 -1.991450 5.689529
4.567140 -4.506702 -3.673393
4.583500 -3.514094 -10.645441
4.600040 0.232185 -4.083194
4.616330 0.785060 2.698490
4.632690 1.896489 2.095440
4.649230 -0.868312 -8.017387
4.665590 1.973865 0.326156
4.682130 0.734931 8.181789
4.698490 -2.872262 17.153977
4.714840 -0.532267 -0.485423
4.731320 0.954587 -16.996693
4.747860 -1.141120 -16.410911
4.764220 4.065302 -2.094471
4.780580 10.155698 5.852652
4.797000 10.962140 -2.766415
4.813480 9.003863 5.969181
4.829960 1.018798 -0.527831
4.846370 5.867089 29.803074
4.862730 1.866812 10.248717
4.895570 -3.843514 -16.836338
4.912110 -1.405113 -15.857004
4.928530 -2.305898 -12.523420
4.944820 1.677243 20.377359
4.961300 -1.250969 2.576622
4.977840 -1.480074 -15.564386
4.994080 0.373829 -20.925984
5.010560 1.710549 -4.599434
5.026980 1.056568 12.701875
5.043460 -0.333559 18.355289
5.059880 -1.370098 -2.850061
5.076350 -2.223578 -1.109477
5.092590 1.474975 13.245701
5.109250 1.087728 2.892450
5.141970 -0.480825 -14.580969
5.158630 1.522392 -21.514013
5.174870 -0.698263 2.737077
5.191410 -3.046223 10.851973
5.207760 -1.706481 2.799464
5.224240 0.362388 -0.859855
5.240600 2.739658 1.166252
5.256960 2.109322 9.649480
5.273440 -2.036155 5.481951
5.289860 -2.222787 3.937362
5.306340 -6.358320 -24.145889
5.322750 -6.165094 -30.587172
5.339110 -1.452559 -9.313860
5.355710 -1.342074 -3.720443
5.372130 1.737570 -0.105727
5.388610 2.130509 -16.262235
5.404850 2.141654 -3.448796
5.421390 1.153931 23.733609
5.437740 0.589982 37.493989
5.454220 -0.726089 14.235925
5.470640 -1.328062 -19.564506
5.487000 -0.271381 -31.859226
5.503420 -0.159258 -11.781706
5.519960 -2.537220 13.851491
5.536380 -5.167771 15.676341
5.552860 -2.560752 10.937372
5.569090 1.235304 4.081256
5.585570 -0.052078 0.970609
5.602540 3.935918 -12.374339
5.618470 7.822857 -17.152661
5.635010 9.332812 -9.190130
5.651370 1.548650 -2.998963
5.667720 -6.171266 -4.388310
5.684200 -3.953391 -15.667768
5.700560 -0.269276 -4.149803
5.717290 3.264113 8.822540
5.733890 1.561687 8.272617
5.750000 -0.706328 4.865432
5.782900 -2.664316 1.977283
5.799500 -1.990179 -7.720481
5.815920 -2.152346 -7.522227
5.832400 -1.796132 -0.915040
5.848940 -2.737723 5.255144
5.864990 0.030919 11.965590
5.881530 2.534876 10.676350
5.898070 3.641910 -0.796024
5.914430 -1.095440 -17.643448
5.930910 -7.215734 -28.288134
5.947390 -4.624475 -1.003658
5.963620 2.859295 20.945175
5.979860 9.391514 15.500009
5.996460 3.254819 8.653076
6.012760 -4.622865 -2.787930
6.029110 -7.792319 0.230519
6.045720 -1.794084 -6.948758
6.062320 4.902465 -1.605356
6.078610 6.432080 -15.217333
6.095030 2.279569 -32.174500
6.127870 -3.891722 -31.137497
6.144230 0.394776 -11.328612
6.160710 3.437199 16.927382
6.177000 4.292711 5.044020
6.193480 1.498295 -8.186560
6.226320 -0.122406 -18.040193
6.242860 1.093349 -15.658227
6.259090 -1.772812 11.483269
6.275760 0.036781 17.322612
6.292110 0.252454 7.002955
6.324890 2.012369 -11.373249
6.341250 0.849978 -9.711811
6.374210 -4.310508 3.290864
6.390750 -2.369770 5.106187
6.423650 1.842066 -0.883783
6.439880 -0.787376 10.838392
6.456240 -10.366041 22.047408
6.472900 -16.046941 16.095281
6.489260 -8.241697 2.432673
6.505680 2.390096 -8.605679
6.522160 2.399079 -2.799702
6.538510 1.913382 7.062984
6.554870 1.920656 12.377209
6.571230 1.962692 6.139945
6.587710 -0.136037 -4.749524
6.604060 -3.550791 -11.468499
6.620730 -4.128129 -4.885283
6.637020 -2.895370 -0.844994
6.653630 -2.993227 0.587641
6.670040 -4.592736 -1.761168
6.686220 -1.776357 2.581612
6.704350 3.538615 5.780267
6.719120 6.391725 8.622824
6.735600 1.659262 1.411998
6.752010 -3.550607 -0.964668
6.768490 -4.513652 2.374819
6.784850 -1.190302 4.417538
6.801390 3.167400 5.312577
6.818180 3.990723 0.929755
6.834230 -0.552522 -0.053869
6.850770 -3.497102 0.187271
6.867130 -4.239658 1.877771
6.883540 4.680042 0.141445
6.900020 7.502424 7.771516
6.916320 4.337233 7.397692
6.932800 3.445321 -1.168665
6.965580 3.299058 -10.895550
6.982060 0.047558 -12.860552
6.998660 -3.677038 0.813609
7.015010 0.740312 4.706495
7.031370 -0.357077 3.185119
7.047910 0.322386 2.666117
7.064330 -1.561264 1.968801
7.080930 -0.249869 2.185081
7.097290 2.829548 -1.521618
7.113650 1.625687 -5.973258
7.130190 2.244087 -4.867809
7.148620 2.213323 -11.046058
7.162840 -0.503212 -11.837675
7.179320 3.172457 -15.174946
7.195860 4.808888 -8.392564
7.212220 2.963579 3.348462
7.228700 2.359261 -5.065735
7.245240 -1.296182 -6.246841
7.261600 -3.435984 -5.040108
7.277830 -0.393265 -1.450055
7.294250 1.410919 4.138232
7.310610 0.306114 -1.026434
7.326970 0.287568 3.367911
7.343510 2.219016 9.966308
7.359920 4.616833 10.150632
7.376220 2.249370 2.963977
7.392700 -0.887112 -12.244944
7.409180 -0.754254 -20.753296
7.425600 -1.470497 -8.936948
7.442020 -3.489489 10.718081
7.458440 -0.647879 21.053946
7.474910 3.976555 13.923782
7.507870 4.239362 -6.577309
7.524230 0.501503 -18.133357
7.557010 -2.037610 -15.514010
7.573430 -2.159988 -2.550867
7.590210 -0.570828 6.887706
7.606380 0.395948 10.715175
7.622860 0.976042 7.773362
7.639280 2.289795 6.759058
7.655940 2.218309 7.000926
7.672300 -0.002090 5.942805
7.688600 -1.550289 3.618171
7.705020 -1.677285 0.183670
7.721560 0.477943 -5.739468
7.738160 -0.979164 -5.298319
7.754390 -6.663627 3.777017
7.770940 0.243442 -8.158849
7.787480 6.209982 -23.155259
7.805480 6.874975 -26.730473
7.819820 2.470085 -11.106177
7.836300 -2.737412 12.216265
7.852720 -0.967497 12.449611
7.869140 -1.363134 8.078805
7.885860 -1.779719 2.367033
7.902220 -1.765919 -3.947050
7.918760 -2.453531 0.324054
7.935000 1.462729 -1.724554
7.951350 4.951831 -7.745743
7.967770 3.059868 -12.468145
7.984070 -1.180556 -14.689250
8.000610 -4.560348 -10.812875
8.016910 1.817093 0.974905
8.033570 -1.358854 7.409390
8.049990 -7.184152 6.874453
8.066350 -8.422973 -1.024716
8.082820 -4.137042 -3.924256
8.099000 3.015360 0.793282
8.115600 1.021256 0.900801
8.132140 -1.699376 -2.294025
8.148320 -3.623322 -8.936309
8.164980 -3.934929 -15.748284
8.181210 -1.482362 -4.256809
8.197690 1.459339 13.515877
8.214110 1.277693 8.129712
8.230590 -0.029069 -10.386283
8.247070 -0.486489 -25.269438
8.263490 -3.091748 -13.727745
8.279850 -4.523327 2.573478
8.296330 -3.528925 5.270224
8.312740 -1.089945 6.789858
8.329100 2.381706 9.839854
8.345580 1.484989 8.863138
8.362000 0.766246 -0.561465
8.378360 0.827166 -17.129374
8.395020 -0.178623 -21.688144
8.411130 -1.234880 -6.793843
8.444210 -1.823605 8.110976
8.460570 -1.182209 12.787894
8.477110 -0.916336 -1.827503
8.493410 -2.839944 -16.674831
8.509950 -1.115907 -13.302804
8.526370 -0.914896 -10.083092
8.542720 5.269455 12.712275
8.561040 7.199322 19.963110
8.591980 4.933723 17.226395
8.608340 2.825141 13.478388
8.624880 -0.626565 5.096426
8.641240 2.263537 11.810221
8.657710 0.856857 6.351306
8.674560 -0.750129 0.876270
8.690610 -0.911986 -1.315886
8.707090 -1.353501 -4.976277
8.723510 -0.538849 -3.762540
8.739990 1.415198 -4.066633
8.756230 1.672144 -7.346254
8.789120 -3.643986 3.129221
8.805540 -6.504794 10.416023
8.838440 -4.646368 13.603670
8.854860 -0.600377 2.921441
8.871220 2.120509 -10.506576
8.887820 0.974715 -6.880997
8.904110 0.479709 -3.824141
8.920470 -0.472858 0.204344
8.937070 -1.245516 1.678344
8.953370 1.362936 -1.021553
8.969970 0.755327 2.762247
8.986210 -2.621828 7.880898
9.002690 -0.268457 4.260904
9.019100 2.964455 -0.031751
9.035580 4.243218 -2.990591
9.052000 3.486466 -3.067656
9.068240 1.801047 -7.196604
9.084840 1.925967 -13.598168
9.101200 1.215247 -2.368093
9.117860 9.999706 25.556313
9.134030 -21.476781 -4.466764
9.150570 -50.307007 -41.338126
