0.065800 686.823200 435.874600 0.246520 117.416923 0.049250
0.361570 573.041280 464.864400 0.082280 388.884037 0.377680
0.821530 532.005600 78.151500 0.016360 282.247838 0.032840
0.870730 632.587200 341.869500 0.016350 55.598483 0.115000
1.002080 617.534400 288.347500 0.049560 79.217676 0.016350
1.067990 602.481600 366.121875 0.065620 85.051336 1.232420
2.366030 641.625600 290.613750 0.049130 241.559530 0.081970
2.497130 589.444800 54.757500 0.016420 278.262999 0.049320
2.562870 645.711360 327.272400 0.115050 113.650256 0.032710
2.710630 689.282400 222.306000 0.131530 175.220264 0.065740
2.907900 694.226400 47.155500 0.032770 240.976547 0.098640
3.039310 758.906400 279.289500 0.016420 239.168691 0.098690
3.154420 941.109120 124.357800 0.196960 70.678587 0.230290
3.581670 970.821600 60.228000 0.016230 355.883664 0.213500
3.811400 623.543200 138.015500 0.114990 97.088445 0.032900
3.959290 639.962400 42.325500 0.016540 154.059701 0.049190
4.025020 606.496800 192.706500 0.016420 159.542809 0.082100
4.123540 689.146500 56.240625 0.262810 157.334088 0.049320
4.435670 725.894400 209.223000 0.016480 97.571698 0.016360
4.468510 724.432800 111.662250 0.033440 124.399740 0.015930
4.517880 805.295400 206.195500 0.213690 65.350080 0.049310
4.780880 866.778000 184.047750 0.377630 368.630395 0.082150
5.240660 573.628800 407.547000 0.115300 103.998071 0.032830
5.388790 577.956185 303.639000 0.229740 140.317191 0.049380
5.667910 691.336800 386.305500 0.016540 344.486642 0.065610
5.750060 636.148800 46.268250 0.032900 254.096562 0.098450
5.881410 576.676800 293.307000 0.098630 75.843907 0.016300
5.996340 597.265200 366.303000 0.049310 112.832792 0.016540
6.062190 578.269440 255.080700 0.082100 61.226774 0.016350
6.160640 581.980560 316.194900 0.229990 101.385290 0.016540
6.407170 649.790400 391.566000 0.032710 127.078509 0.032960
6.472840 649.742400 264.487500 0.116150 74.942074 0.015620
6.604610 719.565000 291.711000 0.081910 74.253904 0.049320
6.735840 709.195200 365.237250 0.049260 178.102427 0.065550
6.850650 563.162880 263.281200 0.082090 45.375087 0.016540
6.949280 602.985600 241.531500 0.016360 71.552574 0.016540
6.982180 556.281600 187.323500 0.049190 87.084172 0.016360
7.047730 565.056000 273.964500 0.131470 78.652063 0.016480
7.195680 578.134200 351.521625 0.082210 44.570208 0.016670
7.294560 577.962000 396.091500 0.049070 216.167415 0.033020
7.376650 527.083200 185.997000 0.016290 145.992582 0.032900
7.425840 508.401600 41.204625 0.115050 269.097785 0.131230
7.672120 561.876000 304.935750 0.049130 274.233468 0.098640
7.819890 594.014400 32.592000 0.049430 58.628459 0.016240
7.885560 554.648640 76.038900 0.131590 217.206690 0.098510
8.115660 641.945850 274.930687 0.377870 75.159946 0.016360
8.509890 590.449745 329.677091 0.180970 58.360837 0.016290
8.707150 534.895200 311.797500 0.016540 279.474506 0.033080
8.756770 504.621600 33.967500 0.016120 272.158424 0.065980
8.838870 526.495200 305.245500 0.016050 50.488282 0.016600
8.871520 534.273600 355.131000 0.016420 203.156915 0.032710
8.920650 524.311200 152.218500 0.016360 219.776206 0.049380
8.986390 505.226400 371.164500 0.016360 70.101804 0.016420
9.019170 575.190764 366.776932 0.460020 93.009513 0.032830
9.512020 667.612400 377.217750 0.098510 46.836833 0.016730
9.627260 635.086800 343.516500 0.246340 61.076147 0.032710
9.906310 696.099600 340.735500 0.032840 65.590465 0.016230
9.955380 682.726800 404.948250 0.033080 85.439730 0.016420
10.004880 701.471400 321.590063 0.279300 69.670648 0.016420
10.300600 700.856800 391.258000 0.049310 74.506228 0.032840
10.382750 765.811200 354.760000 0.147890 190.499638 0.082150
10.612790 578.866800 391.392000 0.246280 63.510223 0.032900
10.891970 641.811520 399.848400 0.262880 64.709456 0.032960
11.187810 706.336547 394.966342 0.377740 50.857300 0.016480
11.582030 705.465600 344.116500 0.032840 229.812384 0.065610
11.680480 534.727200 497.941500 0.032900 87.488602 0.016480
11.729860 564.288480 415.598400 0.082150 63.711485 0.016970
11.828980 565.479600 479.298750 0.032170 84.911918 0.016540
11.877690 539.397600 398.491800 0.082210 51.377846 0.016420
11.976320 536.437440 449.784300 0.098690 29.563259 0.032780
12.107790 559.650933 468.090583 0.361510 112.150843 0.082210
12.551510 671.695500 472.971844 0.377630 119.310191 0.065730
12.994870 553.017073 485.233683 0.772160 175.295212 0.033080
13.800110 565.152000 310.359000 0.016300 87.588346 0.032770
13.849180 601.095600 390.232500 0.032780 70.915920 0.016480
13.898440 591.250800 320.003250 0.032770 64.702957 0.016480
13.947690 563.102400 378.262500 0.016360 73.611547 0.016600
13.980650 636.404160 371.516250 0.164130 83.931508 0.098570
14.243350 552.552000 367.867500 0.016350 146.366159 0.180850
14.440550 689.173800 315.355250 0.197150 303.050950 0.082210
14.719910 504.843537 555.900947 0.344910 34.288040 0.016420
15.081240 478.800000 578.203500 0.016420 108.890595 0.033020
15.130680 583.268509 547.487182 0.213380 85.722573 0.032830
15.376890 506.503200 585.637500 0.032780 40.340371 0.016600
15.426270 546.109964 593.295818 0.262630 4.813064 0.033150
15.722050 550.475644 591.269389 0.525630 153.646499 0.049200
16.296880 672.134400 497.427000 0.016470 66.092394 0.032780
16.346130 659.584800 562.317000 0.016540 94.393465 0.049260
16.411930 725.272800 494.529000 0.032830 49.407034 0.016360
16.461120 695.925300 534.275437 0.147890 171.721736 0.082150
16.691160 539.813867 605.812667 0.213500 39.678890 0.049380
16.954040 579.307680 601.984740 0.410770 56.582227 0.032770
17.397580 625.579200 569.419500 0.476380 101.761989 0.016540
17.890500 711.211200 624.398250 0.032960 65.134620 0.016300
17.939760 706.011600 559.471500 0.032900 31.868434 0.016350
17.989010 722.454032 586.770649 0.673650 52.150082 0.016360
18.679020 771.271200 605.115000 0.016410 120.316244 0.032840
18.728270 891.559200 602.508136 0.180790 60.963999 0.016360
18.925420 950.905200 616.460250 0.033020 108.805191 0.032830
18.991270 965.596800 508.651500 0.032900 438.792996 0.065430
19.089600 544.845600 633.181500 0.281130 42.221993 0.047670
19.418400 534.715569 674.170269 0.229670 74.126521 0.016720
19.664790 607.782646 686.658000 0.295600 106.678912 0.032960
19.993350 532.386400 611.187500 0.049190 33.035177 0.016540
20.059080 517.977600 640.914750 0.164370 111.337278 0.032710
20.256160 628.602240 628.337850 0.164250 65.344113 0.049800
20.470210 578.205600 669.931500 0.016120 101.086068 0.032710
20.519040 505.646400 599.550000 0.016360 85.455956 0.032900
20.568300 547.596000 674.001000 0.114930 73.820396 0.016480
20.699710 608.260800 716.063250 0.032830 50.783926 0.016480
20.749020 587.138031 669.880615 0.229980 49.211842 0.016420
20.995420 547.257415 698.713615 0.213500 44.100800 0.016480
21.225400 580.374261 727.836717 0.492740 36.270758 0.016720
21.734860 544.155818 725.889341 0.771910 54.946010 0.016550
22.523320 571.612608 773.483340 0.410640 96.183203 0.050050
22.984010 650.520267 718.485250 0.311280 68.090577 0.016780
23.312070 718.606255 719.275773 0.180480 57.293768 0.016360
23.508910 706.456800 663.285000 0.016420 95.333477 0.032960
23.558290 740.054400 752.502000 0.115170 223.745309 0.065610
23.739070 516.569200 763.287583 0.361330 114.978436 0.082100
24.182500 617.832600 708.828750 0.098630 56.054950 0.016360
24.297490 599.629800 761.845875 0.147880 74.256443 0.049200
24.494570 537.297600 802.203231 0.213560 119.717444 0.032900
24.741030 448.995273 883.042364 0.180780 193.373782 0.065740
24.987550 632.856000 823.137000 0.032710 123.734616 0.016480
25.036740 515.333000 861.848750 0.427190 27.696034 0.016360
25.480290 516.174400 889.532000 0.377860 66.352979 0.016480
25.874630 582.313200 884.205000 0.033020 54.931065 0.016420
25.924070 634.402200 866.764875 0.525580 137.315461 0.115050
26.564700 518.245875 939.999047 0.607720 809.168434 0.148010
27.320430 663.966800 144.060000 0.114870 190.083442 0.049260
27.484560 582.474900 315.788813 0.147830 86.550776 0.016470
27.648860 599.625600 400.623300 0.082160 64.950842 0.016420
27.747440 655.737600 433.335000 0.016480 174.835027 0.032830
27.796750 632.665600 260.029000 0.115050 95.516488 0.032720
27.944520 618.744000 165.532500 0.016540 112.491390 0.049190
28.010250 610.901760 277.750200 0.082160 263.879784 0.082150
28.174560 576.618000 16.107000 0.114990 328.080410 0.082030
28.371580 674.976960 329.096250 0.180850 194.664017 0.049190
28.601620 672.168000 134.452500 0.016730 160.597649 0.032650
28.651000 672.386400 295.050000 0.049260 161.921219 0.065730
28.765990 830.430300 330.272250 0.197270 97.302893 0.149350
29.112610 924.243600 356.097000 0.047670 323.030538 0.246520
29.406800 651.308000 183.311333 0.147700 49.429288 0.016540
29.571040 611.872800 153.510000 0.016300 143.346453 0.427310
30.014650 706.305600 45.664500 0.081970 502.920706 0.361510
30.458130 554.513400 525.131250 0.098690 42.499917 0.032720
30.589540 554.198400 567.630000 0.494080 111.236219 0.048030
31.131650 512.097600 670.591250 0.279240 193.151009 0.049380
31.460270 682.197600 579.085500 0.016410 36.476109 0.016360
31.493040 654.669400 555.154250 0.213630 123.015211 0.049250
31.755920 539.350165 512.326500 0.361450 92.033168 0.016420
32.133790 533.075200 604.145500 0.049250 73.577683 0.032840
32.215880 540.678982 677.329227 0.180850 0.000000 0.032840
