0.082080 627.035733 189.305667 0.213660 120.383505 0.049250
0.344990 538.137600 108.131100 0.131580 151.374442 0.065490
0.542060 669.717067 33.290833 0.230020 64.378108 0.016510
0.788590 733.051200 44.837625 0.197470 181.560833 0.476060
1.462120 561.341200 103.829250 0.147910 92.961402 0.049510
1.659540 653.924880 95.457600 0.246180 36.968249 0.018610
1.924330 688.796640 83.185200 0.129300 130.068249 0.065610
2.119240 817.700800 100.548000 0.082280 364.712270 0.065610
2.267130 457.497600 157.720500 0.032750 43.191548 0.016650
2.316530 469.908600 116.350500 0.196930 99.288863 0.049590
2.563050 563.908800 84.378000 0.032860 75.319573 0.016540
2.612450 537.784800 155.022000 0.048920 64.719105 0.032890
2.694260 587.546400 113.641500 0.016360 85.752661 0.049130
2.759750 505.180200 137.502094 0.328740 73.061042 0.049450
3.137940 576.851520 151.684400 0.361290 136.243406 0.082140
3.581370 479.696000 247.199167 0.213650 11.116431 0.032720
3.827740 468.613600 246.330000 0.180830 93.770152 0.016330
4.024900 528.964800 318.097500 0.032810 87.677014 0.032850
4.090560 537.119100 230.800500 0.197320 120.910061 0.081990
4.369870 654.687600 202.571250 0.049350 70.299256 0.016350
4.435570 605.203200 252.504000 0.032900 92.674253 0.049420
4.517890 665.896000 182.469000 0.147820 172.262903 0.098520
4.764230 502.209120 236.145000 0.233000 85.369139 0.030060
5.027290 547.856400 308.285250 0.065820 89.604553 0.032510
5.125620 540.147300 219.012937 0.199260 117.706560 0.047190
5.372070 494.856000 327.657000 0.131390 40.945379 0.016400
5.519860 514.067400 291.498375 0.065770 37.350154 0.016390
5.602020 526.955800 256.442375 0.295870 70.700090 0.016370
5.914260 528.410400 327.127500 0.032860 183.891696 0.082140
6.029260 690.933600 413.164500 0.016370 180.904581 0.049540
6.095170 625.721600 244.422500 0.147690 223.755135 0.065590
6.308450 438.698400 367.258500 0.033110 47.606636 0.016300
6.357860 474.340364 335.698364 0.229970 101.829572 0.035020
6.622850 556.726800 275.850750 0.063390 104.997226 0.016320
6.702560 562.707600 380.677500 0.033000 79.361115 0.032920
6.768480 503.613600 327.705000 0.016380 74.949511 0.016490
6.801350 576.895200 311.981250 0.049420 67.550141 0.032600
6.883370 509.821200 303.975000 0.098610 133.102085 0.049080
7.031060 641.810400 321.151031 0.394690 68.001819 0.016260
7.442010 708.477840 334.556250 0.246330 194.340133 0.082130
7.770470 516.877200 367.072125 0.099060 28.343415 0.016410
7.885940 521.236800 339.066000 0.032870 240.615215 0.098170
8.016980 759.268246 303.899077 0.312130 140.536253 0.049340
8.378450 671.815200 413.910000 0.032760 75.773588 0.049370
8.460580 724.852800 468.027000 0.016400 61.753261 0.032850
8.509830 702.718800 410.376750 0.147920 38.117450 0.016340
8.674090 740.775840 412.521900 0.131690 138.264040 0.065780
8.871560 603.279600 397.971000 0.032890 59.555006 0.016290
8.920740 631.762708 450.273115 0.231270 84.704746 0.015070
9.167080 688.396800 513.261000 0.032800 59.411715 0.016370
9.216250 661.025400 460.530000 0.065710 147.488419 0.049340
9.331300 680.853600 314.380500 0.082200 195.894089 0.098620
9.512120 588.772800 487.284000 0.032880 83.698606 0.016390
9.561390 534.741600 423.361500 0.180760 69.986755 0.049220
9.791370 560.183400 358.162875 0.098650 87.501507 0.016200
9.906220 571.519200 444.927000 0.033080 100.280858 0.016230
9.955530 525.949200 355.598250 0.049350 73.261777 0.032750
10.037630 549.897600 424.835250 0.049360 93.244045 0.049390
10.136380 640.630800 403.342500 0.344960 60.711567 0.049430
10.530770 700.536480 393.483300 0.114850 170.142955 0.065520
10.711140 533.296800 424.780500 0.115220 42.220234 0.016250
10.842610 558.840800 458.396750 0.098920 68.414461 0.016400
10.957930 619.659600 427.066062 0.574710 89.117614 0.049470
11.582110 692.798400 477.984281 0.295620 135.619091 0.049420
11.927150 828.156000 486.402000 0.032890 64.334194 0.049110
12.009150 773.354400 452.702250 0.049100 81.848779 0.016580
12.074830 854.540400 442.307250 0.049440 67.185805 0.032580
12.156850 816.765600 386.746500 0.016670 80.143459 0.032810
12.206330 828.797760 465.981600 0.115010 83.608338 0.032860
12.354200 901.798800 425.223750 0.147710 18.192816 0.016730
12.518640 912.861600 439.666500 0.032870 57.895948 0.016270
12.567780 881.218800 391.182750 0.049210 361.758641 0.082090
12.699080 525.348600 456.188250 0.082270 61.489403 0.032880
12.814230 577.718400 488.411700 0.328540 58.740217 0.016440
13.159210 628.605600 459.070500 0.033870 169.412680 0.064680
13.257760 797.486200 472.486875 0.279290 247.141903 0.081940
13.618990 559.305600 406.539000 0.016610 82.736076 0.016420
13.652020 536.923418 326.887909 0.199490 110.863412 0.014310
13.865820 542.119200 437.629500 0.032640 176.149802 0.033120
13.931580 521.514000 262.689000 0.036670 102.760341 0.012560
13.980810 513.718800 365.153250 0.049380 78.768880 0.032700
14.062890 507.616200 286.621125 0.082180 125.310683 0.049220
14.194290 632.100000 300.993000 0.032710 40.987501 0.016530
14.243530 592.562400 290.187750 0.344880 110.899441 0.049360
14.637770 611.234400 399.504000 0.016330 102.337048 0.032860
14.686960 568.011360 306.742800 0.098670 85.802103 0.082180
14.867810 644.128800 346.342500 0.016300 76.628075 0.050470
14.934580 648.505200 269.839500 0.048610 74.889664 0.032580
15.015770 701.842400 322.409500 0.049280 40.898601 0.016340
15.081390 735.210000 346.059000 0.065640 53.156385 0.016440
15.163470 721.504000 294.700000 0.065970 215.016612 0.081990
15.311430 506.604000 301.780500 0.032670 176.070853 0.049560
15.393660 533.148000 475.839000 0.016250 112.706546 0.033000
15.442910 548.601200 364.196875 0.262570 79.935906 0.016520
15.722000 621.495840 331.392600 0.344980 74.577413 0.049270
16.116250 693.851200 313.323500 0.065600 219.921522 0.065840
16.247690 735.756000 529.215750 0.032780 157.190695 0.049410
16.329880 728.789600 372.179500 0.065620 195.781992 0.098650
16.494150 533.362667 383.965167 0.198410 104.828943 0.031420
16.723980 623.162400 438.049500 0.016660 86.499028 0.016240
16.756880 585.207840 360.322200 0.082130 94.277288 0.049390
16.888400 608.356000 451.713500 0.049360 92.487620 0.016370
16.954130 583.149600 362.727000 0.147880 50.013313 0.032810
17.134820 624.996960 335.338500 0.229960 109.568158 0.032820
17.397600 656.340000 440.328000 0.131370 85.869560 0.016510
17.545480 701.670667 367.398500 0.197000 96.787221 0.049340
17.791820 717.712800 271.950000 0.032910 96.083342 0.016380
17.841110 738.024000 365.862000 0.032850 60.515672 0.016840
17.890800 724.516800 306.873000 0.032280 69.714520 0.049530
17.972610 764.935200 363.675000 0.164270 253.253620 0.131350
18.268230 535.287200 470.442000 0.065760 144.902170 0.082300
18.416290 446.779200 585.172000 0.049270 89.610611 0.016600
18.482160 525.967844 627.115061 1.034710 94.220933 0.049240
19.566110 496.515600 716.614500 0.032870 88.825324 0.016340
19.615320 572.829600 762.069000 0.016470 67.516321 0.032880
19.664670 514.325891 728.367818 0.246430 106.454765 0.049410
19.960510 620.751600 725.880750 0.032710 71.407319 0.016530
20.009750 575.164800 780.843000 0.016490 75.646611 0.049260
20.075500 607.774918 712.586206 1.002080 49.855734 0.016440
21.094020 613.418400 762.121500 0.016490 60.378829 0.016390
21.126900 578.298000 713.007750 0.049310 44.672421 0.016310
21.192520 605.901164 748.131682 0.180710 61.454008 0.016330
21.389560 667.354800 748.345500 0.197430 31.247709 0.032590
21.619580 636.207600 750.849750 0.049410 83.490218 0.016380
21.685370 678.736800 679.003500 0.016360 244.035679 0.049380
21.751110 486.796800 829.710000 0.016330 54.478067 0.016360
21.783800 533.400000 857.923500 0.016430 81.805903 0.033130
21.833360 469.106400 807.341500 0.049270 54.862446 0.016480
21.899110 513.928800 838.977562 0.150100 103.965535 0.030410
22.079620 600.180000 897.025500 0.016520 103.316684 0.032890
22.129030 515.634000 837.642750 0.033180 64.061480 0.016190
22.178400 571.578000 868.854000 0.049400 118.924018 0.065520
22.293320 629.254691 764.852455 0.197160 122.240663 0.049430
22.539910 570.809948 872.216283 0.427000 120.191215 0.049670
23.016580 690.239200 858.704000 0.147780 30.924840 0.032750
23.197110 659.316000 858.385500 0.016570 106.807361 0.051570
23.265250 757.747200 816.923333 0.441100 207.649000 0.065710
23.772060 559.708800 879.364500 0.016320 13.120916 0.016370
23.804750 566.213600 890.759500 0.410700 85.902393 0.032930
24.248380 647.238568 862.225737 0.410760 80.480635 0.032910
24.692050 727.482764 856.061182 0.246200 94.631071 0.033010
24.971260 811.759200 813.020250 0.049470 72.526758 0.016160
25.036890 763.728000 867.363000 0.098620 171.421373 0.082120
25.217630 592.748291 879.660409 0.197030 63.380643 0.019560
25.434220 573.001800 939.886500 0.062620 61.808074 0.016540
25.513380 576.508800 878.178000 0.016260 55.875315 0.033040
25.562680 632.086933 872.422833 0.202320 50.823328 0.027770
25.792770 661.130400 914.130000 0.016190 72.303046 0.016470
25.825430 588.890400 917.148750 0.032950 126.071181 0.033030
25.891410 707.918400 958.697250 0.163980 91.337017 0.016460
26.071850 787.628100 914.101125 0.295970 103.996980 0.054320
26.422140 822.494400 816.123000 0.027660 103.021030 0.065980
26.515780 897.355200 886.898654 0.278970 52.927827 0.016240
26.810990 939.445920 918.988000 0.279540 347.008559 0.098320
27.188850 642.096000 740.108250 0.033250 79.165294 0.032510
27.254610 609.348600 668.033625 0.065970 111.419203 0.032550
27.353130 546.974400 575.709750 0.051070 267.059698 0.096780
27.500980 502.886031 312.314423 0.312150 149.732060 0.049510
27.862640 538.479200 457.754500 0.049130 456.856776 0.427190
28.338960 723.475200 40.029000 0.131420 47.987595 0.016470
28.486850 675.497760 39.041800 0.394320 46.588656 0.033160
28.914330 687.120000 84.157500 0.016350 33.309863 0.032470
28.963150 699.563631 53.259231 0.312200 84.791562 0.049240
29.324590 615.659520 65.494800 0.131520 42.896557 0.016380
29.472490 619.567200 108.213000 0.032890 73.064488 0.065690
29.571070 652.780800 43.134000 0.032770 33.329653 0.016530
29.620370 622.675200 57.435000 0.032720 216.918742 0.115160
29.768250 837.916800 30.513000 0.016360 50.276526 0.016490
29.801100 837.412800 80.787000 0.016350 274.335978 0.082170
29.899620 577.116400 167.424250 0.148160 81.913338 0.049080
30.096860 496.721400 183.122625 0.098500 133.229852 0.049370
30.244730 508.032000 315.871500 0.016350 114.706514 0.049290
30.310370 505.612800 201.190500 0.032770 93.710523 0.065890
30.409030 578.751600 259.777000 0.147890 41.673907 0.032790
30.589710 596.022000 297.703875 0.098520 51.175044 0.016670
30.704900 625.128000 255.612000 0.032480 69.522951 0.016680
30.754060 596.349600 318.899000 0.082200 47.700669 0.016340
30.852600 550.069800 330.454687 0.197030 71.964854 0.032870
31.082500 611.881200 293.599688 0.197090 66.363467 0.016530
31.296120 567.394800 342.844687 0.196890 504.317536 0.492870
31.985880 661.584000 838.288500 0.032960 310.290218 0.049260
32.068100 677.269600 528.395000 0.049260 11.249810 0.016480
32.133840 679.709100 539.377125 0.147720 83.158380 0.016560
32.298120 596.904000 531.720000 0.016310 55.066678 0.016670
32.331100 649.681200 547.433250 0.032570 46.020051 0.016560
32.380230 674.288160 508.544400 0.197110 314.051146 0.098920
32.676260 630.974400 197.494500 0.032740 81.583913 0.016420
32.725420 583.707600 130.998000 0.032860 145.002943 0.049200
32.807480 592.737600 275.719500 0.016540 121.880676 0.049220
32.873240 599.071200 154.003500 0.016610 202.662417 0.049080
32.938930 585.060000 356.181000 0.016430 81.407261 0.016420
32.971780 600.208000 276.195500 0.049220 33.295953 0.016370
33.037370 580.964873 303.367591 0.805190 0.000000 0.016370
