0.000000 53.024224 40.291058
0.016240 24.691457 19.032490
0.032710 -11.029627 -5.523445
0.049130 -1.389223 0.229057
0.065430 -1.171785 -0.294899
0.082700 0.840189 -0.057397
0.115050 1.605305 7.050755
0.131230 0.503933 8.841203
0.164120 0.633924 6.644356
0.180600 0.987272 -2.210544
0.196960 -0.085357 -4.507782
0.213440 -0.425738 0.770817
0.230040 -2.155468 -3.927912
0.246280 -1.338839 -7.301909
0.262700 0.785230 -10.275550
0.279300 0.185742 -0.127096
0.295650 0.775356 10.141913
0.311950 2.555639 15.601655
0.328550 -2.745449 5.141082
0.344910 -9.267472 -16.933048
0.361210 -11.542277 -29.118338
0.377810 -5.447583 -18.060025
0.394040 1.487758 5.264576
0.411870 -0.611522 10.711757
0.427250 -0.479751 0.452521
0.443360 -0.501574 -8.217341
0.460020 -1.000182 -9.341571
0.476440 0.425582 -3.377507
0.492920 -1.259867 7.045546
0.509280 -4.342840 8.878456
0.525570 -1.575162 6.941812
0.542180 3.170564 -8.180966
0.558410 5.868120 -18.759490
0.575260 1.820342 -22.673613
0.591310 -1.834919 -12.871976
0.640630 -0.759226 1.226994
0.657170 -0.624418 3.935315
0.673520 1.828944 18.041875
0.689880 0.986410 17.269349
0.706300 1.258031 16.243865
0.722780 1.924315 6.840052
0.755490 1.704560 -0.653629
0.772220 3.550706 -3.437719
0.788390 0.453874 -17.620966
0.804750 -1.177449 -20.047426
0.821230 -0.633401 -19.074730
0.837770 1.964387 -12.348913
0.854060 3.623802 -1.689897
0.870730 1.075142 7.150486
0.903380 -1.278908 8.152981
0.919860 -1.829212 -2.690776
0.936280 -1.067642 -9.517140
0.952760 2.181684 -5.584680
1.002010 5.032682 0.638549
1.018190 4.911053 8.178060
1.034850 2.500256 9.778693
1.051270 0.231987 -0.840205
1.068180 1.472630 -4.582014
1.100770 2.320715 -2.819534
1.117130 -4.534556 -5.022469
1.133610 2.611898 2.556369
1.150210 10.213397 9.279222
1.199280 13.500885 17.174046
1.215640 6.115078 21.864943
1.231990 -3.530536 9.605775
1.264890 0.970647 -0.050743
1.297910 0.452702 -2.406223
1.314210 -3.861593 2.731813
1.346980 -1.277382 -7.338833
1.363400 7.324862 -23.931332
1.413020 7.912563 -19.127663
1.445620 4.441912 -5.273514
1.462160 -1.938581 0.482810
1.495000 -0.433789 -7.700191
1.511230 0.633232 2.185264
1.544370 -0.805315 13.330331
1.560670 -0.066994 5.736854
1.593440 1.717880 -5.727239
1.609990 3.866043 -8.104249
1.642760 3.731701 -1.788952
1.659120 1.446697 5.937376
1.675480 1.097869 10.476837
1.692140 2.890977 11.318759
1.708560 1.428603 11.507908
1.726500 -1.279190 6.590287
1.741700 -2.274399 0.814102
1.758120 -1.055226 3.683464
1.774600 0.238851 0.926483
1.791020 -0.089312 -4.182870
1.807310 0.002853 -15.836953
1.823730 5.409997 -16.734711
1.840210 9.463352 -8.914611
1.856570 6.868775 -6.023891
1.872990 0.570221 -1.805458
1.889650 -4.173356 -0.834264
1.905940 0.350367 1.701047
1.922420 2.877629 3.040274
1.938720 6.225675 8.591494
1.956790 -5.302211 -0.864425
1.971250 -30.096353 6.684479
1.987670 -37.842302 14.803930
2.004090 -26.221245 19.360232
2.037050 -3.103838 9.871897
2.054200 2.467062 -16.134616
2.070010 -3.893473 -13.123472
2.086300 -5.208210 -7.065854
2.102660 -1.714165 -4.143113
2.119140 2.982238 0.427040
2.135500 4.358293 5.797211
2.152040 2.621080 17.877006
2.168520 -0.180925 17.104187
2.185180 -0.116926 5.288649
2.201420 -1.096654 -4.781165
2.217770 -1.506629 -13.335632
2.234130 -2.533138 -11.117473
2.250550 2.351097 -8.556380
2.267030 8.480898 1.703552
2.283510 12.478729 13.029794
2.299990 7.841219 12.083799
2.332760 -0.255773 1.357233
2.349240 -2.450635 -11.540627
2.365540 -1.906419 -17.254141
2.382140 1.014857 -12.659432
2.398560 1.020352 -4.133845
2.415040 1.123831 6.268831
2.431400 0.305846 15.475845
2.447810 0.029323 14.339528
2.464290 4.706215 1.743894
2.480650 8.770538 -10.942289
2.497130 6.359168 -17.528661
2.513490 -1.131585 -9.158983
2.530030 -6.553355 -0.595172
2.546260 -2.318102 1.874334
2.562680 2.928874 -2.897769
2.579280 3.997022 -9.677355
2.595520 3.598914 -6.979759
2.612000 0.850628 -3.032158
2.628600 -0.448309 4.008139
2.645020 -1.302440 9.482410
2.661440 -4.087082 12.465623
2.677610 1.602212 8.278613
2.727170 5.348653 1.414758
2.743410 7.542072 -4.396864
2.776370 4.391853 -3.613254
2.792970 0.713857 5.205443
2.809200 2.782753 14.376779
2.825620 1.811655 19.844670
2.842040 1.296027 3.238019
2.858400 -0.513312 -11.543077
2.874760 -1.319630 -12.738286
2.891420 1.030804 -9.988919
2.907780 3.804162 -9.082613
2.924070 5.161387 -12.377154
2.940800 0.302202 -2.197858
2.957460 -4.208372 7.711799
2.973450 -3.711489 12.306232
2.989810 -1.110680 7.297047
3.006410 1.959754 4.185283
3.022830 4.008506 -3.912119
3.039250 0.132124 1.646868
3.055660 -17.703317 -6.104428
3.071960 -28.935849 -16.793841
3.088750 -23.431192 -12.478199
3.187130 -6.238599 -2.524343
3.203550 2.468630 14.364423
3.219970 -0.169767 9.433733
3.236450 0.155063 4.793120
3.269230 -0.586436 3.551379
3.285520 -1.685576 -0.385381
3.318420 0.760017 3.015871
3.334900 5.765702 5.150221
3.367800 7.568231 -0.841083
3.384280 3.245242 -0.419582
3.400630 -0.925292 -4.232041
3.416990 -1.255912 -4.028009
3.433410 0.193666 -7.622743
3.449710 0.658205 -4.943576
3.466370 0.274813 8.966542
3.482730 0.001992 7.911570
3.499330 -0.058138 9.622573
3.515690 -1.686297 7.341831
3.532040 4.532056 4.326489
3.548400 9.597522 -4.092790
3.564760 9.238785 -18.454009
3.581240 3.393991 -16.071665
3.597780 -2.824054 -8.907282
3.614200 -0.285294 -1.053981
3.630550 0.109948 1.966736
3.663570 -0.186010 -0.418741
3.679870 -2.795832 4.348333
3.712830 1.034124 1.068385
3.729190 6.309350 0.595117
3.762150 11.835106 2.836370
3.778440 5.163562 -0.135522
3.815550 -2.470565 0.414518
3.828130 -1.971887 -3.408015
3.860530 1.561899 -3.180494
3.877010 10.030921 -11.589797
3.909730 -6.724646 11.876225
3.926210 -22.216447 43.917019
4.008360 -24.894153 54.095984
4.026250 -12.787038 33.427157
4.041260 1.780326 1.218896
4.057740 -1.644982 -1.711448
4.074160 -1.782699 -4.531015
4.090640 -0.136432 -7.750404
4.106990 0.151108 -8.924409
4.123410 0.286664 -9.232629
4.139710 1.119424 -2.218167
4.156370 2.649287 9.354312
4.172670 1.320858 13.244038
4.189090 -1.145188 9.619429
4.205510 -2.457457 3.725123
4.221920 0.599516 -0.852068
4.238400 4.194770 -4.259112
4.254700 3.130506 -0.761056
4.271300 -0.903808 0.812000
4.304140 -1.005069 -0.312484
4.320560 2.818898 -3.559824
4.355590 1.644106 -1.648622
4.369930 -3.782381 4.441703
4.402650 -4.337699 3.848617
4.419130 1.104974 2.255036
4.451970 3.268181 1.277280
4.468510 0.871532 1.100337
4.501340 -2.624088 -1.307203
4.517640 -3.450773 -0.957795
4.550660 0.440696 -1.232094
4.567080 2.004459 -2.470036
4.599910 4.955645 -0.812585
4.616390 5.691433 0.843386
4.649230 3.358340 0.584369
4.665530 3.698268 -6.245324
4.683470 0.120301 -11.943875
4.698360 -0.207565 -12.686923
4.714900 -1.335026 -9.879136
4.731380 -3.006900 -7.491116
4.747680 -0.698136 -2.588577
4.764160 0.081557 0.301534
4.796880 1.128054 0.859508
4.813540 -1.256703 10.209636
4.829770 -0.298247 16.234653
4.846370 3.380756 16.340686
4.862610 2.184311 5.679366
4.879270 -0.870544 -7.963757
4.895630 -4.798521 -13.153394
4.912050 -1.450694 -16.416687
4.928530 5.790265 -17.966770
4.944890 1.721369 1.640086
4.961300 -7.421277 23.312810
4.994260 -12.044360 30.686996
5.010500 -9.233756 20.455661
5.027040 -2.236036 2.433094
5.043400 -2.414673 5.425103
5.059940 -0.218342 4.164700
5.076290 3.409443 1.357325
5.092590 3.420969 1.699457
5.109130 1.822559 1.022266
5.125730 -0.199556 0.042792
5.142030 -0.443775 -4.904513
5.158510 -0.783732 -3.940634
5.174800 -0.138268 -1.584042
5.191220 -0.224614 -0.929188
5.207760 1.751992 -6.078143
5.224060 2.782640 -13.277616
5.240660 2.074646 -16.975563
5.256840 0.085244 -10.448486
5.273440 -1.527110 -4.939755
5.289860 -0.510699 1.839092
5.306270 -1.457036 6.254939
5.339110 -1.626125 5.413916
5.355530 -3.258265 10.607914
5.371890 -0.878369 1.824633
5.388550 1.162872 -1.974852
5.404790 3.224027 -7.643490
5.421260 2.869973 -4.520121
5.437680 0.374874 6.299265
5.454530 -1.153380 4.836021
5.470700 -2.312452 6.742753
5.487060 -1.243214 6.160765
5.503360 -0.301241 2.569585
5.519710 1.604570 -3.774659
5.536250 1.432614 -7.061832
5.552670 1.004518 -5.131101
5.569210 -0.054141 -4.410683
5.585750 -0.246154 -4.370359
5.601990 -0.246691 -1.339265
5.618530 0.083986 4.319635
5.634950 0.295111 6.613776
5.651430 0.058420 3.264176
5.668400 2.458714 -2.095367
5.684270 3.968462 -7.326988
5.700440 3.027635 -6.471509
5.716920 -0.312188 -5.782716
5.733520 -1.101711 -2.070123
5.749880 -0.494314 1.777381
5.782710 -0.776175 3.397669
5.799260 -1.977862 4.912922
5.815980 -2.464845 1.254979
5.832340 -1.475596 2.520688
5.848690 1.035988 0.913870
5.865170 3.427707 5.114504
5.881530 2.492572 9.750781
5.897890 2.059942 6.567913
5.914120 1.635151 -0.228326
5.930540 0.863834 -7.757057
5.947020 -1.957734 -5.863693
5.979800 -1.432162 -0.895427
5.997190 2.945443 3.343215
6.028990 3.092270 4.898646
6.045650 0.563992 1.198496
6.078370 0.754084 -4.954141
6.094790 -4.560348 -1.629228
6.111330 -5.132558 3.283534
6.127620 -2.583211 4.712765
6.144100 0.108493 -3.270281
6.160580 -1.212817 -7.997737
6.176880 -8.332829 -2.062683
6.193540 -2.027115 -6.128392
6.210020 3.594168 -6.316356
6.226680 3.972643 -4.419677
6.242800 1.267240 4.995744
6.259160 -0.907932 6.557056
6.275630 -0.911562 2.216064
6.291930 -1.941024 2.844833
6.324710 -1.824438 2.236921
6.341250 0.219613 -2.110155
6.357600 3.414585 -5.954942
6.374150 2.173110 -5.583547
6.390500 -1.101344 -1.347362
6.423520 -4.338235 3.196781
6.440000 -2.196374 5.550973
6.456240 1.799140 4.916340
6.472660 2.203154 -0.243699
6.489010 1.494241 2.180091
6.505550 -0.624121 5.200873
6.521910 -1.485667 8.181990
6.538390 -1.357682 2.374308
6.554930 1.379773 -0.607163
6.571410 2.705786 1.471899
6.587770 5.425591 6.927390
6.604130 6.635858 13.064213
6.620480 5.188563 9.085575
6.637020 1.179172 2.367087
6.669740 -3.648789 -5.405069
6.686220 -0.334590 -6.865789
6.702640 1.596802 -5.500578
6.719060 2.437146 -6.877433
6.735470 -0.393914 -3.673977
6.768550 -3.074586 2.092259
6.784850 -0.854300 6.717911
6.801270 0.510685 8.981549
6.817630 1.318683 10.869466
6.834050 0.271593 13.512971
6.850520 2.711832 11.411305
6.868960 4.850613 3.741976
6.883420 4.184600 -5.460492
6.899780 3.024174 -10.812747
6.916260 2.515525 -15.059536
6.932680 0.255830 -12.881737
6.949040 -5.203846 -3.435763
6.965520 -6.969314 -0.030910
6.981810 -3.264466 -0.842728
7.014890 1.333430 -8.424369
7.031250 1.181955 -7.997664
7.047670 0.655902 -8.500739
7.064030 0.771034 -12.964228
7.080570 1.380465 -12.468803
7.097050 0.161080 -8.010277
7.113460 -2.335080 2.557484
7.129700 2.387850 8.240483
7.146240 5.060281 8.937314
7.162840 4.814891 5.699491
7.179020 0.311976 2.916944
7.197020 -2.526683 5.287827
7.212040 -0.374690 1.699676
7.228520 0.095357 -4.958400
7.261410 1.025154 -7.429863
7.277650 0.907749 -2.321572
7.310490 0.946874 2.395548
7.327030 0.376710 -3.359813
7.359920 0.624390 -1.459158
7.376280 -1.030409 4.785607
7.410280 -7.146919 12.424386
7.425540 7.201694 1.137956
7.441830 22.076694 -11.040593
7.458500 23.608525 -11.359046
7.474730 11.224743 0.336046
7.491270 -3.410983 11.456527
7.507750 1.082784 9.117014
7.523990 -0.226040 0.208932
7.540650 -1.289600 -12.444730
7.557010 -0.465697 -15.277835
7.573490 -0.809157 -8.921046
7.589780 0.900559 -0.822328
7.606140 1.309092 -0.853439
7.622620 2.089717 2.208698
7.638980 2.406565 6.447125
7.655520 1.739307 9.295472
7.672000 0.767249 0.024823
7.688540 -0.953725 -7.758721
7.704830 -1.538636 -6.771652
7.721190 0.238724 -1.360213
7.754150 0.981650 5.358933
7.770450 2.435126 1.629813
7.786930 3.937966 -5.434645
7.803220 3.429868 -12.532066
7.819890 1.842871 -9.447589
7.836300 -0.546844 0.151736
7.853210 -1.112700 6.720306
7.869140 1.399322 6.483391
7.885620 2.646744 3.289091
7.902040 2.374898 1.557427
7.918400 -0.368122 -0.598188
7.934750 -1.744124 -5.461131
7.951290 0.390976 -9.480125
7.967960 0.889866 -3.912174
7.984310 0.786557 6.516567
8.000980 -0.507987 13.510248
8.017210 -1.064859 10.193021
8.033690 -0.497012 0.649991
8.050050 0.960392 -9.316273
8.067630 1.739788 -7.618795
8.082950 0.228696 10.209307
8.099000 -2.175751 22.123040
8.115480 -0.487167 15.941907
8.131840 0.332754 1.314094
8.148560 0.426204 -4.456326
8.164920 -1.525358 1.610912
8.181090 -1.023700 7.285093
8.197810 1.382400 8.939836
8.213990 0.696243 8.688738
8.230590 -0.161588 5.621750
8.246890 -0.341680 5.489574
8.263430 -1.870852 -1.342975
8.279790 -3.860901 -6.790534
8.296140 -4.391133 -5.806972
8.312740 -1.597579 -4.486176
8.328980 1.625602 -1.409037
8.345520 1.390805 -4.746143
8.362060 0.061175 0.179849
8.378660 -1.072148 3.937710
8.395020 -0.554542 3.089518
8.411500 -0.910559 3.160113
8.427610 -1.774747 -0.621458
8.444150 -2.540229 -2.896143
8.460630 -1.054534 -5.344510
8.477050 0.500585 -2.549660
8.493840 2.540017 4.317843
8.510010 2.232957 6.148042
8.542850 0.891816 2.037568
8.559390 0.228004 -6.354011
8.575680 1.089479 -12.937469
8.591920 3.028426 -14.401967
8.608520 2.647013 -8.449265
8.624880 1.477390 -0.379568
8.641420 0.178044 6.781285
8.657650 -0.629291 9.017924
8.674010 -1.212549 8.535597
8.690670 -0.687175 7.310903
8.706970 0.069466 5.979582
8.723390 0.219359 5.788748
8.739930 0.175501 -2.157553
8.756160 -3.108217 -1.497526
8.789000 -3.111989 -0.215640
8.805730 -0.260095 0.908460
8.838500 2.544127 -0.494801
8.855040 1.266125 -3.189012
8.871150 -2.156711 3.022671
8.887760 -1.603610 3.218515
8.904170 1.148507 -2.131706
8.920590 3.736462 -6.583122
8.936890 3.197105 -8.625712
8.953370 1.712597 -6.487248
8.969910 0.070667 1.856384
8.986150 -0.106445 6.027711
9.002690 1.640179 9.355390
9.018980 2.560837 3.690941
9.035640 3.193969 -3.096446
9.052000 -1.487193 0.974795
9.068360 -8.806881 -0.425614
9.085140 -10.527231 0.414463
9.101320 -6.199939 -1.890164
9.117800 1.107121 -2.438285
9.134220 2.527785 -1.368384
9.150630 0.847407 2.220488
9.166990 -0.754084 9.438413
9.183290 -0.622963 11.197717
9.199950 -1.093900 0.501272
9.216190 -0.252934 -7.024123
9.232730 0.715820 -3.026583
9.249270 0.856475 -1.733420
9.265500 0.113451 -4.505735
9.281980 -1.634600 -9.036075
9.298400 -0.156814 -4.162690
9.314880 0.690494 6.161587
9.331480 0.276890 11.643519
9.347780 -0.482011 7.589274
9.364140 1.107008 -3.160204
9.380490 3.570128 -10.770560
9.396910 2.841371 -9.314445
9.413270 -1.603779 0.179648
9.429930 -4.282598 5.651947
9.446290 -2.597463 2.957287
9.479000 -0.678530 -0.305135
9.495480 2.456596 -3.367362
9.512210 2.326760 -1.094945
9.528500 1.770552 -1.961307
9.544920 0.728080 -6.953858
9.561460 -0.065384 -4.532934
9.577760 0.465541 -1.523593
9.594180 2.325814 4.020679
9.610530 3.462553 7.575400
9.627080 3.330825 5.079170
9.643250 0.578696 4.201825
9.659910 -1.969528 -0.406475
9.676150 -1.336113 0.475096
9.692630 0.028744 -1.527632
9.709110 1.778772 -3.289383
9.725590 2.771297 -3.487914
9.742250 -1.438434 1.046687
9.758240 -4.026769 5.097376
9.774840 -2.924976 0.873089
9.791440 1.461118 -1.891279
9.807800 1.037330 10.553864
9.824160 -4.042095 23.568053
9.840640 -4.200109 21.817622
9.856870 -1.568072 6.890320
9.873290 1.284558 -3.174334
9.890080 1.191390 1.827832
9.922610 2.044630 3.340583
9.939090 1.458392 -4.180567
9.955630 0.772023 -11.003048
9.971860 -0.829793 -9.500013
9.988280 2.807937 -4.676042
10.004760 -0.861899 3.587901
10.021240 1.643710 5.853200
10.037780 -22.113825 10.731936
10.054140 -40.700363 12.542942
10.070680 -34.291866 10.719306
10.087100 -17.456838 6.497904
10.119930 4.925178 -0.366791
10.136290 1.096570 -7.669611
10.169190 2.623015 -2.385092
10.185550 2.877276 5.933610
10.218260 -1.538494 8.824551
10.234920 -3.170578 3.572638
10.251160 -0.561167 -6.399618
10.267640 0.794919 -5.056449
10.284180 0.833579 -5.519241
10.317020 0.015509 -3.925700
10.333310 -0.145274 -3.275162
10.349910 1.218086 -3.223121
10.366150 1.889398 -4.268709
10.382750 -0.597736 -1.311718
10.399290 2.340108 2.054220
10.415590 6.206790 4.218350
10.432010 7.329142 7.607096
10.448300 2.852247 8.871638
10.464900 -2.765803 8.881709
10.481200 -1.118619 -1.500488
10.497800 0.314716 -6.740157
10.514160 1.352781 -6.769221
10.530400 -0.427362 -7.232065
10.547060 -1.018262 -7.001895
10.563290 -3.139264 -6.046264
10.579770 8.059206 -3.592544
10.612790 12.712771 -2.480364
10.629090 24.474962 -0.347324
10.645510 26.594022 2.248474
10.661870 16.107576 5.549219
10.678410 8.703743 0.564828
10.694890 -3.210679 -3.763564
10.711430 1.431174 -8.141429
10.727720 1.103830 3.510123
10.744140 -0.374521 14.660005
10.760560 0.036499 14.126638
10.777040 -2.132515 0.101523
10.793330 -4.724817 -10.111424
10.809880 -4.628670 -2.211568
10.826290 -3.993237 -3.704193
10.842650 -1.541418 -5.079627
10.859010 -2.074815 -7.228373
10.875550 0.826107 -2.737936
10.891910 3.187924 3.002784
10.910950 1.579725 3.139165
10.924870 1.520400 2.943815
10.941280 -0.012614 4.365186
10.957760 0.246126 5.905826
10.974240 -1.885274 3.929319
10.990360 -1.570445 4.352025
11.006900 1.113166 5.140077
11.023380 1.331791 -0.523590
11.040040 0.083775 -6.097172
11.056270 -1.906560 -6.247444
11.072630 -0.183779 0.677264
11.105410 1.569258 1.849146
11.121890 1.597127 -0.280239
11.138490 0.236210 0.650320
11.154850 -0.490938 -2.019709
11.171330 -0.388363 -2.622247
11.204040 -0.865021 -4.805385
11.220400 0.881603 9.070915
11.239380 2.243197 16.719339
11.253300 3.090872 19.065244
11.269900 1.550373 16.277571
11.302800 -0.230122 5.298502
11.319090 -1.198707 5.504106
11.335390 -1.196136 -0.501162
11.354130 0.809115 -2.996879
11.368410 -0.233809 -3.236044
11.384770 0.073605 -0.478203
11.401180 0.613316 1.377414
11.417540 1.482517 -4.613034
11.434140 0.512040 -4.371621
11.450380 -2.272450 -3.235569
11.469120 0.775384 6.574165
11.483400 1.586815 13.901647
11.499760 -0.539570 12.747370
11.516170 -0.293345 10.207004
11.532780 1.001354 2.006639
11.549190 2.707269 4.316637
11.567500 1.267226 -0.877641
11.582090 -0.371583 -2.221219
11.598450 0.657315 1.829550
11.614870 -1.885076 0.897529
11.631160 -1.911857 0.422908
11.647640 0.220546 -4.112733
11.664180 1.417331 0.501655
11.680540 1.185698 0.542455
11.697020 -0.950067 -3.156256
11.713320 -1.841359 -0.804725
11.729740 -1.559851 -0.623943
11.746280 -0.252101 -0.308974
11.762630 0.520572 -2.913471
11.778990 0.077235 -0.906084
11.795530 -2.533816 4.029051
11.811890 0.705297 0.983313
11.828370 1.929357 1.476798
11.844850 1.039082 2.762174
11.861330 -1.416399 5.554757
11.877500 -1.257480 2.135106
11.896610 2.942490 -5.092935
11.910520 0.286678 -5.495843
11.927250 -2.775111 -3.219392
11.943240 -4.053479 1.705507
11.960080 -1.673881 -1.810321
11.976140 0.233371 -4.008084
11.992860 -1.690351 -5.604568
12.009090 2.612675 -2.627987
12.025510 2.400209 0.421793
12.041990 -1.148069 3.613949
12.058410 -2.402413 -4.087050
12.074650 0.558525 -9.932382
12.091250 6.634219 -4.988012
12.107600 1.403672 -2.341478
12.124150 -4.147579 -2.183710
12.140500 -4.833593 -12.897201
12.157230 -1.196743 -4.305779
12.173400 1.772162 6.236257
12.189880 0.934176 5.578721
12.206480 0.352896 0.954761
12.224610 -0.201053 -2.589253
12.239140 0.366682 4.165304
12.255430 -1.382400 0.088142
12.272030 -1.521841 -9.069014
12.288640 -0.436840 -14.652639
12.304810 0.531519 -6.780371
12.321290 0.463846 4.509702
12.337590 -1.883452 8.971624
12.354190 0.993797 -0.566821
12.370540 3.194336 -13.467512
12.386960 3.509829 -12.736787
12.403380 0.146390 -11.946452
12.419920 -2.389150 -5.042777
12.436280 -1.004278 -5.079847
12.452640 1.311268 -4.638405
12.469180 1.718445 3.602798
12.485720 -0.331666 5.410462
12.502010 -0.138085 3.770565
12.518430 0.944346 -2.807927
12.534910 2.889904 -6.949416
12.552730 0.336285 -1.935003
12.567810 -2.574750 10.143540
12.584230 -2.079759 12.900253
12.600590 -4.260549 15.618343
12.617070 -1.061964 9.490252
12.633240 3.042508 0.345130
12.649780 1.497928 1.375494
12.666200 -0.742728 -0.628148
12.682860 -3.662786 3.000736
12.699160 0.606310 -0.893910
12.731930 2.840509 -4.704740
12.748350 0.408548 -0.608169
12.764770 -0.176420 0.284407
12.781250 -0.918074 0.460984
12.797550 -0.257143 -1.524580
12.814030 1.841628 -2.033364
12.830380 3.362252 -0.221416
12.846980 1.761681 1.953447
12.863400 -1.338896 -0.455811
12.880250 -2.660686 -4.760473
12.896300 -1.297934 -4.737789
12.912660 1.999035 -1.841651
12.929020 2.720533 4.075553
12.945370 0.644744 4.782920
12.978270 -3.546638 -10.694081
12.994870 -4.033690 -24.290955
13.027710 -1.127263 -26.509855
13.044130 0.439509 -2.979112
13.060420 0.308416 19.652733
13.077030 -1.092205 18.857606
13.093320 -0.350155 10.447755
13.109860 -0.430879 1.037219
13.126220 -0.757488 1.670302
13.142700 1.644756 -4.121635
13.159120 -2.776439 -8.086464
13.175540 -0.440696 -9.852832
13.192020 -21.296577 -1.712454
13.209230 -33.626985 9.992538
13.224730 -27.289519 14.108469
13.241330 -11.702180 11.800478
13.257690 6.794690 4.436548
13.274170 -0.852421 1.369864
13.290410 1.191333 -1.227670
13.323360 3.026081 -2.550885
13.339900 2.344162 -4.089281
13.356200 -2.303722 -2.573131
13.372680 -5.820364 -0.157366
13.389160 -3.219620 0.136564
13.405520 2.692156 0.055258
13.421940 6.442179 -0.977373
13.438350 3.925381 2.710499
13.454830 -4.553667 2.126058
13.471250 -8.997055 -0.721591
13.487490 -6.641522 -4.946263
13.520510 -0.092701 -5.267628
13.537230 3.104587 -3.220891
13.569760 1.332907 -1.642316
13.586300 0.454114 0.432176
13.619140 -1.122150 -1.910783
13.635380 3.341588 1.118963
13.652100 4.346046 -0.959148
13.668330 3.125054 -3.651311
13.684810 -0.789326 -7.576442
13.701290 -1.042189 -8.334492
13.717530 4.085542 -1.652077
13.734070 2.752596 1.565598
13.750370 1.648259 5.386223
13.766970 1.107163 4.198462
13.783630 0.751146 0.453270
13.799680 -1.718756 -1.988561
13.816160 -3.904745 -3.745010
13.832700 -2.563450 -4.418708
13.849000 0.355396 -3.887369
13.865480 3.101889 0.513482
13.881900 -0.836277 7.136959
13.898560 -5.402130 9.713346
13.914790 -5.714471 5.985998
13.931150 -4.872238 6.423052
13.947630 -1.219541 5.088401
13.964110 -1.392457 1.958346
13.980710 -0.252411 -0.524742
13.997190 2.274781 -2.645571
14.013370 1.544144 1.233154
14.029970 2.330814 -1.340910
14.046510 1.807093 -4.001413
14.062870 0.965180 -5.771346
14.079470 -0.823918 -4.145306
14.099240 -4.274773 -4.139567
14.112370 -4.134852 -1.888903
14.128480 1.348063 0.500961
14.161320 5.670430 2.418854
14.177670 3.973137 -0.010163
14.194090 1.017626 -3.118052
14.210570 -0.182465 -0.502606
14.226930 2.552277 8.311314
14.243290 1.529327 15.339963
14.259770 -1.344447 13.707766
14.276120 -0.349831 3.682770
14.292660 1.768913 -7.798624
14.309140 4.079229 -9.005677
14.325500 0.796303 -6.138921
14.341920 -3.290555 -3.996879
14.358280 -4.118609 -6.456703
14.374630 -0.535205 -0.355842
14.391300 2.417597 5.522970
14.407470 2.579976 8.690566
14.424010 0.298289 6.217083
14.440430 -0.088379 2.121195
14.456850 0.848735 0.859618
14.473210 -0.960293 1.248289
14.506160 0.646100 1.489337
14.522640 3.217374 0.646957
14.555480 -0.203553 1.448410
14.572080 -6.658076 0.618734
14.604680 -9.462674 -0.231909
14.621280 -1.750734 -1.928861
14.637630 2.752723 -4.036655
14.653990 0.080950 -4.070380
14.670410 -1.611153 -5.712049
14.686890 -2.936657 -3.830502
14.703250 -1.201108 1.988671
14.719730 0.155713 1.503248
14.735960 2.630882 4.640617
14.752440 4.237059 9.545747
14.769040 0.733970 6.038477
14.785520 0.401132 0.217998
14.801820 2.278227 -4.416076
14.818300 4.331724 -0.177254
14.834660 4.283304 0.159687
14.851260 1.604076 -5.799624
14.867680 0.309659 -4.485043
14.884160 -0.907508 -0.423640
14.900390 0.630873 6.114921
14.916750 0.201279 -9.098900
14.933410 -3.500266 -20.867513
14.949770 -4.101602 -10.332872
14.966250 -1.168140 8.296380
14.999150 4.440231 18.934374
15.015440 8.228970 6.010090
15.048280 6.270337 -3.775427
15.064760 2.938211 -1.571338
15.097530 0.103691 -0.513866
15.114010 0.239176 0.195204
15.146910 1.045367 1.307623
15.163270 -1.884101 -0.034164
15.196350 -3.850901 -0.050816
15.212650 -2.734502 1.198387
15.245540 -0.342825 -1.420096
15.261720 1.781159 -1.788312
15.294740 2.324599 -4.074639
15.311160 5.295586 -3.040548
15.344360 -3.522329 8.274957
15.360470 -11.046449 9.099119
15.393370 -11.853877 6.679745
15.410640 -4.597624 -0.462264
15.426330 2.791326 4.141029
15.442630 0.073506 13.250673
15.459170 -1.066724 9.164631
15.475830 -2.656731 1.393061
15.492190 -3.517470 -3.864447
15.508540 -1.106598 -4.349082
15.524960 2.558379 -3.798440
15.541140 3.313437 -0.407060
15.557500 1.672949 -2.075022
15.574160 -0.114214 -7.371918
15.590390 1.865753 0.033396
15.606930 3.554957 9.599633
15.639650 3.572995 11.707275
15.656190 0.691921 -0.080118
15.672550 -1.504185 -8.311168
15.688900 -1.263794 -3.178776
15.705690 -0.086882 -0.890327
15.721740 -0.921167 1.368457
15.738340 -1.966294 2.039853
15.754760 -2.649668 2.106225
15.771670 -1.703374 -0.740492
15.787900 -0.349774 -3.833445
15.804440 -0.010961 -1.149545
15.820740 0.508820 4.152088
15.837160 -0.042544 7.814417
15.853580 0.214882 5.940593
15.869630 -0.018602 1.499391
15.886170 -0.460485 0.352405
15.902530 0.284560 1.726163
15.919070 2.223493 3.364913
15.935420 2.335277 3.168192
15.951900 2.545441 -2.339175
15.968380 1.736934 -3.737022
15.984800 1.090425 -0.974356
16.001280 -0.247891 -1.756214
16.017820 0.469948 -1.468627
16.034060 1.809211 -2.676207
16.050350 1.157999 -0.396020
16.083370 -0.287568 0.602849
16.099790 -0.699124 -0.405251
16.116270 0.947086 0.818307
16.132570 0.889076 0.562196
16.149050 0.654546 3.156183
16.165340 -0.898144 3.545182
16.181760 -1.643950 3.092918
16.198240 -1.715027 3.159912
16.231140 2.980077 0.065897
16.247560 7.540504 -0.101194
16.280520 7.711978 -1.549403
16.296940 2.399574 -2.675421
16.313230 -3.120350 -4.881061
16.329650 -3.317194 -7.743622
16.345950 -0.663445 -2.307479
16.362490 2.069871 2.531801
16.378970 1.712004 4.246189
16.395320 2.196571 3.311081
16.411740 -0.113013 1.731318
16.428280 -1.558523 0.225054
16.444640 -1.200133 -4.938860
16.477480 2.921557 -4.491806
16.494020 5.851368 -1.267519
16.526980 3.543615 4.276660
16.543580 1.868649 7.375994
16.576290 1.304798 6.334398
16.592900 2.420436 -1.116642
16.609070 0.029351 -8.681299
16.625430 -2.477769 -10.865774
16.641910 -0.458578 -5.160056
16.658260 1.111316 4.051114
16.674620 1.297891 2.522022
16.691280 -3.126848 -0.801819
16.723940 -2.498052 -6.359203
16.740420 -9.939464 1.190655
16.756900 -14.873981 5.908019
16.773440 -12.238388 1.039138
16.789980 -6.407390 -3.032414
16.806460 1.605192 -3.685292
16.822750 -2.064730 3.821966
16.839110 0.761245 1.890895
16.855410 2.636349 4.210051
16.871770 2.401226 8.392820
16.888430 0.589685 11.418032
16.904850 -0.454821 8.391376
16.921390 -0.325013 -2.678565
16.937740 -0.676977 -6.954041
16.970640 -0.808776 -6.089970
16.987120 -1.106782 1.006290
17.019960 -1.216942 4.526409
17.036380 3.870365 0.805511
17.052610 5.764190 -0.209480
17.068850 3.773808 0.179228
17.085390 0.682386 1.559365
17.102050 -2.067400 0.226206
17.118410 0.531844 -1.635352
17.135010 0.837590 -1.553040
17.151370 0.948852 0.883838
17.167720 0.987102 2.264980
17.184270 -0.801162 3.887497
17.200620 0.086953 4.990279
17.217100 0.618104 -0.594057
17.233580 -0.442235 -2.156584
17.266420 1.105680 -8.849502
17.282780 -2.766693 -0.608516
17.315610 -2.740209 5.021408
17.331910 -4.540305 1.618096
17.364870 -3.897781 -2.639941
17.381410 0.905870 -0.510375
17.414000 1.222380 14.282590
17.430540 4.362092 7.795681
17.446900 1.417416 -1.208513
17.463380 -1.746864 -4.676956
17.479610 -0.950674 4.092790
17.496220 0.591253 7.922263
17.512760 2.887545 1.674725
17.529360 -1.085242 -3.279202
17.545530 -4.110007 -3.831763
17.562010 -3.948998 -0.071490
17.578550 -2.580174 -2.771753
17.597780 -0.886660 -1.982109
17.611270 -1.912761 -0.062259
17.627690 0.683333 5.851062
17.660460 2.099703 5.822857
17.676880 0.832830 -0.130532
17.709960 -1.368050 -0.578958
17.726140 -0.435611 -3.574466
17.742550 2.025632 -5.364307
17.759030 2.348498 -5.708960
17.775390 -0.818720 -3.016840
17.791930 -1.656691 5.431336
17.808720 0.425723 10.675802
17.824770 2.940979 8.847217
17.841130 4.957156 1.793321
17.857850 3.278097 -3.561889
17.874150 2.511457 -1.411449
17.890500 1.579541 -1.453016
17.906920 2.517996 -4.450404
17.923460 0.472251 -2.203050
17.939820 -3.316121 1.491476
17.956300 -4.396119 3.669755
17.972530 -3.316333 -1.352152
17.989010 -1.170047 -6.528394
18.005430 -1.719914 -6.154641
18.021730 1.408051 -1.597989
18.038450 4.522112 2.513211
18.054630 5.033868 4.207894
18.071170 1.890514 3.031720
18.087650 -2.843122 3.742360
18.104060 -1.241660 2.764423
18.120540 0.049296 -2.245366
18.153320 0.976664 -5.453436
18.169680 -0.747827 -6.942452
18.186340 -1.159976 -1.239095
18.202580 0.166702 0.315719
18.218870 0.183058 -3.033876
18.235530 -0.947228 -5.126477
18.251830 -2.014064 -6.514100
18.268370 -2.522206 -0.247793
18.284790 -1.325251 1.606653
18.301030 0.154696 1.052189
18.317630 3.656614 3.786888
18.333920 2.788869 5.156180
18.350830 -1.858112 9.508970
18.367000 2.179692 5.943134
18.383360 6.740875 1.210981
18.399720 9.819179 -0.685234
18.416320 1.886135 -4.485299
18.449220 -2.473362 3.074365
18.498720 0.627794 8.232038
18.515080 1.386949 7.281272
18.547850 0.812279 4.021154
18.564330 -2.664061 -4.610877
18.596920 0.130245 -4.358697
18.613400 1.982269 -2.261287
18.646300 2.206204 1.360761
18.662960 1.148606 1.512241
18.696960 0.886660 -0.394283
18.711910 0.923752 -3.291851
18.744750 0.834370 -4.325100
18.761050 0.664674 -1.256186
18.794010 0.862733 -0.339994
18.810420 -0.090682 0.381506
18.843260 0.073732 -6.572794
18.859620 -7.030404 -0.026724
18.876100 -11.078823 11.383210
18.892460 -9.164418 13.299404
18.909000 -3.080222 4.901826
18.925350 2.131286 -3.240596
18.941960 -2.226163 1.259567
18.958250 -1.840851 -3.023969
18.974790 -1.260644 -7.001054
18.991150 -0.626791 -9.002241
19.009520 -1.425001 -3.360727
19.023930 -0.826700 -0.125450
19.040280 -2.555837 -1.560608
19.056760 -1.206094 -2.148066
19.089600 1.046342 -2.692000
19.106020 1.914780 2.936759
19.122500 2.016833 1.277554
19.139040 0.062729 -1.316525
19.155400 0.738194 2.318867
19.171810 0.694265 8.526494
19.188230 -0.647187 11.432198
19.204590 -0.951564 4.920160
19.237670 -0.242821 0.251998
19.253850 -0.954149 -5.367926
19.270510 -1.554823 -4.257522
19.286740 -2.150411 -1.453894
19.303100 -1.054238 8.720050
19.319580 1.824325 12.974154
19.336000 3.107666 6.564331
19.352660 2.346591 3.144758
19.369020 -0.670790 -3.907604
19.385310 -3.409217 -3.722308
19.401920 -0.589953 -3.306822
19.418150 0.391132 -5.711958
19.434810 0.170473 3.887405
19.450990 -0.848085 4.425343
19.483950 -1.079493 0.390828
19.500550 1.204978 -3.361111
19.517030 -0.154357 -4.247505
19.533080 -0.757630 5.492919
19.549620 0.263019 4.129458
19.566160 1.717922 3.588833
19.582460 1.688190 2.522607
19.599060 1.308287 3.516722
19.631900 0.778478 4.215206
19.648130 2.477472 2.405748
19.666140 3.282899 -1.406258
19.681150 2.452796 -3.457424
19.697510 1.626520 -3.616690
19.713930 0.563328 -0.575814
19.730410 0.835655 2.777565
19.746830 2.264893 -0.543405
19.763120 0.620209 -4.791036
19.779660 -0.391245 -5.118160
19.796020 -4.513750 -2.803028
19.812620 -3.949266 7.443481
19.828920 -2.190286 13.048219
19.845400 6.878563 7.715290
19.861760 13.492523 -4.390869
19.878110 10.296068 -14.177434
19.894590 3.255709 -4.595248
19.911010 -4.834285 6.275503
19.927550 -2.878674 7.907987
19.943910 0.854738 4.128764
19.960270 5.309033 -0.198640
19.976750 5.725940 -2.386335
19.993100 1.751427 2.753985
20.009770 -3.744809 4.513851
20.026120 -4.276736 2.225222
20.042540 -1.704264 1.530630
20.058900 -0.327782 0.203247
20.075380 2.254031 0.154441
20.091740 4.968329 -6.660003
20.124760 5.095226 -8.961387
20.141170 3.907160 -6.207102
20.157650 0.425017 -3.040877
20.173890 0.921492 -1.906561
20.190370 -1.129664 -6.051986
20.206730 -2.751042 -4.277337
20.223270 -1.831797 -2.312012
20.239690 -0.461473 5.329083
20.256100 -0.919458 9.867510
20.272460 0.159597 8.644393
20.288880 -7.773308 2.969259
20.305420 -15.568738 -2.567574
20.322200 -15.504134 0.821012
20.338380 -8.273421 -1.170694
20.354860 2.755929 -0.383864
20.371150 1.504439 -0.885318
20.387630 1.624543 -0.032318
20.403990 0.331652 1.741207
20.420530 -0.851051 0.500504
20.436890 -1.283569 3.933761
20.453310 -0.935871 5.536551
20.469670 1.830540 5.296126
20.486150 0.939332 0.080118
20.518860 -1.025225 -3.270665
20.535340 -1.255602 -5.686275
20.568120 -0.177338 -4.845581
20.584780 1.583722 -2.450550
20.601010 2.721719 -2.189925
20.617550 3.739032 2.438157
20.633790 0.799849 -0.285156
20.650390 -1.181813 2.392971
20.666870 -1.455016 4.870788
20.683170 1.228849 1.945605
20.699650 3.917768 -3.057749
20.716130 2.308370 -8.554260
20.732600 2.301985 -0.891168
20.748900 -0.656284 -0.198951
20.765440 -2.371380 -2.695693
20.781800 -0.087052 -5.186323
20.798160 1.118237 -2.534525
20.814880 1.239669 4.137209
20.831120 -0.183807 5.309817
20.847470 0.430823 1.733018
20.864010 2.779066 -5.868792
20.880430 -0.017628 -1.585906
20.896730 -1.627820 1.302414
20.913270 -4.175673 2.405784
20.929630 6.636790 2.432765
20.946040 13.223581 4.490655
20.962650 12.276693 -1.785644
20.978880 4.153935 -3.217601
21.011900 -5.218564 0.990497
21.028320 -2.399574 10.756174
21.044800 0.850839 10.703970
21.061040 3.986979 -0.770817
21.077510 -1.214978 -2.005689
21.110290 -3.356419 -7.466238
21.126770 -0.831842 -4.026620
21.159610 2.991419 -1.319651
21.175960 5.751619 7.278604
21.192500 4.570094 3.710170
21.209050 3.798173 -6.154806
21.225220 1.858408 -2.843151
21.241940 -0.869315 -3.252404
21.258300 4.139824 16.238199
21.274600 -7.281711 -25.006011
21.291080 -20.178092 -88.392232
21.307500 -22.141874 -100.853352
21.324040 -11.409379 -73.807441
21.340390 3.804091 -16.962896
21.356810 2.984582 -9.747948
21.373290 0.638811 -9.474148
21.389650 -0.074749 2.657142
21.406130 0.999772 0.025719
21.422490 -1.075750 -1.297990
21.439090 -1.369434 -5.879285
21.455260 -0.762545 -8.280166
21.471800 0.783506 -10.054705
21.488100 0.548370 -10.284232
21.504580 -1.962932 -6.691133
21.521000 -0.583060 3.547412
21.537660 0.420384 13.193863
21.553890 1.385197 15.510483
21.570250 -1.246449 9.991953
21.586790 -2.923394 2.994101
21.603150 -2.646335 2.670138
21.619690 -0.412446 3.586731
21.636230 1.414605 6.496533
21.652650 0.268966 7.197024
21.668880 -0.835316 3.439949
21.685300 -2.096327 -1.731500
21.701840 -2.196910 -5.596104
21.718140 -2.001309 -5.616979
21.734800 -0.477081 -5.515859
21.751160 -0.290379 -6.554039
21.767400 0.422376 -6.461090
21.783870 0.648148 -6.377792
21.800420 -0.105823 -6.129983
21.816890 0.074212 -6.593047
21.833130 -1.141105 -7.708125
21.849730 -1.431597 -4.203745
21.866030 -1.227380 2.796631
21.882570 0.522436 10.823020
21.898990 1.996973 14.672416
21.915220 2.063303 6.073720
21.931950 0.574458 -1.655368
21.948240 -2.407356 -7.180829
21.964600 -0.015876 -14.175478
21.981080 3.041506 -12.357248
21.997500 3.579732 -7.537782
22.013920 0.356738 0.819513
22.046750 -2.393006 4.347437
22.063290 -0.373447 2.566532
22.079650 0.387954 6.938558
22.096190 0.102405 10.210587
22.112490 0.246945 5.744549
22.129030 0.136517 -0.356738
22.145260 1.248341 -5.267574
22.161870 0.516264 -3.220306
22.194640 -0.749734 -0.801142
22.211120 -1.775721 -7.296846
22.227660 -0.417588 -12.863897
22.243900 1.631379 -12.366351
22.260620 2.740237 -12.659011
22.276920 2.362891 -7.609162
22.293270 2.200724 1.871410
22.309750 -1.554060 8.915087
22.326170 -4.248063 8.522071
22.342530 -3.730868 -2.554797
22.358890 1.815991 -3.027680
22.375240 3.104531 3.540887
22.391780 -2.195229 9.828065
22.408140 0.171094 8.904064
22.424560 0.102476 7.347205
22.440980 4.158186 -5.104414
22.457400 7.929513 -17.463865
22.490420 10.974202 -15.366485
22.506900 12.150505 -1.053414
22.539790 3.732168 18.595956
22.556030 -2.233296 16.038618
22.588930 -1.048573 6.479625
22.605290 -0.112180 1.020859
22.638240 -0.428435 0.641894
22.654790 -1.294982 2.127045
22.687500 5.466270 -8.523752
22.704040 9.709233 -12.317255
22.736940 7.959386 -8.616134
22.753300 -0.080300 -3.109132
22.786070 -1.093533 0.589396
22.802370 3.404104 -2.014664
22.835270 0.635167 -0.084194
22.851930 1.745155 0.154624
22.884640 -0.892522 4.762575
22.901310 9.211100 0.883198
22.917420 13.479232 -1.184312
22.933900 10.387511 -0.069297
22.950260 3.951865 0.420057
22.966800 -2.514832 3.348224
22.983150 1.457163 -6.443232
22.999760 3.355444 -6.552266
23.016170 1.300180 -2.932646
23.032470 -2.759432 1.842675
23.048830 -1.225134 7.327043
23.065310 -0.390609 3.358387
23.081910 0.370396 -1.211913
23.098080 -0.062531 2.759615
23.114620 -0.585546 4.752869
23.131350 0.136912 0.306031
23.147640 1.076767 -9.526006
23.164310 0.233357 -8.209701
23.180480 -0.782461 2.390576
23.197200 -0.997710 6.078088
23.213440 0.584261 3.652591
23.229980 4.073734 -4.203599
23.246700 8.107244 -8.475423
23.262700 -19.193817 -11.996408
23.279170 -39.742032 -8.203267
23.344670 -37.178230 -3.317954
23.361150 -13.526069 5.808490
23.377560 9.939210 11.749718
23.394040 1.095044 13.715151
23.410280 -0.309448 6.151223
23.426760 -0.835217 1.027202
23.443120 1.059817 2.714447
23.476140 0.855854 1.751041
23.492490 -0.453719 0.495568
23.525270 -0.566887 -6.326538
23.541870 -0.200940 -1.136347
23.574520 -1.745127 3.077070
23.591000 -4.747798 5.486887
23.624020 -3.293069 5.179413
23.640320 -0.981904 2.011465
23.673160 2.781185 1.541762
23.689760 0.701215 0.563841
23.722530 1.777783 2.771606
23.738890 2.242166 2.828053
23.771790 -0.985887 2.802553
23.788150 -0.195912 -7.702970
23.823000 2.810183 -14.916233
23.837520 4.505403 -6.064379
23.870300 2.771142 0.264811
23.886780 -1.239655 -1.890566
23.919490 0.333771 -8.200689
23.936100 2.996744 -2.018905
23.968930 0.877507 3.553956
23.985290 -0.996594 -4.959186
24.018130 1.728318 2.862472
24.034610 6.183060 14.584240
24.067380 5.918291 14.215764
24.084050 2.213225 4.632684
24.116880 0.516829 -5.096408
24.133300 1.165160 -0.363720
24.166080 0.732332 0.029155
24.182370 0.415426 0.494874
24.215390 3.176525 7.734684
24.231630 -3.604112 2.079775
24.248170 -12.570567 -7.336658
24.264830 -13.018085 -8.445573
24.281370 -5.251093 -1.697739
24.297730 4.503877 4.458465
24.314330 1.310392 3.898903
24.330440 -0.131940 3.774805
24.364140 -1.828887 3.876017
24.382810 0.478819 2.638698
24.396550 2.126879 -6.010730
24.412780 0.592835 -11.919491
24.429380 0.784085 -8.278028
24.445560 -1.632326 1.190563
24.462100 -2.816497 10.548033
24.478450 -1.678429 5.736689
24.511110 0.228456 -3.833884
24.527530 3.505845 -5.318847
24.560420 2.119266 -4.181389
24.576900 0.169640 -3.953064
24.609500 2.293524 -6.277513
24.626160 2.859705 -3.822843
24.658870 3.494927 -2.252586
24.675290 1.179567 1.539221
24.692080 -1.261026 -3.745760
24.708250 0.003715 -9.740234
24.724490 -1.458957 -11.221827
24.757390 -3.532584 -4.132090
24.773860 2.546373 8.601383
24.808590 9.781467 2.595742
24.905400 15.485886 13.893659
24.921880 9.746536 16.325405
24.954530 3.311968 6.976451
24.970950 0.854145 2.134923
25.004150 -0.828367 4.419677
25.020320 -2.717326 9.151178
25.036930 -5.930919 -4.149803
25.053280 -4.397320 -13.040030
25.069580 -1.965701 -12.530092
25.086000 -0.099241 -8.373737
25.102360 -1.641789 -13.662326
25.118900 -6.359026 -7.656139
25.151980 -9.951414 -5.369242
25.348940 -5.296632 7.095667
25.365420 1.193579 20.272407
25.447750 5.297338 21.833652
25.463870 2.384178 9.176823
25.480290 0.002429 -5.700222
25.496830 1.417684 1.071547
25.513310 -0.505133 0.703257
25.546080 4.821007 1.081016
25.562380 8.559558 -8.008942
25.595280 8.841472 -7.647639
25.611690 4.261227 -1.367543
25.644530 -0.018348 2.560847
25.661130 2.800465 5.636099
25.694030 -0.202099 -1.776266
25.710390 0.136277 4.470822
25.743160 -3.468542 2.710152
25.759640 -0.222890 -3.877169
25.792360 1.424295 -6.369914
25.808960 -0.172945 -0.958435
25.841610 0.964319 -1.209793
25.858150 -5.315305 20.164294
25.874630 -7.721569 67.704874
25.890990 -8.868578 80.931832
25.907470 -6.596167 70.007331
25.923950 -3.472059 26.661040
25.940250 -3.121495 11.839942
25.956730 -4.648317 6.568699
25.989500 -4.446163 3.841945
26.005980 -2.734431 -20.114323
26.022520 -0.302865 -42.718055
26.038880 2.293694 -42.416003
26.055240 -0.983585 -15.446709
26.088320 -2.957321 13.047195
26.104550 -1.686636 -0.535180
26.120970 1.347526 4.535384
26.137570 3.537725 5.801306
26.154050 1.646945 2.815403
26.170410 2.376677 -5.841959
26.186830 -4.417786 -4.382661
26.203250 19.580359 -27.223488
26.219540 38.774226 -40.265859
26.235960 36.683917 -35.606662
26.252380 17.691170 -10.839123
26.268920 -8.400260 14.120313
26.285220 -3.063837 6.207760
26.301700 -2.831695 6.022081
26.318240 0.088492 3.963118
26.334470 3.076069 5.799240
26.351010 1.434182 -0.512751
26.367490 0.013066 -5.694666
26.383910 0.527776 -5.955106
26.400270 -2.048303 -2.320512
26.416630 -3.513953 1.687539
26.433170 -3.386053 3.378019
26.449460 -0.858509 3.465284
26.466190 0.520035 10.345997
26.482540 -1.083306 12.579846
26.498900 -1.402203 5.473214
26.515440 -1.186376 -3.268216
26.531620 -0.311821 -14.163323
26.548220 0.781176 -16.624712
26.564640 3.555960 2.677816
26.580990 5.017879 5.789790
26.597530 0.317767 46.985553
26.613950 -3.756745 67.539828
26.630370 -3.873825 53.380910
26.646790 -0.611819 22.310549
26.663150 1.066893 -12.276219
26.679810 -2.360815 0.500394
26.695860 -0.113409 2.381601
26.729060 0.125217 3.708251
26.745300 1.542096 2.806264
26.778140 2.269427 5.412783
26.794680 3.013115 -1.872452
26.811160 0.042219 -5.513008
26.827510 -5.040690 -6.921065
26.843870 -4.156774 -0.826934
26.860410 -0.946889 4.893802
26.876770 2.229058 7.798423
26.893250 -0.616452 3.018778
26.909670 -1.532562 -1.450969
26.926150 -1.230996 -0.727020
26.942380 0.982045 1.805367
26.958800 1.889864 9.052398
26.975280 1.244584 9.272148
26.991700 0.003150 -2.708379
27.008240 0.248753 -10.941649
27.024660 2.497487 -11.596761
27.041020 2.312946 -6.347157
27.057430 0.243061 -2.780618
27.073790 -2.410633 -3.036783
27.090450 -2.429871 -0.262691
27.106750 -2.490792 6.809417
27.123290 -3.377620 12.659907
27.139650 -0.919345 15.574420
27.156190 1.684249 7.801530
27.172550 1.876714 -5.431099
27.188840 1.784592 -5.869944
27.205260 0.800018 -5.651764
27.221620 1.701086 -1.718796
27.238340 0.492986 -13.322782
27.254640 -2.399969 -23.972200
27.271000 -2.151216 -13.323769
27.287410 -2.008838 -1.367488
27.320250 -0.591719 7.195672
27.336670 -0.206619 -1.848999
27.353150 0.279828 -8.555247
27.369510 2.065888 -3.296402
27.386170 1.659219 -4.984832
27.402470 -0.262129 -1.634511
27.418760 -2.006493 2.146439
27.435240 -2.084250 9.534341
27.451780 0.075738 -1.693809
27.468200 1.930106 -14.897771
27.484500 2.382666 -16.695321
27.501040 0.426317 -12.305556
27.517520 -1.135964 -4.152216
27.533690 -3.862257 -6.448734
27.550230 -1.574258 -2.638369
27.566960 3.051238 -1.893729
27.583310 1.586561 2.781934
27.599550 0.060977 6.652472
27.616030 -2.100847 6.156268
27.632390 0.073308 -1.761332
27.648740 0.073689 -9.552638
27.665280 -2.611701 -8.498180
27.681700 -0.121672 -7.686775
27.698300 2.129874 -4.317350
27.714540 2.370067 -0.485935
27.731020 1.798971 1.934327
27.763730 4.078960 -5.288887
27.780270 4.116942 -7.311890
27.813170 1.239231 -3.424357
27.829530 -1.852010 4.690830
27.846010 -0.889782 14.043653
27.862370 2.894198 15.712971
27.878910 1.492433 12.373571
27.895320 -0.911944 3.889306
27.911740 -2.161132 -0.648913
27.928160 0.170925 -7.792501
27.944520 -2.420097 -8.196412
27.961060 -6.066432 -7.120270
27.977360 -3.586724 -1.342665
27.993900 1.941392 5.646244
28.010440 23.415190 22.958997
28.026790 -34.670581 -37.425186
28.043330 -84.842413 -93.539789
