0.000000 405.669600 214.998000
0.016360 408.525600 229.141500
0.032710 383.140800 287.815500
0.048950 429.139200 264.358500
0.065190 432.600000 277.630500
0.081670 387.105600 258.352500
0.098140 404.426400 279.216000
0.114500 403.015200 275.289000
0.130980 416.287200 256.242000
0.147340 419.042400 270.480000
0.163820 423.242400 287.616000
0.180300 417.312000 317.740500
0.196660 416.757600 331.453500
0.213130 418.874400 339.328500
0.229490 418.387200 342.195000
0.245970 433.120800 348.348000
0.262450 431.088000 340.525500
0.278930 377.596800 309.529500
0.295410 388.096800 314.097000
0.311890 391.860000 326.959500
0.328370 582.724800 311.482500
0.344600 591.511200 358.113000
0.377560 584.589600 305.277000
0.393920 593.594400 306.957000
0.410280 591.074400 284.760000
0.427000 546.789600 321.657000
0.443360 633.141600 249.228000
0.459720 633.796800 262.899000
0.476070 584.270400 342.289500
0.492550 585.295200 282.303000
0.509160 586.202400 286.156500
0.525510 562.111200 319.966500
0.541630 532.291200 193.830000
0.558230 532.996800 202.020000
0.574580 593.560800 255.076500
0.591060 558.364800 295.396500
0.607670 562.783200 324.754500
0.624270 594.064800 286.534500
0.640630 553.526400 301.045500
0.656980 551.812800 282.471000
0.673580 507.460800 304.657500
0.690060 524.949600 235.809000
0.706300 524.025600 233.992500
0.722660 536.424000 134.326500
0.739140 536.306400 91.560000
0.755370 537.583200 104.853000
0.771850 519.422400 93.712500
0.788210 512.232000 87.297000
0.804570 510.249600 69.972000
0.821040 517.624800 66.864000
0.837650 513.928800 62.653500
0.870360 520.900800 29.169000
0.886840 513.878400 91.843500
0.903320 512.349600 76.408500
0.919680 516.734400 53.130000
0.936040 558.196800 3.853500
0.968990 572.342400 20.044500
0.985350 578.121600 29.998500
1.001830 578.256000 52.899000
1.018190 536.474400 22.428000
1.034550 578.205600 78.708000
1.067630 585.530400 93.429000
1.083860 550.569600 70.024500
1.100340 551.056800 89.680500
1.116820 554.097600 134.074500
1.133420 512.265600 108.486000
1.149660 511.492800 94.258500
1.166140 685.053600 119.878500
1.182500 665.935200 111.373500
1.198850 664.339200 92.253000
1.215330 690.765600 108.097500
1.231690 696.276000 119.668500
1.248290 696.914400 150.633000
1.264530 665.028000 180.001500
1.281130 681.408000 194.103000
1.297490 681.676800 202.230000
1.313840 714.016800 173.071500
1.330320 687.741600 155.851500
1.346800 687.489600 165.774000
1.363280 708.271200 187.078500
1.379760 735.991200 196.822500
1.396120 736.562400 186.574500
1.412600 737.402400 178.972500
1.428960 744.979200 150.339000
1.445430 745.197600 114.681000
1.461670 692.697600 83.517000
1.478150 694.176000 83.937000
1.511110 753.799200 106.449000
1.527340 744.844800 121.968000
1.543950 744.038400 149.236500
1.560300 824.157600 232.333500
1.576780 814.094400 264.054000
1.593380 816.530400 296.121000
1.609620 860.328000 275.625000
1.626100 825.031200 220.552500
1.642460 827.769600 191.278500
1.658810 813.892800 136.920000
1.675290 831.264000 90.342000
1.691770 833.448000 52.069500
1.708250 808.214400 96.411000
1.724730 822.024000 72.849000
1.741210 820.663200 88.315500
1.757570 825.451200 95.959500
1.773930 826.526400 122.619000
1.790410 826.694400 126.945000
1.806880 848.282400 88.116000
1.823490 880.236000 70.906500
1.839720 881.899200 50.358000
1.856320 853.339200 57.865500
1.872920 845.560800 79.726500
1.905640 862.159200 31.521000
1.922000 836.892000 40.603500
1.954830 868.963200 61.908000
1.971310 927.796800 55.408500
2.004270 931.795200 17.566500
2.020630 929.426400 19.603500
2.036740 927.192000 36.246000
2.053220 954.122400 67.410000
2.069580 943.320000 86.688000
2.085940 946.260000 72.166500
2.102420 948.309600 69.415500
2.119140 935.844000 29.137500
2.135740 935.793600 19.876500
2.152100 957.600000 55.020000
2.168210 986.260800 64.354500
2.184810 978.532800 119.049000
2.201420 964.807200 147.735000
2.217900 962.152800 138.001500
2.250730 705.986400 178.206000
2.266970 566.042400 201.169500
2.283330 563.875200 179.256000
2.300050 565.723200 190.690500
2.316280 509.056800 114.565500
2.332890 507.981600 95.497500
2.349370 519.069600 100.096500
2.365480 581.935200 169.837500
2.398190 568.310400 144.963000
2.414670 585.513600 144.564000
2.447510 567.924000 143.881500
2.464230 570.040800 141.970500
2.496950 550.183200 171.801000
2.513430 575.232000 161.175000
2.530030 575.232000 161.175000
2.546260 563.892000 146.128500
2.562740 559.288800 161.332500
2.578980 560.498400 174.646500
2.595460 568.176000 190.092000
2.611690 572.644800 206.797500
2.628170 573.367200 210.777000
2.644780 598.164000 178.248000
2.661250 583.951200 165.627000
2.677610 582.220800 147.997500
2.693970 563.253600 158.109000
2.710450 553.291200 173.397000
2.726810 554.534400 186.721500
2.743160 578.020800 153.867000
2.759640 582.456000 168.063000
2.776120 583.144800 172.053000
2.792720 562.447200 188.254500
2.809080 583.060800 160.954500
2.825200 581.364000 143.251500
2.841670 576.626400 156.135000
2.858150 580.776000 148.638000
2.891240 593.930400 151.662000
2.907590 585.463200 147.588000
2.923830 584.421600 131.922000
2.940430 578.256000 125.233500
2.956670 557.726400 110.859000
2.973270 555.660000 91.308000
2.989750 626.035200 59.167500
3.005980 625.682400 51.933000
3.022460 626.992800 81.774000
3.038940 633.309600 120.729000
3.055420 615.938400 163.338000
3.071780 618.088800 187.729500
3.088260 614.191200 180.537000
3.104610 620.138400 155.242500
3.120970 618.861600 137.287500
3.137570 617.299200 126.714000
3.154170 633.511200 124.761000
3.170650 634.754400 151.263000
3.187010 728.296800 159.127500
3.203370 720.804000 132.373500
3.219970 717.057600 172.546500
3.236080 730.615200 146.769000
3.252560 708.523200 159.925500
3.269040 714.134400 94.783500
3.285280 727.204800 165.196500
3.301760 734.630400 92.872500
3.318120 734.260800 52.773000
3.334720 747.348000 79.999500
3.351200 749.061600 118.188000
3.367550 748.742400 148.470000
3.383790 878.976000 142.863000
3.400150 835.766400 13.125000
3.433110 839.731200 55.041000
3.449710 829.281600 34.104000
3.465940 827.635200 44.877000
3.482300 830.760000 33.631500
3.499020 841.596000 46.882500
3.515260 837.967200 69.289500
3.531740 799.008000 85.323000
3.548220 807.828000 79.747500
3.564700 811.003200 57.655500
3.581050 833.985600 66.339000
3.597530 815.388000 165.312000
3.613770 817.555200 129.895500
3.630250 543.379200 223.923000
3.646850 537.364800 211.249500
3.663090 535.046400 193.399500
3.679690 569.822400 183.151500
3.695920 563.875200 183.718500
3.728760 533.198400 216.279000
3.745360 528.141600 185.808000
3.778080 549.175200 210.756000
3.794680 543.211200 212.121000
3.811160 546.436800 237.552000
3.827640 540.069600 283.594500
3.843750 524.059200 320.806500
3.860350 529.855200 353.325000
3.877810 530.560800 342.804000
3.893070 529.149600 331.632000
3.925900 555.525600 339.108000
3.942500 564.228000 328.198500
3.975220 591.309600 350.931000
3.991820 578.995200 318.780000
4.008180 577.600800 306.390000
4.024660 603.120000 264.537000
4.041020 600.600000 254.121000
4.057500 598.953600 237.730500
4.073970 603.708000 260.221500
4.090210 599.894400 246.235500
4.123050 619.012800 270.795000
4.139650 581.868000 286.408500
4.156010 580.641600 272.695500
4.172610 624.741600 221.487000
4.188840 655.636800 172.557000
4.205320 655.569600 181.020000
4.221920 678.417600 207.081000
4.238280 683.692800 250.729500
4.254640 684.936000 273.829500
4.271120 650.126400 272.296500
4.287600 655.166400 239.295000
4.303830 654.192000 222.463500
4.320310 657.938400 216.489000
4.336790 654.259200 206.944500
4.369630 658.627200 197.599500
4.385990 616.509600 246.571500
4.402470 617.920800 262.006500
4.418820 598.920000 277.536000
4.435300 601.742400 302.998500
4.451780 604.144800 324.639000
4.468140 572.392800 303.408000
4.484620 580.792800 317.457000
4.501100 578.810400 301.969500
4.517580 603.288000 270.973500
4.533940 593.644800 263.203500
4.550290 591.360000 241.395000
4.566770 612.427200 249.385500
4.583130 608.328000 236.313000
4.615970 607.068000 256.357500
4.632450 571.015200 261.418500
4.648930 572.292000 273.483000
4.665280 567.016800 334.572000
4.681760 574.929600 355.425000
4.698120 577.080000 370.587000
4.714480 574.896000 351.267000
4.730960 550.905600 335.716500
4.747680 552.367200 346.290000
4.763920 588.201600 378.451500
4.780270 561.372000 416.094000
4.796750 562.195200 419.191500
4.813110 558.717600 380.698500
4.829590 583.581600 364.213500
4.846070 582.304800 348.442500
4.862430 590.100000 362.922000
4.879150 575.400000 364.612500
4.895260 573.669600 357.420000
4.911740 578.188800 392.343000
4.928100 574.358400 383.670000
4.944580 574.308000 381.412500
4.961180 541.783200 358.375500
4.977420 546.218400 361.515000
4.993770 545.311200 358.281000
5.010380 534.307200 385.140000
5.026860 531.350400 389.676000
5.043090 534.004800 404.155500
5.059940 533.400000 382.893000
5.075930 558.415200 377.338500
5.092530 557.054400 365.694000
5.108760 551.241600 371.521500
5.125370 570.192000 362.995500
5.141720 568.192800 348.369000
5.158200 581.868000 325.888500
5.174560 570.712800 346.678500
5.207400 548.990400 342.384000
5.224000 559.389600 366.586500
5.256840 555.693600 355.246500
5.273070 544.891200 368.602500
5.306150 560.784000 360.958500
5.322390 584.942400 351.781500
5.338990 586.034400 362.985000
5.355350 584.371200 370.083000
5.371950 602.061600 383.313000
5.388180 602.851200 386.725500
5.405270 598.164000 377.013000
5.421020 596.719200 362.985000
5.437380 595.980000 359.520000
5.453860 597.576000 332.724000
5.470340 585.732000 346.594500
5.486690 587.731200 361.924500
5.503170 598.651200 392.983500
5.519650 610.142400 383.281500
5.536130 610.898400 393.592500
5.552490 609.957600 382.305000
5.568850 613.485600 407.736000
5.585210 612.141600 384.909000
5.601810 632.318400 323.337000
5.618040 612.864000 318.811500
5.634770 608.277600 273.577500
5.651000 608.227200 254.194500
5.667360 617.954400 240.471000
5.683840 618.928800 253.974000
5.700200 596.551200 288.025500
5.717040 624.724800 275.751000
5.733150 626.320800 293.485500
5.749760 611.419200 325.909500
5.766110 603.338400 327.148500
5.798830 606.799200 334.876500
5.815430 629.630400 317.772000
5.848390 659.954400 314.170500
5.864870 601.036800 312.186000
5.897340 636.770400 295.260000
5.913940 625.128000 318.801000
5.948970 649.555200 381.433500
5.963130 673.159200 361.672500
5.979490 674.486400 368.634000
5.995970 693.218400 370.062000
6.012570 699.636000 377.769000
6.028930 702.156000 392.017500
6.045290 699.585600 429.418500
6.063600 651.840000 392.196000
6.094730 674.335200 398.139000
6.110960 678.451200 413.647500
6.127440 677.006400 406.623000
6.143920 683.877600 408.355500
6.160160 704.491200 384.993000
6.176760 702.072000 371.091000
6.193240 691.639200 359.278500
6.209720 699.955200 344.158500
6.226070 699.804000 343.266000
6.242430 641.928000 339.402000
6.258790 656.762400 367.899000
6.275150 657.972000 379.911000
6.291870 679.274400 352.485000
6.307980 693.940800 339.465000
6.324580 693.302400 310.432500
6.340820 645.892800 281.589000
6.357300 643.087200 271.887000
6.373780 641.827200 254.499000
6.390140 663.835200 228.207000
6.406860 677.695200 229.519500
6.423220 677.913600 255.150000
6.439580 617.114400 322.980000
6.455930 579.532800 385.665000
6.472290 585.144000 426.394500
6.488770 585.664800 451.542000
6.505250 576.643200 442.753500
6.521850 577.449600 445.809000
6.537960 594.182400 450.555000
6.554570 577.012800 460.351500
6.570920 576.206400 457.443000
6.587280 613.250400 447.867000
6.603760 581.246400 496.093500
6.620240 580.104000 484.323000
6.636840 557.558400 417.564000
6.653200 558.684000 403.389000
6.669430 554.484000 380.583000
6.685910 548.486400 386.032500
6.702270 531.350400 403.756500
6.718750 534.172800 418.561500
6.735230 563.320800 393.834000
6.751710 559.557600 398.590500
6.784420 549.141600 391.482000
6.800900 577.180800 405.541500
6.817380 577.332000 409.531500
6.833740 551.443200 439.225500
6.850340 535.869600 437.871000
6.866700 535.399200 433.975500
6.883060 597.592800 424.704000
6.899410 608.277600 430.101000
6.915890 606.580800 416.314500
6.932250 644.548800 398.359500
6.948850 618.240000 397.456500
6.965210 617.299200 385.066500
6.981690 609.991200 397.362000
6.998540 605.455200 387.334500
7.014770 604.699200 383.848500
7.031250 594.804000 406.644000
7.047610 607.269600 439.897500
7.064090 608.059200 443.331000
7.080200 581.212800 379.407000
7.096680 625.884000 314.181000
7.113040 624.388800 297.517500
7.129390 580.339200 304.038000
7.146000 566.899200 319.567500
7.178960 586.773600 336.546000
7.195190 581.918400 336.850500
7.228150 593.325600 331.023000
7.244510 574.476000 329.941500
7.260990 576.508800 353.419500
7.277710 560.263200 385.854000
7.293950 569.318400 422.373000
7.310180 574.072800 452.046000
7.326660 594.585600 406.696500
7.343260 588.856800 435.655500
7.375850 600.129600 461.601000
7.392460 612.712800 454.786500
7.408940 612.393600 446.649000
7.425290 633.141600 445.641000
7.441770 631.360800 429.817500
7.458250 629.899200 422.950500
7.474730 626.858400 431.665500
7.491460 620.491200 402.748500
7.507450 622.070400 414.403500
7.524050 637.980000 427.696500
7.540530 633.645600 433.440000
7.557010 631.226400 411.159000
7.573490 642.297600 401.100000
7.589970 662.995200 347.476500
7.606200 661.953600 331.642500
7.622440 687.456000 348.568500
7.638790 712.286400 336.367500
7.655150 712.488000 344.872500
7.671630 708.019200 333.627000
7.688230 686.330400 346.143000
7.704710 686.716800 354.732000
7.721440 692.983200 347.592000
7.737300 699.854400 351.015000
7.753780 700.677600 360.517500
7.770260 697.502400 379.134000
7.786620 716.352000 338.404500
7.803100 715.780800 334.435500
7.819580 712.740000 419.055000
7.836060 745.970400 410.781000
7.852660 745.634400 416.440500
7.868900 739.603200 436.201500
7.885500 738.544800 438.417000
7.901490 739.082400 448.854000
7.918210 740.594400 454.251000
7.934570 739.552800 458.629500
7.951050 739.485600 451.615500
7.967290 689.270400 413.091000
7.983890 647.001600 400.123500
8.000370 646.363200 392.794500
8.016720 612.914400 424.053000
8.033200 593.947200 425.019000
8.049800 594.081600 428.599500
8.066040 622.809600 399.871500
8.082400 630.672000 420.924000
8.098880 632.217600 426.909000
8.115230 615.266400 422.373000
8.131590 614.325600 409.048500
8.148190 611.755200 391.377000
8.164550 579.196800 368.235000
8.180910 584.740800 367.815000
8.197390 584.858400 368.728500
8.213870 610.864800 437.451000
8.230350 613.435200 438.438000
8.246700 615.048000 454.765500
8.263180 606.631200 427.171500
8.279540 617.131200 453.316500
8.295900 619.735200 473.718000
8.312500 609.957600 455.301000
8.328860 618.592800 478.390500
8.345210 617.803200 472.122000
8.362670 560.330400 467.218500
8.378170 571.922400 465.265500
8.394530 570.696000 455.416500
8.411130 558.028800 481.887000
8.427490 572.443200 438.984000
8.443850 569.167200 420.840000
8.460210 569.990400 412.303500
8.476680 556.298400 394.369500
8.493160 554.248800 378.304500
8.509520 625.480800 371.038500
8.526120 687.674400 368.245500
8.542360 687.136800 365.778000
8.558960 675.612000 316.165500
8.575320 672.873600 322.801500
8.591800 674.116800 351.571500
8.608150 687.708000 370.555500
8.624630 698.695200 434.143500
8.640870 699.249600 437.409000
8.657350 682.701600 406.213500
8.673950 690.345600 416.776500
8.690190 689.623200 402.517500
8.903810 677.308800 391.135500
8.920410 695.469600 391.198500
8.936650 695.284800 395.188500
8.953000 725.390400 401.488500
8.969600 689.892000 331.831500
9.002320 694.310400 334.047000
9.018920 776.294400 346.615500
9.035280 775.252800 361.515000
9.051510 743.988000 413.994000
9.068120 758.906400 473.277000
9.084590 759.763200 479.398500
9.100950 570.528000 497.280000
9.117310 560.296800 485.583000
9.133910 555.693600 461.118000
9.150390 568.680000 423.874500
9.166630 586.924800 419.548500
9.183230 587.714400 422.058000
9.199460 576.441600 413.353500
9.215940 553.341600 413.910000
9.232420 552.300000 410.434500
9.249020 542.018400 427.980000
9.265500 543.984000 414.844500
9.281740 546.688800 432.127500
9.298220 566.731200 439.561500
9.314580 581.649600 450.229500
9.331050 585.093600 473.875500
9.348880 555.945600 517.398000
9.364010 550.166400 514.353000
9.380130 548.872800 503.307000
9.396610 588.554400 468.972000
9.413210 570.763200 450.985500
9.429440 566.546400 428.767500
9.446040 633.880800 433.345500
9.462400 628.605600 417.438000
9.478760 628.706400 418.330500
9.495240 635.157600 430.794000
9.511720 616.543200 396.868500
9.544560 636.031200 419.139000
9.560910 602.246400 423.307500
9.577270 602.162400 418.813500
9.593870 617.416800 398.170500
9.610230 612.309600 375.186000
9.626710 610.663200 364.581000
9.643070 670.840800 400.491000
9.659420 689.808000 402.465000
9.677980 690.211200 410.424000
9.692630 698.712000 424.263000
9.708980 697.502400 413.206500
9.741580 689.001600 403.651500
9.758060 663.381600 415.359000
9.777470 662.894400 402.979500
9.791020 707.901600 359.331000
9.807370 702.055200 335.916000
9.823850 701.450400 319.315500
9.840210 695.587200 327.810000
9.856810 679.173600 343.213500
9.892090 697.267200 281.893500
9.906130 682.147200 286.818000
9.922490 682.365600 300.142500
9.938840 787.617600 334.971000
9.955200 802.183200 376.803000
9.971560 801.410400 393.529500
9.988160 772.548000 386.704500
10.004520 776.815200 374.682000
10.037480 778.797600 370.503000
10.053830 752.992800 376.036500
10.086550 765.408000 380.667000
10.104740 782.510400 390.967500
10.135860 774.177600 384.930000
10.152340 775.773600 399.913500
10.185180 773.152800 354.375000
10.201540 781.284000 412.408500
10.218870 781.065600 419.643000
10.234380 799.142400 451.563000
10.250850 791.985600 453.243000
10.267210 791.028000 464.110500
10.283690 796.857600 460.824000
10.300170 805.240800 461.464500
10.333010 767.860800 417.532500
10.349370 585.866400 455.815500
10.365970 584.589600 445.336500
10.382200 621.213600 432.631500
10.398800 613.216800 428.064000
10.415160 612.360000 421.249500
10.432010 582.254400 457.054500
10.448240 572.577600 408.964500
10.481080 580.910400 431.581500
10.497560 570.124800 434.553000
10.530400 576.777600 458.430000
10.546630 588.873600 441.997500
10.579830 587.697600 450.996000
10.596310 607.101600 433.471500
10.612550 607.992000 440.275500
10.628910 677.292000 465.423000
10.645630 656.964000 439.330500
10.661740 657.417600 450.282000
10.678100 655.804800 478.432500
10.694460 657.720000 493.080000
10.710820 657.938400 489.247500
10.727290 644.431200 484.743000
10.743900 661.365600 449.347500
10.762210 660.290400 435.687000
10.776730 662.356800 426.993000
10.793090 647.858400 425.953500
10.809450 648.446400 432.862500
10.825930 682.802400 450.670500
10.842290 685.540800 424.494000
10.875120 755.260800 432.085500
10.891600 736.125600 431.718000
10.908200 736.377600 412.450500
10.924440 739.166400 395.577000
10.940800 734.227200 371.542500
10.957400 733.723200 367.920000
10.973630 715.226400 377.422500
10.990480 745.752000 394.117500
11.006590 745.718400 410.329500
11.022950 723.777600 443.310000
11.039430 731.220000 420.483000
11.055910 730.951200 431.392500
11.072270 754.572000 407.809500
11.090580 723.223200 427.276500
11.105350 723.559200 441.850500
11.121580 733.336800 466.714500
11.138180 711.832800 462.588000
11.170780 697.485600 457.128000
11.187260 650.260800 474.327000
11.203610 649.656000 463.711500
11.220340 624.993600 430.552500
11.236570 635.476800 422.625000
11.253050 634.099200 412.366500
11.269410 673.209600 398.086500
11.285770 660.643200 405.195000
11.302250 661.348800 403.756500
11.318730 657.938400 458.944500
11.335210 651.420000 427.266000
11.351560 650.042400 417.196500
11.368040 651.117600 414.634500
11.384400 640.836000 416.314500
11.400880 641.625600 419.790000
11.417600 576.004800 453.274500
11.433720 550.905600 450.019500
11.450200 551.174400 457.044000
11.466550 565.555200 500.062500
11.483150 552.081600 511.654500
11.499510 554.584800 521.545500
11.515750 550.569600 511.570500
11.532350 565.908000 523.131000
11.548830 561.842400 500.136000
11.565190 566.160000 494.350500
11.581540 568.461600 476.448000
11.598020 565.958400 462.598500
11.614500 553.308000 469.003500
11.630860 592.821600 428.442000
11.663820 589.176000 434.679000
11.680180 595.526400 435.613500
11.696530 596.551200 446.827500
11.713010 614.779200 463.785000
11.729610 605.203200 474.747000
11.747800 607.202400 489.153000
11.762330 617.685600 477.298500
11.778690 622.910400 474.117000
11.795170 623.683200 484.239000
11.811520 598.768800 460.708500
11.828130 604.766400 470.211000
11.844480 606.681600 483.735000
11.860840 613.838400 494.907000
11.877320 607.706400 517.765500
11.910280 560.481600 540.540000
11.926510 568.461600 556.479000
11.943120 566.966400 546.819000
11.959470 568.276800 500.346000
11.975710 564.950400 488.764500
11.992430 562.615200 475.996500
12.008670 542.808000 477.760500
12.025150 542.976000 470.694000
12.058110 552.535200 474.768000
12.074340 551.191200 484.281000
12.090820 551.577600 487.620000
12.107300 666.724800 477.015000
12.123780 632.318400 504.808500
12.140140 633.074400 507.633000
12.156620 664.994400 486.381000
12.173220 651.688800 485.320500
12.189450 651.067200 478.884000
12.205810 687.960000 449.200500
12.222290 684.700800 447.877500
12.255000 655.048800 462.861000
12.271610 662.491200 458.335500
12.288090 663.432000 474.610500
12.304690 654.864000 523.498500
12.320920 658.442400 534.366000
12.337280 660.492000 545.653500
12.353760 655.872000 524.034000
12.370240 662.995200 516.264000
12.386600 661.600800 506.404500
12.402950 671.227200 484.753500
12.419560 665.196000 483.829500
12.435790 664.792800 478.684500
12.452390 672.739200 492.114000
12.468750 669.748800 478.086000
12.485230 668.808000 465.580500
12.501710 719.812800 440.370000
12.518070 729.976800 420.997500
12.550900 703.768800 454.587000
12.567260 710.673600 461.370000
12.583740 710.539200 480.648000
12.600220 719.090400 495.453000
12.616580 725.256000 543.091500
12.633060 726.146400 558.925500
12.649410 710.421600 544.425000
12.665890 714.336000 541.968000
12.682250 713.848800 530.334000
12.698610 722.836800 511.833000
12.715330 723.324000 502.131000
12.731450 723.979200 487.273500
12.748050 810.465600 434.364000
12.764400 788.625600 429.954000
12.780760 788.709600 412.471500
12.797240 808.886400 426.678000
12.813720 786.374400 421.606500
12.830080 785.668800 442.911000
12.846560 785.215200 493.615500
12.863040 769.188000 474.421500
12.895750 795.396000 462.262500
12.912350 806.198400 473.487000
12.928710 806.232000 464.173500
12.945190 852.902400 431.277000
12.961790 855.607200 439.362000
12.978150 855.724800 442.575000
12.994870 887.678400 427.896000
13.010990 875.985600 431.308500
13.027710 876.808800 424.105500
13.044070 859.941600 442.827000
13.062010 830.323200 446.953500
13.093140 829.869600 433.240500
13.109740 866.695200 422.005500
13.142460 884.688000 400.659000
13.158940 843.528000 445.819500
13.175170 845.107200 433.335000
13.191770 627.312000 432.778500
13.208130 589.310400 444.864000
13.224730 589.495200 451.542000
13.240840 642.818400 475.450500
13.257450 638.534400 471.072000
13.273930 640.785600 492.891000
13.290280 653.738400 498.225000
13.306880 631.764000 493.153500
13.323000 630.739200 478.747500
13.339600 646.732800 449.295000
13.355960 662.088000 435.508500
13.372440 661.264800 435.960000
13.388790 655.620000 442.701000
13.405270 657.434400 472.416000
13.421630 659.416800 489.814500
13.438110 637.862400 512.977500
13.454590 636.652800 526.144500
13.470950 634.956000 509.491500
13.487670 624.052800 455.563500
13.503780 546.218400 395.146500
13.520260 546.520800 402.318000
13.536740 597.945600 470.883000
13.553100 587.277600 500.608500
13.569460 590.553600 520.705500
13.585940 620.373600 515.004000
13.602290 645.825600 531.163500
13.618770 644.128800 513.775500
13.635250 661.197600 461.212500
13.651730 660.458400 485.320500
13.667850 658.744800 461.380500
13.684570 646.312800 428.284500
13.700810 629.580000 407.379000
13.717410 629.630400 411.663000
13.734010 624.674400 426.835500
13.750490 626.388000 441.819000
13.766970 628.118400 456.834000
13.783200 648.396000 468.016500
13.799800 632.822400 436.369500
13.816160 631.747200 424.368000
13.836910 643.070400 439.173000
13.849120 636.871200 422.163000
13.865230 636.232800 418.624500
13.881590 610.243200 444.244500
13.898320 608.294400 456.015000
13.914790 609.050400 459.427500
13.931030 601.776000 453.022500
13.947630 648.009600 445.735500
13.964110 646.716000 431.140500
13.980470 601.994400 424.798500
13.996830 679.408800 376.393500
14.013180 679.543200 388.542000
14.029910 715.024800 504.819000
14.046140 693.336000 512.536500
14.062740 694.159200 526.554000
14.078740 662.004000 467.460000
14.095210 669.228000 455.742000
14.128050 670.622400 458.440500
14.144650 661.113600 443.950500
14.177370 671.563200 498.204000
14.193850 674.637600 498.424500
14.226680 694.982400 498.309000
14.243040 659.316000 509.827500
14.259400 658.711200 498.886500
14.275880 672.789600 460.572000
14.292480 696.645600 420.189000
14.308840 696.074400 416.881500
14.325200 691.656000 448.182000
14.341670 637.576800 460.078500
14.357910 638.450400 463.291500
14.374510 662.844000 414.204000
14.390990 656.006400 437.766000
14.407350 654.780000 422.982000
14.423950 680.920800 447.772500
14.440190 641.961600 425.911500
14.456540 642.566400 437.335500
14.473020 637.492800 449.389500
14.489500 692.731200 458.419500
14.505980 693.470400 473.371500
14.522460 710.908800 462.021000
14.538700 707.296800 455.605500
14.555050 706.692000 451.500000
14.571530 689.791200 490.854000
14.588130 687.254400 477.025500
14.604490 687.876000 480.091500
14.620970 673.764000 491.389500
14.637330 670.084800 470.589000
14.653690 670.857600 474.295500
14.670170 685.557600 463.816500
14.686650 683.054400 463.470000
14.705320 682.819200 466.641000
14.719480 684.163200 469.707000
14.735840 665.028000 511.045500
14.752440 664.658400 500.472000
14.768680 691.740000 459.900000
14.785160 697.183200 437.703000
14.801640 696.225600 427.728000
14.818120 677.376000 457.338000
14.834590 655.435200 476.910000
14.850950 657.535200 510.121500
14.867430 664.843200 537.526500
14.883670 682.903200 539.532000
14.900150 684.432000 555.387000
14.916630 698.208000 580.198500
14.932980 714.336000 519.613500
14.949580 713.865600 507.643500
14.965940 711.261600 525.241500
14.982420 692.563200 501.963000
14.999020 692.311200 491.347500
15.015260 673.596000 511.665000
15.034180 687.943200 490.570500
15.048100 686.868000 465.885000
15.064580 651.789600 469.392000
15.080810 660.945600 468.594000
15.097290 660.811200 475.051500
15.113650 682.869600 480.879000
15.130370 688.514400 495.610500
15.146730 689.992800 513.502500
15.163210 698.779200 501.280500
15.179570 640.701600 483.420000
15.195800 639.290400 470.358000
15.212280 642.112800 448.948500
15.228760 654.074400 470.179500
15.261720 554.332800 547.270500
15.278080 527.772000 525.871500
15.294430 528.091200 529.042500
15.310910 567.050400 549.276000
15.327270 574.610400 572.869500
15.343750 575.752800 578.602500
15.362670 586.588800 520.768500
15.376710 596.299200 540.015000
15.392940 597.374400 546.178500
15.409550 591.645600 525.535500
15.426150 588.050400 530.733000
15.442380 589.209600 537.117000
15.458860 612.141600 565.162500
15.475220 600.398400 580.608000
15.491700 600.264000 577.342500
15.508060 648.967200 543.858000
15.524540 646.010400 531.321000
15.540770 645.321600 525.031500
15.557250 648.715200 525.010500
15.573610 624.775200 520.999500
15.590090 624.825600 524.422500
15.606690 655.653600 492.135000
15.622920 654.276000 524.548500
15.655880 648.093600 531.079500
15.672360 621.280800 500.335500
15.689090 620.457600 493.993500
15.705320 727.406400 489.058500
15.721680 739.603200 513.219000
15.754520 723.592800 481.099500
15.770750 727.910400 477.130500
15.803830 726.062400 490.350000
15.820190 724.214400 501.354000
15.836670 723.996000 511.696500
15.853030 730.363200 537.043500
15.869380 749.666400 538.555500
15.885990 750.506400 523.530000
15.902100 780.578400 475.083000
15.918820 782.678400 456.351000
15.935180 783.535200 427.917000
15.951540 772.665600 401.845500
15.967900 790.675200 456.036000
16.000850 806.198400 430.762500
16.018430 814.480800 431.833500
16.050050 805.744800 420.924000
16.066650 801.612000 420.262500
16.099490 771.573600 415.317000
16.115840 803.124000 436.380000
16.148680 879.429600 405.541500
16.165410 847.644000 405.720000
16.197880 837.278400 441.147000
16.214600 838.572000 423.202500
16.247310 854.397600 419.380500
16.263790 751.464000 436.516500
16.280150 750.943200 448.098000
16.296750 551.476800 495.390000
16.312990 502.740000 509.124000
16.329350 504.168000 523.551000
16.346070 552.417600 496.377000
16.362300 595.576800 578.350500
16.395390 590.570400 545.181000
16.411870 576.727200 537.222000
16.444950 515.625600 497.437500
16.463500 518.616000 487.410000
16.477540 518.616000 487.410000
16.494020 553.425600 539.112000
16.510500 548.654400 551.848500
16.543330 548.385600 543.753000
16.559690 526.780800 558.022500
16.592290 537.566400 573.657000
16.608640 534.508800 577.069500
16.641600 558.868800 575.379000
16.657960 545.109600 598.531500
16.690920 562.917600 589.354500
16.707280 560.078400 557.361000
16.723880 562.682400 574.276500
16.740110 555.374400 575.704500
16.756590 573.048000 608.349000
16.772950 576.290400 619.038000
16.789310 586.084800 625.957500
16.805910 578.256000 606.133500
16.822140 574.946400 590.278500
16.838750 550.132800 568.039500
16.854980 544.790400 575.484000
16.871580 543.127200 566.139000
16.887940 543.412800 595.591500
16.904660 589.461600 547.260000
16.920780 587.412000 538.366500
16.937130 601.792800 566.044500
16.953860 557.239200 570.654000
16.970090 557.524800 577.437000
16.986690 658.106400 565.267500
17.002930 658.711200 572.418000
17.035770 650.328000 536.077500
17.052370 639.458400 519.813000
17.085080 617.416800 549.570000
17.150880 627.782400 569.184000
17.167360 626.875200 562.569000
17.183720 722.635200 573.877500
17.200200 696.830400 552.856500
17.216550 696.780000 561.907500
17.233030 702.206400 579.222000
17.249270 720.064800 596.946000
17.265990 720.804000 615.436500
17.282350 710.690400 586.960500
17.298710 667.497600 617.715000
17.331540 690.312000 585.133500
17.348020 693.000000 599.865000
17.364260 693.000000 599.865000
17.380860 720.619200 600.337500
17.397220 714.436800 591.181500
17.430180 683.978400 621.264000
17.446530 679.728000 632.362500
17.479490 688.648800 580.807500
17.495970 766.550400 623.154000
17.528690 758.872800 623.962500
17.545040 770.968800 596.022000
17.561770 771.943200 582.823500
17.578130 775.504800 516.936000
17.594480 758.234400 518.784000
17.610840 757.898400 502.887000
17.627200 791.632800 503.181000
17.643680 796.236000 531.268500
17.660160 795.043200 547.806000
17.676760 765.189600 559.671000
17.692870 794.270400 619.416000
17.709350 794.572800 621.946500
17.725830 820.428000 621.159000
17.742190 803.460000 613.105500
17.758670 803.208000 610.417500
17.775020 821.889600 560.616000
17.791500 805.543200 578.308500
17.808110 805.795200 581.185500
17.824220 793.060800 581.752500
17.840940 809.978400 546.546000
17.857180 811.792800 523.005000
17.873660 818.697600 550.378500
17.890010 862.142400 501.102000
17.906740 861.873600 497.920500
17.922970 906.175200 503.370000
17.939330 896.733600 513.135000
17.955810 896.851200 516.390000
17.972290 870.878400 533.263500
17.988770 888.938400 505.438500
18.005250 888.871200 502.131000
18.021610 904.512000 544.288500
18.038090 914.776800 567.346500
18.054440 912.408000 581.049000
18.070800 905.419200 558.516000
18.087280 854.901600 568.407000
18.120000 931.476000 578.350500
18.136720 918.590400 528.969000
18.152950 921.009600 517.345500
18.169310 926.032800 478.674000
18.185910 929.980800 481.834500
18.202150 932.500800 466.924500
18.218870 940.884000 479.713500
18.235230 931.593600 487.777500
18.251590 926.016000 514.426500
18.267940 958.406400 533.431500
18.284300 935.239200 611.551500
18.300780 930.988800 634.210500
18.317140 576.307200 661.815000
18.333860 527.570400 638.862000
18.350100 522.412800 620.088000
18.366460 555.122400 605.776500
18.383060 534.441600 590.110500
18.399290 533.248800 587.380500
18.415770 513.660000 616.518000
18.432250 500.270400 641.728500
18.448730 503.143200 652.785000
18.465090 506.620800 611.751000
18.481450 512.400000 626.944500
18.497920 514.516800 631.690500
18.514530 516.062400 653.751000
18.530760 514.584000 649.215000
18.547490 513.105600 644.679000
18.563720 508.653600 644.721000
18.580080 517.305600 694.375500
18.596560 516.028800 692.044500
18.612920 504.201600 672.556500
18.629390 521.740800 651.955500
18.645750 523.672800 659.568000
18.662350 549.511200 673.207500
18.678710 540.237600 708.540000
18.695070 540.825600 707.563500
18.711430 546.369600 697.368000
18.727910 538.944000 701.515500
18.744260 532.308000 679.161000
18.760860 506.671200 630.567000
18.777220 580.843200 616.570500
18.793700 578.373600 604.926000
18.810060 554.433600 600.715500
18.826540 540.338400 625.852500
18.843020 538.104000 615.951000
18.859250 561.825600 618.124500
18.875980 577.399200 573.531000
18.892330 577.466400 579.610500
18.908690 568.612800 577.048500
18.925050 577.449600 610.564500
18.941410 582.859200 635.932500
18.958010 582.271200 659.095500
18.974370 584.354400 641.455500
19.007200 586.000800 642.537000
19.023800 580.524000 642.012000
19.056520 588.621600 697.861500
19.072880 603.052800 704.403000
19.089480 604.833600 710.388000
19.105830 607.152000 732.637500
19.122190 591.024000 724.111500
19.138790 592.015200 730.611000
19.155150 616.123200 716.824500
19.171390 603.271200 718.851000
19.189700 603.540000 722.641500
19.204470 562.665600 717.727500
19.220830 571.586400 708.540000
19.237180 570.998400 703.489500
19.253540 576.744000 662.035500
19.270020 601.440000 666.214500
19.286500 599.390400 661.258500
19.302980 562.480800 712.834500
19.319340 564.916800 706.534500
19.335820 567.537600 714.178500
19.352170 573.451200 715.659000
19.368530 594.938400 724.731000
19.385010 595.039200 729.141000
19.401370 577.264800 736.281000
19.418090 578.524800 758.856000
19.434330 580.876800 765.334500
19.450930 554.265600 777.294000
19.467160 561.103200 774.459000
19.483640 558.381600 764.043000
19.500240 554.685600 757.575000
19.516360 552.132000 751.768500
19.533080 549.192000 742.749000
19.549440 560.985600 705.232500
19.566160 558.415200 702.334500
19.582640 558.163200 699.321000
19.599120 554.484000 694.480500
19.615480 553.509600 696.948000
19.631840 553.627200 699.363000
19.648070 543.799200 733.362000
19.664310 604.346400 705.862500
19.680790 605.522400 711.291000
19.697020 630.100800 721.392000
19.713620 601.759200 697.662000
19.746580 597.256800 738.832500
19.762940 606.597600 710.167500
19.795780 605.556000 712.897500
19.812130 605.203200 714.535500
19.845210 591.091200 723.555000
19.861570 616.694400 706.230000
19.894290 582.187200 731.818500
19.910890 606.765600 714.304500
19.927250 604.531200 703.983000
19.943600 679.173600 694.050000
19.960210 682.550400 697.851000
19.976680 681.508800 687.603000
19.993040 722.484000 659.316000
20.009520 653.217600 671.422500
20.025880 654.108000 674.110500
20.042110 677.712000 675.906000
20.058720 670.840800 657.604500
20.075320 671.311200 665.710500
20.091430 676.452000 664.125000
20.108030 697.905600 682.657500
20.124390 698.359200 688.359000
20.140870 741.820800 643.629000
20.157470 743.887200 645.718500
20.173460 743.416800 648.553500
20.190190 743.248800 655.483500
20.206540 739.099200 673.890000
20.223020 739.284000 684.526500
20.239380 721.862400 686.910000
20.255980 756.924000 697.546500
20.288700 732.513600 692.569500
20.305180 730.984800 687.193500
20.321410 731.119200 678.993000
20.338130 604.447200 721.822500
20.354490 484.092000 734.800500
20.370850 480.328800 725.875500
20.387210 507.141600 674.247000
20.403690 510.014400 711.931500
20.436400 513.240000 696.853500
20.452880 519.388800 724.405500
20.485960 509.023200 690.973500
20.502320 510.669600 707.637000
20.518800 508.418400 699.699000
20.535160 500.623200 689.388000
20.551390 501.513600 699.415500
20.568120 500.102400 697.000500
20.584470 477.607200 740.260500
20.600950 502.924800 752.451000
20.617310 506.419200 759.454500
20.633670 513.273600 748.167000
20.650150 516.314400 740.901000
20.666500 516.549600 743.043000
20.683110 503.764800 765.418500
20.699460 487.888800 776.296500
20.715940 490.039200 780.969000
20.732300 513.189600 776.097000
20.748780 531.064800 757.071000
20.781490 520.212000 824.617500
20.798100 460.017600 861.409500
20.814330 456.758400 855.141000
20.830930 437.001600 841.438500
20.847290 432.230400 817.183500
20.863650 431.424000 817.026000
20.880370 436.044000 848.925000
20.896610 469.173600 876.645000
20.912960 478.144800 891.261000
20.929440 481.168800 898.233000
20.945920 450.408000 881.254500
20.962160 450.912000 880.236000
20.978520 488.191200 886.924500
20.995360 459.547200 896.511000
21.011470 453.314400 888.100500
21.028080 491.114400 868.192500
21.044310 588.369600 779.803500
21.060790 587.496000 776.643000
21.077510 603.052800 760.525500
21.093750 610.864800 758.268000
21.126590 614.376000 762.972000
21.142940 599.424000 765.597000
21.159420 598.180800 758.037000
21.176030 592.485600 769.377000
21.192380 564.076800 746.560500
21.208740 562.850400 744.439500
21.225220 594.804000 728.406000
21.241580 506.805600 738.118500
21.258180 512.349600 752.262000
21.274410 551.191200 751.737000
21.290770 573.316800 741.982500
21.323730 565.588800 735.882000
21.340210 559.507200 761.040000
21.356570 557.709600 753.900000
21.373050 518.246400 757.953000
21.389400 490.173600 733.173000
21.405880 490.879200 737.488500
21.422360 556.953600 764.820000
21.438480 536.088000 785.725500
21.455080 536.524800 785.001000
21.471440 500.287200 760.872000
21.487920 507.040800 704.812500
21.504640 503.529600 695.278500
21.520870 501.849600 717.360000
21.537230 608.244000 721.591500
21.570070 608.445600 708.834000
21.586430 608.361600 699.573000
21.603030 607.555200 697.735500
21.619510 606.194400 718.504500
21.635740 605.808000 732.784500
21.652340 608.109600 742.864500
21.668700 621.482400 755.212500
21.685180 628.572000 739.011000
21.718020 625.077600 735.598500
21.734380 580.356000 786.324000
21.767210 527.839200 771.319500
21.783690 534.744000 770.752500
21.816530 524.193600 745.699500
21.833130 536.995200 779.520000
21.849370 538.876800 785.872500
21.865720 554.416800 812.437500
21.882320 563.522400 823.704000
21.898680 564.681600 825.531000
21.915280 561.523200 816.280500
21.931520 553.459200 802.977000
21.948120 550.569600 794.955000
21.964480 584.119200 765.187500
21.980830 649.824000 770.668500
22.013670 638.047200 768.873000
22.032590 650.395200 771.025500
22.063110 650.042400 758.142000
22.079470 661.113600 749.637000
22.112300 674.755200 750.603000
22.128780 674.772000 751.149000
22.161620 679.459200 747.883500
22.178100 686.716800 739.609500
22.210820 684.717600 741.499500
22.227170 691.555200 745.027500
22.246700 692.008800 749.553000
22.260130 678.165600 770.248500
22.276730 676.317600 725.035500
22.309450 624.439200 800.950500
22.325810 519.724800 788.739000
22.342160 520.027200 790.923000
22.360840 565.068000 776.695500
22.375240 546.168000 783.310500
22.391600 548.889600 789.579000
22.407960 559.356000 822.748500
22.424320 581.767200 822.916500
22.440800 582.069600 826.392000
22.457280 566.378400 824.943000
22.473630 555.979200 852.012000
22.490230 558.751200 857.503500
22.506590 544.168800 832.324500
22.522950 598.684800 700.654500
22.539430 596.534400 688.695000
22.555790 603.758400 517.072500
22.572880 657.417600 468.940500
22.588750 656.241600 455.248500
22.605220 580.692000 465.969000
22.621580 587.109600 483.892500
22.638060 586.068000 477.466500
22.654300 603.002400 447.867000
22.670780 613.401600 473.560500
22.687260 612.376800 462.084000
22.703740 630.672000 392.542500
22.720340 631.360800 424.525500
22.736450 631.276800 423.685500
22.752930 622.356000 376.845000
22.769410 605.589600 337.690500
22.785770 607.336800 353.451000
22.802250 650.109600 411.463500
22.818600 663.163200 388.132500
22.835330 662.491200 385.476000
22.851560 665.431200 373.558500
22.867920 647.136000 369.022500
22.884400 647.203200 369.936000
22.902710 643.860000 371.637000
22.917240 669.513600 378.252000
22.933720 670.084800 399.346500
22.950200 669.429600 398.254500
22.966670 633.880800 385.203000
22.982910 635.896800 404.029500
22.999390 632.872800 403.137000
23.018070 671.227200 381.486000
23.032350 670.437600 367.647000
23.048580 638.971200 399.651000
23.065060 650.512800 396.480000
23.097900 641.642400 403.515000
23.114380 655.132800 397.225500
23.147340 622.221600 349.429500
23.163700 598.600800 369.516000
23.180180 597.475200 357.640500
23.196530 624.573600 308.920500
23.213010 625.665600 306.726000
23.230590 624.153600 286.272000
23.245850 620.071200 297.591000
23.262450 619.768800 288.445500
23.278690 619.684800 287.469000
23.295040 606.379200 320.323500
23.311650 587.664000 326.518500
23.328000 587.865600 330.981000
23.346680 600.028800 315.913500
23.360840 589.629600 322.203000
23.377320 590.671200 330.687000
23.393550 586.336800 338.110500
23.410280 586.756800 338.835000
23.442990 604.833600 335.275500
23.459350 608.445600 317.425500
23.476070 607.605600 305.130000
23.492190 609.823200 300.877500
23.508790 624.103200 279.940500
23.525150 623.481600 275.772000
23.541500 633.796800 299.250000
23.559690 647.505600 326.392500
23.574340 648.547200 346.468500
23.590940 634.771200 361.630500
23.607540 651.840000 383.943000
23.623780 653.133600 398.958000
23.640140 610.411200 409.836000
23.656620 624.237600 410.676000
23.672850 623.196000 394.915500
23.689450 615.468000 481.813500
23.705690 612.225600 382.462500
23.722170 609.806400 364.633500
23.738530 598.399200 370.723500
23.755250 602.196000 410.518500
23.771610 603.170400 418.236000
23.787960 632.184000 381.601500
23.804570 612.444000 412.251000
23.820800 613.216800 414.876000
23.837280 580.372800 436.590000
23.853640 589.999200 403.515000
23.870120 588.974400 400.050000
23.886470 608.815200 381.811500
23.902950 569.772000 386.841000
23.919430 569.906400 387.733500
23.935790 675.242400 406.129500
23.952150 691.219200 416.892000
23.968510 691.017600 404.523000
23.985230 662.575200 379.879500
24.001590 689.690400 379.942500
24.017940 688.900800 364.108500
24.034300 646.228800 365.305500
24.050660 681.122400 354.469500
24.067380 681.424800 377.853000
24.083740 684.129600 383.869500
24.100100 703.684800 414.015000
24.116580 704.760000 420.756000
24.133060 669.093600 395.850000
24.149410 663.331200 360.454500
24.165650 661.953600 353.766000
24.182370 643.120800 440.170500
24.198730 664.120800 483.147000
24.216190 666.691200 511.402500
24.231810 644.112000 507.297000
24.247920 662.524800 539.101500
24.264280 661.819200 525.357000
24.280880 642.012000 497.700000
24.297240 651.285600 484.060500
24.313720 649.219200 468.048000
24.329960 648.496800 448.896000
24.346440 637.593600 454.146000
24.362920 638.400000 461.569500
24.379390 647.203200 479.241000
24.395750 650.781600 498.729000
24.428590 624.489600 487.368000
24.445070 636.098400 455.868000
24.461550 635.191200 444.223500
24.477780 593.712000 450.376500
24.494260 609.840000 415.296000
24.510860 609.084000 411.946500
24.527220 609.235200 419.989500
24.543700 605.690400 442.459500
24.560060 607.656000 457.380000
24.576420 617.668800 466.735500
24.593140 627.715200 482.685000
24.625980 618.861600 489.331500
24.642330 621.633600 454.125000
24.658690 621.717600 457.632000
24.675050 634.804800 463.123500
24.691650 660.475200 455.091000
24.708250 661.080000 458.262000
24.724370 654.343200 526.911000
24.740840 636.417600 471.828000
24.757200 635.712000 465.307500
24.773560 663.398400 448.203000
24.790040 631.478400 441.304500
24.806400 630.571200 429.481500
24.822880 638.618400 448.045500
24.839360 641.625600 424.452000
24.855710 640.886400 421.207500
24.872310 640.936800 420.829500
24.888670 628.622400 433.020000
24.904910 630.319200 448.182000
24.921630 626.875200 457.905000
24.937990 638.752800 456.823500
24.970700 636.568800 458.419500
24.987300 643.960800 472.101000
25.019900 635.006400 452.392500
25.036620 630.016800 488.460000
25.052980 631.478400 496.482000
25.069340 561.254400 700.539000
25.085820 558.230400 678.289500
25.102170 557.037600 675.622500
25.118770 559.473600 643.093500
25.135010 547.999200 684.421500
25.151490 548.570400 688.348500
25.167720 572.342400 697.515000
25.184450 556.063200 695.394000
25.200810 555.340800 688.705500
25.217530 540.758400 673.386000
25.233640 561.825600 655.599000
25.250120 554.366400 624.540000
25.266480 582.136800 605.944500
25.282840 568.545600 581.395500
25.299320 565.773600 568.323000
25.315800 564.782400 587.233500
25.332150 542.404800 567.766500
25.348750 547.176000 594.625500
25.365110 517.893600 808.983000
25.381470 549.444000 828.796500
25.397950 560.548800 855.970500
25.414430 521.791200 872.151000
25.430790 536.440800 860.013000
25.447270 534.777600 856.306500
25.463750 591.864000 823.756500
25.479980 584.875200 819.640500
25.496580 582.506400 812.080500
25.512820 586.185600 800.289000
25.529420 559.893600 797.412000
25.545900 558.516000 793.369500
25.562380 692.596800 725.644500
25.578740 718.502400 758.824500
25.611450 701.013600 721.161000
25.628170 699.216000 722.442000
25.644410 699.871200 724.279500
25.661010 698.964000 768.778500
25.677370 710.455200 771.351000
25.693850 710.169600 773.482500
25.710210 658.627200 759.465000
25.726560 657.972000 755.454000
25.742800 658.593600 762.856500
25.759400 685.977600 808.689000
25.775880 683.424000 774.921000
25.792110 683.961600 779.373000
25.808590 759.074400 756.346500
25.825070 755.126400 740.691000
25.857910 773.757600 767.445000
25.874150 765.996000 765.912000
25.890870 766.634400 758.604000
25.907100 753.765600 788.718000
25.923580 751.531200 716.016000
25.939940 751.480800 706.293000
25.956300 732.816000 732.123000
25.972780 762.064800 702.586500
26.005740 710.404800 723.345000
26.021970 612.326400 748.209000
26.054930 607.034400 776.233500
26.071410 602.985600 780.685500
26.104370 596.316000 765.607500
26.120730 606.160800 751.033500
26.153560 599.575200 748.534500
26.169920 609.974400 737.898000
26.203250 614.392800 738.591000
26.219600 614.964000 732.459000
26.252440 639.038400 729.214500
26.268920 627.177600 776.244000
26.285280 627.883200 782.649000
26.301640 605.925600 785.106000
26.317990 629.311200 811.030500
26.334590 630.302400 812.973000
26.350830 649.236000 796.162500
26.367190 597.038400 777.336000
26.383790 595.963200 775.404000
26.400150 595.022400 780.601500
26.416630 602.061600 774.081000
26.433110 604.296000 782.859000
26.449460 601.641600 798.556500
26.465820 590.923200 795.333000
26.498780 576.357600 805.371000
26.515140 598.063200 814.296000
26.531620 597.996000 812.038500
26.547970 722.584800 766.342500
26.564450 736.360800 758.814000
26.580810 735.873600 744.240000
26.597410 764.232000 739.557000
26.613770 779.738400 739.987500
26.646610 744.962400 762.594000
26.663210 745.953600 741.562500
26.679570 746.138400 751.590000
26.696040 745.197600 738.727500
26.712280 732.849600 754.897500
26.728760 732.916800 742.203000
26.745360 694.982400 716.142000
26.761470 685.641600 726.789000
26.777710 684.180000 712.152000
26.794430 687.489600 698.859000
26.811040 704.440800 728.553000
26.843750 689.052000 736.858500
26.860230 699.300000 739.935000
26.876590 699.384000 747.274500
26.893190 691.706400 739.105500
26.909670 704.088000 737.740500
26.926030 704.928000 747.936000
26.942260 668.035200 724.584000
26.958740 677.275200 749.406000
26.991580 690.883200 760.630500
27.008180 690.732000 754.803000
27.024410 691.084800 752.167500
27.041020 729.254400 701.137500
27.057250 757.495200 716.793000
27.073850 756.554400 717.055500
27.089970 745.029600 730.663500
27.106450 728.313600 750.897000
27.122920 729.556800 759.717000
27.139280 665.498400 680.473500
27.155640 691.840800 700.560000
27.173580 691.135200 698.029500
27.188600 674.469600 714.945000
27.204960 678.518400 694.921500
27.221440 679.123200 700.549500
27.237920 672.033600 721.759500
27.254390 679.089600 690.049500
27.270630 678.568800 684.957000
27.287230 704.407200 663.694500
27.303590 712.404000 670.971000
27.319950 712.656000 675.517500
27.336670 708.640800 680.557500
27.352910 723.424800 684.085500
27.369380 723.240000 692.212500
27.389890 684.381600 718.231500
27.402340 727.809600 710.598000
27.418580 727.826400 711.123000
27.434940 694.360800 725.907000
27.451420 678.098400 706.587000
27.484130 711.144000 694.617000
27.500850 710.388000 726.064500
27.517090 710.169600 718.263000
27.533570 648.614400 728.290500
27.549930 636.619200 748.335000
27.566410 635.812800 743.862000
27.582760 615.081600 769.041000
27.599370 627.530400 770.563500
27.615840 628.454400 774.942000
27.632080 627.295200 770.353500
27.648560 610.999200 780.223500
27.681400 739.384800 759.181500
27.698000 861.420000 690.217500
27.714230 864.074400 675.528000
27.730830 838.572000 605.671500
27.747190 829.382400 558.505500
27.763550 834.758400 537.999000
27.780030 834.808800 601.030500
27.796390 818.613600 546.241500
27.829220 839.160000 528.570000
27.845830 857.472000 540.435000
27.862180 853.389600 554.694000
27.878540 851.424000 588.325500
27.894900 821.721600 586.866000
27.911500 820.646400 599.980500
27.927860 832.860000 633.496500
27.944340 836.791200 645.708000
27.977050 775.269600 643.576500
27.993530 813.590400 628.939500
28.026490 793.430400 588.241500
28.042720 810.700800 609.661500
28.075680 822.024000 651.861000
28.092040 804.417600 645.004500
28.124880 825.585600 644.427000
28.141360 819.067200 612.717000
28.174190 811.524000 655.998000
28.190670 782.090400 658.591500
28.223750 824.023200 629.233500
28.239870 835.010400 650.149500
28.272950 844.015200 611.110500
28.289310 837.681600 604.285500
28.322140 816.900000 627.217500
28.338500 814.212000 623.332500
28.371580 795.799200 645.351000
28.387820 819.856800 643.303500
28.420650 830.407200 617.872500
28.437260 851.071200 625.999500
28.469850 851.306400 631.449000
28.486450 838.975200 623.605500
28.519170 853.322400 595.507500
28.535770 747.415200 668.629500
28.568600 716.234400 623.437500
28.585080 705.297600 621.558000
28.617800 700.156800 614.649000
28.634280 688.464000 647.493000
28.666990 719.325600 648.175500
28.683590 719.342400 656.575500
28.716670 728.414400 596.977500
28.732910 710.623200 604.705500
28.765750 727.020000 635.376000
28.782230 715.528800 671.601000
28.814940 702.660000 636.951000
28.831300 702.643200 621.348000
28.847900 702.340800 623.952000
28.864260 593.796000 641.529000
28.880620 590.570400 647.356500
28.897220 593.107200 659.095500
28.913570 596.484000 672.241500
28.929930 596.635200 651.850500
28.946290 595.560000 646.674000
28.962770 627.076800 657.993000
28.979130 638.719200 669.228000
29.011840 605.505600 676.357500
29.028560 616.190400 680.893500
29.044680 617.248800 688.432500
29.061280 618.105600 652.081500
29.077760 633.914400 696.811500
29.094120 633.864000 690.165000
29.110470 642.415200 649.876500
29.126950 608.882400 623.973000
29.143430 606.076800 610.858500
29.159910 553.963200 628.215000
29.176150 528.544800 658.045500
29.192630 531.871200 669.207000
29.209110 584.001600 667.957500
29.225710 563.455200 669.249000
29.242070 564.732000 674.226000
29.258540 564.832800 683.928000
29.274780 565.286400 689.409000
29.291260 566.596800 694.354500
29.307740 538.826400 689.535000
29.324220 563.539200 685.104000
29.356930 554.937600 669.858000
29.373540 565.370400 678.762000
29.406250 581.968800 691.509000
29.422730 583.850400 695.803500
29.455440 579.600000 669.690000
29.472050 570.007200 657.846000
29.488400 569.772000 654.633000
29.504760 588.991200 663.253500
29.521360 594.283200 660.198000
29.537840 594.232800 662.151000
29.554080 594.048000 663.610500
29.570560 577.483200 645.466500
29.587040 578.844000 651.514500
29.603390 583.900800 676.084500
29.619870 570.931200 657.940500
29.636230 568.512000 648.039000
29.652830 573.619200 667.285500
29.669070 584.858400 656.229000
29.702030 610.881600 658.654500
29.718510 601.053600 652.512000
29.734860 602.112000 657.772500
29.751340 584.640000 689.850000
29.767700 566.983200 679.990500
29.784180 567.285600 682.752000
29.800660 601.473600 694.060500
29.817020 534.861600 696.549000
29.833370 536.407200 701.473500
29.849980 554.433600 713.212500
29.866330 558.297600 718.830000
29.882810 554.786400 702.607500
29.899780 530.208000 667.611000
29.915650 505.898400 633.139500
29.932010 503.445600 628.425000
29.948610 548.100000 628.488000
29.964970 554.853600 644.416500
29.981320 559.003200 658.738500
29.997800 540.792000 644.017500
30.014160 531.753600 695.425500
30.030760 530.527200 693.199500
30.047240 633.763200 653.446500
30.063600 641.877600 670.593000
30.080080 642.700800 672.945000
30.096310 643.608000 666.477000
30.112920 651.436800 686.059500
30.129150 650.008800 676.074000
30.145750 620.978400 639.765000
30.162110 635.090400 610.785000
30.194950 646.312800 597.355500
30.211430 598.416000 607.320000
30.227910 598.416000 607.320000
30.244380 631.848000 611.257500
30.260620 631.461600 644.322000
30.277100 631.579200 641.014500
30.293460 711.093600 626.335500
30.309940 732.782400 614.481000
30.326290 732.144000 620.182500
30.342770 710.740800 631.302000
30.359380 707.296800 629.370000
30.375850 708.355200 646.800000
30.392090 721.980000 675.916500
30.408450 681.609600 671.275500
30.441280 716.940000 699.153000
30.457890 756.520800 666.361500
30.474240 756.924000 657.615000
30.490720 702.777600 636.174000
30.507080 667.548000 586.173000
30.539920 631.948800 603.508500
30.556270 629.210400 613.200000
30.573000 628.639200 625.380000
30.589110 642.448800 708.162000
30.605830 684.331200 700.297500
30.622190 684.180000 692.296500
30.638550 683.222400 659.505000
30.655150 685.020000 649.792500
30.671260 686.380800 638.431500
30.687990 641.088000 599.392500
30.704220 687.808800 682.993500
30.737060 657.568800 702.838500
30.753420 649.068000 699.226500
30.786500 727.708800 645.519000
30.802730 752.455200 638.862000
30.835690 739.183200 624.120000
30.852050 726.096000 617.022000
30.885860 721.408800 632.467500
30.901250 731.875200 629.706000
30.934690 719.913600 647.230500
30.950930 715.898400 641.655000
30.983890 719.258400 648.165000
31.000240 734.781600 664.072500
31.016600 734.899200 669.270000
31.033200 791.532000 629.559000
31.049440 807.727200 615.058500
31.082520 811.776000 654.591000
31.098750 805.240800 642.390000
31.131590 688.581600 580.293000
31.147830 658.677600 561.508500
31.164180 659.282400 570.748500
31.180540 655.804800 612.990000
31.197020 655.552800 607.551000
31.213750 656.224800 613.305000
31.229980 664.826400 621.379500
31.246340 669.110400 609.714000
31.279170 674.486400 601.566000
31.295650 672.352800 595.969500
31.328370 692.781600 593.239500
31.345090 675.326400 608.307000
31.361330 674.167200 595.581000
31.377810 646.884000 560.101500
31.394170 660.760800 545.002500
31.410640 659.584800 528.528000
31.427120 674.654400 526.218000
31.444580 656.695200 507.874500
31.460330 657.384000 515.014500
31.476440 665.481600 488.271000
31.492920 665.347200 512.641500
31.509520 666.607200 526.291500
31.526120 669.379200 541.947000
31.542360 669.160800 549.423000
31.558720 668.589600 543.228000
31.575200 671.227200 561.403500
31.591670 667.951200 567.367500
31.608280 666.842400 550.767000
31.624760 665.280000 523.876500
31.640990 665.196000 486.738000
31.657350 664.003200 472.731000
31.673460 680.786400 486.864000
31.690060 673.108800 447.037500
31.723140 660.357600 470.473500
31.739620 648.396000 466.893000
31.755860 650.260800 485.551500
31.777220 690.429600 526.407000
31.788820 656.460000 534.082500
31.804930 657.014400 547.984500
31.821410 710.102400 349.125000
31.838010 732.849600 367.363500
31.854250 733.488000 360.412500
31.870610 745.987200 346.804500
31.887210 719.208000 324.985500
31.903440 718.519200 313.446000
31.920040 714.940800 302.589000
31.936400 726.583200 314.664000
31.952760 726.364800 327.684000
31.969360 719.577600 355.162500
31.986690 723.374400 358.344000
32.002320 723.592800 373.663500
32.018550 730.850400 394.653000
32.035030 736.596000 401.719500
32.051510 736.965600 405.205500
32.067870 717.158400 394.044000
32.084350 716.923200 388.741500
32.100710 716.738400 381.213000
32.117190 720.350400 373.348500
32.133790 717.292800 377.790000
32.166380 727.339200 351.508500
32.182860 749.145600 416.188500
32.215700 729.002400 450.912000
32.232060 739.183200 421.953000
32.248540 739.116000 414.813000
32.265010 724.953600 420.777000
32.281490 730.749600 396.868500
32.297850 731.220000 399.619500
32.314940 712.118400 358.617000
32.330690 714.134400 364.591500
32.347050 713.764800 368.350500
32.363400 734.798400 369.600000
32.380130 665.263200 447.174000
32.396360 665.330400 448.045500
32.412960 666.556800 454.702500
32.429320 650.966400 425.250000
32.462040 650.630400 422.740500
32.478520 666.388800 452.571000
32.511230 633.108000 455.175000
32.527830 657.333600 444.076500
32.544310 656.880000 432.957000
32.560670 676.166400 418.278000
32.577030 668.472000 416.220000
32.593630 667.917600 408.492000
32.610110 673.596000 406.644000
32.626460 680.299200 389.833500
32.645260 680.131200 394.233000
32.659300 661.332000 395.052000
32.675660 642.600000 403.368000
32.692020 643.960800 418.204500
32.708740 735.235200 345.838500
32.725100 725.424000 361.168500
32.757930 716.318400 345.765000
32.774170 739.132800 336.504000
32.790650 738.763200 340.683000
32.807250 707.767200 330.414000
32.823490 709.615200 343.917000
32.839970 710.001600 359.772000
32.856450 701.971200 382.725000
32.872920 715.629600 392.416500
32.889280 715.696800 380.499000
32.905760 746.407200 364.035000
32.922000 748.759200 363.919500
32.938720 748.356000 360.507000
32.955080 792.808800 379.890000
32.971440 785.752800 395.776500
32.988160 785.248800 411.064500
33.004390 805.190400 410.203500
33.020510 796.941600 408.985500
33.053590 788.760000 403.557000
33.070070 818.008800 384.079500
33.103030 796.992000 398.212500
33.119140 730.396800 406.129500
33.135740 731.371200 397.173000
33.152100 720.753600 387.817500
33.168460 709.279200 376.719000
33.185060 708.405600 365.494500
33.201660 730.497600 356.517000
33.217900 705.751200 369.180000
33.234380 706.070400 377.706000
33.250610 704.088000 368.077500
33.267090 727.356000 392.458500
33.283450 727.792800 387.702000
33.303220 726.885600 338.257500
33.316650 723.525600 396.165000
33.333130 722.803200 385.066500
33.349610 638.332800 440.296500
33.365840 669.463200 441.892500
33.382450 669.832800 453.327000
33.398800 684.112800 475.051500
33.417850 645.220800 489.226500
33.431640 645.993600 492.103500
33.448000 666.724800 477.781500
33.464480 689.707200 459.427500
33.480830 689.152800 456.466500
33.497440 670.689600 479.724000
33.513670 703.735200 483.924000
33.530270 704.340000 487.063500
33.546510 700.459200 439.981500
33.562870 696.847200 441.892500
33.579220 696.528000 434.983500
33.595830 753.396000 442.134000
33.612300 740.594400 460.152000
33.628540 740.678400 467.103000
33.645020 749.464800 464.373000
33.661620 728.616000 454.345500
33.677980 728.565600 434.931000
33.694210 757.108800 410.844000
33.710570 724.382400 384.016500
33.729980 723.794400 373.254000
33.743410 740.880000 376.120500
33.760010 728.464800 409.500000
33.776250 728.632800 436.285500
33.792850 672.487200 447.993000
33.809200 680.114400 490.024500
33.825680 680.736000 492.996000
33.842160 682.264800 512.830500
33.858760 646.648800 494.172000
33.874880 645.993600 487.756500
33.891480 702.576000 441.000000
33.907960 669.849600 440.611500
33.924320 670.202400 451.290000
33.940800 675.981600 448.402500
33.957280 717.074400 478.852500
33.973630 717.292800 485.719500
33.990360 712.202400 504.535500
34.006470 660.324000 537.400500
34.022710 659.064000 516.064500
34.039180 690.194400 425.964000
34.055540 663.952800 398.842500
34.072140 662.524800 392.395500
34.088500 639.861600 453.379500
34.104980 660.945600 482.832000
34.121460 662.239200 489.079500
34.137820 654.578400 444.349500
34.154300 658.308000 411.547500
34.170650 657.098400 404.974500
34.187260 654.494400 408.691500
34.203610 685.944000 449.368500
34.220090 687.304800 455.574000
34.236450 650.697600 469.875000
34.253050 672.940800 425.428500
34.269290 671.781600 415.401000
34.288450 638.786400 397.068000
34.302120 632.973600 440.842500
34.318600 634.670400 456.235500
34.335210 639.962400 452.529000
34.351440 600.818400 473.361000
34.367800 600.616800 469.213500
34.384160 583.564800 435.634500
34.400630 567.436800 424.221000
34.417240 568.344000 433.618500
34.433350 573.064800 486.706500
34.450070 570.158400 487.116000
34.466310 571.519200 494.550000
34.482670 564.681600 449.011500
34.499150 580.624800 451.710000
34.531860 557.776800 496.891500
34.548220 568.243200 469.560000
34.564700 569.335200 475.576500
34.581180 569.016000 498.120000
34.597660 591.897600 528.706500
34.614140 590.906400 523.047000
34.630620 567.739200 510.415500
34.647090 603.976800 494.403000
34.663450 602.196000 482.034000
34.679930 634.922400 415.579500
34.696290 601.574400 427.245000
34.713380 600.684000 420.357000
34.729130 624.943200 453.169500
34.745610 627.849600 440.538000
34.762080 628.454400 451.216500
34.778440 619.852800 452.634000
34.794800 636.518400 458.923500
34.811280 637.980000 472.731000
34.827880 624.103200 480.448500
34.844240 614.090400 545.065500
34.860600 613.116000 538.702500
34.877080 701.702400 695.751000
34.893430 689.253600 690.879000
34.909910 689.152800 682.888500
34.926270 683.037600 664.912500
34.942630 716.352000 674.341500
34.959350 715.999200 677.239500
34.975460 686.296800 670.897500
34.992070 666.506400 673.050000
35.008420 667.732800 683.539500
35.024780 719.342400 703.374000
35.042600 703.735200 730.054500
35.057740 703.836000 736.785000
35.074340 679.056000 731.829000
35.090700 707.364000 726.033000
35.107180 708.355200 725.172000
35.123540 729.136800 749.805000
35.140010 668.186400 711.574500
35.156250 670.387200 691.362000
35.172850 710.556000 692.853000
35.189330 728.145600 714.136500
35.205690 727.759200 716.814000
35.222170 758.956800 764.883000
35.238400 734.764800 771.330000
35.255000 735.268800 773.304000
35.271610 687.976800 736.365000
35.287960 726.751200 722.305500
35.304690 726.297600 712.719000
35.320920 712.924800 769.555500
35.337520 687.439200 745.363500
35.374630 705.516000 712.593000
35.386600 687.876000 726.988500
35.419190 678.955200 725.046000
35.435550 704.205600 725.371500
35.452270 704.340000 732.574500
35.468630 689.304000 721.455000
35.484740 713.294400 725.382000
35.501460 714.134400 732.406500
35.517700 718.620000 777.042000
35.534300 699.081600 754.299000
35.550540 698.661600 749.700000
35.567140 689.707200 758.383500
35.583500 671.529600 747.673500
35.599730 670.118400 740.134500
35.616460 684.012000 741.478500
35.632690 697.250400 734.632500
35.649290 696.964800 726.904500
35.665650 698.812800 727.818000
35.682130 665.212800 741.331500
35.698970 665.296800 744.376500
35.714970 690.900000 743.358000
35.731450 699.720000 743.379000
35.747680 700.711200 750.781500
35.764160 720.720000 749.437500
35.780760 712.790400 727.755000
35.797240 712.084800 725.581500
35.813480 719.460000 748.902000
35.829830 728.011200 768.558000
35.846310 728.196000 772.957500
35.862790 695.184000 760.588500
35.879270 717.192000 759.507000
35.912110 719.140800 758.215500
35.928470 709.430400 784.623000
35.944950 709.783200 788.991000
35.961430 730.615200 792.666000
35.977660 729.388800 789.190500
35.994140 729.607200 793.642500
36.010620 730.531200 787.962000
36.026980 731.438400 779.845500
36.059810 780.158400 787.647000
36.076420 788.239200 778.585500
36.092770 789.146400 771.498000
36.109130 760.569600 786.208500
36.125730 789.230400 744.828000
36.142210 788.911200 742.717500
36.158570 777.268800 770.217000
36.174930 748.003200 765.670500
36.191410 748.960800 759.811500
36.207640 744.105600 745.153500
36.224370 757.512000 727.671000
36.240600 757.528800 708.162000
36.257200 764.181600 690.637500
36.273680 611.217600 652.344000
36.289920 612.998400 667.926000
36.306270 627.396000 687.508500
36.322750 667.077600 724.552500
36.338990 669.631200 744.817500
36.357670 659.013600 738.339000
36.372070 647.270400 731.881500
36.404910 625.380000 728.584500
36.421260 623.935200 738.916500
36.437620 623.028000 731.608500
36.454350 611.872800 728.017500
36.470830 642.734400 741.762000
36.486940 641.138400 732.637500
36.503540 636.669600 664.555500
36.519780 679.610400 517.471500
36.552730 692.647200 446.554500
36.569210 659.433600 458.556000
36.585690 659.920800 468.793500
36.602050 653.352000 499.264500
36.618410 677.812800 510.499500
36.634770 678.518400 513.429000
36.651370 672.100800 497.994000
36.667850 674.536800 493.531500
36.684330 673.596000 480.490500
36.700680 684.532800 481.719000
36.717160 686.548800 468.342000
36.733520 686.380800 471.975000
36.750120 642.432000 474.652500
36.766360 657.266400 475.650000
36.782960 657.938400 478.474500
36.799930 683.692800 437.209500
36.815800 663.499200 476.931000
36.832150 662.810400 474.033000
36.848510 698.712000 446.775000
36.865110 661.164000 476.427000
36.881350 662.995200 487.935000
36.897950 636.501600 504.388500
36.914310 658.392000 487.452000
36.930540 658.240800 485.919000
36.946900 663.717600 477.949500
36.963500 657.098400 461.601000
36.979980 655.888800 453.106500
36.996340 657.921600 426.636000
37.012820 628.538400 418.834500
37.029170 628.706400 420.525000
37.045650 671.563200 348.883500
37.062010 687.052800 384.552000
37.078610 687.220800 396.007500
37.094850 671.462400 409.027500
37.111450 667.984800 385.885500
37.127930 668.085600 381.570000
37.144290 679.408800 394.768500
37.160640 663.700800 353.923500
37.177120 662.709600 338.803500
37.193480 666.388800 336.766500
37.209960 652.344000 339.864000
37.226320 652.932000 342.730500
37.242680 704.827200 349.230000
37.259280 683.188800 379.270500
37.275880 682.903200 382.977000
37.291990 730.245600 373.747500
37.308590 733.101600 374.178000
37.325070 732.816000 386.893500
37.342290 722.685600 394.905000
37.357790 727.440000 406.150500
37.374390 727.792800 401.950500
37.390630 697.519200 398.317500
37.406980 716.116800 385.707000
37.423460 715.764000 370.881000
37.439820 708.069600 378.346500
37.456540 729.153600 321.258000
37.489260 744.693600 353.115000
37.505620 746.659200 325.951500
37.538570 759.158400 352.695000
37.554930 735.117600 363.835500
37.571410 734.680800 375.385500
37.587890 721.778400 407.872500
37.604130 741.854400 423.937500
37.620610 741.888000 438.616500
37.637080 732.849600 414.120000
37.653440 741.904800 395.398500
37.669920 742.291200 391.009500
37.686650 665.498400 549.444000
37.702880 622.524000 702.996000
37.719360 621.583200 698.082000
37.735600 634.620000 722.725500
37.751950 633.108000 688.747500
37.768430 633.024000 691.446000
37.784910 615.367200 712.540500
37.801390 595.560000 718.809000
37.817870 597.576000 725.329500
37.834350 620.776800 715.932000
37.850590 623.145600 723.702000
37.867070 622.204800 718.830000
37.883540 612.595200 731.934000
37.899900 634.452000 713.622000
37.916380 633.696000 709.306500
37.932740 623.599200 654.517500
37.949100 649.135200 618.397500
37.965580 649.689600 629.254500
37.982060 652.344000 652.207500
37.998540 689.539200 660.313500
38.014890 690.295200 659.347500
38.031490 674.755200 668.272500
38.047850 688.346400 622.996500
38.064090 686.649600 601.786500
38.080690 663.415200 632.604000
38.097050 641.188800 544.330500
38.129880 629.865600 523.204500
38.146240 637.744800 560.731500
38.162840 638.366400 569.761500
38.179200 607.689600 581.322000
38.195560 645.136800 576.292500
38.212040 645.842400 579.022500
38.228520 664.843200 555.345000
38.244870 670.269600 542.776500
38.261470 668.690400 519.771000
38.277830 664.708800 498.508500
38.294070 630.453600 502.530000
38.310550 630.319200 505.543500
38.327030 646.665600 418.687500
38.343750 635.124000 463.921500
38.359990 636.031200 467.229000
38.376220 659.416800 421.690500
38.392700 646.497600 405.856500
38.409060 645.220800 391.461000
38.425540 622.120800 399.787500
38.441890 615.132000 400.354500
38.458620 616.022400 408.072000
38.474980 577.281600 406.119000
38.491210 585.866400 406.024500
38.507690 587.294400 420.861000
38.524050 606.715200 486.129000
38.540530 590.856000 529.063500
38.556880 593.997600 545.107500
38.573360 546.655200 540.141000
38.589840 541.195200 522.711000
38.606320 538.356000 510.226500
38.622680 542.388000 503.538000
38.638920 587.697600 507.265500
38.655520 588.621600 512.778000
38.672000 535.348800 496.377000
38.688480 533.080800 510.699000
38.704590 534.912000 520.621500
38.721070 559.574400 544.330500
38.737670 557.188800 542.881500
38.754030 558.684000 552.048000
38.770510 570.729600 542.461500
38.786990 569.671200 551.449500
38.803340 570.612000 554.095500
38.819820 588.369600 572.544000
38.836180 610.680000 527.782500
38.852660 607.857600 506.058000
38.869020 598.802400 461.464500
38.885500 614.796000 435.025500
38.901980 613.149600 421.270500
38.918330 584.740800 441.504000
38.934810 583.010400 472.836000
38.967650 582.876000 458.955000
38.984010 597.105600 464.856000
39.016970 620.491200 471.114000
39.033450 673.310400 443.908500
39.049800 673.780800 450.733500
39.066280 666.036000 471.786000
39.082640 654.763200 478.264500
39.099000 654.712800 481.834500
39.115600 696.813600 456.004500
39.131960 671.328000 462.451500
39.148440 671.983200 465.559500
39.164670 647.572800 485.310000
39.181270 661.533600 484.071000
39.214110 684.566400 492.796500
39.230470 680.853600 489.867000
39.246830 680.752800 493.479000
39.263310 560.229600 639.576000
39.279790 464.066400 799.827000
39.296260 468.132000 807.534000
39.312620 502.152000 856.716000
39.328980 472.668000 875.910000
39.345580 469.929600 870.366000
39.361940 493.651200 837.742500
39.378420 485.520000 831.883500
39.394780 482.311200 826.791000
39.411130 447.938400 837.259500
39.427730 429.307200 834.141000
39.444090 434.112000 841.690500
39.460570 481.874400 867.667500
39.476930 473.575200 864.864000
39.493410 473.138400 863.005500
39.509770 498.624000 912.492000
39.526120 494.356800 909.174000
39.542600 492.391200 905.961000
39.559080 595.476000 868.318500
39.575560 600.499200 905.142000
39.591920 599.306400 901.792500
39.608400 567.991200 870.397500
39.624760 565.336800 890.641500
39.641110 563.908800 887.292000
39.657590 588.033600 861.903000
39.674070 584.656800 879.039000
39.706910 583.329600 888.531000
39.723390 603.489600 877.873500
39.756100 597.273600 860.611500
39.772710 574.291200 870.660000
39.789060 575.887200 875.941500
39.805540 564.614400 847.581000
39.821900 550.552800 899.808000
39.838380 553.644000 906.538500
39.854860 544.908000 924.903000
39.871220 584.892000 925.911000
39.887570 581.448000 915.190500
39.904050 569.368800 918.361500
39.920410 551.980800 893.823000
39.936890 545.916000 880.288500
39.953250 552.014400 783.331500
39.970460 546.739200 857.115000
40.002560 551.124000 844.809000
40.019040 537.314400 880.299000
40.035520 539.347200 885.874500
40.051880 533.635200 812.511000
40.068480 548.167200 849.145500
40.084960 552.988800 860.758500
40.101200 558.633600 881.926500
40.117680 527.721600 848.190000
40.134030 525.420000 841.732500
40.150510 571.334400 883.596000
40.166870 538.036800 878.535000
40.183230 537.667200 877.737000
40.199710 536.575200 873.169500
40.216060 574.291200 874.692000
40.232670 575.937600 880.824000
40.249020 648.295200 892.542000
40.265380 735.033600 938.836500
40.281980 734.697600 941.314500
40.298460 748.927200 915.411000
40.314820 774.144000 931.560000
40.331300 773.942400 938.091000
40.347900 738.847200 931.392000
40.364140 757.041600 915.211500
40.397090 748.238400 906.024000
40.413570 715.965600 911.232000
40.446530 730.111200 918.466500
40.462890 729.758400 926.467500
40.479370 730.111200 921.270000
40.495970 707.145600 899.094000
40.512330 721.408800 999.306000
40.528690 721.106400 996.723000
40.856930 657.148800 813.351000
40.873540 658.677600 821.583000
40.890010 673.764000 446.880000
40.906370 676.620000 461.737500
40.922730 676.233600 446.691000
40.939090 651.873600 409.668000
40.955570 630.890400 431.088000
40.972050 628.605600 414.162000
40.988400 659.198400 351.844500
41.004760 644.095200 377.538000
41.021240 645.523200 396.837000
41.037720 641.306400 429.135000
41.054200 661.298400 426.909000
41.070560 661.500000 417.396000
41.087040 647.455200 365.956500
41.103520 649.135200 384.636000
41.120000 647.270400 367.195500
41.136230 637.593600 343.308000
41.152710 647.421600 391.870500
41.169070 649.605600 418.635000
41.185790 685.876800 372.928500
41.202030 687.052800 392.311500
