0.000000 48.649889 7.221665
0.016480 86.257556 13.189450
0.032710 98.295110 16.348154
0.049070 78.420269 14.762911
0.065550 45.529650 10.629630
0.081910 17.712814 6.347922
0.098510 0.803152 2.252186
0.114870 -5.181835 -1.850839
0.135380 -4.230628 -5.899973
0.147950 -2.582702 -8.916925
0.164310 -4.006147 -9.853633
0.181150 -6.636638 -7.983500
0.197390 -6.146099 -3.190193
0.213750 -2.562136 2.326310
0.230220 0.527639 5.729387
0.246700 1.847483 6.972735
0.263180 1.594458 8.032822
0.279300 -1.637441 10.074518
0.312260 -7.942462 12.228089
0.328610 -13.589034 12.127945
0.345210 -15.149096 8.319502
0.361690 -13.576277 2.126871
0.378050 -11.258763 -3.269328
0.410890 -8.119577 -5.146791
0.427120 -4.081927 -3.544312
0.443850 -1.117350 -0.807796
0.460080 -0.669018 1.007369
0.477050 -1.922395 0.676106
0.492920 -3.259009 -2.306934
0.509280 -3.849922 -6.620938
0.525880 -3.639689 -9.827554
0.558840 -3.061796 -10.506295
0.575200 -2.189754 -8.785483
0.591800 -0.658579 -5.347046
0.607910 1.545540 -0.699460
0.624510 3.690230 3.781349
0.640870 4.294195 6.219136
0.657230 1.923025 6.510102
0.673580 -0.559229 4.459990
0.690060 4.702928 -1.534146
0.854250 19.452090 -10.262005
0.870730 34.156558 -16.403914
0.887210 37.188344 -15.266509
0.903560 27.172419 -8.685657
0.920040 13.396182 -3.064703
0.936400 3.353896 -1.166343
1.002200 -1.666229 -0.843478
1.018430 -3.184087 0.328459
1.035030 -3.761632 2.013763
1.051510 -5.067296 2.198997
1.100710 -6.881455 0.387819
1.118900 -7.702526 -1.918208
1.133670 -6.425705 -2.644766
1.150020 -3.940647 -1.034316
1.166380 -1.645092 1.151607
1.199340 0.278957 2.019262
1.215580 2.609297 1.090098
1.232180 3.490818 -0.743408
1.265010 -2.508554 -1.258879
1.445560 -15.933535 0.950051
1.462160 -28.789718 4.716697
1.478520 -32.089086 6.856994
1.494870 -25.537686 5.683396
1.511350 -16.112032 3.136653
1.527830 -8.042318 1.672096
1.544070 -1.857844 1.619424
1.560670 2.204880 2.010540
1.577150 4.270860 2.155711
1.593630 5.221397 2.372624
1.609860 5.459060 2.704802
1.626460 3.862680 1.811925
1.642820 -0.500109 -1.476026
1.659060 -4.186751 -5.019247
1.675660 0.526531 -3.679449
1.938720 14.542501 3.342434
1.954960 25.325695 9.801897
1.971190 19.603017 10.131136
1.987670 1.164470 5.785036
2.004270 -13.792180 1.820035
2.020750 -17.213374 -0.516222
2.037110 -13.642544 -3.273111
2.053590 -9.014301 -6.573135
2.069950 -4.436693 -8.047419
2.086430 -0.136614 -6.187203
2.103150 2.453014 -2.518614
2.119380 2.933674 -0.064216
2.135740 2.116640 -0.301275
2.151980 1.135666 -2.369156
2.168700 0.170984 -4.258945
2.184940 -1.519973 -4.067713
2.201420 -3.724078 -0.967616
2.217770 -5.221724 4.036964
2.234250 -5.489795 7.675462
2.250730 -4.863188 7.455482
2.267090 -3.275239 4.489870
2.283450 -0.356263 1.596308
2.299930 2.925168 0.143280
2.316410 4.254885 -1.344317
2.332760 2.526314 -4.752776
2.349240 -0.887646 -9.067433
2.365720 -3.749187 -10.879273
2.382080 -4.804192 -7.863424
2.398560 -3.335727 -1.337278
2.415040 1.483197 4.589543
2.431400 8.226419 6.776620
2.447880 12.868201 5.733939
2.480590 12.451854 4.216302
2.497190 8.214254 3.848690
2.513670 3.563072 3.513388
2.530030 -0.513345 1.571866
2.546390 -3.781774 -1.205554
2.562870 -4.151128 -2.519465
2.579220 -0.457531 -1.451117
2.595700 4.562648 0.620564
2.612180 5.737735 1.391835
2.628540 1.220194 -0.369987
2.645020 -5.550344 -4.082319
2.661500 -10.082247 -7.936726
2.677730 -10.535487 -9.623696
2.694210 -7.809113 -7.592310
2.710690 -3.135452 -1.754323
2.727050 2.440307 6.312755
2.743530 6.826928 12.914702
2.760500 7.711213 14.006283
2.776370 4.677617 8.589275
2.792970 0.412946 0.180365
2.809200 -0.963852 -5.991775
2.825810 1.904675 -7.682262
2.842160 6.223640 -5.851197
2.858520 8.178225 -1.932957
2.874880 6.582232 2.579973
2.891360 3.850613 5.815620
2.907840 2.855527 6.104695
2.924070 3.466196 3.364874
2.940670 3.712994 -0.141618
2.957030 2.727900 -1.691018
2.973510 1.508509 -0.753762
2.990110 1.324933 0.452885
3.006350 1.496639 -0.962547
3.022830 0.159638 -5.241920
3.039310 -2.779842 -9.439391
3.055790 -5.258433 -10.137508
3.072020 -5.313748 -5.898297
3.088380 -2.969571 1.600309
3.105220 0.081426 8.334353
3.121700 2.515104 10.091869
3.138060 3.253746 6.237401
3.154300 1.299622 1.039883
3.170780 -1.867122 -1.239423
3.187260 -3.451641 -0.638718
3.207760 -3.089933 0.000061
3.220090 -2.636552 -0.581106
3.236450 -2.610392 -1.414227
3.269290 -1.853464 -2.076981
3.285640 -0.340272 -2.800636
3.318480 0.968023 -3.198830
3.335080 1.754820 -2.356088
3.351320 2.157436 0.353768
3.368040 1.999053 4.392080
3.384400 1.040601 7.994033
3.400760 -0.904814 8.823160
3.417110 -4.019577 5.456445
3.433720 -7.252180 -0.559558
3.449950 -7.689177 -4.982035
3.466430 -3.374280 -4.374253
3.483030 3.084192 0.365816
3.499270 6.261344 4.796676
3.516110 4.316899 5.880272
3.532100 1.158693 4.508660
3.564940 0.686881 2.573562
3.581420 1.520117 0.233883
3.614260 0.193140 -3.012683
3.630740 -3.004500 -5.917679
3.663570 -5.201022 -5.564723
3.680180 -5.378363 -2.077358
3.696290 -4.681471 0.286949
3.712890 -4.077476 -1.365094
3.729250 -3.559596 -5.362936
3.745730 -2.730050 -7.540336
3.762450 -1.364168 -6.270415
3.778560 0.235109 -3.329016
3.794920 1.156654 -0.509048
3.811520 0.329970 1.436359
3.827880 -1.697555 2.338666
3.844240 -2.594457 2.349449
3.860840 -1.076352 2.050869
3.877200 1.447128 1.773941
3.893550 2.210450 2.473873
3.910030 2.101853 5.627358
3.926510 6.685594 9.313438
4.205810 16.970027 10.222022
4.221920 23.763392 7.197412
4.238530 17.040012 1.276486
4.255000 0.008824 -5.087764
4.271360 -13.685272 -10.004766
4.287840 -16.415951 -10.936278
4.304440 -12.089866 -6.554667
4.321040 -7.173968 0.036208
4.337160 -3.498735 4.507482
4.353390 -0.756463 5.086456
4.370120 0.568167 3.624139
4.403690 0.394122 3.082113
4.419310 0.058865 3.802117
4.452390 1.282763 3.485215
4.468630 4.100861 0.569475
4.484990 7.296492 -3.737731
4.501340 9.756563 -7.124739
4.517940 10.390645 -8.290183
4.534420 8.190423 -7.421809
4.550660 3.538895 -5.482181
4.567260 -1.128252 -2.908242
4.583620 -3.398664 0.635605
4.599850 -2.793009 5.027098
4.616330 -0.789303 8.598421
4.632930 0.607012 8.941762
4.649290 0.437541 5.393530
4.665890 -0.720836 0.071534
4.682010 -1.035854 -4.060417
4.698490 0.861774 -5.585565
4.714840 3.898988 -4.963618
4.731450 5.420608 -3.302574
4.747800 4.235724 -1.304458
4.764280 1.806263 0.308645
4.780640 0.371384 0.785479
4.797000 0.242326 -0.013717
4.813480 0.768059 -1.877308
4.829960 2.119325 -3.855153
4.846310 3.392733 -4.448342
4.862790 3.366474 -2.867559
4.879270 2.238148 -0.035047
4.895630 0.796037 2.125035
4.911990 -0.318030 3.114422
4.928340 -1.094005 4.040609
4.944820 -1.202652 5.518664
4.961300 -0.244643 6.473255
4.977910 0.979581 5.445631
4.994140 1.138342 2.637509
5.010500 0.424739 -0.485390
5.026980 0.978066 -2.697746
5.043460 3.897204 -3.911596
5.059940 6.985823 -4.347746
5.076420 6.661469 -3.560497
5.092770 2.863602 -1.607539
5.109250 -0.793248 0.409103
5.125610 -1.825232 1.480323
5.141970 -0.670450 2.078135
5.158810 0.964644 2.773272
5.174930 2.040553 2.446901
5.191410 2.243107 0.429871
5.207760 1.995331 -1.745436
5.224240 2.147023 -1.856467
5.240480 2.673470 0.069407
5.257080 2.442445 1.841162
5.273440 0.276127 2.156017
5.289920 -2.935575 1.160055
5.306520 -4.778792 -0.511684
5.322750 -3.991079 -2.036543
5.339230 -1.542320 -3.041167
5.355590 0.747376 -3.735623
5.372070 2.104417 -4.554393
5.388430 2.179975 -5.118216
5.404910 1.089634 -3.896361
5.437740 0.010271 -0.721400
5.454100 0.691109 2.812259
5.470580 3.924441 4.384496
5.487060 7.525016 2.406000
5.503540 8.663186 -1.545120
5.536250 6.862249 -4.045050
5.552730 3.936132 -2.511685
5.569340 2.331974 2.250097
5.585690 2.508670 6.859546
5.602050 3.020276 8.836300
5.618530 2.446937 7.391842
5.635010 0.841771 3.528142
5.651250 -0.829894 -0.831676
5.667720 -2.659452 -4.233475
5.684330 -5.443609 -6.542132
5.700560 -7.981673 -8.047929
5.717160 -7.404204 -8.398125
5.733400 -3.919707 -7.452256
5.749880 -0.836895 -5.554592
5.766240 0.433271 -3.228170
5.782710 1.964687 -0.973697
5.799190 4.736420 1.119322
5.816530 5.751164 3.315366
5.832400 2.883972 4.765425
5.848880 -1.264015 4.275831
5.864990 -2.519819 2.449197
5.881470 -0.647364 1.245323
5.897950 1.342265 1.759398
5.914430 1.914691 2.638922
5.930790 1.974114 2.566706
5.947270 2.608322 2.137294
5.963870 3.403586 1.950332
5.980220 3.644200 1.528741
5.996460 3.324838 0.196591
6.029300 2.585058 -1.977407
6.049560 1.635456 -3.854027
6.062130 0.493924 -4.267206
6.078490 -1.250450 -3.347095
6.094970 -2.923919 -1.969771
6.111450 -2.676194 -0.659495
6.127810 -0.391481 1.056774
6.145870 1.967942 3.840184
6.160640 2.768680 6.682394
6.177250 1.838344 7.123657
6.193480 0.684052 3.434629
6.209960 1.993153 -3.061799
6.226320 7.165630 -7.840988
6.242800 13.451601 -7.670288
6.259280 15.331317 -4.062924
6.275760 10.908109 -0.782347
6.292110 3.791480 0.584671
6.308590 -1.752502 1.096484
6.324950 -3.720859 0.939069
6.341310 -2.539667 -0.572091
6.374150 -0.071443 -2.646967
6.390630 1.663332 -3.614375
6.406980 1.997969 -2.762836
6.423580 2.167558 -1.075485
6.440060 2.877012 0.175169
6.456420 3.086582 0.659723
6.473750 1.752113 0.828778
6.489140 -1.096170 1.173680
6.505620 -3.996890 1.497056
6.522090 -4.329557 1.753120
6.538450 -1.117346 2.395027
6.554810 3.982558 3.391295
6.571290 8.231914 3.955040
6.590090 9.900828 3.454964
6.604370 9.614219 1.746780
6.620610 7.941249 -1.130151
6.637080 4.622672 -3.695039
6.669920 0.357420 -3.624444
6.686280 -2.824970 -0.676009
6.702760 -2.430811 2.230908
6.719480 1.279368 2.049624
6.735720 5.083611 -0.762202
6.752200 6.606604 -3.431408
6.768550 5.797764 -4.067942
6.785160 4.077062 -3.327978
6.803830 2.497647 -3.087173
6.817870 1.104769 -3.530587
6.867190 -0.431743 -3.148243
6.883540 -2.100148 -1.181587
6.900020 -2.885480 1.466311
6.916380 -2.064536 3.733563
6.932740 -0.441021 5.425796
6.949220 0.808673 6.302280
6.965700 1.371515 5.598732
6.982060 1.702578 2.972196
6.998540 1.966264 -0.742731
7.014890 1.487583 -3.533479
7.031370 -0.050357 -3.785902
7.064330 -0.960358 -2.217389
7.080690 -0.958426 -0.843415
7.097290 -7.060272 -0.463143
7.113400 -25.662745 -0.118739
7.130740 -49.767375 0.889567
7.146480 -63.926056 1.930739
7.162720 -60.384153 2.999676
7.179440 -45.020922 4.737332
7.195680 -26.497600 6.604756
7.212040 -9.116451 6.910938
7.228520 3.425300 4.371689
7.245000 8.076637 -0.133079
7.261470 5.645389 -4.611555
7.277830 0.218678 -7.338880
7.294310 -4.145761 -7.176060
7.310670 -5.564307 -4.492914
7.327030 -4.097956 -0.434539
7.343510 -1.223647 3.727950
7.360110 0.535384 6.960016
7.376340 -0.121963 8.458020
7.392580 -1.587629 7.613761
7.409420 -1.281642 5.412394
7.425660 0.555709 3.159698
7.442140 1.099926 0.930231
7.458860 -0.427090 -1.620423
7.474850 -2.061204 -4.238629
7.491460 -2.243790 -5.540034
7.507690 -1.622511 -4.193526
7.524170 -1.285503 -0.677107
7.540650 -0.813953 2.404944
7.557010 0.077943 2.397264
7.573490 0.823788 -0.516659
7.589970 1.277208 -3.473186
7.606320 1.977478 -4.030312
7.622800 2.946321 -2.024759
7.639160 3.276880 1.129822
7.655640 2.802077 3.629161
7.672240 2.233896 4.176425
7.688480 1.462798 2.855828
7.704830 -0.426285 0.911654
7.721190 -3.473359 -0.890099
7.737790 -6.106129 -2.465958
7.754030 -6.879744 -3.041541
7.770630 -4.871278 -1.663626
7.787110 1.159121 0.972793
8.099240 9.865207 2.688433
8.115600 16.605864 1.972509
8.132320 17.271107 -0.182662
8.148560 11.629500 -0.980589
8.164790 4.478318 0.442333
8.181270 1.799082 1.563896
8.197750 5.057964 -0.554907
8.214110 10.034794 -5.882296
8.231080 11.189146 -10.889993
8.247190 8.042770 -11.925317
8.263550 4.252305 -8.528961
8.279790 1.381002 -3.103776
8.296260 -1.058738 1.575706
8.312740 -2.974107 4.229623
8.329220 -3.878795 5.378884
8.345580 -3.881611 5.741609
8.362180 -3.485761 5.050228
8.378420 -2.604086 3.141795
8.394900 -1.214364 0.859306
8.411380 0.034289 -0.041435
8.427730 0.746416 1.599016
8.444210 1.336726 4.179868
8.460820 2.035186 4.743282
8.477050 2.177429 2.032413
8.493650 0.915259 -2.640603
8.509770 -0.508151 -6.287794
8.526250 1.268675 -6.409202
8.542720 6.754191 -2.728392
8.560550 12.002366 2.503437
8.575680 12.614145 5.922490
8.592160 8.231787 5.472360
8.608400 2.568008 2.197415
8.624880 -0.953145 -0.601298
8.641360 -1.218200 -1.092948
8.657840 0.621672 -0.206626
8.674190 2.137757 0.593903
8.690670 1.850548 0.914472
8.707150 0.375889 0.627691
8.723390 -0.760921 -1.344636
8.739870 -1.077453 -5.054536
8.805540 -0.928391 -7.724201
8.822020 -0.182862 -6.331305
8.838500 1.574204 -0.998765
8.854980 3.857549 4.753342
8.871340 5.462165 7.189569
8.887820 5.860780 5.723329
8.904300 5.499108 2.487911
8.937130 4.641859 -0.139867
8.953610 3.352992 -1.246671
8.986210 2.003131 -1.413166
9.002810 0.717489 -0.871779
9.035520 -0.212605 0.962590
9.052000 -0.438334 3.138778
9.068360 -0.054895 2.559022
9.084840 0.543202 -2.443640
9.101320 0.280270 -8.712496
9.117800 -0.594083 -10.333317
9.134280 0.436606 -4.934077
9.150630 5.063172 3.780684
9.167110 12.122196 9.785113
9.183590 17.477324 10.156097
9.200070 17.745569 6.516681
9.216310 13.591687 1.955277
9.232910 7.911006 -1.372693
9.249270 3.436125 -2.370167
9.265630 0.689941 -0.946227
9.282100 -1.542375 1.496665
9.298460 -3.497953 3.077575
9.314820 -3.900537 3.089949
9.331420 -0.814759 1.490043
9.347780 2.120085 -0.822894
9.364260 -6.074377 -1.075198
9.380620 -27.709411 2.621950
9.396970 -49.189213 7.919532
9.413570 -55.029552 10.094286
9.429810 -44.445829 8.246037
9.446530 -28.970397 5.837336
9.462650 -15.064681 4.784044
9.479250 -2.811698 3.606814
9.495480 6.077023 0.762625
9.512080 8.748944 -2.819317
9.528560 5.064685 -5.182556
9.547120 -0.902778 -5.966708
9.561400 -4.140198 -6.055024
9.577640 -3.314868 -5.655691
9.594240 -1.036428 -3.795353
9.610470 0.078530 0.372924
9.627200 0.434428 5.290982
9.643550 1.256715 7.990946
9.659910 1.697463 7.196372
9.676270 0.611746 4.216160
9.692630 -1.269234 1.298264
9.709110 -2.295422 -1.174140
9.725590 -2.466948 -4.359973
9.741940 -2.607288 -7.655946
9.758540 -2.321148 -7.959483
9.775150 -1.597991 -3.676571
9.791380 -0.737709 2.231991
9.807740 0.605072 4.748961
9.824220 1.891473 1.920744
9.840700 1.708221 -3.685942
9.856930 -0.398590 -7.859409
9.873540 -2.432215 -7.449168
9.889890 -2.011631 -2.334356
9.906490 0.589389 4.288819
9.922610 3.419135 8.240678
9.939090 5.012569 7.782020
9.955690 5.820418 4.380949
9.971920 7.499673 0.074144
9.988530 9.968727 -3.441740
10.004880 11.032521 -4.555041
10.021360 9.865189 -2.681811
10.037840 7.509846 0.298914
10.054080 4.276192 1.095513
10.070560 0.316574 -0.830675
10.087040 -2.709297 -2.720463
10.103390 -3.349861 -2.294697
10.119870 -3.273734 -0.212994
10.136470 -4.058311 1.740024
10.152830 -3.762925 3.282856
10.169310 -0.966067 4.893925
10.185550 2.165265 6.387003
10.202030 2.774802 6.931933
10.218380 1.765888 5.720513
10.235110 1.354626 2.844560
10.251340 0.279687 -0.227486
10.267820 -3.410044 -1.390740
10.284180 -8.350486 -0.350263
10.300660 -10.781697 0.495739
10.317020 -8.720332 -0.506338
10.333500 -4.194652 -2.572707
10.349730 -0.630372 -4.049421
10.366330 0.188309 -3.761833
10.382690 -0.846227 -1.463777
10.399290 -1.343431 2.025986
10.415530 -0.369617 4.581689
10.432010 0.876373 4.744014
10.464970 0.889640 2.947492
10.481450 -0.079376 0.139768
10.497800 -0.425741 -3.639870
10.514280 0.169025 -8.236269
10.530640 0.486475 -11.301616
10.547000 -0.453069 -9.991313
10.563600 -1.975523 -4.834221
10.579960 -2.589986 0.460358
10.596310 -2.056509 3.289077
10.612670 -1.090207 4.399513
10.629150 -0.110423 5.223264
10.661990 0.626196 4.842085
10.678470 0.972196 1.901023
10.694820 1.019443 -2.417749
10.711430 0.530796 -6.744894
10.727780 -0.742155 -10.367138
10.744140 -1.895698 -10.415129
10.990840 -0.879463 -5.760004
11.007200 3.414620 0.419791
11.023680 8.339283 3.915397
11.039920 9.378654 4.405404
11.056400 5.864882 5.519095
11.072750 0.842424 7.440583
11.089360 -3.357810 7.578031
11.105830 -6.612326 5.325405
11.122190 -8.753545 1.895388
11.138550 -8.049157 -0.606715
11.154790 -4.767357 -0.537265
11.171390 -1.820591 1.299747
11.204220 -0.365822 2.318870
11.220580 0.788092 1.284308
11.253420 2.037984 -0.551103
11.269780 3.009439 -1.281760
11.286380 5.398574 -0.511217
11.302730 10.445163 0.955739
11.319210 15.049882 1.661309
11.352050 14.550195 0.660979
11.368530 9.055745 -0.790104
11.401370 3.931626 -0.793716
11.417720 2.300514 0.601971
11.434080 2.291021 1.303494
11.450680 1.330602 -0.240004
11.466920 -0.796351 -3.268568
11.483400 -2.266894 -5.694502
11.499880 -1.832159 -5.566278
11.516240 -0.000644 -3.019668
11.532840 1.720612 -0.963184
11.549070 1.574700 -2.068756
11.565550 -0.413458 -5.232949
11.582030 -2.081790 -6.457069
11.598390 -2.131932 -3.806010
11.615360 -1.328085 1.177751
11.631350 -0.254504 6.239508
11.647830 1.018749 10.194364
11.664180 5.127200 12.018604
11.680540 18.435475 9.568930
11.697020 39.856308 2.405842
11.713380 56.558440 -5.721058
11.731200 55.969287 -9.117847
11.746460 40.235275 -4.824927
11.762820 22.821979 4.014837
11.779300 10.373211 10.407654
11.795530 1.374950 9.565133
11.811890 -4.861436 2.687670
11.828740 -7.086522 -4.653444
11.844970 -5.710607 -7.383539
11.861330 -2.928928 -4.800079
11.877810 -0.162533 -0.360256
11.894040 1.506148 2.288870
11.910640 1.255341 2.403481
11.926880 -0.723014 1.665842
11.943360 -2.850979 1.668790
11.959840 -3.688830 2.525934
11.976320 -3.667227 3.491796
11.992680 -3.467333 3.357814
12.009160 -2.840151 1.339192
12.025510 -1.443467 -2.107683
12.041750 0.002697 -5.752056
12.058350 0.647799 -7.992710
12.074830 1.146878 -7.487323
12.091060 2.225592 -3.709637
12.107790 3.573305 2.197641
12.124020 5.010126 7.530679
12.140630 7.091972 9.867594
12.156860 9.349923 8.366264
12.173340 9.749130 3.588716
12.189580 7.599811 -2.027281
12.206180 4.318367 -4.306927
12.239010 1.217401 -1.678648
12.255370 -1.335449 2.183089
12.288330 -3.426204 2.294849
12.304690 -5.226730 -1.731703
12.337400 -6.190179 -5.671016
12.354130 -5.319810 -5.825175
12.370480 -2.822644 -1.675837
12.386840 -0.095174 3.766204
12.403320 1.767282 6.415323
12.436040 2.231923 5.265179
12.452640 1.107986 2.701405
12.468990 -0.473163 1.254439
12.485470 -0.077205 0.607614
12.501950 2.549776 -1.079432
12.518190 4.109458 -4.574691
12.534790 2.588274 -8.965908
12.551270 0.283439 -12.488861
12.567630 -1.631960 -13.589937
12.583980 -6.304852 -10.790646
12.600460 -17.273389 -3.765176
12.616820 -35.254306 5.532514
12.633420 -53.685693 13.152957
12.649660 -62.372149 15.419668
12.666260 -56.333029 11.715837
12.682860 -39.514056 4.154002
12.699100 -21.886155 -3.619411
12.715700 -9.244967 -8.028945
12.732060 -2.131817 -7.738205
12.748540 0.429392 -3.870476
12.765010 1.340247 1.515056
12.781250 3.680646 6.607367
12.797610 6.997827 9.084132
12.814210 7.204983 7.458658
12.831300 2.312781 3.706152
12.847050 -4.390116 1.148616
12.863400 -8.300545 1.332125
12.879880 -8.846591 3.241583
12.896240 -8.002884 4.803628
12.912600 -6.136260 4.541138
12.929080 -3.005119 2.076124
12.945680 0.472689 -0.976297
12.962040 2.720496 -1.651541
12.978520 3.103854 0.625177
12.995000 2.434056 2.417974
13.027710 1.575346 0.647375
13.046260 1.196644 -4.239012
13.060670 1.095970 -9.256576
13.076900 -0.103987 -12.167258
13.093510 -2.399696 -12.200789
13.109740 -3.999593 -8.332839
13.126340 -3.615028 -1.678045
13.142940 -1.376803 4.215919
13.159180 1.702959 6.823740
13.175660 4.400837 6.349963
13.192140 5.394477 4.515675
13.208620 3.711921 2.767135
13.224850 0.223782 2.462107
13.241330 -2.549341 3.870713
13.257810 -2.890552 4.995155
13.274170 -1.286947 4.252545
13.290770 0.697489 2.867491
13.307130 2.317627 2.535555
13.323730 3.191903 3.412208
13.340090 3.038445 4.809412
13.374270 2.937038 5.646252
13.389400 4.522545 5.137252
13.405640 7.611262 3.001157
13.422120 9.119366 -0.270581
13.438600 6.440494 -3.328952
13.454830 0.882188 -5.385146
13.471190 -3.675024 -6.266724
13.487790 -4.631835 -5.630700
13.504150 -3.029384 -3.012777
13.520750 -1.514766 1.443112
13.537110 -1.188015 6.110526
13.553470 -1.151797 8.334384
13.569950 -0.811185 6.460485
13.586300 -0.658292 1.409536
13.602780 -0.669665 -4.361143
13.619140 -0.243315 -8.870386
13.635620 0.664731 -10.915210
13.651980 1.275974 -9.785110
13.668460 1.001098 -5.988206
13.684810 0.465748 -1.391317
13.703250 -0.071073 2.248859
13.717770 -2.117145 4.747119
13.734130 -5.886581 6.289729
13.750730 -8.501069 5.975853
13.766970 -7.115306 3.565722
13.783330 -3.200092 0.111757
13.799930 -1.321038 -3.190765
13.816160 -2.615571 -5.438984
13.832760 -4.430589 -6.035720
13.849240 -4.503050 -4.458023
13.865720 -2.567221 -1.209438
13.882080 0.272914 1.727255
13.898560 2.909991 2.391228
13.917600 4.091014 0.899916
13.931270 3.400491 -0.370146
13.947750 2.109225 0.796561
13.964110 1.569067 3.887824
13.980590 1.474497 6.240489
13.996950 0.625386 6.198351
14.243410 1.706807 3.831518
14.260250 8.978753 0.103588
14.276370 23.048176 -3.294969
14.292720 41.605994 -4.691001
14.309200 57.589975 -3.806409
14.325680 62.666380 -2.380324
14.341920 53.298090 -2.610920
14.358400 34.068940 -4.805068
14.374880 16.034698 -7.267967
14.391240 5.378235 -8.049726
14.407710 0.577054 -6.174092
14.424190 -1.748846 -2.142650
14.440550 -4.075009 2.540040
14.457030 -6.586787 6.309294
14.473270 -7.829715 8.618644
14.489750 -6.941303 9.816469
14.506230 -4.476830 9.438143
14.522580 -1.922139 6.567758
14.539060 -0.398719 1.661215
14.555540 0.328597 -2.584993
14.571900 0.692308 -3.704275
14.588500 0.325321 -2.457790
14.604980 -0.653102 -1.072830
14.621220 -1.663848 -0.559082
14.637570 -2.377762 -0.097058
14.654170 -1.650658 1.461886
14.670530 0.596995 2.839599
14.687010 -0.450364 2.045292
14.703370 -9.772352 0.264307
14.719730 -26.037447 0.741252
14.736330 -43.805049 4.759920
14.752690 -56.467294 8.947666
14.768920 -58.847377 9.664343
14.785520 -48.533239 7.634023
14.802000 -29.036277 4.964834
14.818240 -10.191281 2.675649
14.834720 1.462862 0.902428
14.851320 5.797241 -0.087524
14.867800 5.499771 -0.057778
14.884030 3.351257 0.163949
14.900630 0.280498 -0.454374
14.916870 -3.299760 -1.897345
14.933230 -6.144851 -3.204705
14.950070 -6.819061 -3.207813
14.966430 -5.118789 -1.872874
14.983030 -2.450983 -0.429145
14.999390 -0.892783 0.856182
15.015870 -0.273059 2.457317
15.032100 2.719258 3.941070
15.048340 9.196251 4.263402
15.064820 15.366792 3.033099
15.097660 16.147593 1.492267
15.114010 11.414209 1.022036
15.147090 6.102089 1.610467
15.163330 2.771906 2.245191
15.196290 0.448832 1.618992
15.212650 -2.366896 -0.726967
15.229740 -5.816805 -4.598927
15.245730 -7.812948 -9.482802
15.261840 -7.295775 -13.233396
15.278320 -5.342929 -12.861597
15.294800 -2.967912 -7.942581
15.311280 -0.788686 -1.544156
15.327640 1.002346 2.862824
15.344240 2.327607 4.098524
15.360720 2.655883 2.828722
15.377080 1.506581 -0.630900
15.393430 -1.068369 -6.398964
15.409910 -3.613925 -12.221020
15.426270 -3.919010 -13.591951
15.442630 -1.959425 -8.206256
15.459110 0.193148 0.884787
15.475590 1.498175 8.038441
15.491940 2.931047 10.834999
15.508420 4.577453 9.819915
15.524780 4.430575 5.263857
15.541260 1.351948 -2.024142
15.557740 -2.196939 -9.093383
15.574220 -1.376892 -11.613656
15.590580 4.746897 -7.312957
15.607300 11.914713 1.152612
15.623410 15.749575 8.177872
15.639890 14.812984 10.069947
15.656250 10.886353 7.388177
15.672730 6.017044 3.230360
15.689210 0.969313 -0.328003
15.705440 -3.331405 -2.352725
15.722050 -5.702150 -1.947000
15.738400 -5.481539 0.068383
15.754760 -3.168304 1.739493
15.771240 -0.208239 2.208622
15.787840 2.056205 2.531826
15.804200 3.024395 2.995025
15.820560 2.861778 1.987457
15.836910 2.371875 0.290303
15.853270 1.808638 0.191517
15.869750 0.775436 1.352353
15.886230 0.392983 1.492260
15.902710 1.771388 0.037126
15.919190 3.339601 -1.205928
15.935550 2.647368 -2.058839
15.951900 -0.292474 -3.846492
15.968260 -2.704035 -5.735194
15.984860 -2.604194 -5.488819
16.001100 -0.681055 -3.033716
16.017460 0.147262 0.444326
16.033940 -3.307225 5.681704
16.050290 -10.136461 12.520622
16.066890 -15.299418 17.641074
16.083370 -15.162471 17.943649
16.100830 -11.010629 13.549736
16.116210 -6.380426 6.578300
16.132690 -3.057758 -1.554858
16.149050 -1.384427 -8.804410
16.181880 -1.364993 -11.902551
16.198360 -2.200571 -9.822962
16.214720 -2.042504 -4.296922
16.231080 1.094306 2.382408
16.247680 5.998133 7.606709
16.264040 7.802318 8.788791
16.280400 3.703857 5.254787
16.296880 -3.506892 -0.622080
16.313230 -8.807408 -4.829426
16.329960 -10.428192 -4.914693
16.346310 -9.509158 -1.831220
16.362670 -6.507265 0.954845
16.379270 -2.186452 0.485034
16.395510 1.251203 -2.516638
16.411990 2.282582 -4.158051
16.428340 1.575481 -1.632264
16.445190 1.004301 3.330783
16.461300 1.597956 6.100435
16.477660 2.277404 4.363925
16.494020 2.340034 0.295730
16.510380 4.037703 -2.335421
16.526980 8.877650 -2.245058
16.543820 14.417362 -1.023352
16.559940 16.175466 -0.512777
16.576290 12.274927 -0.983628
16.592530 5.901891 -1.623111
16.609010 1.188616 -2.395299
16.625490 -0.798634 -4.093595
16.641850 -1.126490 -5.835690
16.658450 -0.967920 -5.160900
16.674800 -1.308868 -2.405485
16.691160 -0.629417 0.177145
16.707640 5.938576 2.789576
16.970460 16.917709 7.175664
16.987060 20.639333 12.347695
17.019780 9.171051 13.983384
17.036130 -9.424570 10.528934
17.052610 -19.743625 4.671912
17.069090 -18.116751 -1.531795
17.085450 -12.206733 -7.323085
17.102050 -7.510358 -11.518452
17.118290 -4.621068 -12.781597
17.134890 -2.128828 -10.677314
17.151120 1.181940 -5.901255
17.167600 4.376072 0.308816
17.184080 5.530266 6.326466
17.200560 3.147180 11.260365
17.217040 -2.823479 15.727603
17.233520 -9.352881 19.300726
17.249880 -12.040957 20.210633
17.266240 -9.503663 18.206974
17.282590 -4.770712 14.627008
17.301640 -1.736985 10.007700
17.315550 -0.924085 3.896367
17.331910 -0.254455 -2.433432
17.364750 1.425528 -6.329244
17.381100 3.371000 -7.438388
17.413940 3.274487 -7.564421
17.430540 0.632002 -7.455045
17.447020 -1.321548 -6.354393
17.463380 -0.057237 -3.626792
17.479740 2.969621 0.191964
17.496340 4.104531 3.418066
17.512570 2.149672 4.064487
17.529050 -1.113026 1.911345
17.545410 -3.854703 -0.580034
17.561890 -4.577011 -0.983923
17.578250 -3.052972 0.539028
17.594850 -0.964159 2.013147
17.611330 -0.096441 2.361378
17.627690 -0.434969 1.864181
17.660400 -0.759621 0.879106
17.676880 -0.773547 -0.158325
17.709840 -0.558756 -0.806068
17.726200 -0.022484 -1.239930
17.742550 0.844267 -2.044261
17.759160 1.908066 -3.093024
17.775510 3.538299 -3.714947
17.791870 6.899798 -3.495814
17.808470 10.737210 -2.232103
17.824950 12.219054 -0.203024
17.841060 10.699976 1.720369
17.857670 7.869991 2.614014
17.874020 5.432809 2.068118
17.890500 2.864157 0.369603
17.906980 -0.265331 -1.566909
17.923340 -2.968628 -2.584570
17.958500 -4.958017 -2.073850
17.972660 -5.888693 -0.803299
17.989010 -4.673813 -0.250089
18.005490 -1.873345 -0.744642
18.021970 0.541773 -1.398956
18.038330 1.882595 -1.540725
18.054810 3.099508 -1.549275
18.071040 4.606161 -1.220628
18.087650 5.310623 0.746474
18.104130 5.336822 3.877511
18.120360 5.130415 5.813077
18.137210 3.634307 4.898206
18.153320 1.608855 1.667987
18.169800 1.046604 -2.049695
18.186160 2.103668 -4.793814
18.202640 3.373274 -5.265888
18.219120 3.702574 -3.420025
18.235600 2.956779 -1.154668
18.251830 0.848602 0.180122
18.268430 -1.797035 0.589786
18.286130 -4.109798 0.499401
18.301270 -8.541937 0.346913
18.317500 -16.077789 0.057252
18.333980 -21.707376 -0.764000
18.350460 -19.434333 -2.000822
18.366820 -10.623248 -2.394310
18.383420 -2.797715 -0.316221
18.400510 0.813194 4.164544
18.416140 1.925338 8.189264
18.432620 1.431913 8.034339
18.448970 -0.526466 3.177743
18.465330 -2.858255 -2.738264
18.481930 -3.367409 -5.706071
18.498290 -1.962436 -5.369376
18.514770 -0.912709 -3.722409
18.547610 -0.872816 -1.847797
18.564210 -0.584843 -0.198754
18.580570 0.828547 0.504563
18.596920 1.644092 0.204568
18.614380 0.257028 0.289287
18.629880 -1.704572 2.037799
18.646120 -2.199195 4.938825
18.662720 -1.667532 6.976950
18.678960 -1.816940 6.396952
18.695560 -1.917846 3.359340
18.711910 -0.746239 -0.224225
18.728270 0.411918 -1.948706
18.744630 0.394212 -0.760262
18.761110 -0.050161 1.700139
18.777470 0.243596 2.475677
18.794070 0.525109 0.524425
18.810550 -0.051745 -1.982914
18.826900 -0.176345 -2.239288
18.843380 1.314519 -0.037031
18.859620 3.450643 2.769797
18.876220 3.890983 4.385726
18.892460 1.710514 3.617341
18.909060 -1.392954 0.734431
18.925290 -2.708951 -2.269724
18.941890 -0.591584 -3.327623
18.958370 3.356704 -2.143901
18.974850 4.875241 -0.182817
18.991090 1.592060 1.342062
19.007570 -4.109645 2.109971
19.024050 -6.411671 1.646338
19.040530 -1.008237 -0.540218
19.056880 9.216520 -3.550309
19.073240 16.127692 -5.236239
19.089600 14.595616 -4.348702
19.106080 7.763636 -1.685707
19.122680 2.625251 0.909629
19.139040 1.168339 2.372391
19.155400 0.699359 2.320586
19.171880 -0.548948 0.510075
19.188230 -2.059660 -1.915187
19.204470 -2.386081 -3.415046
19.221070 -0.447266 -3.612837
19.237430 3.621219 -2.725684
19.253910 7.370231 -1.505212
19.270510 7.133860 -1.048463
19.286990 2.796353 -2.051600
19.303100 -1.065873 -3.910435
19.336180 -0.449589 -4.909413
19.352660 3.570550 -3.968734
19.369260 6.502487 -0.671931
19.385380 5.987739 5.043597
19.401860 3.423580 10.740246
19.418460 0.783494 11.714636
19.434570 -1.654702 5.712457
19.450930 -4.076903 -3.464258
19.467770 -5.540996 -8.944745
19.484010 -5.118244 -8.080355
19.500490 -3.145770 -3.320269
19.516720 -0.706625 1.676162
19.533080 1.485676 3.589658
19.549680 2.355057 1.376429
19.566040 -0.268715 -2.715454
19.582520 -6.442826 -4.601937
19.599000 -12.627599 -2.965974
19.615360 -15.092053 -1.159645
19.631710 -12.973223 -0.943758
19.648440 -7.938256 -0.617823
19.681150 -1.966742 0.255420
19.697510 2.594946 0.232416
19.714110 3.394302 -1.099981
19.730350 1.165292 -2.003957
19.746830 -0.883820 -1.263379
19.763180 -1.141215 0.142042
19.779540 -0.962764 1.281879
19.796140 -1.789530 1.985386
19.812500 -2.579207 1.822040
19.828980 -1.565861 0.638774
19.845580 0.676263 -1.002910
19.861940 1.552480 -2.180251
19.878420 -0.267817 -1.856778
19.894780 -2.051734 0.331145
19.911250 0.912712 3.581953
19.928710 8.330067 6.377321
19.944090 14.602737 7.581555
19.960690 15.316144 7.123447
19.976930 11.133417 5.408171
19.993410 5.826994 2.705638
20.009770 1.641801 -0.605515
20.026370 -0.378867 -3.531497
20.042600 -0.157306 -4.727238
20.059200 -0.639999 -3.527261
20.075440 -5.004066 -0.932575
20.091800 -11.674706 1.277661
20.108640 -15.495975 2.501636
20.124880 -14.068111 3.353807
20.141240 -9.889330 4.225626
20.157590 -5.982563 4.492556
20.174190 -2.615271 3.359435
20.190550 0.839046 1.362681
20.206910 3.873249 -0.072457
20.223390 5.457349 -0.513287
20.239870 5.219230 -0.469537
20.256590 3.627981 -0.052142
20.272710 1.642322 0.892346
20.289180 -0.033115 1.588476
20.322020 -1.409132 0.633812
20.338260 -2.010550 -1.680026
20.371340 -1.380737 -3.105593
20.387820 -0.434560 -2.561307
20.420410 -0.239603 -1.510614
20.436770 -0.737298 -1.783502
20.453490 -0.949867 -3.288113
20.469970 -0.593525 -4.377810
20.486210 -0.193160 -4.128964
20.502810 0.589874 -3.132543
20.519040 2.233599 -2.389609
20.535400 4.330762 -2.139901
20.551880 5.904915 -1.376457
20.568360 5.893351 1.081242
20.585330 4.405776 4.573789
20.601320 2.408023 6.345349
20.617680 0.453437 4.192451
20.634030 -0.928158 -0.191465
20.650390 -1.877840 -2.024348
20.666630 -3.726205 1.099554
20.683230 -6.680360 6.174830
20.699580 -8.732542 8.248921
20.716060 -7.683315 6.201197
20.732540 -4.369323 2.642627
20.749020 -2.000650 -0.627118
20.765500 -1.312703 -3.578925
20.781740 -0.905105 -5.826159
20.798340 -0.844650 -5.925717
20.814700 -2.164121 -3.446894
20.831180 -5.239738 -0.286922
20.847780 -6.172186 1.358907
20.864010 3.278094 1.094507
21.159420 21.077942 -0.270744
21.176150 30.071707 -1.641682
21.208740 18.258421 -2.266535
21.225340 -4.956444 -1.659470
21.241820 -19.282955 0.101267
21.258420 -18.444726 1.096159
21.274780 -11.533316 -0.015062
21.291260 -5.577532 -1.364777
21.307620 -1.609997 0.265950
21.323970 0.739097 5.041583
21.340580 1.492759 8.551947
21.356810 1.070205 6.720680
21.373410 0.650329 0.590673
21.389770 0.798680 -4.952013
21.406130 0.483096 -5.912381
21.422490 -0.692648 -2.590922
21.439090 -1.147606 1.525395
21.455570 -0.145980 3.877309
21.471920 1.158070 4.415114
21.504760 1.528546 3.938487
21.521240 1.660652 2.961452
21.537600 2.358855 1.687074
21.554080 1.628677 -0.180624
21.570430 -1.492334 -2.943485
21.586910 -4.684383 -5.673315
21.603270 -4.769976 -6.061239
21.619750 -0.263203 -3.676179
21.652710 6.051067 -1.627239
21.669070 10.162619 -1.975278
21.685910 10.352348 -3.074683
21.701900 7.408961 -2.728937
21.718510 4.017963 -1.150483
21.734620 1.744642 0.156560
21.751340 0.382785 0.653242
21.767580 -0.788236 0.841847
21.783940 -1.912346 1.132396
21.800540 -1.300850 1.303964
21.816890 1.496565 1.395363
21.833250 3.543857 1.654599
21.849730 2.551989 1.607032
21.866090 -0.074909 0.593490
21.882690 -1.397970 -1.332578
21.899050 -1.139678 -2.838587
21.915770 -1.204499 -2.886061
21.931880 -1.953042 -2.209104
21.948490 -1.920320 -1.316765
21.964600 -0.162443 0.311247
21.981200 2.562757 2.884830
21.997680 4.725501 5.691194
22.014650 5.165743 7.069795
22.030640 3.829868 5.657112
22.046880 1.995313 2.213657
22.063230 0.639748 -1.274204
22.079830 -0.708293 -3.803742
22.096310 -2.605670 -5.721166
22.112790 -4.190483 -6.976208
22.129030 -3.768851 -6.158032
22.145510 -1.381217 -2.930806
22.162110 0.800537 1.164501
22.178470 1.316360 4.491493
22.194820 1.023062 5.655513
22.211180 1.235189 4.300219
22.227660 1.443603 1.611673
22.244260 -0.137818 -0.896769
22.260620 -3.170389 -2.213455
22.276980 -4.465465 -2.424076
22.293330 -2.302888 -2.105155
22.309810 0.990251 -1.339969
22.326290 1.101974 0.060495
22.342650 -3.305041 2.260974
22.359010 -9.171761 4.214337
22.375610 -12.443774 3.952465
22.391850 -11.168359 1.419963
22.408200 -6.906708 -0.990856
22.424680 -2.489500 -0.929939
22.441160 0.588605 1.809092
22.457640 2.569794 4.999865
22.474000 4.397805 5.985510
22.490360 5.582398 4.621028
22.506840 4.645906 2.315786
22.523320 1.002994 -0.487437
22.539790 -4.258539 -3.878865
22.556270 -8.927267 -7.605015
22.572750 -10.665700 -10.380580
22.588990 -7.919375 -10.441622
22.605350 -2.254030 -6.762953
22.621830 2.918744 0.119242
22.638310 6.484291 6.251096
22.654910 8.971772 8.108553
22.672610 9.894260 7.186075
22.687740 7.846161 6.281413
22.704100 3.347581 5.706796
22.720580 -0.747676 3.969669
22.737060 -2.937820 1.341664
22.753300 -3.373163 -0.344452
22.771360 -2.247754 -0.667944
22.786130 -0.966611 0.500805
22.802610 -0.357075 2.535258
22.819090 1.330695 3.126625
22.835450 4.800207 0.989186
22.851930 7.899367 -2.544437
22.868290 8.124889 -5.058512
22.884640 5.694209 -5.643152
22.901250 3.240290 -4.628937
22.917720 1.892003 -2.493419
22.934200 0.767018 -1.116793
22.950560 -0.691628 -1.778427
22.966800 -2.245915 -2.715809
22.983640 -3.407151 -2.186934
22.999760 -3.471480 -0.460180
23.016240 -2.155623 1.598912
23.032840 -0.407410 3.481965
23.049070 0.285130 4.585779
23.065430 -0.792257 4.230647
23.081910 -2.424996 3.393169
23.098390 -3.246247 2.925393
23.114750 -3.224292 1.258001
23.131100 -1.739623 -2.283455
23.147580 1.508372 -5.625852
23.164060 4.468214 -6.385679
23.180540 4.332340 -4.545566
23.196900 0.986870 -1.802896
23.215580 -2.293055 1.128538
23.229980 -2.183193 4.218081
23.246090 0.983973 6.835864
23.262700 3.561909 7.583276
23.279050 3.230520 5.934069
23.295410 1.626236 2.901921
23.328370 1.565169 -0.382807
23.344730 3.116410 -2.779039
23.377690 4.613433 -3.357050
23.394040 5.260051 -1.390777
23.427370 4.482063 1.699322
23.443360 2.545876 3.158809
23.459840 0.915227 2.358199
23.476070 0.028061 0.380546
23.492800 -0.853929 -1.275612
23.525390 -2.126686 -2.760894
23.544560 -2.661699 -4.533085
23.558470 -1.843642 -5.450693
23.574710 -1.263467 -4.165608
23.591190 -1.193589 -0.871938
23.607540 -0.091994 1.992624
23.624020 2.503531 2.671299
23.640380 4.121849 2.223806
23.656860 0.794434 2.497449
23.673340 -6.580952 3.342403
23.689700 -12.495641 3.582899
23.706180 -13.306747 3.285484
23.722530 -10.088126 2.809273
23.738890 -6.487484 1.721057
23.755490 -3.901115 -0.539567
23.771850 -1.706826 -3.242089
23.788330 0.312747 -4.610746
23.804690 1.920096 -3.891265
23.821170 2.327376 -1.944742
23.837520 1.354576 -0.087962
23.854000 -0.125192 1.055959
23.871700 -1.640642 1.561195
23.886720 -3.214565 1.633501
23.903320 -4.227808 1.129931
23.919800 -3.383202 -0.038019
23.936160 -0.792719 -1.541322
23.953000 1.289931 -2.909775
23.969360 0.893875 -3.342233
23.987550 -1.101396 -2.647629
24.001830 -1.779914 -1.371914
24.018190 -0.356533 0.642196
24.034670 1.635000 3.808947
24.051150 3.376022 6.889989
24.067990 5.056554 6.991465
24.084230 6.434117 3.097662
24.100830 5.836910 -2.485426
24.117190 2.028735 -6.944286
24.133300 -3.504039 -9.355466
24.149900 -7.632576 -9.889390
24.166260 -9.318291 -7.933401
24.182860 -6.730587 -3.605224
24.215580 3.759082 1.265932
24.511230 17.304824 5.134314
24.530150 22.816480 7.057788
24.543950 15.394780 6.462925
24.560420 2.752982 3.909467
24.576900 -4.509026 1.195028
24.593260 -6.564917 0.382237
24.609620 -6.814987 1.789255
24.626220 -5.643350 4.158139
24.642580 -3.423831 6.139505
24.659060 -0.835242 6.426184
24.675540 2.011009 4.400468
24.691890 6.174679 0.708370
24.708250 10.843666 -2.953228
24.724850 12.786090 -5.087891
24.741090 10.212592 -5.459152
24.757810 5.430373 -4.899928
24.774170 2.349484 -3.746169
24.790410 1.674396 -1.148150
24.806880 1.341102 2.474698
24.823240 0.409497 5.026716
24.839720 -0.059954 5.043122
24.856080 0.175961 3.184410
24.872680 0.381433 0.914445
24.888920 0.471602 -1.798890
24.905520 0.451387 -5.298320
24.921880 0.082191 -8.149983
24.938350 -0.951201 -7.853050
24.954830 -2.413661 -3.904737
24.971070 -3.278695 0.999733
24.987670 -2.410724 3.614955
25.004030 0.279312 3.125568
25.020630 2.085256 1.696140
25.053340 -0.259090 2.229248
25.069700 -6.174206 5.153935
25.086180 -12.234757 8.400967
25.102540 -15.709671 10.190931
25.119020 -15.734771 10.574040
25.135620 -12.604082 10.052572
25.151980 -7.949439 7.664445
25.168090 -4.404547 2.739597
25.184690 -3.045182 -2.891803
25.201170 -2.947386 -5.787463
25.217530 -2.666403 -4.660317
25.234130 -1.117089 -2.050049
25.250490 1.591222 -0.456375
25.266850 4.297531 -0.146337
25.283330 6.122108 -0.196204
25.299800 7.068823 -0.018285
25.316160 7.150577 0.351938
25.332640 5.745720 0.926790
25.348880 2.705565 0.546833
25.365480 -0.318406 -1.537285
25.381710 -1.458153 -3.965188
25.694090 -1.327523 -5.934603
25.710450 -1.551810 -7.148344
25.726810 -2.000421 -6.336674
25.743530 -1.074207 -2.571102
25.759890 1.299434 2.486246
25.776250 2.659033 5.173512
25.792850 1.909282 4.115019
25.809080 0.362296 1.408258
25.825440 -0.594314 -0.927699
25.841920 -0.287707 -2.964632
25.858280 1.018887 -5.266579
25.874760 2.154861 -6.627621
25.891110 1.659833 -4.380311
25.907710 -0.145426 1.370057
25.924070 -1.387849 6.459751
25.940310 -1.859797 7.681637
25.956910 -2.594195 5.108089
25.973270 -3.498491 1.050145
25.989750 -3.627263 -1.275764
26.006350 -2.760359 -0.273114
26.022580 -2.035586 2.678002
26.038940 -2.213510 3.800930
26.055420 -2.468521 1.560496
26.088260 -1.988348 -0.716590
26.104740 -0.482553 -0.416082
26.121220 1.584049 0.752029
26.137570 2.729391 -0.131674
26.154050 2.276714 -2.952881
26.170410 0.867298 -4.756151
26.186890 -0.222077 -4.072657
26.203370 -0.232753 -1.985431
26.219970 -0.061704 0.265976
26.236330 -0.934738 1.845712
26.252690 -2.608845 2.274621
26.269040 -3.518444 2.005014
26.285280 -2.361954 2.463882
26.301880 0.283634 4.219231
26.318360 2.509260 5.469056
26.334720 3.259975 4.412852
26.351070 3.075232 1.834504
26.367680 3.023806 -0.086373
26.383910 2.977918 -0.363049
26.400390 1.772949 0.318966
26.433230 -0.691292 0.864488
26.449710 -2.929148 0.308327
26.466060 -3.585536 -2.340891
26.482540 -3.191103 -6.682099
26.499020 -3.145053 -10.186324
26.515380 -3.615156 -9.873037
26.531980 -3.729120 -5.091468
26.548220 -2.728299 1.446152
26.565310 -0.743419 6.213373
26.581300 0.920163 7.447323
26.597780 1.391886 5.785709
26.614140 1.338075 2.983840
26.630490 1.002675 0.498598
26.646970 1.358152 -0.205737
26.663330 5.640629 1.419108
26.679930 14.315015 2.814463
26.696410 22.053374 1.365915
26.712770 21.790798 -1.682290
26.729130 12.929294 -3.402389
26.745360 2.316779 -2.759233
26.778320 -4.413068 -0.919588
26.794560 -6.477558 0.790459
26.811040 -5.825951 1.303528
26.827510 -3.973296 0.332403
26.843870 -1.243743 -0.814022
26.860230 1.367306 -0.805319
26.876710 2.481294 0.057059
26.893190 2.219593 1.188123
26.909420 1.838556 2.731261
26.925780 1.413141 3.578343
26.942630 -0.400318 1.803561
26.958980 -4.722876 -2.294276
26.975220 -10.318695 -5.414160
26.991820 -13.999301 -5.250026
27.008300 -13.328642 -3.353845
27.024660 -8.863453 -2.613012
27.041020 -3.925781 -3.682728
27.057500 -1.447205 -4.247276
27.074100 -2.177043 -2.422680
27.090450 -4.320527 0.465237
27.106930 -4.651153 1.695593
27.123290 -1.915306 0.780126
27.139650 2.026087 -0.094423
27.156130 4.804893 0.776774
27.172490 5.865679 2.069566
27.188840 6.944814 2.807199
27.205320 5.092326 1.465239
27.221800 -3.284074 -5.245332
27.238280 -7.946199 -13.104190
27.517460 2.656756 -13.166539
27.534060 22.093225 -2.839774
27.550290 28.651942 9.889586
27.566770 13.150385 15.311869
27.583250 -7.840075 13.945540
27.599850 -18.259845 10.142386
27.616210 -17.564334 6.143898
27.632570 -12.832336 3.063739
27.649050 -8.767884 0.247469
27.665410 -5.900841 -3.257310
27.681640 -3.861599 -6.981935
27.698240 -1.518339 -8.670463
27.714840 1.584798 -6.186843
27.731080 5.051199 -0.473921
27.747560 9.538251 4.258953
27.764040 15.246546 4.296994
27.780400 20.291152 0.735847
27.796880 21.672704 -2.057457
27.813480 17.980665 -2.316495
27.829710 10.903746 -2.045949
27.846070 3.185997 -2.899136
27.862430 -1.927510 -3.428425
27.879030 -2.802881 -1.984417
27.895390 -1.435231 0.671862
27.911870 0.077387 3.169639
27.928100 0.383252 4.711732
27.944700 -1.871309 4.494742
27.961180 -5.852379 1.800871
27.977540 -8.428934 -2.479006
27.993900 -7.186426 -5.789305
28.010380 -4.092298 -6.416115
28.026730 -2.371641 -4.255397
28.043330 -1.299243 0.572864
28.059810 0.486733 7.274958
28.076170 2.052396 12.612392
28.092530 1.780730 12.262294
28.109010 -0.634608 6.072527
28.125240 -3.437624 -1.167461
28.141850 -4.333179 -5.119539
28.158330 -2.816793 -5.602149
28.174560 -0.033467 -4.475373
28.191160 2.452667 -2.218402
28.207520 2.512820 0.580739
28.223880 -0.391053 1.812778
28.240360 -3.714558 0.449135
28.256840 -4.184768 -1.123086
28.273190 -1.413109 0.089550
28.289670 1.583858 3.435692
28.306150 2.095993 5.018916
28.322510 1.188041 2.485235
28.338870 2.751030 -2.326436
28.355350 7.796613 -6.318914
28.371830 12.813669 -7.925938
28.388310 14.086709 -7.239028
28.404420 11.786247 -5.021785
28.421140 8.800436 -2.043518
28.453860 6.398289 1.403653
28.470340 4.427796 4.566168
28.486940 2.473973 5.698322
28.503170 0.023817 4.071474
28.519410 -2.752791 1.211429
28.536250 -5.496937 -0.214323
28.552490 -8.010366 0.928806
28.568970 -9.278458 3.351412
28.585450 -7.712674 4.707082
28.601930 -3.984896 3.289288
28.618290 -1.009456 -0.649038
28.634640 -0.610876 -5.246416
28.651000 -2.265304 -8.447536
28.667600 -3.952594 -8.967011
28.684330 -3.751837 -6.368945
28.700560 -1.321569 -1.540327
28.717160 1.595588 3.026916
28.733520 2.243351 5.219267
28.749880 0.830088 5.143167
28.766360 1.231331 4.519909
28.803220 5.673113 4.705824
28.815670 11.373730 4.994173
28.848510 12.413776 3.970952
28.864870 7.275713 1.541007
28.881350 1.012501 -1.382407
28.897710 -2.129519 -3.730468
28.914180 -1.812321 -4.387561
28.930540 0.186692 -2.616375
28.946780 2.003256 0.139914
28.963260 2.747132 1.122428
28.979740 1.951269 -0.732287
28.996220 -0.038018 -3.627053
29.012570 -1.665967 -4.646840
29.029300 -1.315280 -2.482853
29.045290 1.529392 1.703204
29.061770 5.053647 5.598304
29.078130 5.841135 7.201495
29.094600 2.310388 5.227887
29.110960 -1.967542 0.190904
29.127560 1.182912 -5.180563
29.144040 15.584610 -7.014987
29.160400 33.383725 -4.082137
29.176880 41.513456 0.126049
29.193360 35.554209 1.647445
29.209720 22.569345 -0.007259
29.226320 10.233727 -1.751839
29.242680 1.358806 -0.206564
29.259030 -3.015657 3.898617
29.275390 -2.982381 5.615722
29.292360 -1.636530 1.318013
29.308350 -2.109755 -6.316584
29.324950 -3.757988 -10.812324
29.341430 -3.069426 -8.965824
29.357540 -1.401828 -3.473870
29.374020 -7.833609 1.223651
29.390380 -24.624945 3.537233
29.406980 -40.622153 4.434700
29.423340 -43.032051 5.052821
29.439580 -31.681566 5.171009
29.456180 -17.398843 3.753976
29.488890 -6.590302 1.253935
29.505620 0.523597 -0.880124
29.522460 3.686020 -1.735990
29.538450 2.656443 -1.238200
29.554810 -0.610350 -0.682166
29.571290 -2.124905 -1.050809
29.587650 -0.005514 -1.313620
29.603880 3.423908 -0.025210
29.620240 4.451435 2.154240
29.636840 2.380704 1.975049
29.653320 -1.015262 -0.966693
29.669680 -5.188893 -1.859687
29.686400 -9.481747 2.153888
29.702510 -12.105247 7.847880
29.719240 -12.119024 9.668548
29.735600 -10.687190 5.956796
29.752080 -9.658529 -0.128035
29.771610 -8.408219 -4.560513
29.784670 -5.728226 -5.223625
29.801150 -2.131880 -2.591601
29.817500 1.766997 0.836387
29.834110 5.285160 2.009532
29.850340 7.126031 0.115577
29.867070 6.387447 -2.547648
29.883300 3.413198 -2.496450
29.899780 1.364587 0.418936
29.916140 5.888540 1.687636
30.195310 15.612472 -1.177488
30.212770 18.969529 -5.116422
30.228150 8.488894 -6.155003
30.244510 -9.085454 -3.947203
30.260990 -20.356694 -0.621923
30.277340 -20.541305 2.722332
30.293950 -14.883541 5.746325
30.310180 -8.325049 7.296125
30.326780 -3.197375 6.847868
30.343260 -0.590309 4.829149
30.359620 0.069128 1.555545
30.375980 -0.698389 -1.960370
30.392460 -1.971808 -4.152662
30.408940 -1.671655 -4.050939
30.425050 0.497930 -2.642668
30.441770 2.416637 -2.061412
30.474610 2.281963 -2.449868
30.490970 0.829902 -2.356006
30.507450 -0.553838 -1.148201
30.523930 -2.410217 -0.138151
30.540410 -4.204463 -0.517910
30.556640 -3.613223 -1.221196
30.573240 -0.955825 -1.028903
30.589480 1.043099 -0.730445
30.605960 0.963294 -1.595444
30.622440 -0.055822 -2.256641
30.638920 -0.315989 -0.586617
30.655400 0.141517 2.652066
30.671750 0.705969 4.689241
30.688110 1.258915 4.140551
30.704590 1.907567 2.159250
30.721190 3.031260 -0.019122
30.737430 4.438881 -1.178397
30.770390 5.058680 0.428417
30.786500 4.023414 4.474287
30.803100 1.443301 7.051689
30.819700 -1.591226 3.912226
30.835940 -3.669858 -3.580215
30.852540 -3.990752 -9.127811
30.870120 -3.292813 -9.097121
30.885250 -2.996428 -5.427351
30.918330 -3.111315 -1.492985
30.934690 -2.261590 1.610560
30.951050 0.890661 4.090154
30.967290 5.463270 5.347336
30.984130 8.544694 5.157857
31.016720 8.224937 4.694935
31.033080 5.079608 3.901689
31.049680 1.341094 1.347900
31.066040 -1.349797 -2.275669
31.083620 -2.461930 -4.751599
31.099000 -1.879897 -5.161030
31.115360 -0.522500 -4.295486
31.131840 0.444459 -2.968868
31.148320 0.948522 -1.035940
31.164920 1.465278 0.653234
31.181400 2.170809 1.109997
31.197630 2.646103 1.930392
31.214110 2.531183 4.700960
31.230470 2.066674 7.048935
31.263180 1.627421 5.122634
31.279660 1.796860 -0.297510
31.312500 3.003160 -4.085975
31.329220 4.468885 -3.268860
31.345340 4.706993 -0.677548
31.361690 2.936000 -1.123517
31.378300 -0.105003 -4.985046
31.394650 -2.576671 -8.162376
31.411010 -3.033876 -7.041428
31.427490 -1.524881 -2.410986
31.443730 0.655295 1.427768
31.460450 2.155732 1.976181
31.476560 2.763210 1.110622
31.509770 3.246282 2.573892
31.526000 3.454175 6.117644
31.542360 1.925703 6.450145
31.805180 -1.695618 0.661549
31.821660 -4.751291 -6.588643
31.838130 -4.205749 -7.953956
31.854490 -1.468698 -3.353223
31.870970 -0.265911 1.191105
31.887330 -1.352984 2.682554
31.903810 -2.584489 2.974440
31.920290 -1.875105 4.433183
31.936770 0.787818 6.288815
31.953130 3.954767 6.141069
31.969600 5.872037 3.724306
32.002440 5.195810 0.452206
32.018680 2.953419 -2.110970
32.051760 1.768322 -2.069763
32.069820 2.054592 0.422993
32.084720 2.006466 2.258514
32.101200 0.555774 0.117134
32.117550 -1.499019 -4.792642
32.133910 -2.759207 -6.582977
32.150270 -2.885774 -3.145066
32.166990 -2.517309 1.159210
32.183590 -2.177624 1.931830
32.199830 -2.122272 0.067302
32.216310 -2.171208 -1.745386
32.232910 -1.727647 -3.417908
32.249270 -1.109234 -4.278062
32.265630 -1.328485 -2.987223
32.281980 -1.314470 -0.404172
32.298580 2.267678 1.151129
32.314580 9.129671 1.016945
32.347530 13.073003 0.597757
32.363890 9.849929 0.154781
32.380370 3.343797 -0.407985
32.396730 0.379878 0.505612
32.413330 1.533668 3.423702
32.429440 2.233818 6.047116
32.446170 0.980645 6.259116
32.462400 0.187830 4.194194
32.478880 1.306771 0.875397
32.495610 2.559743 -3.032160
32.514160 2.030753 -6.389422
32.528440 0.684284 -7.039984
32.544560 0.179453 -4.074707
32.561040 0.671587 0.591727
32.577390 0.995419 4.014234
32.593750 0.332242 4.971508
32.610350 -0.743640 4.515767
32.626830 -1.544003 3.613138
32.643310 -2.065454 1.743765
32.659550 -2.692928 -1.198546
32.676030 -3.454225 -3.712031
32.692630 -2.885753 -4.349851
32.708860 -1.300369 -3.536052
32.725340 -4.136062 -2.582110
32.741940 -15.020344 -0.991299
32.758300 -28.607358 1.869269
32.774660 -34.518799 4.361545
32.791020 -28.178003 4.809306
32.807620 -15.326263 3.602087
32.823850 -4.113721 2.279686
32.841190 1.828650 1.333772
32.856690 3.067872 0.561147
32.873290 2.218541 0.306827
32.889650 2.030007 0.883110
32.906010 2.983444 2.160209
32.922360 3.103290 3.452445
32.938840 1.369542 3.660794
32.955320 -1.093036 2.088780
32.971800 -2.259119 -0.735385
32.988160 -1.129711 -3.248797
33.004640 0.881952 -4.206911
33.021000 2.352660 -3.730583
33.037600 3.898792 -2.716379
33.053830 6.511908 -1.948168
33.070680 9.090588 -2.045037
33.086790 8.206822 -3.236504
33.103270 3.433480 -4.479072
33.119510 -0.546350 -3.741271
33.135990 -0.808076 -0.694149
33.152590 1.005528 2.284068
33.168950 2.208876 2.657392
33.185420 2.137921 0.822413
33.201780 1.276751 -1.150959
33.234500 -1.119051 -3.175378
33.250980 -4.411988 -5.168373
33.267460 -5.663247 -5.295563
33.283940 -3.729766 -3.150725
33.300420 -0.708946 -0.607931
33.316770 0.368294 0.729206
33.333250 -1.130849 1.355690
33.349610 -3.179409 2.355448
33.366210 -4.264132 2.886979
33.382570 -4.811559 1.470748
33.399050 -5.306225 -1.353115
33.415410 -4.856852 -3.289112
33.431760 -2.556913 -2.327799
33.448120 0.447545 1.175360
33.464600 1.897659 4.485211
33.481200 1.714095 5.051864
33.497680 1.428642 3.019187
33.514040 1.415155 0.840084
33.530520 0.274946 0.301678
33.547000 -0.955259 0.943500
33.563600 4.072048 0.984643
33.842410 15.611652 1.031709
33.858890 21.306956 3.857218
33.875490 11.251468 8.698393
33.891850 -8.018070 11.673520
33.908330 -20.220075 10.512599
33.924560 -18.771972 7.021353
33.941040 -9.674768 4.758179
33.957400 1.648452 4.181629
33.973880 12.176177 3.039695
33.990360 18.680052 1.058124
34.023320 19.551973 0.219543
34.039550 15.526906 0.499074
34.072390 9.593454 -0.499514
34.088870 4.239132 -3.366902
34.105350 0.328147 -4.990286
34.121830 -1.549232 -3.543800
34.138430 -1.498316 -1.400567
34.154540 -1.383430 -0.705357
34.170900 -4.243273 -0.406499
34.187500 -10.055205 1.216504
34.220210 -14.056757 3.657232
34.236820 -12.453571 4.774952
34.253300 -6.847902 3.426314
34.269530 -1.247328 1.417398
34.286130 2.380956 1.168321
34.302370 3.570574 1.965330
34.318850 1.711340 0.507909
34.335450 -2.422351 -3.945339
34.351680 -5.989672 -8.384204
34.368290 -6.298439 -10.698901
34.384640 -3.159098 -10.660837
34.401000 1.077355 -8.060688
34.417480 3.214254 -3.212850
34.433960 2.430471 1.329414
34.450320 0.912510 2.624053
34.466800 -0.319072 1.204364
34.483280 -2.076629 -0.882286
34.499630 -3.973615 -2.870351
34.515990 -3.493415 -3.502638
34.532350 -0.275372 -1.523347
34.548950 1.402998 2.141879
34.565310 -1.160476 4.639926
34.581790 -5.143663 4.761773
34.598140 -5.785946 4.336262
34.614500 -2.026108 4.171174
34.630980 2.866489 3.157751
34.647460 5.521502 0.886162
34.663940 4.530500 -1.272412
34.680300 1.361290 -2.248111
34.696780 -0.920652 -2.441276
34.713130 -1.351488 -1.679029
34.729490 -1.572513 -0.283181
34.745970 -3.285175 -0.151742
34.762570 -5.464787 -1.917063
34.778930 -6.050469 -3.881103
34.795290 -4.926106 -4.126204
34.811770 -2.583028 -2.473438
34.828250 0.616147 -0.581225
34.844600 3.770931 0.357282
34.860960 5.208168 1.193024
34.877440 4.389012 2.933365
34.893920 4.195368 4.704258
34.910280 7.761770 3.900824
34.926760 13.521041 -0.667083
34.943240 16.124887 -6.447352
34.959720 12.572497 -10.213672
34.975950 6.092372 -10.214772
34.992550 2.152815 -6.028660
35.008910 1.933268 -0.377458
35.025390 2.440399 2.701585
35.041870 1.114507 2.257340
35.058230 -1.556152 0.605601
35.074710 -2.319104 0.190967
35.090940 1.985411 0.958570
35.107420 10.038817 1.531792
35.124020 16.253143 1.253202
35.140500 16.054053 0.116830
35.156860 10.562575 -1.706745
35.173340 4.734970 -3.274082
35.189700 1.198362 -2.730791
35.205810 -0.316753 0.826476
35.222530 -0.720938 5.128591
35.238890 -0.842692 6.127890
35.255370 -0.993818 3.081224
35.271610 -1.176712 -1.063102
35.288210 -0.989200 -3.273934
35.304570 0.259499 -2.204001
35.321040 2.424503 1.687697
35.337400 3.737163 6.324437
35.353880 1.984551 7.937356
35.370480 -2.371303 4.559536
35.386840 -5.790629 -1.078385
35.403080 -6.294443 -4.643905
35.419560 -5.491692 -4.733999
35.452510 -4.953771 -3.349369
35.468870 -3.854788 -2.352501
35.485470 -0.536996 -1.339916
35.501830 4.332152 1.125454
35.518070 8.141133 3.777709
35.534550 9.153266 3.273565
35.551030 7.109299 0.228181
35.567380 3.305121 -1.968666
35.583980 -0.626830 -2.250127
35.600460 -3.737374 -1.879386
35.616700 -5.652713 -1.817244
35.633300 -6.398012 -1.658737
35.649660 -5.827936 -2.473000
35.666020 -3.695391 -4.366345
35.684200 -0.109368 -3.951693
35.698970 3.314907 -1.019121
35.715450 4.763067 0.548066
35.731810 4.133500 -0.942033
35.748170 2.841049 -2.416819
35.764530 0.630437 -0.774152
35.781010 -6.579348 2.674078
35.797610 -19.005705 5.544706
35.813840 -29.776268 7.058489
35.830320 -31.967695 7.137052
35.846800 -25.167286 5.791486
35.863160 -15.350060 3.351432
35.879640 -6.954529 0.744458
35.896000 -0.391787 -0.991750
35.912480 4.084100 -1.330836
35.928830 5.706778 -0.108809
35.945310 4.938917 2.859289
35.961790 3.393347 6.363194
35.978270 2.138711 8.244736
35.994510 0.982528 8.178972
36.012330 -0.294215 7.462202
36.027710 -1.070454 6.478328
36.043950 -1.588349 3.730216
36.060180 -2.673426 -1.203052
36.076780 -3.580592 -5.672870
36.093140 -3.040019 -6.518912
36.109620 -1.357895 -3.685977
36.142580 0.310520 -0.687125
36.158810 1.250175 -0.629722
36.175290 1.666264 -2.327617
36.191650 2.232716 -1.673070
36.208250 2.584745 1.918518
36.224610 1.874654 4.245459
36.240840 0.397665 2.710619
36.257570 -0.683814 -0.432978
36.273930 -0.934851 -1.334949
36.290280 -1.385749 0.491956
36.306640 -2.279699 2.592598
36.340450 -1.658188 4.658795
36.356080 0.352535 4.393620
36.372680 2.998564 -3.369908
36.388920 10.420002 -14.333999
36.651860 23.070868 -17.356982
36.669560 31.335380 -7.990482
36.684810 26.496696 5.598905
36.701050 11.860030 12.204802
36.717530 -1.609444 11.406024
36.733760 -8.715638 8.153282
36.750370 -11.212146 5.004034
36.766720 -10.426439 2.759181
36.783330 -7.436750 1.360103
36.799680 -4.206254 0.553797
36.832640 -1.416504 0.005401
36.849000 0.482615 -1.137932
36.881960 0.466389 -3.140981
36.900150 -1.143507 -4.531462
36.914670 -3.071013 -4.574778
36.931030 -4.257294 -3.752859
36.947630 -4.224105 -2.073546
36.963990 -3.109249 0.493929
36.980220 -1.137539 3.443813
36.996580 1.062797 5.352329
37.012940 2.106823 4.271677
37.029540 0.695006 -0.276471
37.045900 -2.476939 -5.418363
37.062380 -5.010206 -6.949870
37.078740 -5.396753 -4.022839
37.095340 -4.289089 0.156847
37.111940 -2.583913 2.510956
37.128540 0.852956 3.669256
37.144780 6.119412 5.111803
37.161380 9.695067 5.562374
37.177610 8.222397 3.414000
37.194210 2.794047 -0.255223
37.210210 -3.059069 -2.073017
37.226930 -7.874310 0.356770
37.243040 -11.694418 4.834999
37.259640 -13.923680 6.241322
37.276000 -13.868359 2.615191
37.292360 -12.151539 -3.066915
37.308840 -9.712062 -6.849196
37.326900 -6.411492 -7.692329
37.342160 -2.141318 -6.655250
37.358400 2.241815 -4.186156
37.374880 5.053844 -1.130442
37.391110 5.806796 2.052932
37.407590 5.832200 6.201563
37.424190 5.568910 9.485537
37.441280 4.220561 8.759226
37.457030 1.667241 4.356567
37.473270 -0.444893 0.007631
37.489620 -0.843498 -1.518021
37.506100 -0.862325 -1.831005
37.522460 -1.845668 -3.270007
37.539060 -3.630925 -5.642499
37.555420 -4.138885 -7.463319
37.571780 0.087193 -7.024876
37.588130 9.361023 -4.354286
37.604610 18.815792 -1.610466
37.620850 21.491302 -0.342185
37.637210 16.087337 0.310279
37.653810 8.216962 1.954054
37.670410 2.169879 3.288989
37.686650 -1.582173 2.626400
37.703000 -3.473905 1.193747
37.719480 -2.857272 -0.104122
37.735840 -0.056671 -1.979725
37.752440 1.889170 -5.089733
37.769040 1.065056 -8.132342
37.785160 -1.107678 -8.888397
37.801640 -1.620964 -6.332370
37.818120 1.178818 -0.087502
37.834470 5.845264 7.382509
37.850950 9.199945 11.041561
37.867310 9.128699 9.669952
37.884030 6.062461 6.458185
37.900150 2.152381 3.767082
37.916630 0.200538 1.271639
37.932980 0.801873 -1.036885
37.949460 -0.167266 -1.509377
37.965940 -6.767301 -0.631934
37.982420 -16.824082 -0.552323
37.998780 -23.167629 -1.004758
38.015260 -20.984044 0.294066
38.031620 -12.807329 3.329566
38.048100 -4.398120 4.376303
38.064450 0.893103 1.097196
38.080930 2.887035 -3.877477
38.097410 2.732892 -6.022581
38.113770 0.353757 -4.525567
38.130130 -3.280484 -2.095042
38.146610 -4.579653 -0.675412
38.162960 -2.286259 -0.341977
38.179440 1.252999 -0.105279
38.195920 3.493310 1.049029
38.212400 3.912596 3.415601
38.228760 3.076862 5.531607
38.245120 1.142381 4.911407
38.261840 -0.370061 1.816853
38.278200 -0.169602 -1.079997
38.294680 0.095779 -2.218928
38.311040 -1.208730 -1.773282
38.327150 -3.104404 -0.785934
38.343870 -3.270279 0.153523
38.360350 -1.304364 1.234908
38.376590 0.727737 2.170122
38.392820 0.803518 1.677822
38.409550 -1.377347 -1.367177
38.425900 -3.839438 -4.908447
38.442260 -4.347348 -4.825752
38.458860 -3.915255 -1.454270
38.475100 -3.036744 1.856353
38.491700 2.960192 4.903766
38.508060 16.328586 9.092423
38.524540 30.909036 14.014646
38.541020 37.084791 16.896976
38.557370 31.071933 14.924134
38.573730 17.840861 8.499717
38.590210 3.991587 0.881851
38.606570 -5.076901 -3.312569
38.622920 -6.638223 -2.017820
38.655880 -2.977288 1.065865
38.672120 2.120621 1.853706
38.705320 6.116338 0.532456
38.721560 8.249669 -0.672038
38.754520 8.318551 -0.474820
38.771120 6.801501 0.145090
38.787350 5.220269 -0.670497
38.803830 4.058771 -3.067443
38.820310 2.537253 -5.524842
38.836670 -0.626766 -5.780042
38.853030 -4.321675 -2.516283
38.869630 -7.254565 3.335686
38.885860 -12.801399 8.961515
38.902340 -22.863505 10.407923
38.918820 -32.309445 6.202550
38.935300 -33.158540 -0.315435
38.951900 -23.567276 -3.511435
38.968020 -11.072348 -1.474748
38.984500 -3.921747 1.877059
39.000980 -3.607001 2.725754
39.017460 -6.205091 1.136557
39.033810 -6.730335 -0.828453
39.050290 -3.401125 -2.231052
39.066650 1.498801 -2.740103
39.083010 4.737165 -1.710247
39.099490 4.724080 -0.308045
39.115840 2.643636 -0.285255
39.148800 1.004684 -1.249043
39.165160 0.027310 -1.476017
39.182980 -1.878769 -0.721350
39.198000 -3.796485 -0.497214
39.214360 -3.302383 -0.883662
39.231080 -0.514106 -0.211066
39.247440 2.148359 1.736104
39.263790 2.723701 2.692929
39.296630 0.635282 0.336818
39.312990 -2.784293 -4.519648
39.329590 -3.313024 -7.818352
39.345950 2.105646 -6.439804
39.362180 10.013931 -1.312519
39.378780 13.504630 3.705943
39.395260 11.316800 4.847804
39.411620 7.717881 2.014067
39.428220 4.889640 -0.827710
39.444460 1.898492 0.941172
39.460820 -1.054959 5.192136
39.477420 0.155156 3.272221
39.493770 8.684462 -5.126864
39.789430 21.129539 -9.703362
39.805910 27.914092 -4.136038
39.822140 19.263701 5.669493
39.839110 -2.930217 10.642291
39.855220 -24.687604 10.494716
39.871830 -33.130644 8.589650
39.888060 -27.290974 4.935861
39.904540 -16.533876 -0.741688
39.920900 -9.100451 -6.516197
39.937380 -6.996780 -9.633224
39.953740 -7.446670 -8.985519
39.970340 -5.871622 -5.464423
39.986570 -0.879792 -0.528797
40.003170 4.574307 3.933087
40.019410 6.284838 5.818751
40.035890 3.569663 4.725153
40.052250 1.732130 2.902071
40.085080 6.258618 2.603798
40.101680 15.937905 2.868942
40.117920 23.860608 1.518975
40.134400 24.823008 -0.320825
40.151000 19.514394 -0.343914
40.167360 11.215806 0.930723
40.183840 3.868970 1.611426
40.200320 0.520054 1.752437
40.216670 0.105377 2.797029
40.233030 -1.297845 3.390083
40.249510 -4.943542 1.335339
40.265870 -7.513263 -1.911171
40.282350 -6.832879 -2.960884
40.298830 -4.586151 -1.986778
40.315190 -2.409516 -2.760063
40.331540 -0.005558 -5.089181
40.348140 3.112142 -4.974431
40.364380 5.665941 -1.836524
40.380860 5.167180 -0.075415
40.397340 1.989212 -1.487578
40.413940 -0.021519 -1.386343
40.430180 0.657859 1.724579
40.446660 1.701790 2.698608
40.479370 1.242806 -1.406923
40.495850 0.764058 -5.089576
40.528810 3.147423 -2.355430
40.545040 7.466892 2.814875
40.578000 9.523749 3.866324
40.594480 7.346907 0.916663
40.610840 3.229134 -1.618062
40.627320 1.138970 -2.060588
40.643680 1.905202 -2.011594
40.660160 2.627913 -1.165630
40.676640 2.375113 1.032999
40.692990 0.802934 3.584164
40.726070 -6.815481 5.286884
40.775150 -21.897918 5.462108
40.791630 -35.994100 4.720701
40.807980 -38.085296 4.016503
40.824340 -27.951434 3.535220
40.841190 -15.651813 2.291073
40.857420 -7.111081 -1.150651
40.873900 -1.178461 -6.112906
40.890260 3.226027 -9.491489
40.906740 4.613829 -8.847816
40.923220 2.641437 -4.938082
40.939580 -0.322534 -0.753200
40.956050 -1.650319 1.769202
40.972410 -0.299873 2.949765
40.988890 2.784679 3.587972
41.005250 5.684945 3.487476
41.021610 6.317747 2.436188
41.038210 3.910213 0.901950
41.054570 -0.348990 -0.475019
41.071040 -4.278945 -0.883637
41.087400 -6.339803 -0.108693
41.104000 -6.139960 0.942151
41.120480 -3.166197 1.410828
41.136720 1.633979 1.380663
41.154170 5.189801 1.409272
41.169560 5.178336 1.421554
41.186160 2.421610 0.879195
41.202510 -0.142772 -0.484987
41.218870 -1.605120 -2.906771
41.235230 -2.841643 -5.129015
41.251590 -3.266227 -4.074543
41.268190 -1.268555 1.348745
41.284550 2.664148 7.738055
41.301030 5.303197 9.479349
41.317500 4.476463 4.606333
41.333980 1.541512 -2.500401
41.350340 -0.622584 -5.902424
41.366700 -1.038187 -4.040088
41.383300 -0.610602 -0.417210
41.399540 0.376044 0.785291
41.416020 2.312953 -0.620559
41.432370 4.340364 -1.998274
41.449100 4.460630 -2.462331
41.465330 2.065430 -3.979431
41.481690 -0.982598 -6.585853
41.498410 -1.991082 -6.102533
41.514770 -0.205428 -0.776631
41.531010 2.623945 5.616263
41.547610 3.652802 7.775997
41.564090 1.019814 4.326899
41.580320 -3.442913 -0.920713
41.596680 -5.444337 -3.872585
41.613040 -2.974564 -2.791596
41.629520 1.435901 0.626042
41.645870 3.799512 2.613312
41.662350 3.175447 2.263548
41.678960 1.577097 1.068390
41.695310 0.726914 -0.451736
41.711910 0.160031 -2.533717
41.728390 -0.767433 -4.518875
41.744750 -1.645683 -4.347037
41.761110 -2.644661 -0.694031
41.777470 -4.288570 4.775930
41.793820 -6.415383 8.301367
41.811280 -7.412090 7.232733
41.826780 -6.039116 3.195597
41.843260 -3.199683 0.578972
41.859740 -0.199654 1.285730
41.876100 2.147212 3.315192
41.892460 3.371584 3.816529
41.911740 2.894951 2.096531
41.925290 0.699298 -0.697929
41.941770 -1.197014 -3.161337
41.958130 -1.729004 -4.405353
41.974370 -0.223312 -5.294163
41.991090 7.610095 -6.840893
42.253780 23.813105 -8.273301
42.270260 38.580753 -7.536871
42.286500 33.842109 -3.368650
42.303100 7.774199 2.783037
42.319580 -18.100341 8.159974
42.352420 -25.658562 10.130803
42.368650 -17.458096 7.656850
42.385130 -7.322559 2.755721
42.401490 -2.401792 -0.850780
42.418090 -0.613430 -1.628265
42.434570 1.147058 -1.277988
42.451050 3.257978 -1.197210
42.467410 4.160153 -1.049819
42.483760 3.365949 -0.389986
42.500240 3.009576 -0.301156
42.516600 4.359801 -1.559955
42.533200 4.814855 -2.747545
42.549680 2.245977 -2.662391
42.566410 -1.577321 -1.541236
42.582280 -2.576275 -0.191827
42.598880 1.637458 0.478022
42.615480 9.126589 0.386685
42.631960 15.877208 0.518459
42.648320 18.733508 1.499103
42.664670 16.902549 3.071614
42.681400 11.572562 4.504479
42.697630 5.357025 5.112780
42.713870 1.319311 4.554858
42.746700 0.320770 2.349793
42.763310 0.538687 -0.709893
42.779660 -0.318662 -2.192440
42.799070 -2.782377 -0.650301
42.812380 -5.263210 2.907780
42.828740 -4.960560 4.649306
42.845090 -0.790396 0.927758
42.861690 5.137039 -6.823277
42.878170 10.038171 -13.346202
42.895390 12.659820 -14.042044
42.911010 12.511223 -9.829841
42.927250 7.230676 -10.794968
42.943850 -4.177109 -26.188727
42.960080 -16.849123 -50.617283
42.976560 -24.558819 -68.165252
42.993040 -25.878153 -68.123053
43.009520 -23.429112 -54.278194
43.026000 -18.732425 -36.690046
43.042360 -11.592058 -20.946204
43.058590 -3.955329 -9.163119
43.075320 1.410643 -1.630866
43.091670 4.640760 2.610599
43.108030 5.636021 4.709681
43.140990 1.921301 6.146939
43.157230 -6.491392 7.118766
43.173710 -14.530351 5.820874
43.190190 -16.531836 1.475973
43.206670 -12.665041 -3.503667
43.223510 -7.371812 -5.576008
43.239380 -3.127623 -3.796929
43.255980 -0.240586 -0.207926
43.272460 1.126883 2.523959
43.288700 0.903863 2.895100
43.305180 -0.512393 1.290044
43.338750 -2.129709 -1.221168
43.354370 -3.165262 -3.843356
43.370850 -3.169418 -5.537056
43.387330 -2.056897 -5.081465
43.403690 -0.662669 -2.727197
43.420170 0.280238 -0.706392
43.436520 0.987638 -0.755817
43.453000 1.928613 -2.000514
43.469480 3.082913 -1.824619
43.485840 4.001952 0.969765
43.502320 4.409639 5.752413
43.518800 4.063725 12.248890
43.535160 2.537620 19.351266
43.551640 0.292891 23.655480
43.584350 -1.049919 21.728033
43.600950 -0.470370 14.269158
43.617190 0.931454 5.748905
43.633670 0.948679 -1.164750
43.650150 -0.766766 -6.103708
43.666630 -2.409225 -8.249512
43.682980 -2.817831 -7.187637
43.699460 -2.301531 -4.351942
43.715820 -1.344929 -1.983323
43.732420 0.008761 -0.533220
43.748660 1.323307 0.193357
43.765140 1.656140 -1.379663
43.781490 1.320103 -5.772850
43.798220 1.104411 -9.543407
43.814450 0.659075 -7.928135
43.830690 -0.010310 -0.624798
43.847290 -0.119954 7.162956
43.863770 0.647715 10.382716
43.880130 1.425751 8.571766
43.896480 1.107146 4.565464
43.929570 0.132113 0.831689
43.945920 -0.632451 -1.938230
43.978760 -1.287514 -3.831221
43.996090 -2.142969 -4.561477
44.011470 -3.143659 -3.628495
44.028080 -3.469894 -1.282466
44.044430 -2.617647 1.334636
44.077270 -1.533669 3.001218
44.093870 -1.207373 3.284811
44.110110 -1.175781 2.957835
44.126590 -0.468327 2.866625
44.143070 0.219844 2.695508
44.175900 -0.582088 2.094138
44.192260 -2.679212 0.983936
44.208620 -3.924526 -1.199778
44.225100 -2.600003 -4.673963
44.241580 0.558684 -8.273046
44.258060 3.888335 -9.474088
44.274410 6.446874 -6.946720
44.290890 7.415213 -2.583983
44.307370 5.845274 0.449867
44.323730 2.303674 0.276089
44.340330 -1.022206 -2.518518
44.356690 -2.576870 -5.418282
44.373050 -2.732724 -6.298629
44.389530 -1.962475 -4.372951
44.405880 0.365674 0.121268
44.422240 3.231808 5.176653
44.438600 4.439429 7.692039
44.455200 3.544880 5.653670
44.471680 1.730699 -0.402444
44.488040 0.079281 -6.980440
44.504390 -1.327892 -9.594495
44.520750 -1.783680 -6.051294
44.537230 -0.777064 1.280838
44.553590 0.399805 6.500911
44.570190 1.062884 5.691167
44.586430 1.449632 0.520349
44.603030 1.294682 -4.619802
44.619260 -0.157039 -7.470299
44.635740 -1.491041 -8.209318
44.652220 2.456847 -6.286986
44.931520 11.188711 -0.995530
44.948000 14.646181 6.048498
44.964360 6.298053 11.575195
44.980960 -7.721853 13.636783
44.997310 -15.624172 12.346579
45.013790 -14.432288 7.959717
45.030150 -10.388462 1.298209
45.046510 -7.481935 -4.002439
45.062870 -5.126497 -3.020812
45.079350 -2.350471 4.236468
45.096070 0.221632 11.316919
45.112430 1.101907 12.242318
45.129150 0.089689 7.801871
45.145140 -0.993379 3.569431
45.161620 -0.256726 2.744027
45.177980 2.003383 3.859085
45.194580 3.726112 4.257004
45.210940 3.366307 3.092946
45.227540 1.394083 1.049373
45.243770 -0.252767 -1.132388
45.260500 -0.210429 -2.687752
45.276860 0.944747 -2.783052
45.312130 1.613092 -1.179751
45.326050 1.112880 0.642894
45.342410 -0.259372 0.395007
45.358760 -2.490758 -2.442069
45.375240 -5.072299 -5.671709
45.391600 -6.038780 -5.743096
45.408200 -4.209577 -0.765416
45.425900 -0.411770 5.035138
45.441040 4.889963 2.874422
45.457400 11.989146 -8.772710
45.473750 18.551829 -21.247226
45.490230 19.397869 -25.495739
45.506710 12.704200 -20.826648
45.522950 2.925225 -13.706566
45.539550 -4.093058 -8.684152
45.555910 -5.780712 -6.402786
45.572390 -3.640263 -5.400054
45.588620 -1.052378 -2.796938
45.605470 0.060844 1.597499
45.621700 0.386419 4.226956
45.654420 1.276270 2.802631
45.671020 2.376669 -0.520390
45.687260 2.187511 -1.326056
45.703740 0.562110 2.328833
45.720340 -1.323289 7.799364
45.736570 -2.693709 10.817330
45.753050 -3.378813 9.205901
45.769530 -3.524809 4.321451
45.785890 -3.250099 -0.630006
45.802250 -2.497090 -3.970027
45.818600 -1.789176 -5.819227
45.835080 -2.026717 -6.281196
45.853270 -3.004715 -5.223273
45.868040 -3.367189 -2.946688
45.884400 -2.382833 -0.407385
45.900880 -1.197436 1.299749
45.917240 -1.218937 2.210744
45.933590 -2.114071 3.316335
45.950320 -2.596608 4.183423
45.966670 -2.558710 3.390556
45.983150 -3.092317 1.106461
45.999390 -4.080321 -0.407682
46.015630 -4.079119 0.044683
46.032230 -2.159736 0.609375
46.048580 0.929826 0.412600
46.065190 3.337697 0.560310
46.081540 4.080991 1.688570
46.097900 3.509440 3.617141
46.114380 1.872798 5.406402
46.130740 1.291474 5.816265
46.147090 5.782463 3.401326
46.163570 17.557823 -1.767587
46.180420 36.038024 -6.998532
46.196780 53.894731 -9.667796
46.213010 60.977868 -9.311412
46.229490 53.414531 -7.165461
46.245970 36.141736 -4.486523
46.262450 19.284839 -2.078207
46.278690 7.786218 -0.759910
46.295170 0.634765 -1.208444
46.311520 -3.398688 -3.528583
46.328000 -5.225941 -6.296163
46.344600 -5.711330 -6.906844
46.360720 -5.275358 -3.983617
46.377320 -3.815384 1.386946
46.393550 -1.503897 6.340991
46.410160 0.886499 8.525495
46.426510 -0.733401 7.306785
46.442990 -12.002301 2.425642
46.459470 -31.268840 -4.467877
46.475710 -48.823596 -8.728669
46.492310 -54.405147 -6.894248
46.508670 -46.206522 -0.259060
46.525020 -30.752709 6.292140
46.541630 -15.086846 9.274615
46.557980 -4.062426 8.895133
46.574460 1.110908 6.909376
46.590940 2.437670 5.263105
46.607300 2.143235 4.703762
46.623660 1.587648 4.606258
46.640010 1.235447 4.628941
46.656620 1.113785 3.746113
46.673100 1.072103 0.496578
46.689450 0.340066 -4.230350
46.705930 -1.377946 -7.715926
46.722290 -3.047918 -8.481547
46.738650 -3.754143 -7.975001
46.755000 -3.681911 -7.338576
46.771730 -1.119922 -4.798241
46.788090 7.569906 0.361041
46.804320 22.389087 4.893376
46.820800 39.096366 4.781362
46.837280 51.264517 0.322759
46.853640 53.616358 -4.442806
46.870000 44.910964 -6.212878
46.886470 29.459598 -4.264719
46.902830 14.954041 -0.127196
46.919430 4.730989 3.690126
46.935910 -2.042829 4.940933
46.952270 -5.416664 3.566012
46.968630 -4.901713 1.946680
46.985110 -2.368633 1.575037
47.001460 -0.772402 1.908765
47.018070 -0.807033 2.178251
47.034550 -1.505783 2.330337
47.050900 -0.539643 2.687538
47.083740 0.467603 2.929999
47.100100 -8.405267 2.461222
47.132930 -32.253884 1.500893
47.149410 -59.393885 0.940786
47.182370 -70.368233 1.397808
47.198610 -58.751751 1.965819
47.231570 -36.520823 1.845784
47.247920 -17.200716 1.510101
47.281010 -5.365052 0.881698
47.297240 -0.024509 -0.490570
47.330200 1.127911 -2.259443
47.346440 0.427175 -2.814001
47.362920 0.127385 -1.218853
47.379390 1.468986 1.121588
47.395870 3.516199 2.714358
47.428710 2.707903 2.643599
47.445190 0.641153 1.291053
47.461550 9.328008 1.781873
47.477910 34.516995 6.251938
47.494380 62.834759 12.718464
47.510860 73.778325 17.002803
47.527340 61.866813 16.463102
47.543700 40.527672 11.892054
47.576780 22.053728 5.107090
47.593260 9.452047 -1.833871
47.625980 1.776506 -6.458883
47.642580 -3.320171 -8.309064
47.658940 -6.036968 -8.311926
47.675170 44.363771 3.970076
47.691890 -102.666892 -30.973447
47.709350 -229.546191 -59.834480
