0.000000 45.145891 16.628092
0.016240 75.647692 27.939755
0.032710 81.768280 30.455826
0.049130 61.463234 23.562363
0.065430 33.504083 13.724211
0.082700 12.307140 5.857018
0.115050 0.631664 1.561162
0.131230 -3.510638 1.210662
0.164120 -3.660771 3.229206
0.180600 -2.236616 4.723879
0.196960 -0.615989 3.817080
0.213440 0.276375 1.544084
0.230040 0.048842 -0.357732
0.246280 -1.059342 -2.171899
0.262700 -1.877023 -4.589676
0.279300 -1.610571 -6.505399
0.295650 -0.731181 -5.480633
0.311950 0.537923 -0.675618
0.328550 1.417622 5.160039
0.344910 -0.639328 6.779445
0.361210 -6.706598 0.917090
0.377810 -13.508650 -9.138967
0.394040 -15.914130 -15.410407
0.411870 -12.919178 -13.356432
0.427250 -8.111622 -6.607611
0.443360 -4.230397 -1.752261
0.460020 -1.882624 -1.316342
0.476440 -0.747434 -3.183038
0.492920 -0.311167 -3.763218
0.509280 -1.109619 -1.377875
0.525570 -3.021155 2.502996
0.542180 -3.656946 4.528743
0.558410 -1.130558 1.827631
0.575260 2.968102 -5.226515
0.591310 5.055285 -12.740882
0.640630 4.046212 -15.953875
0.657170 1.844300 -13.281739
0.673520 0.406625 -6.304284
0.689880 0.374866 2.852813
0.706300 1.091546 11.234344
0.722780 1.969556 15.970896
0.755490 2.894259 15.725371
0.772220 3.919827 11.370777
0.788390 4.759713 4.409634
0.804750 4.301809 -4.322690
0.821230 2.488830 -12.754110
0.837770 0.977372 -18.195003
0.854060 1.233719 -18.898883
0.870730 2.687819 -14.552028
0.903380 3.261055 -7.048926
0.919860 2.028996 -0.380782
0.936280 -0.030199 1.882258
0.952760 -1.147687 0.090618
1.002010 0.097976 -2.256286
1.018190 3.404908 -2.261305
1.034850 6.646945 0.506297
1.051270 7.761020 3.625252
1.068180 6.760548 4.145821
1.100770 5.362376 2.168195
1.117130 3.550170 -0.455232
1.133610 1.137149 -2.208409
1.150210 1.641715 -1.548823
1.199280 7.413358 2.204605
1.215640 14.809839 8.320165
1.231990 17.295892 14.069788
1.264890 13.440172 15.704935
1.297910 7.915360 12.514481
1.314210 3.129948 7.536422
1.346980 -1.093836 3.064877
1.363400 -2.342457 -2.462572
1.413020 1.324244 -9.926472
1.445620 6.985974 -15.525947
1.462160 9.760011 -15.747871
1.495000 8.157376 -12.365762
1.511230 4.857345 -8.536640
1.544370 2.162800 -3.792125
1.560670 0.293776 1.946912
1.593440 -0.415344 5.237921
1.609990 0.608860 3.992714
1.642760 3.026494 0.476133
1.659120 5.260157 -1.536088
1.675480 5.957493 -0.278189
1.692140 5.641842 3.353266
1.708560 5.298675 7.433240
1.726500 4.407347 10.252293
1.741700 2.246089 10.540163
1.758120 -0.394424 8.640754
1.774600 -2.034255 6.169271
1.791020 -2.234591 3.543816
1.807310 -1.676670 -0.368337
1.823730 -0.100845 -6.036295
1.840210 3.911551 -11.268070
1.856570 9.581555 -13.447041
1.872990 13.099752 -12.359972
1.889650 11.469852 -9.279196
1.905940 6.360416 -5.566437
1.922420 2.409556 -2.054307
1.938720 2.170821 1.246962
1.956790 3.118434 3.772579
1.971250 -3.064909 4.811436
1.987670 -21.753146 6.054276
2.004090 -44.963090 9.288857
2.037050 -57.099211 13.035420
2.054200 -50.890282 12.713399
2.070010 -34.412804 6.177158
2.086300 -19.815235 -2.141039
2.102660 -10.989628 -7.401220
2.119140 -5.266900 -8.633994
2.135500 -0.053483 -6.503947
2.152040 4.430442 -1.431672
2.168520 6.550040 5.694410
2.185180 5.917672 11.543833
2.201420 3.748598 12.485193
2.217770 1.188365 7.950927
2.234130 -1.276215 0.490701
2.250550 -2.609501 -6.177463
2.267030 -0.656812 -9.247706
2.283510 5.562731 -7.259152
2.299990 13.322229 -1.238817
2.332760 17.314605 4.614034
2.349240 14.863098 5.940240
2.365540 8.527368 1.699023
2.382140 2.703816 -5.170753
2.398560 -0.220251 -10.213798
2.415040 -0.649806 -10.546637
2.431400 -0.050842 -5.812006
2.447810 0.496625 1.844107
2.464290 1.414837 8.075975
2.480650 4.393114 8.870764
2.497130 9.081098 3.695058
2.513490 11.780059 -3.830660
2.530030 9.151916 -8.697490
2.546260 2.784483 -8.892809
2.562680 -1.933808 -6.450409
2.579280 -2.052224 -4.733489
2.595520 0.873385 -5.038382
2.612000 3.797195 -5.869950
2.628600 4.710971 -5.275155
2.645020 3.532707 -2.398463
2.661440 0.885013 2.262329
2.677610 -1.732772 6.911093
2.727170 -1.565946 9.270983
2.743410 2.215963 8.151815
2.776370 7.216813 4.531194
2.792970 10.019001 1.282887
2.809200 9.752766 1.297458
2.825620 8.237572 5.226339
2.842040 6.579806 9.910393
2.858400 4.701687 10.193082
2.874760 2.447476 4.843744
2.891420 0.498481 -2.425627
2.907780 0.321186 -8.010959
2.924070 2.436508 -11.244235
2.940800 4.986745 -12.259804
2.957460 4.871459 -9.944349
2.973450 1.503439 -4.177648
2.989810 -2.382461 2.484259
3.006410 -3.937724 6.953951
3.022830 -2.333602 7.740614
3.039250 0.638750 5.722734
3.055660 -0.556506 2.762452
3.071960 -11.478632 -1.390333
3.088750 -28.998955 -6.834498
3.187130 -41.455579 -10.639947
3.203550 -40.347148 -9.436890
3.219970 -28.796633 -3.456826
3.236450 -15.655259 2.961332
3.269230 -6.017432 6.519859
3.285520 -0.878040 7.041021
3.318420 0.917267 5.733337
3.334900 2.308602 4.453139
3.367800 5.498469 3.677852
3.384280 9.225258 2.573301
3.400630 10.303406 0.932263
3.416990 7.864200 -1.021782
3.433410 4.132039 -3.110514
3.449710 1.427686 -5.009415
3.466370 0.228306 -5.048509
3.482730 -0.120743 -1.978814
3.499330 -0.191370 2.560124
3.515690 -0.463200 6.422919
3.532040 -0.261003 8.458777
3.548400 2.695237 7.850799
3.564760 8.571189 3.619092
3.581240 13.726959 -3.656481
3.597780 14.127758 -10.309230
3.614200 9.897532 -12.881761
3.630550 4.863250 -11.019315
3.663570 1.420498 -6.971937
3.679870 -0.874256 -2.939768
3.712830 -2.338081 0.260595
3.729190 -1.350774 2.044316
3.762150 3.633780 2.595947
3.778440 10.424358 2.577423
3.815550 13.485025 2.082564
3.828130 10.640335 1.080660
3.860530 5.698151 -0.391592
3.877010 3.944606 -2.578339
3.909730 4.585488 -3.890826
3.926210 -0.675398 1.142863
4.008360 -15.160240 15.113620
4.026250 -30.738349 31.293164
4.041260 -36.419670 38.763844
4.057740 -30.267128 33.602934
4.074160 -19.813333 21.531883
4.090640 -10.900549 9.123907
4.106990 -4.548884 -0.761952
4.123410 -0.629213 -7.316862
4.139710 1.435321 -10.266463
4.156370 2.719522 -8.914554
4.172670 3.750461 -3.491759
4.189090 3.796267 3.303790
4.205510 2.181649 8.005210
4.221920 0.014822 8.945432
4.238400 -0.380081 6.631148
4.254700 1.567179 3.024024
4.271300 3.489217 0.320487
4.304140 3.336777 -0.817846
4.320560 2.321112 -1.316452
4.355590 2.293834 -1.871313
4.369930 2.021328 -1.761662
4.402650 -0.349972 -0.338657
4.419130 -3.082776 1.478506
4.451970 -3.131511 2.564657
4.468510 -0.865785 2.753122
4.501340 0.686833 2.227984
4.517640 -0.170786 1.192288
4.550660 -1.968317 0.083593
4.567080 -2.234081 -0.857321
4.599910 -0.161151 -1.552931
4.616390 3.626928 -1.656334
4.649230 7.387305 -1.116053
4.665530 9.486476 -0.921303
4.683470 9.461071 -2.484256
4.698360 7.405791 -5.829453
4.714900 4.223896 -9.302586
4.731380 0.779681 -11.272012
4.747680 -2.158705 -11.085100
4.764160 -3.451666 -8.877695
4.796880 -2.905374 -5.579091
4.813540 -1.689251 -1.702955
4.829770 -1.000754 3.331321
4.846370 -0.189132 9.131525
4.862610 1.618869 13.257284
4.879270 3.029015 12.768334
4.895630 2.028098 7.115069
4.912050 -0.913251 -1.209027
4.928530 -2.159664 -9.328200
4.944890 -0.100170 -14.025736
4.961300 1.058871 -11.291387
4.994260 -2.923400 -0.719101
5.010500 -10.433081 12.133238
5.027040 -15.936135 19.812294
5.043400 -16.337394 19.792752
5.059940 -13.106872 15.609135
5.076290 -8.023798 10.733743
5.092590 -2.060292 6.429363
5.109130 2.920401 3.343007
5.125730 5.244061 1.457923
5.142030 4.869551 -0.016125
5.158510 3.040093 -1.699372
5.174800 1.091434 -3.046574
5.191220 -0.214678 -3.374545
5.207760 -0.489739 -3.316730
5.224060 0.537193 -4.461594
5.240660 2.350726 -7.622864
5.256840 3.580113 -11.352567
5.273440 3.188359 -13.078315
5.289860 1.559257 -11.570871
5.306270 -0.198283 -7.309952
5.339110 -1.685926 -1.958013
5.355530 -3.127460 2.961302
5.371890 -4.318801 6.383241
5.388550 -4.221104 6.949166
5.404790 -2.223696 4.444962
5.421260 0.937999 0.447456
5.437680 3.492373 -2.120720
5.454530 3.949004 -1.532498
5.470700 2.322505 0.946269
5.487060 -0.146304 3.632513
5.503360 -1.943999 5.420104
5.519710 -2.163238 5.217605
5.536250 -0.927187 2.708820
5.552670 0.736192 -0.901695
5.569210 1.760042 -3.838668
5.585750 1.785911 -5.405691
5.601990 1.163229 -5.673245
5.618530 0.476392 -4.403337
5.634950 0.100682 -1.543171
5.651430 0.041495 1.704696
5.668400 0.479615 3.417588
5.684270 1.997636 2.490607
5.700440 4.264042 -0.434837
5.716920 5.582883 -3.570498
5.733520 4.760314 -5.435391
5.749880 2.592622 -5.309251
5.782710 0.514863 -3.376087
5.799260 -1.133324 -0.571018
5.815980 -2.667925 1.876500
5.832340 -3.920837 3.129863
5.848690 -4.047043 3.330544
5.865170 -2.295845 3.229092
5.881530 0.770691 3.945090
5.897890 3.520795 5.610003
5.914120 5.002476 6.510549
5.930540 5.216239 4.912195
5.947020 4.067479 1.163214
5.979800 1.719663 -2.302441
5.997190 -0.022007 -3.398429
6.028990 0.526664 -2.033503
6.045650 2.199812 0.232462
6.078370 3.077840 1.269006
6.094790 2.156345 0.506868
6.111330 -1.049858 -0.336354
6.127620 -4.922378 0.186722
6.144100 -6.783876 1.097715
6.160580 -6.218569 0.373954
6.176880 -5.998749 -1.723319
6.193540 -7.507598 -3.540376
6.210020 -7.456661 -4.923243
6.226680 -3.831849 -5.944634
6.242800 0.823276 -5.495090
6.259160 3.396081 -2.801519
6.275630 3.239310 0.694255
6.291930 1.494037 3.013581
6.324710 -0.723186 3.911245
6.341250 -2.301597 3.588973
6.357600 -1.957029 1.816828
6.374150 0.254266 -0.972250
6.390500 2.174890 -3.297343
6.423520 1.618316 -3.714193
6.440000 -1.037527 -1.993501
6.456240 -2.962390 0.793515
6.472660 -2.311924 2.902706
6.489010 -0.128441 3.465063
6.505550 1.543379 3.460275
6.521910 1.580088 4.139954
6.538390 0.333215 5.158025
6.554930 -0.729703 5.100774
6.571410 -0.276028 3.852900
6.587770 2.000813 3.003563
6.604130 5.689907 4.078375
6.620480 9.521352 6.723990
6.637020 11.393243 8.579574
6.669740 9.588513 7.586890
6.686220 5.098109 3.832224
6.702640 1.401463 -0.725626
6.719060 0.388033 -4.334634
6.735470 0.872354 -6.400754
6.768550 0.587470 -6.402192
6.784850 -0.913486 -4.026222
6.801270 -1.967902 0.019103
6.817630 -1.595221 4.480967
6.834050 -0.431768 8.548238
6.850520 0.914345 11.716565
6.868960 2.941159 12.895245
6.883420 5.671551 10.815526
6.899780 7.859907 5.499967
6.916260 8.637080 -1.552754
6.932680 7.893432 -8.253582
6.949040 5.013997 -12.166273
6.965520 -0.384444 -11.901932
6.981810 -6.154413 -8.793889
7.014890 -8.761660 -5.873458
7.031250 -7.254378 -5.089239
7.047670 -3.887034 -5.964766
7.064030 -0.894932 -7.666399
7.080570 1.155873 -9.935208
7.097050 2.268610 -11.716486
7.113460 1.975724 -11.207603
7.129700 0.951750 -7.424175
7.146240 1.508211 -1.578474
7.162840 4.167404 3.762204
7.179020 6.545081 6.714605
7.197020 6.145392 7.359389
7.212040 3.411453 6.760888
7.228520 0.822836 4.914923
7.261410 -0.315416 1.540063
7.277650 -0.182645 -2.020698
7.310490 0.547344 -3.661986
7.327030 1.212732 -3.366058
7.359920 1.524055 -2.760769
7.376280 1.319396 -1.858799
7.410280 -0.550697 0.664934
7.425540 -2.491561 3.949753
7.441830 2.265617 4.457491
7.458500 15.920160 0.834696
7.474730 30.244083 -3.527040
7.491270 34.561262 -4.235680
7.507750 27.491569 -0.751331
7.523990 16.661669 3.250257
7.540650 7.492294 3.720686
7.557010 1.141506 -0.320129
7.573490 -2.244889 -6.000204
7.589780 -3.176745 -9.312153
7.606140 -2.280058 -8.941164
7.622620 -0.351157 -6.302332
7.638980 1.829554 -2.666164
7.655520 3.621972 1.496856
7.672000 4.425128 4.754868
7.688540 3.887918 4.860125
7.704830 2.135472 1.761500
7.721190 0.201251 -1.791598
7.754150 -0.649783 -3.052373
7.770450 -0.045621 -1.827597
7.786930 1.826711 -0.565144
7.803220 4.336724 -1.631320
7.819890 6.216852 -4.786710
7.836300 6.311873 -7.207597
7.853210 4.515183 -6.351666
7.869140 2.293066 -2.619727
7.885620 1.465529 1.455573
7.902040 2.215391 3.857444
7.918400 3.055034 4.205509
7.934750 2.517627 2.756944
7.951290 1.020677 -0.277151
7.967960 0.117020 -3.682819
7.984310 0.207073 -4.882514
8.000980 0.507814 -2.190431
8.017210 0.272910 2.998078
8.033690 -0.415997 7.003905
8.050050 -0.758549 6.825785
8.067630 -0.161564 2.793947
8.082950 0.895410 -0.763605
8.099000 1.074084 0.797301
8.115480 0.083486 6.813932
8.131840 -0.805032 11.736760
8.148560 -0.837784 11.549362
8.164920 -0.671540 7.748486
8.181090 -1.017532 4.516226
8.197810 -1.232568 3.942462
8.213990 -0.570600 5.299872
8.230590 0.288494 6.903042
8.246890 0.559563 7.635237
8.263430 0.063550 6.999702
8.279790 -1.465594 4.456725
8.296140 -3.978613 0.524003
8.312740 -6.224716 -3.036198
8.328980 -6.365017 -4.910545
8.345520 -4.129288 -5.247015
8.362060 -1.327558 -4.761742
8.378660 0.250300 -3.262335
8.395020 0.382021 -0.851022
8.411500 -0.182394 1.420425
8.427610 -1.043961 2.638860
8.444150 -2.253526 2.310891
8.460630 -3.413567 0.591457
8.477050 -3.606745 -1.555277
8.493840 -2.260121 -2.473241
8.510010 0.208794 -1.173513
8.542850 2.450602 1.167941
8.559390 3.367387 2.093637
8.575680 3.192888 -0.002650
8.591920 3.121371 -4.564908
8.608520 3.830684 -9.123885
8.624880 4.656997 -10.924220
8.641420 4.634835 -8.772678
8.657650 3.521132 -3.667163
8.674010 1.702622 2.084515
8.690670 -0.128187 6.483395
8.706970 -1.247085 8.758974
8.723390 -1.402605 9.211907
8.739930 -0.958153 8.031448
8.756160 -0.927938 5.294025
8.789000 -2.165119 2.271605
8.805730 -3.638821 0.330561
8.838500 -3.390304 -0.458291
8.855040 -1.330824 -0.908666
8.871150 0.357137 -1.141880
8.887760 0.171075 -0.430825
8.904170 -0.647794 0.561557
8.920590 -0.065403 0.196587
8.936890 2.138455 -1.912699
8.953370 4.381574 -4.643279
8.969910 5.159852 -6.013897
8.986150 4.311481 -4.616997
9.002690 3.003450 -0.900033
9.018980 2.576727 3.120178
9.035640 3.322540 4.953704
9.052000 3.920661 4.179504
9.068360 1.642636 2.566052
9.085140 -4.628570 1.235536
9.101320 -11.810589 0.232122
9.117800 -14.990699 -0.701033
9.134220 -12.300084 -1.529139
9.150630 -6.597340 -1.669064
9.166990 -1.866014 -0.259140
9.183290 0.358120 2.956993
9.199950 0.645289 6.001438
9.216190 0.074263 5.955937
9.232730 -0.323146 2.941758
9.249270 -0.056965 -0.283433
9.265500 0.486076 -2.383075
9.281980 0.477774 -4.137434
9.298400 -0.206560 -5.813575
9.314880 -0.632443 -5.748244
9.331480 -0.378916 -2.527011
9.347780 -0.044161 2.436564
9.364140 0.172765 5.642024
9.380490 1.086725 4.592905
9.396910 2.980059 0.166596
9.413270 4.168967 -3.996874
9.429930 2.709666 -4.817871
9.446290 -0.748479 -2.643730
9.479000 -3.610750 -0.124541
9.495480 -3.998661 0.846773
9.512210 -1.948090 0.352694
9.528500 0.893511 -0.545256
9.544920 2.878483 -1.708681
9.561460 3.392436 -3.324013
9.577760 2.821370 -4.439790
9.594180 2.323878 -3.925559
9.610530 2.885139 -1.490712
9.627080 4.376614 1.844689
9.643250 5.514357 4.421339
9.659910 4.838749 5.260838
9.676150 2.430061 4.428373
9.692630 0.012475 2.768300
9.709110 -0.885065 0.851429
9.725590 0.050374 -1.086318
9.742250 1.384831 -2.298206
9.758240 0.852525 -1.846318
9.774840 -1.651211 -0.179086
9.791440 -3.586884 0.939409
9.807800 -3.189319 1.736240
9.824160 -2.215341 4.979558
9.840640 -3.054785 11.225633
9.856870 -4.846664 16.496471
9.873290 -5.206053 16.570297
9.890080 -3.525346 12.128969
9.922610 -0.912454 7.228462
9.939090 1.511642 3.561006
9.955630 3.011804 -0.198890
9.971860 3.129283 -4.505752
9.988280 2.613574 -7.742017
10.004760 2.317781 -8.088447
10.021240 1.996597 -5.287999
10.037780 -1.943586 -0.595493
10.054140 -16.732223 4.644091
10.070680 -40.738186 9.163223
10.087100 -59.884920 11.637641
10.119930 -61.384100 11.225024
10.136290 -45.805723 7.749717
10.169190 -25.023466 2.724680
10.185550 -8.068505 -0.589917
10.218260 2.178314 -0.303983
10.234920 5.148679 2.061128
10.251160 3.507725 3.199528
10.267640 1.281180 1.621296
10.284180 0.328774 -1.227973
10.317020 0.260431 -3.629086
10.333310 0.278281 -4.904947
10.349910 0.362845 -5.132634
10.366150 0.984764 -4.896075
10.382750 1.684953 -4.465370
10.399290 1.994582 -3.421144
10.415590 3.256581 -1.478149
10.432010 6.494451 1.164711
10.448300 9.889555 4.160390
10.464900 10.174053 6.928518
10.481200 6.801030 8.101233
10.497800 2.752226 6.228149
10.514160 0.485235 1.986642
10.530400 -0.139095 -2.477823
10.547060 -0.438010 -5.834533
10.563290 -1.360165 -7.723801
10.579770 -1.224327 -8.122791
10.612790 3.414393 -7.251709
10.629090 13.892072 -5.569764
10.645510 28.780267 -3.397806
10.661870 42.171148 -0.791955
10.678410 46.859448 1.592059
10.694890 40.576763 2.339657
10.711430 27.241119 0.779982
10.727720 14.317467 -1.387235
10.744140 5.608893 -0.793557
10.760560 0.578252 3.411634
10.777040 -2.018105 7.578859
10.793330 -3.976743 7.466944
10.809880 -6.324523 3.542014
10.826290 -8.460392 -0.493079
10.842650 -9.279839 -3.155815
10.859010 -8.511088 -5.024776
10.875550 -6.609761 -6.141726
10.891910 -3.526555 -5.638814
10.910950 0.159751 -3.339281
10.924870 2.902160 -0.497043
10.941280 3.954118 1.858097
10.957760 3.554364 3.687898
10.974240 2.161343 4.992213
10.990360 0.150088 5.558885
11.006900 -1.350245 5.640890
11.023380 -1.248568 5.211990
11.040040 -0.219324 3.413241
11.056270 0.190914 0.215316
11.072630 -0.342781 -2.564712
11.105410 -0.578273 -3.208973
11.121890 0.240348 -2.240384
11.138490 1.328448 -1.064540
11.154850 1.654867 -0.369826
11.171330 1.134192 -0.464262
11.204040 0.252979 -1.333716
11.220400 -0.378213 -1.561839
11.239380 -0.008443 1.180539
11.253300 1.539121 6.863493
11.269900 3.377453 12.897259
11.302800 4.153909 16.243471
11.319090 3.281429 15.607390
11.335390 1.375204 12.220822
11.354130 -0.240593 7.535912
11.368410 -0.794548 2.748637
11.384770 -0.726365 -0.750879
11.401180 -0.407631 -2.177648
11.417540 0.294947 -2.327754
11.434140 1.170767 -2.707633
11.450380 1.233928 -3.421878
11.469120 0.374897 -3.088234
11.483400 0.065225 -0.187078
11.499760 0.484395 4.793019
11.516170 0.552856 9.409817
11.532780 0.404418 11.431055
11.549190 0.959526 10.510045
11.567500 2.181723 7.960267
11.582090 2.865486 4.718740
11.598450 2.530766 1.804119
11.614870 1.528382 0.305525
11.631160 -0.135491 -0.063180
11.647640 -1.675125 -0.383172
11.664180 -1.834767 -0.986508
11.680540 -0.683455 -1.157355
11.697020 0.442232 -1.025978
11.713320 0.350834 -1.208342
11.729740 -0.806616 -1.371705
11.746280 -1.907552 -1.240132
11.762630 -2.070497 -1.169377
11.778990 -1.411082 -1.373135
11.795530 -1.054600 -1.124787
11.811890 -1.321114 -0.059808
11.828370 -0.924209 0.982711
11.844850 0.420617 1.661334
11.861330 1.273126 2.468867
11.877500 0.755959 3.376383
11.896610 0.171279 3.170538
11.910520 0.697838 1.116153
11.927250 0.836514 -1.566007
11.943240 -0.880154 -3.024229
11.960080 -3.397955 -2.891759
11.976140 -4.642177 -2.497041
11.992860 -4.317370 -2.865113
12.009090 -3.060216 -3.630186
12.025510 -0.712385 -3.750214
12.041990 1.470157 -2.598220
12.058410 1.559065 -1.118262
12.074650 0.266380 -1.360926
12.091250 0.551931 -3.382547
12.107600 3.025315 -5.021064
12.124150 4.047180 -5.215594
12.140500 1.386972 -5.389879
12.157230 -2.554752 -6.517317
12.173400 -4.328631 -6.356998
12.189880 -3.286299 -3.409032
12.206480 -1.282085 0.202763
12.224610 0.125502 1.995112
12.239140 0.711176 2.153371
12.255430 0.607473 2.076279
12.272030 -0.252102 1.084475
12.288640 -1.330866 -2.227354
12.304810 -1.699927 -6.537304
12.321290 -1.191062 -8.328815
12.337590 -0.720553 -5.816758
12.354190 -0.708911 -1.421986
12.370540 0.039452 0.304507
12.386960 2.128023 -2.290532
12.403380 4.082813 -6.750050
12.419920 3.957459 -9.974134
12.436280 1.863822 -10.632082
12.452640 -0.015352 -9.488987
12.469180 -0.219511 -7.215671
12.485720 0.488533 -3.632347
12.502010 0.788472 0.286613
12.518430 0.743416 2.597426
12.534910 1.281889 2.099497
12.552730 2.303958 -0.177716
12.567810 2.231857 -1.101457
12.584230 0.437634 1.325807
12.600590 -2.224491 6.042656
12.617070 -4.598751 10.522353
12.633240 -4.815969 12.157485
12.649780 -2.473270 10.319896
12.666200 0.042453 6.872038
12.682860 0.444369 3.795308
12.699160 -0.749578 1.842109
12.731930 -0.956646 0.256796
12.748350 0.333656 -1.325381
12.764770 1.335469 -2.040957
12.781250 1.222265 -1.722426
12.797550 0.458267 -1.134718
12.814030 0.088313 -0.946509
12.830380 1.034206 -1.067534
12.846980 2.829663 -0.857857
12.863400 3.674414 -0.274520
12.880250 2.392068 -0.258036
12.896300 -0.111855 -1.351469
12.912660 -1.629369 -2.694371
12.929020 -0.889645 -2.825396
12.945370 0.993461 -1.199740
12.978270 1.551196 0.029211
12.994870 -0.389460 -2.741836
13.027710 -3.166321 -9.926871
13.044130 -4.362652 -16.436103
13.060420 -3.609059 -15.464525
13.077030 -2.295592 -6.325166
13.093320 -1.486780 4.550102
13.109860 -1.108828 10.914153
13.126220 -0.969298 11.546509
13.142700 -0.690025 8.575161
13.159120 -0.423491 3.795043
13.175540 -0.914340 -1.605709
13.192020 -4.973369 -5.687054
13.209230 -17.864597 -5.998111
13.224730 -37.161193 -1.856319
13.241330 -50.987096 4.324300
13.257690 -49.477421 8.963543
13.274170 -34.784840 10.073417
13.290410 -18.030371 8.162871
13.323360 -5.439330 4.805682
13.339900 2.758643 1.267755
13.356200 6.187150 -1.578027
13.372680 4.498148 -3.032321
13.389160 -0.281428 -2.986249
13.405520 -3.711703 -2.114185
13.421940 -2.633241 -1.225547
13.438350 1.761016 -0.457296
13.454830 4.647890 0.505202
13.471250 2.167162 1.249286
13.487490 -4.261010 0.858749
13.520510 -9.351056 -0.806191
13.537230 -9.391569 -2.742469
13.569760 -5.537516 -3.817393
13.586300 -1.396249 -3.662039
13.619140 0.853898 -2.783683
13.635380 1.778685 -1.826961
13.652100 3.286818 -0.977070
13.668330 5.473044 -0.713671
13.684810 6.435211 -1.668776
13.701290 5.097297 -3.748061
13.717530 3.323312 -5.597769
13.734070 3.302682 -5.573439
13.750370 4.220110 -3.449067
13.766970 4.584749 -0.303101
13.783630 4.203995 2.187481
13.799680 3.014877 2.826703
13.816160 0.599047 1.710672
13.832700 -2.540565 -0.328762
13.849000 -4.525988 -2.372656
13.865480 -3.848997 -3.461824
13.881900 -1.548724 -2.587397
13.898560 -0.839563 0.446041
13.914790 -3.180798 4.139944
13.931150 -6.813298 6.707842
13.947630 -9.116650 7.764978
13.964110 -8.919423 7.487222
13.980710 -7.033785 5.945223
13.997190 -4.231689 3.511962
14.013370 -0.945833 1.176178
14.029970 1.917050 -0.219268
14.046510 3.856577 -1.155619
14.062870 4.695709 -2.413433
14.079470 4.194864 -3.811907
14.099240 1.994787 -4.755330
14.112370 -1.683961 -4.939755
14.128480 -4.543928 -4.216084
14.161320 -3.723009 -2.615990
14.177670 0.405080 -0.809300
14.194090 4.373518 0.090756
14.210570 5.707912 -0.109042
14.226930 5.170553 0.174682
14.243290 4.563939 2.747352
14.259770 3.739408 7.213732
14.276120 2.105639 10.689997
14.292660 0.808110 10.145777
14.309140 1.255907 5.405456
14.325500 2.853136 -0.575691
14.341920 3.088875 -4.844514
14.358280 0.681220 -6.847277
14.374630 -2.473461 -7.106612
14.391300 -3.509472 -5.343907
14.407470 -1.805705 -1.584484
14.424010 0.689953 2.700496
14.440430 2.013605 5.524465
14.456850 2.142101 6.013592
14.473210 1.698641 4.925505
14.506160 0.971544 3.486937
14.522640 0.990289 2.313626
14.555480 1.854205 1.526251
14.572080 1.046775 1.110695
14.604680 -3.366169 0.826039
14.621280 -8.712542 0.337375
14.637630 -10.106932 -0.602512
14.653990 -7.194900 -1.934221
14.670410 -3.780089 -3.353870
14.686890 -2.340574 -4.524192
14.703250 -2.534085 -4.631856
14.719730 -2.754877 -3.241226
14.735960 -1.781988 -1.000047
14.752440 0.705278 1.806700
14.769040 3.465225 4.804895
14.785520 4.613141 6.405270
14.801820 4.408910 5.414415
14.818300 4.619347 2.790849
14.834660 5.917562 0.578747
14.851260 7.170840 -0.928443
14.867680 6.947715 -2.545245
14.884160 5.120818 -3.693352
14.900390 2.798425 -3.056067
14.916750 1.164977 -1.723428
14.933410 -0.229528 -3.326430
14.949770 -2.527059 -7.913140
14.966250 -4.868419 -10.189275
14.999150 -4.774679 -6.235347
15.015440 -0.763503 1.273503
15.048280 5.554661 6.114523
15.064760 10.456741 6.102404
15.097530 11.517600 3.789049
15.114010 9.265579 1.597416
15.146910 6.018676 0.357253
15.163270 3.088038 -0.022918
15.196350 -0.048975 -0.075325
15.212650 -3.335398 0.009371
15.245540 -5.319372 0.114734
15.261720 -4.895266 -0.148332
15.294740 -2.432408 -0.935811
15.311160 1.181447 -2.025004
15.344360 3.859012 -2.045365
15.360470 1.743880 0.323396
15.393370 -5.783868 3.831379
15.410640 -13.691497 5.923865
15.426330 -16.047950 5.891803
15.442630 -12.312077 5.901089
15.459170 -7.031631 7.417654
15.475830 -3.699417 8.571929
15.492190 -2.946244 7.271939
15.508540 -3.595285 3.850210
15.524960 -3.369824 0.081354
15.541140 -1.122564 -2.448382
15.557500 1.892643 -3.314643
15.574160 3.658367 -3.683052
15.590390 3.889008 -4.133779
15.606930 4.071978 -2.970441
15.639650 5.071410 0.800597
15.656190 5.928852 4.723377
15.672550 5.177567 5.237471
15.688900 2.827216 2.387786
15.705690 0.403079 -0.674803
15.721740 -1.078709 -2.008311
15.738340 -2.016707 -1.672446
15.754760 -3.066605 -0.464395
15.771670 -4.108278 0.593446
15.787900 -4.430781 0.598182
15.804440 -3.713304 -0.329761
15.820740 -2.356563 -0.769685
15.837160 -0.986686 0.462014
15.853580 -0.050470 2.879465
15.869630 0.402727 4.735287
15.886170 0.425865 4.893718
15.902530 0.207360 3.894678
15.919070 0.445612 2.967196
15.935420 1.582650 2.684456
15.951900 3.154494 2.402009
15.968380 4.414312 1.194230
15.984800 4.854960 -0.489199
16.001280 4.273173 -1.624705
16.017820 3.012089 -2.101074
16.034060 2.068325 -2.289929
16.050350 1.971142 -2.297372
16.083370 2.010801 -1.882641
16.099790 1.442136 -1.153427
16.116270 0.684956 -0.485822
16.132570 0.530376 0.063414
16.149050 0.876485 0.673789
16.165340 0.984319 1.561243
16.181760 0.291381 2.543725
16.198240 -1.044224 3.252542
16.231140 -1.635587 3.379536
16.247560 0.530302 2.734669
16.280520 5.508951 1.570752
16.296940 10.156100 0.190619
16.313230 10.726662 -1.359379
16.329650 6.759291 -3.211503
16.345950 1.536638 -4.863597
16.362490 -1.429943 -4.946287
16.378970 -1.369985 -3.030603
16.395320 0.308542 -0.262047
16.411740 1.888576 1.934099
16.428280 2.063680 2.835042
16.444640 0.823001 2.181918
16.477480 -0.080770 0.177243
16.494020 1.308582 -1.892923
16.526980 4.499725 -2.415972
16.543580 6.966674 -0.779350
16.576290 7.420682 2.122208
16.592900 6.655524 4.205893
16.609070 5.493665 3.499740
16.625430 3.479582 -0.108367
16.641910 0.798887 -4.370306
16.658260 -0.885454 -6.228346
16.674620 -0.811550 -4.791827
16.691280 -0.457716 -2.203021
16.723940 -1.416048 -0.971336
16.740420 -4.385461 -1.183231
16.756900 -10.498483 -0.782244
16.773440 -18.583493 0.719090
16.789980 -24.173405 1.518104
16.806460 -23.502354 0.719710
16.822750 -17.490182 -0.329667
16.839110 -10.433736 -0.194669
16.855410 -4.303442 0.856097
16.871770 0.775034 2.530365
16.888430 3.933278 5.078232
16.904850 4.618656 7.836753
16.921390 3.490173 8.781059
16.937740 1.758764 6.380635
16.970640 0.154247 1.809384
16.987120 -1.098522 -1.990661
17.019960 -1.995165 -2.930036
17.036380 -1.741849 -1.619629
17.052610 0.878017 -0.162390
17.068850 4.853082 0.517007
17.085390 7.403147 0.782189
17.102050 6.858020 0.950185
17.118410 4.227209 0.780823
17.135010 1.948279 0.126424
17.151370 1.000568 -0.480896
17.167720 0.950602 -0.393364
17.184270 1.013220 0.493875
17.200620 0.666394 1.911193
17.217100 0.337376 3.004075
17.233580 0.254955 2.731840
17.266420 0.288459 0.757266
17.282780 0.056257 -1.884181
17.315610 -1.236160 -2.823347
17.331910 -3.520663 -1.527895
17.364870 -6.047114 -0.127224
17.381410 -7.253107 0.141849
17.414000 -5.842984 1.057160
17.430540 -2.357452 3.986675
17.446900 1.588696 6.333315
17.463380 3.635246 5.556024
17.479610 2.940098 3.163932
17.496220 1.328014 2.218842
17.512760 0.818086 2.935424
17.529360 1.253485 3.036305
17.545530 0.516961 1.528586
17.562010 -2.113062 -0.388096
17.578550 -4.988413 -1.590832
17.597780 -6.396453 -2.234717
17.611270 -6.200352 -2.408114
17.627690 -5.042223 -1.502511
17.660460 -2.900014 0.677525
17.676880 -0.275969 2.751574
17.709960 1.257190 3.212641
17.726140 1.136990 2.107848
17.742550 0.733426 0.025416
17.759030 1.348311 -2.417749
17.775390 2.191723 -4.302559
17.791930 1.759991 -4.356871
17.808720 0.479032 -1.677459
17.824770 0.179305 2.716138
17.841130 1.866654 6.130879
17.857850 4.685499 6.493083
17.874150 6.820704 4.276056
17.890500 7.395423 1.553322
17.906920 6.898969 -0.682092
17.923460 5.927804 -2.393948
17.939820 3.892586 -2.999131
17.956300 0.233863 -2.045532
17.972530 -3.855090 -0.489050
17.989010 -6.435570 -0.166120
18.005430 -6.885241 -1.627751
18.021730 -5.658886 -3.388987
18.038450 -2.644967 -3.692234
18.054630 1.871747 -2.167791
18.071170 5.889307 0.170228
18.087650 6.841324 2.183582
18.104060 4.470668 3.441168
18.120540 1.384972 3.541312
18.153320 -0.278426 2.013658
18.169680 -0.664980 -0.771154
18.186340 -0.911164 -3.319077
18.202580 -1.233076 -4.140466
18.218870 -1.122518 -3.598041
18.235530 -0.830556 -3.234003
18.251830 -1.093792 -3.755463
18.268370 -2.129711 -4.376514
18.284790 -3.332643 -3.827161
18.301030 -3.709352 -2.208754
18.317630 -2.382578 -0.336304
18.333920 0.515921 1.612987
18.350830 2.758827 3.828195
18.367000 3.095613 6.046560
18.383360 3.886148 7.043743
18.399720 7.317203 6.077671
18.416320 11.309434 3.608049
18.449220 11.576132 1.071267
18.498720 8.026893 0.533892
18.515080 4.363707 2.304049
18.547850 2.352138 4.508168
18.564330 0.935420 4.984402
18.596920 -0.623601 3.013192
18.613400 -1.147498 0.127143
18.646300 0.003336 -1.673747
18.662960 1.712007 -1.773296
18.696960 2.810172 -0.996748
18.711910 3.098045 -0.607420
18.744750 2.931917 -1.180115
18.761050 2.577741 -2.131384
18.794010 2.209137 -2.488228
18.810420 1.818406 -2.056504
18.843260 1.273783 -1.793860
18.859620 -0.455182 -2.202629
18.876100 -5.161783 -1.369193
18.892460 -11.939919 2.224644
18.909000 -16.680789 6.468295
18.925350 -16.081811 7.946310
18.941960 -11.489480 6.283121
18.958250 -7.089997 3.545796
18.974790 -4.501817 0.503342
18.991150 -3.013529 -2.941488
19.009520 -2.214873 -5.766373
19.023930 -1.979505 -6.548855
19.040280 -2.257454 -5.435392
19.056760 -2.913793 -3.886945
19.089600 -3.006595 -2.849615
19.106020 -1.736273 -1.995412
19.122500 0.402548 -0.733832
19.139040 2.145218 0.314897
19.155400 2.721170 0.726738
19.171810 2.557080 1.632907
19.188230 2.015811 3.994624
19.204590 0.974215 6.718976
19.237670 -0.181411 7.645240
19.253850 -0.991802 5.873811
19.270510 -1.651755 2.331564
19.286740 -2.479237 -0.977261
19.303100 -3.256473 -1.915090
19.319580 -3.056344 0.552644
19.336000 -1.175048 4.680052
19.352660 1.629212 7.361952
19.369020 3.480334 7.087838
19.385310 2.852576 4.314951
19.401920 0.463597 0.813132
19.418150 -1.324512 -2.108997
19.434810 -1.614445 -3.560395
19.450990 -1.296672 -2.628314
19.483950 -1.233536 -0.466350
19.500550 -1.158493 0.685214
19.517030 -0.608303 0.114602
19.533080 -0.192109 -0.655229
19.549620 -0.202070 0.084172
19.566160 0.095998 1.741120
19.582460 1.078337 3.022916
19.599060 2.228392 3.658888
19.631900 2.905054 3.984275
19.648130 3.243012 4.139045
19.666140 3.955301 3.644839
19.681150 5.027668 2.112216
19.697510 5.666507 -0.052263
19.713930 5.365457 -1.809768
19.730410 4.327123 -2.169384
19.746830 3.433258 -1.351035
19.763120 3.094360 -0.887591
19.779660 2.601097 -1.665594
19.796020 0.898732 -2.932416
19.812620 -2.247572 -2.880905
19.828920 -5.296015 -0.047007
19.845400 -5.277481 4.398747
19.861760 0.349344 6.877165
19.878110 9.810936 4.729387
19.894590 17.035172 -0.444114
19.911010 17.138274 -3.771179
19.927550 10.827033 -2.790301
19.943910 3.626009 0.480232
19.960270 0.380573 2.938741
19.976750 1.800599 3.212569
19.993100 4.922598 2.242999
20.009770 5.704241 1.829051
20.026120 2.763184 2.263718
20.042540 -1.512531 2.639051
20.058900 -4.136551 2.485978
20.075380 -4.050633 1.891697
20.091740 -1.367125 0.629690
20.124760 2.953737 -1.820562
20.141170 7.014542 -4.752087
20.157650 8.882520 -6.545654
20.173890 8.076100 -6.560596
20.190370 5.666953 -5.750118
20.206730 2.425357 -5.263051
20.223270 -0.962742 -4.934485
20.239690 -3.195227 -3.698724
20.256100 -3.804713 -0.707831
20.272460 -3.334166 3.385747
20.288880 -3.588174 6.487952
20.305420 -7.789797 6.873996
20.322200 -16.275326 4.989585
20.338380 -24.176411 2.658110
20.354860 -25.402801 0.817031
20.371150 -18.961956 -0.381466
20.387630 -9.808212 -0.932584
20.403990 -2.513037 -0.829874
20.420530 1.377640 -0.240160
20.436890 2.123862 0.597624
20.453310 1.109520 1.876079
20.469670 0.169149 3.482910
20.486150 0.346422 4.444224
20.518860 0.763497 3.756873
20.535340 0.326712 1.454596
20.568120 -0.554425 -1.437606
20.584780 -0.758813 -3.622365
20.601010 0.314554 -4.437430
20.617550 2.436231 -3.868761
20.633790 4.423199 -2.359675
20.650390 4.667822 -0.746918
20.666870 2.955762 0.861454
20.683170 0.960507 2.390976
20.699650 0.696355 2.790989
20.716130 2.270470 1.153620
20.732600 4.055953 -1.510368
20.748900 4.668853 -3.001319
20.765440 3.375364 -3.077073
20.781800 0.998336 -3.101138
20.798160 -0.478121 -3.482175
20.814880 -0.380816 -3.144376
20.831120 0.328903 -1.243036
20.847470 0.738082 1.188715
20.864010 1.266229 2.068370
20.880430 2.108813 0.918319
20.896730 2.040257 -0.421181
20.913270 0.209609 -0.570883
20.929630 -1.140348 0.210319
20.946040 2.318415 1.404087
20.962650 10.548636 2.258753
20.978880 17.825490 1.785602
21.011900 18.287426 0.516096
21.028320 11.898443 0.616805
21.044800 4.458762 3.130415
21.061040 0.742333 5.767255
21.077510 0.288066 5.780800
21.110290 -0.273367 3.184412
21.126770 -1.868732 -0.430701
21.159610 -2.322379 -3.111843
21.175960 -0.053426 -3.270891
21.192500 4.024057 -1.064631
21.209050 7.623501 0.806893
21.225220 9.247765 0.424049
21.241940 8.399745 -1.052714
21.258300 6.397823 -0.804053
21.274600 3.811121 -0.141373
21.291080 -3.355331 -9.573383
21.307500 -16.821096 -34.819506
21.324040 -30.048544 -64.228289
21.340390 -33.731958 -79.193488
21.356810 -25.869077 -72.336078
21.373290 -13.699710 -52.888404
21.389650 -4.239970 -32.232713
21.406130 1.019397 -15.152037
21.422490 2.997289 -3.878199
21.439090 2.537287 1.093144
21.455260 0.882619 1.093440
21.471800 -0.382335 -1.803557
21.488100 -0.562542 -5.548628
21.504580 -0.490775 -8.474679
21.521000 -0.977308 -8.876659
21.537660 -1.345955 -5.459016
21.553890 -0.845241 1.078537
21.570250 -0.084435 7.735978
21.586790 -0.418552 11.316860
21.603150 -2.042962 11.066997
21.619690 -3.548398 8.803741
21.636230 -3.497957 6.715838
21.652650 -2.050668 5.878608
21.668880 -0.704981 5.826162
21.685300 -0.540355 5.150336
21.701840 -1.514091 2.981098
21.718140 -2.882814 -0.211105
21.734800 -3.726687 -3.222031
21.751160 -3.555111 -5.381244
21.767400 -2.590857 -6.739183
21.783870 -1.274295 -7.452845
21.800420 -0.117969 -7.665121
21.816890 0.466569 -7.605936
21.833130 0.390207 -7.596664
21.849730 -0.350958 -7.545517
21.866030 -1.414940 -6.464270
21.882570 -2.001892 -3.236293
21.898990 -1.376582 2.095027
21.915220 0.348878 7.344562
21.931950 2.053010 9.404994
21.948240 2.296822 7.240261
21.964600 1.047053 1.923483
21.981080 0.347160 -4.581627
21.997500 1.558672 -9.620803
22.013920 3.351863 -11.071569
22.046750 3.447117 -8.667590
22.063290 1.723648 -4.296161
22.079650 0.088617 -0.013638
22.096190 -0.513452 3.844269
22.112490 -0.473691 6.959711
22.129030 -0.203489 7.961778
22.145260 0.254679 6.108621
22.161870 0.887831 2.517468
22.194640 1.146559 -0.638057
22.211120 0.473363 -2.699107
22.227660 -0.710350 -5.024631
22.243900 -1.150361 -8.168311
22.260620 -0.082917 -11.146039
22.276920 1.935043 -12.823851
22.293270 3.801122 -11.967657
22.309750 4.345678 -7.853811
22.326170 2.492792 -1.734055
22.342530 -1.230771 3.090843
22.358890 -4.021346 4.201243
22.375240 -3.521678 3.064273
22.391780 -1.367441 2.849562
22.408140 -0.296650 4.519711
22.424560 -0.069553 6.711231
22.440980 0.789950 7.182934
22.457400 3.612676 3.733585
22.490420 8.850867 -3.124752
22.506900 15.412754 -8.941300
22.539790 20.165328 -8.686799
22.556030 19.282210 -1.982749
22.588930 13.208665 5.837707
22.605290 6.307499 9.747252
22.638240 1.465182 9.315513
22.654790 -1.276485 6.874497
22.687500 -1.621037 3.666035
22.704040 1.888155 -0.831695
22.736940 8.194354 -5.743788
22.753300 12.652816 -8.715334
22.786070 12.001889 -8.599885
22.802370 8.551259 -6.449101
22.835270 5.800324 -4.047474
22.851930 4.117189 -2.100734
22.884640 2.812899 -0.326089
22.901310 3.008344 1.324273
22.917420 7.358145 2.044432
22.933900 14.728291 1.636475
22.950260 19.867621 0.939506
22.966800 18.959588 0.722015
22.983150 13.323508 0.484763
22.999760 7.919458 -1.029720
23.016170 5.071692 -3.143445
23.032470 3.022484 -3.955983
23.048830 0.446405 -2.527751
23.065310 -1.643846 0.342389
23.081910 -2.295838 2.428091
23.098080 -1.866077 2.882140
23.114620 -1.223820 2.977043
23.131350 -0.801182 3.180004
23.147640 -0.278901 2.036058
23.164310 0.426966 -1.146844
23.180480 0.717596 -3.987200
23.197200 0.248823 -3.802064
23.213440 -0.372486 -1.207646
23.229980 0.181702 0.911538
23.246700 3.133116 0.456857
23.262700 3.624712 -2.497222
23.279170 -8.751460 -6.229475
23.344670 -33.707097 -8.513115
23.361150 -55.361642 -7.761119
23.377560 -57.497768 -3.676934
23.394040 -40.966406 2.435613
23.410280 -20.816702 7.832379
23.426760 -6.881219 9.964936
23.443120 0.531492 8.894192
23.476140 3.729496 6.614417
23.492490 4.354918 4.368254
23.525270 3.280761 1.946793
23.541870 1.629098 -0.638274
23.574520 0.055942 -1.943070
23.591000 -1.987797 -1.086520
23.624020 -4.652579 1.097573
23.640320 -6.452811 3.094253
23.673160 -5.773795 3.886832
23.689760 -3.004201 3.564864
23.722530 -0.056862 2.865877
23.738890 2.222092 2.489626
23.771790 3.388379 2.532465
23.788150 2.918864 1.895752
23.823000 2.144710 -1.087751
23.837520 2.867394 -5.461662
23.870300 4.760805 -7.826691
23.886780 5.640183 -7.172675
23.919490 4.512443 -5.825091
23.936100 3.187959 -5.261200
23.968930 2.945273 -4.245916
23.985290 2.638591 -2.631373
24.018130 1.873750 -1.518253
24.034610 2.464069 0.581677
24.067380 5.311910 4.951954
24.084050 8.307065 9.121938
24.116880 8.973021 9.706150
24.133300 7.446592 6.740399
24.166080 5.326455 3.184996
24.182370 3.474584 0.868197
24.215390 2.531489 0.385791
24.231630 1.960762 1.520432
24.248170 -1.560816 1.914378
24.264830 -9.435882 -0.141567
24.281370 -17.200202 -2.998346
24.297730 -18.637209 -3.897436
24.314330 -13.140372 -2.278494
24.330440 -6.070585 0.293825
24.364140 -1.636631 2.471528
24.382810 0.068360 3.785026
24.396550 0.945047 3.501588
24.412780 1.912162 0.704674
24.429380 2.441058 -3.661853
24.445560 2.055440 -6.570290
24.462100 0.447535 -5.526698
24.478450 -1.803660 -1.317576
24.511110 -3.186750 2.202648
24.527530 -2.472281 2.427384
24.560420 0.056030 0.348981
24.576900 2.367477 -1.994092
24.609500 3.419510 -3.843333
24.626160 4.139600 -5.129701
24.658870 5.165233 -5.495797
24.675290 5.946851 -4.639117
24.692080 5.348053 -3.221105
24.708250 3.381225 -2.993038
24.724490 1.188229 -4.804484
24.757390 -1.095583 -7.079195
24.773860 -2.696404 -6.874598
24.808590 -0.713204 -3.610093
24.905400 6.492206 0.930311
24.921880 15.909939 6.225145
24.954530 21.557986 10.878522
24.970950 20.619043 12.281962
25.004150 15.132917 10.643307
25.020320 8.080158 8.592036
25.036930 0.946656 6.827191
25.053280 -5.332464 3.222932
25.069580 -9.123447 -2.547105
25.086000 -9.479705 -7.865226
25.102360 -7.585675 -11.223504
25.118900 -6.294800 -12.878725
25.151980 -8.014734 -12.662437
25.348940 -11.663010 -9.914487
25.365420 -13.049855 -3.697535
25.447750 -9.546070 5.390416
25.463870 -3.107460 13.372407
25.480290 2.028665 15.584318
25.496830 4.160989 12.003295
25.513310 4.237044 6.953643
25.546080 3.938937 3.241915
25.562380 5.630911 0.420943
25.595280 9.810120 -2.636798
25.611690 13.772796 -5.096582
25.644530 14.362377 -5.280231
25.661130 11.720647 -3.121109
25.694030 8.245189 -0.410345
25.710390 4.940400 1.322392
25.743160 1.655332 2.437437
25.759640 -1.296178 2.681641
25.792360 -2.534775 1.116491
25.808960 -1.917502 -1.230385
25.841610 -0.791824 -2.589181
25.858150 -0.701814 -1.072095
25.874630 -3.337313 8.357025
25.890990 -8.352172 28.668040
25.907470 -13.318378 52.685543
25.923950 -15.792083 67.299895
25.940250 -15.099508 65.051015
25.956730 -12.943451 50.387382
25.989500 -11.215240 32.590239
26.005980 -10.048656 15.767613
26.022520 -8.437516 -1.767319
26.038880 -5.586507 -20.146178
26.055240 -2.319067 -33.299804
26.088320 -0.781133 -34.051012
26.104550 -1.356834 -23.973343
26.120970 -2.030070 -11.844443
26.137570 -0.980927 -2.471260
26.154050 1.380401 3.520458
26.170410 3.465514 5.396192
26.186830 3.660306 3.580270
26.203250 4.874884 -1.493895
26.219540 16.126330 -11.021176
26.235960 38.215443 -23.195486
26.252380 57.808262 -31.337606
26.268920 59.970126 -29.253900
26.285220 43.624526 -18.304175
26.301700 21.888449 -6.138530
26.318240 5.525749 2.272563
26.334470 -2.568555 6.604783
26.351010 -3.849377 7.696568
26.367490 -2.301127 5.899692
26.383910 -0.700516 2.091577
26.400270 -0.018618 -1.622831
26.416630 -0.906687 -3.376801
26.433170 -3.066861 -2.782393
26.449460 -4.915943 -0.810729
26.466190 -5.036608 1.859757
26.482540 -3.817702 5.343188
26.498900 -2.754768 8.513381
26.515440 -2.387969 9.014173
26.531620 -2.242604 5.467950
26.548220 -1.722968 -1.345131
26.564640 -0.235380 -7.284059
26.580990 2.562195 -8.071215
26.597530 5.266923 -1.238122
26.613950 5.191229 15.205472
26.630370 1.874103 36.336677
26.646790 -1.992213 50.320607
26.663150 -3.658800 48.650807
26.679810 -3.441457 34.157854
26.695860 -3.007612 17.988036
26.729060 -2.392861 7.111961
26.745300 -1.194515 1.722931
26.778140 0.529561 0.235704
26.794680 2.577696 0.505816
26.811160 4.055950 0.166241
26.827510 3.191777 -1.597176
26.843870 -0.397442 -3.468705
26.860410 -4.095373 -3.542550
26.876770 -5.067967 -1.240507
26.893250 -3.557897 1.911813
26.909670 -2.035841 3.634512
26.926150 -1.659115 3.259617
26.942380 -1.537449 2.103843
26.958800 -0.623103 1.996549
26.975280 0.912603 3.717375
26.991700 1.999402 5.350496
27.008240 2.123571 3.940728
27.024660 2.071247 -0.621005
27.041020 2.714561 -5.515235
27.057430 3.426561 -8.098596
27.073790 2.814610 -8.055585
27.090450 0.619438 -6.499297
27.106750 -2.052208 -3.784060
27.123290 -4.334585 0.450265
27.139650 -5.714926 5.835769
27.156190 -5.248127 10.483007
27.172550 -2.869812 11.463903
27.188840 0.089738 7.924455
27.205260 2.290642 2.447285
27.221620 3.374686 -1.959032
27.238340 3.638274 -4.974098
27.254640 2.768927 -8.964093
27.271000 0.573372 -13.999308
27.287410 -1.912221 -16.239258
27.320250 -3.494066 -13.283512
27.336670 -3.711260 -7.463291
27.353150 -2.874929 -3.416382
27.369510 -1.329428 -2.594531
27.386170 0.670506 -3.137358
27.402470 2.135023 -3.661789
27.418760 1.982353 -3.330544
27.435240 0.313806 -1.288402
27.451780 -1.454897 1.454578
27.468200 -1.760628 1.456092
27.484500 -0.346328 -2.792870
27.501040 1.497547 -8.552757
27.517520 2.167624 -12.096859
27.533690 0.886821 -12.282872
27.550230 -1.601819 -10.472719
27.566960 -2.809976 -7.881642
27.583310 -1.498731 -4.908832
27.599550 0.489588 -1.504822
27.616030 1.090324 2.066047
27.632390 0.355178 4.298457
27.648740 -0.351979 3.439956
27.665280 -0.933190 -0.214453
27.681700 -1.775370 -4.358695
27.698300 -1.735935 -7.053411
27.714540 -0.157878 -7.497726
27.731020 1.954458 -5.835983
27.763730 3.915942 -3.675389
27.780270 5.929341 -3.040544
27.813170 7.311381 -3.788828
27.829530 6.596184 -3.780238
27.846010 3.898694 -1.119684
27.862370 1.590954 4.134398
27.878910 1.265943 9.703768
27.895320 1.598275 12.758810
27.911740 0.871724 11.959010
27.928160 -0.502424 7.858242
27.944520 -1.615754 2.044829
27.961060 -3.382605 -3.373397
27.977360 -6.138293 -6.508417
27.993900 -7.389542 -6.275891
28.010440 36.823835 19.089913
28.026790 -84.985360 -45.873635
28.043330 -191.770144 -103.356549
